0
0.4
0.4
0.625
0.5
0.5625
0.588235
0.571429
0.565217
0.583333
0.538462
0.555556
0.551724
0.551724
0.5
0.529412
0.526316
0.525
0.52381
0.522727
0.541667
0.55102
0.54
0.557692
0.553571
0.568966
0.566667
0.564516
0.5625
0.57971
0.57971
0.57971
0.571429
0.575342
0.586667
0.589744
0.575
0.578313
0.581395
0.574713
0.571429
0.565217
0.565217
0.568421
0.561224
0.554455
0.554455
0.554455
0.553398
0.556604
0.560748
0.572727
0.573913
0.57265
0.566667
0.565574
0.568
0.559055
0.561538
0.560606
0.556391
0.551471
0.547445
0.546763
0.542254
0.542254
0.534722
0.537931
0.530201
0.526667
0.525974
0.522293
0.525
0.525
0.527607
0.527273
0.526946
0.526627
0.537572
0.537143
0.541899
0.543956
0.546448
0.540541
0.540107
0.537234
0.531579
0.533679
0.535714
0.532663
0.52451
0.521951
0.526316
0.52093
0.518349
0.520362
0.522523
0.52
0.519651
0.517241
0.510549
0.506224
0.506173
0.50813
0.508065
0.501992
0.5
0.5
0.505882
0.511538
0.509579
0.505703
0.5
0.498168
0.501805
0.496454
0.5
0.493103
0.493151
0.486577
0.483333
0.483553
0.481967
0.488673
0.483974
0.482428
0.482428
0.487342
0.484277
0.484277
0.485893
0.485893
0.481366
0.48
0.481595
0.481595
0.484756
0.487879
0.490964
0.488024
0.488095
0.485207
0.485294
0.485465
0.489914
0.48433
0.48433
0.483051
0.48324
0.479339
0.476712
0.478261
0.481081
0.47861
0.476064
0.478836
0.478947
0.479058
0.479167
0.479275
0.48062
0.479381
0.479487
0.479695
0.478589
0.4775
0.473945
0.468137
0.466019
0.46747
0.467626
0.46778
0.466825
0.465721
0.4637
0.464037
0.464203
0.464531
0.46697
0.468182
0.468326
0.46861
0.46861
0.46861
0.46875
0.46875
0.469298
0.47046
0.468547
0.468683
0.465665
0.463675
0.462845
0.459916
0.459119
0.45625
0.45738
0.457557
0.454733
0.454918
0.456033
0.456389
0.459677
0.460765
0.46
0.460159
0.458333
0.459406
0.459725
0.459883
0.460039
0.459302
0.462428
0.462572
0.461686
0.461101
0.460377
0.458801
0.459963
0.460967
0.460967
0.460259
0.460405
0.459707
0.459707
0.461679
0.461957
0.462929
0.462094
0.461261
0.461261
0.463196
0.465116
0.465241
0.464539
0.465487
0.466549
0.465729
0.464912
0.464098
0.463287
0.461005
0.460345
0.460345
0.460616
0.459966
0.460884
0.461017
0.459459
0.460371
0.459732
0.456667
0.455907
0.457711
0.459504
0.459016
0.458265
0.457516
0.456026
0.456026
0.454545
0.453074
0.454106
0.4544
0.4544
0.45469
0.454834
0.454976
0.455259
0.454829
0.454264
0.455108
0.455951
0.45679
0.456221
0.456355
0.454962
0.455099
0.454407
0.455235
0.455371
0.455371
0.457143
0.458084
0.458209
0.459821
0.460741
0.460294
0.461314
0.462099
0.46299
0.460317
0.461095
0.45911
0.459344
0.458924
0.45904
0.459916
0.460784
0.46304
0.462396
0.460472
0.461964
0.462912
0.463014
0.461119
0.459864
0.460705
0.460189
0.460296
0.459786
0.460509
0.458667
0.45756
0.455863
0.455263
0.455497
0.455614
0.45502
0.454545
0.453368
0.454075
0.454194
0.454429
0.454662
0.458228
0.457649
0.457862
0.458647
0.45875
0.459426
0.460199
0.462206
0.464858
0.464286
0.465031
0.465116
0.463415
0.461725
0.461259
0.460796
0.461446
0.461446
0.460984
0.461722
0.461171
0.462455
0.463095
0.46327
0.463443
0.463615
0.4637
0.462077
0.462165
0.461628
0.461717
0.461894
0.461538
0.461627
0.462329
0.462415
0.463719
0.465537
0.465614
0.46509
0.465692
0.466292
0.467039
0.464961
0.463415
0.464088
0.464168
0.464325
0.463816
0.463308
0.464052
0.464712
0.465872
0.465946
0.465946
0.46444
0.464516
0.464592
0.464171
0.464248
0.464475
0.464475
0.463492
0.4647
0.464211
0.462264
0.462827
0.46186
0.460897
0.460978
0.463212
0.463843
0.46344
0.46359
0.465781
0.466327
0.465447
0.465046
0.464646
0.46371
0.465327
0.46493
0.46493
0.464
0.464072
0.464143
0.464677
0.464677
0.46574
0.465278
0.466403
0.466995
0.466601
0.466667
0.467189
0.466276
0.468354
0.469388
0.468023
0.468023
0.468599
0.467695
0.466859
0.46737
0.466986
0.468065
0.468065
0.469194
0.469253
0.469754
0.470255
0.470255
0.470755
0.470367
0.471857
0.471415
0.472404
0.473389
0.473439
0.473488
0.472609
0.471296
0.47048
0.469669
0.468378
0.468066
0.467213
0.466848
0.466425
0.465642
0.466125
0.465284
0.465347
0.464158
0.464222
0.463936
0.463588
0.463717
0.464664
0.463845
0.464035
0.464567
0.465969
0.466028
0.466609
0.466609
0.466263
0.465919
0.464316
0.463185
0.462393
0.462521
0.463042
0.463229
0.463291
0.463744
0.464195
0.464316
0.462762
0.462762
0.462886
0.463009
0.463516
0.463254
0.46249
0.462551
0.463495
0.463993
0.464111
0.464548
0.463792
0.463851
0.462723
0.462348
0.461601
0.461724
0.462219
0.462651
0.463141
0.463571
0.463745
0.462639
0.462758
0.463241
0.464145
0.464145
0.464567
0.464258
0.463893
0.463224
0.46292
0.463757
0.463453
0.464286
0.464701
0.463981
0.463679
0.46225
0.461894
0.461184
0.45977
0.461009
0.461832
0.461128
0.460137
0.461014
0.46148
0.460497
0.460961
0.460615
0.461481
0.461596
0.461997
0.462454
0.463252
0.462565
0.462731
0.462445
0.462216
0.461595
0.460584
0.460977
0.460421
0.460203
0.459928
0.459654
0.459382
0.459382
0.459498
0.460329
0.461155
0.460826
0.460882
0.460666
0.46034
0.461484
0.461538
0.461268
0.461322
0.462833
0.46321
0.463961
0.464011
0.464111
0.463839
0.463889
0.46436
0.463718
0.463398
0.463129
0.463499
0.462912
0.462697
0.462748
0.462799
0.462799
0.462168
0.461905
0.460964
0.46133
0.461434
0.461175
0.460864
0.460969
0.460403
0.460147
0.460509
0.460561
0.459947
0.46036
0.460159
0.460212
0.459907
0.459656
0.460066
0.459513
0.459264
0.459974
0.459424
0.45953
0.459583
0.459336
0.45974
0.459792
0.460143
0.459897
0.459302
0.459006
0.45871
0.459407
0.458521
0.458869
0.458387
0.45844
0.458147
0.458546
0.458599
0.458996
0.4591
0.459494
0.459255
0.458386
0.45815
0.458255
0.45802
0.457786
0.4575
0.457214
0.456359
0.455791
0.456238
0.455673
0.456064
0.455837
0.456843
0.456897
0.456054
0.456722
0.456775
0.456775
0.456828
0.456881
0.456323
0.456654
0.456098
0.456098
0.455873
0.455596
0.455319
0.455373
0.455428
0.455811
0.455535
0.455368
0.455422
0.455255
0.455909
0.455689
0.45634
0.456716
0.456716
0.457415
0.458705
0.459395
0.459172
0.458629
0.458358
0.457278
0.457008
0.456202
0.455934
0.456573
0.45721
0.457845
0.45736
0.457093
0.458042
0.458673
0.458721
0.458454
0.459083
0.458817
0.459491
0.45896
0.458694
0.459007
0.45879
0.458573
0.458884
0.459242
0.459599
0.46
0.460354
0.460399
0.460489
0.460227
0.460317
0.460317
0.460102
0.459322
0.459368
0.459718
0.460067
0.459854
0.460157
0.460504
0.460291
0.460335
0.460637
0.460424
0.461024
0.461068
0.461154
0.460942
0.46124
0.460985
0.460475
0.460563
0.460309
0.460903
0.460946
0.461834
0.461918
0.461959
0.461454
0.461538
0.46158
0.46112
0.461205
0.461289
0.460043
0.460335
0.460626
0.460668
0.461001
0.461621
0.461662
0.461662
0.461703
0.46232
0.462073
0.461867
0.46244
0.46248
0.461743
0.461498
0.461538
0.461335
0.461416
0.461214
0.461295
0.46081
0.460609
0.460651
0.46045
0.459728
0.45929
0.459333
0.459656
0.460218
0.46026
0.460342
0.460104
0.460145
0.460186
0.460465
0.460825
0.461143
0.460709
0.460236
0.459764
0.459764
0.459335
0.459377
0.459377
0.459184
0.458991
0.459267
0.459624
0.459624
0.460173
0.459473
0.459241
0.459241
0.45905
0.459091
0.458628
0.458207
0.457516
0.457789
0.457559
0.457602
0.457186
0.456728
0.456815
0.456858
0.45663
0.455765
0.455087
0.455176
0.45549
0.455309
0.455309
0.455577
0.45589
0.456201
0.455752
0.455752
0.45602
0.45602
0.45602
0.45602
0.456596
0.457129
0.457171
0.456766
0.456363
0.456405
0.457198
0.457018
0.457364
0.456963
0.457046
0.457088
0.456208
0.456469
0.455593
0.455374
0.455199
0.455981
0.455545
0.454459
0.454026
0.454329
0.454329
0.4542
0.454718
0.454287
0.454287
0.454115
0.453686
0.453302
0.452661
0.452493
0.45275
0.452325
0.451477
0.451311
0.451145
0.450093
0.450442
0.450698
0.450279
0.450371
0.45088
0.450926
0.450971
0.451017
0.45127
0.45127
0.451777
0.451613
0.451702
0.451331
0.450504
0.450298
0.449931
0.450183
0.449977
0.450023
0.450274
0.449658
0.449454
0.449454
0.4495
0.449341
0.448933
0.449229
0.448619
0.448416
0.448712
0.448307
0.448151
0.447996
0.447795
0.448586
0.448384
0.447982
0.448477
0.448075
0.447875
0.448368
0.447968
0.448014
0.44826
0.447907
0.448444
0.448245
0.447649
0.447695
0.44695
0.44695
0.446996
0.447287
0.447577
0.448306
0.448155
0.447611
0.447415
0.447657
0.447115
0.447162
0.446771
0.446382
0.44604
0.445699
0.446181
0.446421
0.446081
0.445887
0.445309
0.445643
0.445259
0.444923
0.44454
0.444158
0.443777
0.443445
0.443493
0.443303
0.442924
0.442973
0.442784
0.44307
0.442504
0.442553
0.44279
0.443264
0.44336
0.442422
0.44247
0.442519
0.442145
0.442008
0.44187
0.441733
0.441782
0.441275
0.441792
0.441423
0.441054
0.441103
0.440968
0.441434
0.442132
0.442364
0.441812
0.441812
0.442092
0.441725
0.441591
0.441505
0.441736
0.441966
0.442014
0.442062
0.44211
0.441928
0.441746
0.441382
0.441249
0.440887
0.440887
0.440754
0.440984
0.441261
0.441309
0.441405
0.441452
0.4415
0.441595
0.441643
0.441105
0.440211
0.440259
0.439547
0.439192
0.439418
0.439113
0.439162
0.438858
0.438956
0.438829
0.438477
0.438751
0.4388
0.438674
0.437799
0.437625
0.437625
0.437276
0.436754
0.436631
0.436111
0.435816
0.435644
0.435694
0.435694
0.435694
0.43535
0.435401
0.435108
0.434765
0.434817
0.435142
0.435022
0.43468
0.434783
0.435106
0.434766
0.434426
0.434477
0.43397
0.434021
0.433683
0.433178
0.432674
0.433114
0.433553
0.432882
0.43238
0.432266
0.432151
0.432037
0.431975
0.432246
0.432567
0.432567
0.432619
0.432505
0.432722
0.43299
0.432659
0.432546
0.432381
0.432052
0.431939
0.431611
0.430956
0.430629
0.430466
0.429652
0.429381
0.429057
0.428948
0.429002
0.428894
0.428249
0.428143
0.427661
0.427395
0.427609
0.42745
0.427184
0.427025
0.427293
0.427029
0.426925
0.426979
0.427404
0.427617
0.427354
0.427037
0.426721
0.426933
0.426829
0.426829
0.426672
0.426726
0.426465
0.426151
0.426627
0.426001
0.425844
0.425376
0.425587
0.425797
0.425485
0.425329
0.425018
0.424918
0.425027
0.425137
0.425036
0.424882
0.424727
0.424473
0.424528
0.425154
0.4249
0.4249
0.424855
0.424964
0.425072
0.424973
0.425234
0.424982
0.424677
0.424373
0.424221
0.424221
0.424275
0.424275
0.424329
0.423874
0.423723
0.423723
0.423983
0.424037
0.424448
0.42435
0.424458
0.424662
0.42492
0.425381
0.425336
0.425035
0.425088
0.425141
0.425044
0.424894
0.424947
0.42485
0.424754
0.424157
0.423913
0.424168
0.423871
0.424126
0.424031
0.424137
0.423693
0.423251
0.423104
0.422809
0.422516
0.422716
0.422623
0.423024
0.423277
0.42333
0.423436
0.423143
0.422904
0.422958
0.423064
0.422918
0.422918
0.422971
0.423222
0.42313
0.423037
0.423143
0.423195
0.423103
0.422959
0.423011
0.422867
0.422867
0.422487
0.422933
0.422894
0.423286
0.422999
0.423194
0.423298
0.423012
0.423207
0.423402
0.423986
0.424181
0.424038
0.423895
0.423323
0.423712
0.423957
0.423814
0.423103
0.423012
0.422781
0.422356
0.422408
0.422319
0.421948
0.422333
0.422104
0.422156
0.421875
0.421927
0.421891
0.421942
0.421942
0.421994
0.422377
0.422377
0.421958
0.422009
0.42187
0.421834
0.421695
0.421191
0.420776
0.420828
0.420276
0.42019
0.42038
0.42038
0.420295
0.42002
0.419935
0.419902
0.419902
0.419765
0.419765
0.419765
0.419492
0.419681
0.419134
0.418862
0.418726
0.418778
0.41902
0.41902
0.418884
0.418936
0.418258
0.418258
0.418258
0.418447
0.41874
0.418522
0.418575
0.41844
0.418492
0.418545
0.418275
0.418194
0.418433
0.417896
0.417896
0.417949
0.4176
0.417653
0.418263
0.417996
0.41773
0.417968
0.418338
0.418072
0.417778
0.417963
0.417617
0.417617
0.417089
0.417273
0.417009
0.41693
0.416798
0.416535
0.41601
0.415932
0.415539
0.415278
0.415017
0.414626
0.414236
0.413977
0.414031
0.414009
0.414062
0.4136
0.413524
0.41345
0.413321
0.412935
0.41255
0.412915
0.413097
0.413151
0.412767
0.412693
0.41262
0.413037
0.412782
0.413017
0.412762
0.412508
0.412615
0.412542
0.412415
0.412162
0.412216
0.411837
0.411584
0.411693
0.411567
0.41198
0.411908
0.411406
0.411998
0.411872
0.411872
0.411622
0.411121
0.410872
0.41105
0.410801
0.410855
0.411034
0.410839
0.410946
0.410946
0.410504
0.41038
0.410558
0.410187
0.410773
0.41058
0.41058
0.41058
0.410811
0.410741
0.410795
0.410901
0.411078
0.411184
0.411114
0.411168
0.411045
0.4108
0.410432
0.410188
0.409821
0.409753
0.40951
0.40932
0.409603
0.409481
0.409535
0.409885
0.409763
0.409817
0.409923
0.409614
0.409493
0.409546
0.409532
0.409051
0.408811
0.408798
0.408678
0.408731
0.408372
0.408133
0.408122
0.408467
0.408574
0.408455
0.408389
0.408443
0.409012
0.409289
0.409341
0.409736
0.409959
0.410012
0.410168
0.409931
0.409812
0.409694
0.409576
0.40951
0.40985
0.409614
0.409379
0.40896
0.408895
0.409065
0.40883
0.408596
0.408479
0.408414
0.408753
0.408571
0.408507
0.408507
0.408274
0.40821
0.408262
0.40803
0.407966
0.408018
0.407955
0.408007
0.408175
0.408395
0.408447
0.407984
0.408319
0.408371
0.408256
0.40791
0.407794
0.408129
0.408181
0.408514
0.408399
0.408284
0.408284
0.408502
0.408387
0.408158
0.40798
0.407751
0.407293
0.407345
0.407345
0.407283
0.407169
0.407221
0.407107
0.406652
0.40687
0.407035
0.406808
0.406468
0.40652
0.406685
0.406511
0.40645
0.406276
0.406441
0.406545
0.406761
0.406423
0.406362
0.40619
0.406241
0.406241
0.406345
0.406396
0.405949
0.405837
0.405777
0.405881
0.405769
0.405821
0.405984
0.405813
0.406139
0.406241
0.406019
0.406506
0.406395
0.406173
0.406062
0.406003
0.405995
0.405935
0.405876
0.405545
0.405919
0.405919
0.40608
0.405911
0.406072
0.406072
0.405962
0.405742
0.405413
0.405084
0.405077
0.404968
0.40464
0.404422
0.404364
0.404364
0.404146
0.404358
0.40425
0.403815
0.403758
0.40365
0.403542
0.403542
0.403325
0.403589
0.403157
0.402993
0.402937
0.402559
0.402345
0.402023
0.401809
0.402128
0.40239
0.402284
0.402177
0.402546
0.402756
0.402542
0.402381
0.402326
0.402536
0.402323
0.402111
0.402108
0.401896
0.401842
0.401734
0.401786
0.401469
0.401154
0.401154
0.401154
0.401154
0.4011
0.400995
0.400785
0.400471
0.400314
0.400522
0.400574
0.400626
0.400522
0.400469
0.400312
0.4
0.39974
0.399948
0.400104
0.400259
0.400207
0.400155
0.400207
0.400258
0.400052
0.399948
0.40031
0.400206
0.400258
0.400567
0.400567
0.400618
0.400515
0.400103
0.399897
0.399846
0.399897
0.399949
0.400103
0.399897
0.399693
0.399744
0.399539
0.399131
0.399029
0.39908
0.398673
0.398266
0.398063
0.39786
0.397658
0.397455
0.397455
0.397253
0.397253
0.397257
0.39726
0.397413
0.397413
0.397212
0.39701
0.397468
0.39752
0.397572
0.397371
0.397523
0.397676
0.397374
0.397478
0.397077
0.396678
0.396478
0.396179
0.396179
0.39598
0.39588
0.395781
0.396189
0.395943
0.396094
0.396099
0.396151
0.396255
0.396255
0.396306
0.396208
0.396109
0.396212
0.396264
0.396067
0.396072
0.396072
0.395776
0.395678
0.395533
0.395735
0.395591
0.395591
0.39574
0.395642
0.395642
0.395498
0.395355
0.395062
0.394769
0.394581
0.394387
0.394439
0.394439
0.39464
0.394789
0.394989
0.395138
0.395092
0.395389
0.395001
0.394808
0.394518
0.394518
0.394228
0.394036
0.393991
0.393895
0.393799
0.393614
0.393762
0.393379
0.393431
0.393144
0.393196
0.393005
0.393013
0.392823
0.392537
0.392442
0.392883
0.392883
0.392745
0.392797
0.392702
0.392659
0.392616
0.392616
0.392814
0.392719
0.392771
0.392771
0.392874
0.39302
0.39302
0.392831
0.392788
0.3926
0.392891
0.392849
0.392566
0.392378
0.392378
0.392335
0.392147
0.392105
0.392157
0.391969
0.391885
0.391605
0.391325
0.39147
0.391522
0.391242
0.39087
0.390695
0.39051
0.390706
0.390336
0.3904
0.390451
0.390699
0.390566
0.390382
0.39029
0.390158
0.389882
0.389516
0.389385
0.389254
0.389397
0.389032
0.388941
0.388577
0.388863
0.388681
0.388409
0.388227
0.388136
0.388279
0.388007
0.387917
0.387826
0.387736
0.387555
0.387285
0.387104
0.387157
0.386887
0.386887
0.386617
0.38667
0.386311
0.386453
0.38679
0.386522
0.386485
0.386448
0.386411
0.386232
0.386285
0.386018
0.386212
0.386264
0.38605
0.386191
0.386243
0.386066
0.385622
0.385445
0.385498
0.385409
0.385462
0.385374
0.385197
0.384844
0.384844
0.384721
0.38451
0.384563
0.384756
0.384773
0.384878
0.384755
0.384948
0.38465
0.384615
0.38458
0.38458
0.384459
0.384284
0.384337
0.384302
0.384494
0.384233
0.38406
0.3838
0.383852
0.383679
0.383472
0.383213
0.382955
0.383232
0.382974
0.382716
0.382511
0.382392
0.382531
0.382583
0.382636
0.382688
0.382826
0.382655
0.38257
0.382451
0.382281
0.382163
0.381907
0.381875
0.382065
0.38217
0.382222
0.38219
0.382242
0.382294
0.381955
0.381617
0.3815
0.381332
0.381079
0.381405
0.381425
0.38153
0.381938
0.382042
0.382094
0.38201
0.381758
0.38203
0.381946
0.381998
0.382133
0.382237
0.38234
0.382392
0.382359
0.382192
0.38243
0.382533
0.382449
0.382199
0.381866
0.381533
0.38145
0.381719
0.381553
0.381304
0.381356
0.38149
0.381625
0.38181
0.381645
0.381365
0.3812
0.381169
0.38122
0.381055
0.380973
0.380808
0.380562
0.380479
0.380531
0.380367
0.380285
0.380172
0.380276
0.380461
0.380594
0.380185
0.37994
0.379961
0.379798
0.379554
0.379554
0.379576
0.379414
0.379384
0.379782
0.379752
0.379804
0.379936
0.379825
0.380009
0.379685
0.379868
0.380051
0.37997
0.379728
0.379698
0.379376
0.379215
0.379186
0.379106
0.378865
0.378785
0.378836
0.378756
0.378727
0.37899
0.379092
0.379063
0.378823
0.378823
0.378583
0.378555
0.378737
0.378498
0.37868
0.378702
0.378832
0.378594
0.378486
0.378537
0.37822
0.378062
0.377954
0.378005
0.378316
0.378288
0.378469
0.378311
0.378283
0.378463
0.378513
0.378356
0.378406
0.378406
0.378249
0.37817
0.378221
0.378143
0.378244
0.378087
0.377852
0.377852
0.377695
0.377617
0.37746
0.377718
0.377612
0.377534
0.377429
0.377479
0.377374
0.377475
0.377604
0.377911
0.378011
0.377906
0.378162
0.378006
0.377851
0.377823
0.377436
0.377564
0.377869
0.377919
0.377609
0.377582
0.377582
0.377428
0.377401
0.377324
0.37717
0.376862
0.376708
0.376631
0.376478
0.376401
0.376451
0.376502
0.376552
0.376322
0.376373
0.37622
0.376067
0.375914
0.376041
0.375888
0.375735
0.375583
0.375431
0.375203
0.375203
0.375177
0.375126
0.375051
0.374899
0.374672
0.374647
0.374773
0.374823
0.37495
0.375
0.374849
0.374622
0.374245
0.37417
0.37417
0.373945
0.37377
0.37367
0.373446
0.373371
0.373296
0.373397
0.373299
0.373299
0.373525
0.373427
0.373277
0.373528
0.373379
0.373155
0.373081
0.372858
0.372908
0.37301
0.372861
0.373111
0.373211
0.373262
0.373114
0.372744
0.37267
0.372448
0.372227
0.372204
0.371835
0.371615
0.371395
0.371445
0.371547
0.371474
0.371524
0.371699
0.371676
0.37153
0.371434
0.371608
0.371586
0.371586
0.37149
0.371417
0.371344
0.371199
0.371322
0.371227
0.371227
0.371205
0.370987
0.370914
0.371138
0.370993
0.371116
0.371166
0.371072
0.370782
0.370638
0.370738
0.370594
0.370839
0.371012
0.371062
0.370845
0.371018
0.370996
0.370974
0.371096
0.370808
0.370593
0.370428
0.370284
0.370141
0.370048
0.37017
0.370099
0.370027
0.370149
0.37032
0.370106
0.369963
0.370064
0.370042
0.3699
0.36995
0.369879
0.369808
0.369594
0.369766
0.369745
0.369603
0.369582
0.369753
0.369611
0.369973
0.370094
0.370314
0.370342
0.370561
0.370279
0.370328
0.370377
0.370166
0.370335
0.370265
0.370384
0.370032
0.370082
0.369871
0.37004
0.37004
0.369759
0.369549
0.369479
0.369528
0.369578
0.369915
0.369915
0.369775
0.369894
0.369754
0.369615
0.369783
0.369783
0.369713
0.369573
0.369553
0.369672
0.369721
0.36968
0.36961
0.36959
0.369708
0.369549
0.369479
0.369577
0.369557
0.369724
0.369634
0.369683
0.369545
0.369406
0.369337
0.369268
0.369041
0.368972
0.36907
0.369237
0.369168
0.369079
0.368872
0.368804
0.368921
0.368852
0.368764
0.368695
0.368813
0.368538
0.368656
0.36845
0.368382
0.368382
0.368314
0.368226
0.368275
0.368323
0.368304
0.36847
0.368402
0.368333
0.368314
0.368363
0.368363
0.368343
0.368324
0.368372
0.368372
0.368285
0.368198
0.368178
0.368178
0.368091
0.368091
0.367956
0.367869
0.367734
0.367831
0.367696
0.36786
0.367793
0.367774
0.367504
0.36762
0.36762
0.367553
0.367766
0.367631
0.367545
0.367459
0.367574
0.367507
0.367373
0.367354
0.367287
0.367153
0.367135
0.367299
0.367232
0.36728
0.367328
0.367128
0.367061
0.366927
0.366976
0.366909
0.366642
0.366576
0.366739
0.366854
0.366788
0.366903
0.367017
0.366999
0.366999
0.366999
0.366848
0.36683
0.366679
0.366775
0.366576
0.366444
0.366312
0.366294
0.366294
0.366324
0.366306
0.366306
0.36624
0.366157
0.366025
0.365893
0.365762
0.365762
0.36581
0.365481
0.365398
0.365267
0.365071
0.365054
0.364988
0.364906
0.365182
0.365182
0.365343
0.365343
0.365213
0.365213
0.365082
0.365
0.364935
0.365031
0.364966
0.364901
0.364836
0.364754
0.364559
0.364494
0.364526
0.364461
0.364202
0.364008
0.364056
0.363975
0.364023
0.36383
0.363814
0.363862
0.363846
0.363765
0.363813
0.364038
0.363845
0.363717
0.363877
0.363749
0.363797
0.363717
0.363524
0.36346
0.363444
0.36338
0.36338
0.363252
0.363476
0.363588
0.363397
0.363509
0.363317
0.363301
0.363174
0.363174
0.36311
0.363046
0.363142
0.363302
0.363398
0.363398
0.36327
0.363255
0.363191
0.363128
0.363128
0.363287
0.363398
0.363446
0.363367
0.363367
0.363351
0.363398
0.363446
0.363494
0.363589
0.363336
0.363383
0.36332
0.363194
0.363241
0.363052
0.363162
0.363194
0.363242
0.363242
0.3631
0.362786
0.362833
0.362645
0.362457
0.362269
0.362316
0.362427
0.362411
0.362506
0.362491
0.362539
0.362351
0.362226
0.362226
0.362164
0.362274
0.362149
0.361962
0.361651
0.361636
0.361388
0.361264
0.361249
0.361063
0.360925
0.360864
0.360678
0.360678
0.360726
0.360602
0.360527
0.360731
0.360608
0.360547
0.360485
0.360485
0.360116
0.360102
0.360198
0.360198
0.359891
0.359769
0.359803
0.359912
0.35985
0.360007
0.359932
0.359932
0.359919
0.359796
0.359844
0.359892
0.359878
0.359695
0.359634
0.359391
0.359209
0.359148
0.359256
0.358953
0.358831
0.358529
0.358347
0.358287
0.358287
0.358045
0.358033
0.357973
0.358068
0.358176
0.358056
0.358151
0.358259
0.358307
0.358294
0.358402
0.358329
0.358149
0.358089
0.358136
0.357837
0.357837
0.357717
0.357597
0.357525
0.357406
0.357668
0.357715
0.357656
0.357596
0.357536
0.357298
0.357405
0.357226
0.357107
0.356988
0.356869
0.357083
0.356965
0.356965
0.356893
0.356834
0.356656
0.356704
0.356633
0.356728
0.356716
0.356598
0.356587
0.356528
0.356516
0.356563
0.356386
0.35654
0.356588
0.356529
0.356352
0.356352
0.356176
0.356164
0.355988
0.355871
0.355918
0.355742
0.355508
0.355332
0.355545
0.355651
0.355534
0.35564
0.355523
0.355629
0.355723
0.355654
0.355421
0.355632
0.355341
0.355446
0.355388
0.35533
0.355377
0.355636
0.355683
0.355508
0.355439
0.355265
0.355149
0.355139
0.355023
0.355023
0.35507
0.354954
0.354933
0.35498
0.35498
0.354865
0.354807
0.354807
0.35475
0.354576
0.354288
0.354441
0.354383
0.354373
0.354582
0.354734
0.354504
0.354447
0.354437
0.35475
0.35474
0.354844
0.354833
0.35488
0.35488
0.354823
0.355078
0.355125
0.355172
0.355161
0.355208
0.355093
0.355036
0.355083
0.35513
0.354958
0.355109
0.354994
0.354937
0.354927
0.354756
0.354963
0.355056
0.355056
0.355206
0.355092
0.355139
0.355345
0.355335
0.355335
0.355211
0.354983
0.35503
0.355019
0.354792
0.354736
0.354725
0.354612
0.354612
0.354659
0.354808
0.354798
0.354787
0.354993
0.35487
0.354813
0.354916
0.354803
0.354793
0.354839
0.354839
0.354885
0.354716
0.354649
0.354639
0.354583
0.354527
0.35488
0.354767
0.354869
0.354645
0.354533
0.354522
0.354456
0.354446
0.354482
0.354528
0.354472
0.354396
0.354331
0.354219
0.354265
0.354209
0.354144
0.354134
0.35418
0.35417
0.354105
0.354206
0.354039
0.353984
0.353984
0.353974
0.354075
0.353964
0.353853
0.353788
0.353668
0.353769
0.353815
0.353649
0.353539
0.353428
0.353263
0.353253
0.353033
0.352758
0.352758
0.352648
0.352749
0.352694
0.352529
0.352566
0.352448
0.352338
0.35243
0.352476
0.352366
0.352412
0.352303
0.352248
0.352294
0.352595
0.352486
0.352377
0.352322
0.352213
0.352104
0.35215
0.352041
0.352241
0.352278
0.352169
0.352115
0.351898
0.351843
0.35178
0.351726
0.351772
0.351664
0.351655
0.351601
0.351601
0.351547
0.351493
0.351638
0.351684
0.351729
0.351667
0.351758
0.35165
0.351795
0.351994
0.351832
0.351716
0.3515
0.351645
0.351537
0.351484
0.351574
0.351674
0.351566
0.351512
0.351512
0.351459
0.351351
0.351343
0.351335
0.351228
0.351174
0.351265
0.351355
0.351302
0.351035
0.350821
0.350859
0.350752
0.350797
0.350896
0.350986
0.35113
0.351122
0.351015
0.351007
0.351053
0.351045
0.351045
0.350938
0.350832
0.350832
0.350877
0.350824
0.350771
0.350506
0.350445
0.35034
0.350226
0.350166
0.350166
0.350008
0.350053
0.350098
0.35009
0.350038
0.350083
0.350226
0.350173
0.350218
0.35006
0.350098
0.35009
0.35009
0.349985
0.349925
0.34982
0.349715
0.34976
0.34985
0.350142
0.350187
0.350232
0.350224
0.35012
0.350112
0.350157
0.350097
0.350045
0.350037
0.350179
0.350171
0.350261
0.350156
0.350298
0.350238
0.350134
0.350022
0.34997
0.349814
0.349711
0.3498
0.349785
0.349733
0.349822
0.349822
0.349719
0.349615
0.349556
0.349505
0.349453
0.349401
0.349401
0.349394
0.349387
0.349335
0.349284
0.349026
0.348974
0.34882
0.348666
0.348512
0.348409
0.34855
0.348396
0.348434
0.348382
0.34828
0.34842
0.348369
0.348267
0.34826
0.348056
0.347954
0.347954
0.347947
0.347845
0.347794
0.347743
0.347692
0.347731
0.347673
0.347667
0.347515
0.347407
0.347255
0.347153
0.347052
0.347097
0.346945
0.347085
0.347275
0.347224
0.347123
0.347073
0.347016
0.347061
0.346859
0.346853
0.346651
0.346746
0.346645
0.346645
0.346645
0.346494
0.346438
0.346288
0.346237
0.346472
0.346416
0.346265
0.346265
0.346215
0.346015
0.346059
0.346009
0.346198
0.346098
0.346093
0.345993
0.346132
0.346082
0.346126
0.346026
0.345976
0.345976
0.345971
0.346015
0.346004
0.345955
0.345855
0.345855
0.345993
0.346038
0.346226
0.346126
0.346027
0.346215
0.346115
0.346159
0.346204
0.346099
0.346143
0.346231
0.346176
0.346071
0.346115
0.346115
0.34611
0.345863
0.345863
0.345764
0.345995
0.346088
0.346039
0.34594
0.345934
0.346022
0.345924
0.345776
0.345869
0.345864
0.34605
0.345902
0.345848
0.345798
0.345749
0.345837
0.34564
0.345542
0.345395
0.345439
0.345439
0.345194
0.345233
0.345135
0.345086
0.345223
0.345223
0.345174
0.345218
0.345071
0.344925
0.34473
0.344681
0.344535
0.344341
0.344292
0.344288
0.344239
0.344283
0.344327
0.344133
0.344128
0.344032
0.343983
0.343838
0.343741
0.343645
0.343645
0.3435
0.3435
0.343447
0.343351
0.343298
0.343202
0.343246
0.343286
0.343373
0.343229
0.343365
0.343269
0.343077
0.343213
0.343069
