0 178.2309191
1 178.2309191
2 178.2309191
3 178.2309191
4 178.2309191
5 178.2309191
6 178.2309191
7 178.2309191
8 178.2309191
9 178.2309191
10 178.2309191
11 178.2309191
12 178.2309191
13 178.2309191
14 178.2309191
15 178.2309191
16 178.2309191
17 178.2309191
18 178.2309191
19 178.2309191
20 178.2309191
21 178.2309191
22 178.2309191
23 178.2309191
24 178.2309191
25 178.2309191
26 178.2309191
27 178.2309191
28 178.2309191
29 178.2309191
30 178.2309191
31 178.2309191
32 178.2309191
33 178.2309191
34 178.2309191
35 178.2309191
36 178.2309191
37 178.2309191
38 178.2309191
39 178.2309191
40 178.2309191
41 178.2309191
42 178.2309191
43 178.2309191
44 178.2309191
45 178.2309191
46 178.2309191
47 178.2309191
48 178.2309191
49 178.2309191
50 178.2309191
51 178.2309191
52 178.2309191
53 178.2309191
54 178.2309191
55 178.2309191
56 178.2309191
57 178.2309191
58 178.2309191
59 178.2309191
60 178.2309191
61 178.2309191
62 178.2309191
63 178.2309191
64 178.2309191
65 178.2309191
66 178.2309191
67 178.2309191
68 178.2309191
69 178.2309191
70 178.2309191
71 178.2309191
72 178.2309191
73 178.2309191
74 178.2309191
75 178.2309191
76 178.2309191
77 178.2309191
78 178.2309191
79 178.2309191
80 178.2309191
81 178.2309191
82 178.2309191
83 178.2309191
84 178.2309191
85 178.2309191
86 178.2309191
87 178.2309191
88 178.2309191
89 178.2309191
90 178.2309191
91 178.2309191
92 178.2309191
93 178.2309191
94 178.2309191
95 178.2309191
96 178.2309191
97 178.2309191
98 178.2309191
99 178.2309191
100 178.2309191
101 178.2309191
102 178.2309191
103 178.2309191
104 178.2309191
105 178.2309191
106 178.2309191
107 178.2309191
108 178.2309191
109 178.2309191
110 178.2309191
111 178.2309191
112 178.2309191
113 178.2309191
114 178.2309191
115 178.2309191
116 178.2309191
117 178.2309191
118 178.2309191
119 178.2309191
120 178.2309191
121 178.2309191
122 178.2309191
123 178.2309191
124 178.2309191
125 178.2309191
126 178.2309191
127 178.2309191
128 178.2309191
129 178.2309191
130 178.2309191
131 178.2309191
132 178.2309191
133 178.2309191
134 178.2309191
135 178.2309191
136 178.2309191
137 178.2309191
138 178.2309191
139 178.2309191
140 178.2309191
141 178.2309191
142 178.2309191
143 178.2309191
144 178.2309191
145 178.2309191
146 178.2309191
147 178.2309191
148 178.2309191
149 178.2309191
150 178.2309191
151 178.2309191
152 178.2309191
153 178.2309191
154 178.2309191
155 178.2309191
156 178.2309191
157 178.2309191
158 178.2309191
159 178.2309191
160 178.2309191
161 178.2309191
162 178.2309191
163 178.2309191
164 178.2309191
165 178.2309191
166 178.2309191
167 178.2309191
168 178.2309191
169 178.2309191
170 178.2309191
171 178.2309191
172 178.2309191
173 178.2309191
174 178.2309191
175 178.2309191
176 178.2309191
177 178.2309191
178 178.2309191
179 178.2309191
180 178.2309191
181 178.2309191
182 178.2309191
183 178.2309191
184 178.2309191
185 178.2309191
186 178.2309191
187 178.2309191
188 178.2309191
189 178.2309191
190 178.2309191
191 178.2309191
192 178.2309191
193 178.2309191
194 178.2309191
195 178.2309191
196 178.2309191
197 178.2309191
198 178.2309191
199 178.2309191
200 178.2309191
201 178.2309191
202 178.2309191
203 178.2309191
204 178.2309191
205 178.2309191
206 178.2309191
207 178.2309191
208 178.2309191
209 178.2309191
210 178.2309191
211 178.2309191
212 178.2309191
213 178.2309191
214 178.2309191
215 178.2309191
216 178.2309191
217 178.2309191
218 178.2309191
219 178.2309191
220 178.2309191
221 178.2309191
222 178.2309191
223 178.2309191
224 178.2309191
225 178.2309191
226 178.2309191
227 178.2309191
228 178.2309191
229 178.2309191
230 178.2309191
231 178.2309191
232 178.2309191
233 178.2309191
234 178.2309191
235 178.2309191
236 178.2309191
237 178.2309191
238 178.2309191
239 178.2309191
240 178.2309191
241 178.2309191
242 178.2309191
243 178.2309191
244 178.2309191
245 178.2309191
246 178.2309191
247 178.2309191
248 178.2309191
249 178.2309191
250 178.2309191
251 178.2309191
252 178.2309191
253 178.2309191
254 178.2309191
255 178.2309191
256 178.2309191
257 178.2309191
258 178.2309191
259 178.2309191
260 178.2309191
261 178.2309191
262 178.2309191
263 178.2309191
264 178.2309191
265 178.2309191
266 178.2309191
267 178.2309191
268 178.2309191
269 178.2309191
270 178.2309191
271 178.2309191
272 178.2309191
273 178.2309191
274 178.2309191
275 178.2309191
276 178.2309191
277 178.2309191
278 178.2309191
279 178.2309191
280 178.2309191
281 178.2309191
282 178.2309191
283 178.2309191
284 178.2309191
285 178.2309191
286 178.2309191
287 178.2309191
288 178.2309191
289 178.2309191
290 178.2309191
291 178.2309191
292 178.2309191
293 178.2309191
294 178.2309191
295 178.2309191
296 178.2309192
297 178.2309192
298 178.2309192
299 178.2309192
300 178.2309192
301 178.2309192
302 178.2309192
303 178.2309192
304 178.2309193
305 178.2309193
306 178.2309193
307 178.2309194
308 178.2309195
309 178.2309195
310 178.2309196
311 178.2309197
312 178.2309199
313 178.23092
314 178.2309202
315 178.2309204
316 178.2309207
317 178.230921
318 178.2309214
319 178.2309218
320 178.2309224
321 178.230923
322 178.2309238
323 178.2309247
324 178.2309258
325 178.2309271
326 178.2309287
327 178.2309305
328 178.2309327
329 178.2309353
330 178.2309384
331 178.230942
332 178.2309463
333 178.2309513
334 178.2309572
335 178.2309642
336 178.2309724
337 178.230982
338 178.2309933
339 178.2310066
340 178.231022
341 178.2310401
342 178.2310613
343 178.2310859
344 178.2311147
345 178.2311481
346 178.231187
347 178.2312322
348 178.2312847
349 178.2313454
350 178.2314158
351 178.2314973
352 178.2315913
353 178.2316999
354 178.2318251
355 178.2319693
356 178.2321352
357 178.2323259
358 178.2325448
359 178.2327959
360 178.2330835
361 178.2334127
362 178.233789
363 178.2342186
364 178.2347088
365 178.2352673
366 178.235903
367 178.2366258
368 178.2374467
369 178.2383781
370 178.2394337
371 178.2406288
372 178.2419803
373 178.2435071
374 178.2452299
375 178.2471719
376 178.2493585
377 178.251818
378 178.2545813
379 178.2576827
380 178.2611595
381 178.2650531
382 178.2694087
383 178.2742757
384 178.2797082
385 178.2857653
386 178.2925114
387 178.3000166
388 178.308357
389 178.3176156
390 178.3278818
391 178.339253
392 178.351834
393 178.3657381
394 178.3810875
395 178.3980134
396 178.4166572
397 178.4371701
398 178.4597145
399 178.4844637
400 178.511603
401 178.5413296
402 178.5738538
403 178.6093986
404 178.6482007
405 178.6905106
406 178.7365933
407 178.786728
408 178.841209
409 178.9003455
410 178.9644618
411 179.0338977
412 179.1090079
413 179.1901627
414 179.277747
415 179.3721609
416 179.4738185
417 179.5831481
418 179.7005912
419 179.8266022
420 179.9616469
421 180.1062023
422 180.2607549
423 180.4257997
424 180.6018389
425 180.78938
426 180.9889343
427 181.2010151
428 181.4261355
429 181.6648063
430 181.9175337
431 182.1848167
432 182.4671445
433 182.7649937
434 183.0788256
435 183.4090828
436 183.7561863
437 184.1205323
438 184.5024885
439 184.9023912
440 185.3205413
441 185.7572013
442 186.2125915
443 186.6868864
444 187.1802113
445 187.692639
446 188.2241865
447 188.774811
448 189.3444079
449 189.9328069
450 190.5397696
451 191.1649869
452 191.8080764
453 192.4685806
454 193.145965
455 193.8396167
456 194.5488429
457 195.2728705
458 196.0108458
459 196.7618342
460 197.5248207
461 198.298711
462 199.0823328
463 199.8744376
464 200.673703
465 201.4787354
466 202.2880737
467 203.1001924
468 203.9135064
469 204.7263758
470 205.5371103
471 206.343976
472 207.1452004
473 207.9389795
474 208.7234844
475 209.4968687
476 210.2572758
477 211.0028468
478 211.7317286
479 212.442082
480 213.1320903
481 213.7999677
482 214.4439682
483 215.0623936
484 215.6536029
485 216.2160201
486 216.7481433
487 217.2485522
488 217.7159169
489 218.1490049
490 218.5466892
491 218.9079548
492 219.231906
493 219.5177718
494 219.7649126
495 219.9728246
496 220.1411451
497 220.2696564
498 220.358289
499 220.4071251
500 220.4164004
501 220.3865058
502 220.3179884
503 220.2115519
504 220.0680558
505 219.8885146
506 219.6740962
507 219.426119
508 219.1460494
509 218.8354978
510 218.4962141
511 218.1300832
512 217.7391194
513 217.32546
514 216.8913592
515 216.4391805
516 215.9713896
517 215.490546
518 214.9992947
519 214.5003572
520 213.9965225
521 213.4906372
522 212.985596
523 212.4843311
524 211.9898021
525 211.5049851
526 211.0328619
527 210.5764093
528 210.1385872
529 209.7223281
530 209.330525
531 208.9660205
532 208.631595
533 208.3299552
534 208.0637228
535 207.835423
536 207.6474728
537 207.5021707
538 207.4016846
539 207.3480415
540 207.3431169
541 207.3886243
542 207.4861051
543 207.636919
544 207.842235
545 208.103022
546 208.4200412
547 208.7938382
548 209.2247356
549 209.712827
550 210.2579714
551 210.8597881
552 211.5176529
553 212.230695
554 212.9977953
555 213.8175845
556 214.6884443
557 215.6085076
558 216.5756614
559 217.5875502
560 218.6415808
561 219.7349283
562 220.8645439
563 222.0271628
564 223.2193148
565 224.4373353
566 225.6773778
567 226.9354276
568 228.2073172
569 229.4887415
570 230.7752761
571 232.0623947
572 233.3454885
573 234.6198864
574 235.8808758
575 237.1237234
576 238.3436977
577 239.5360913
578 240.6962429
579 241.8195605
580 242.9015437
581 243.9378061
582 244.9240975
583 245.8563255
584 246.7305763
585 247.5431349
586 248.2905043
587 248.9694237
588 249.5768851
589 250.1101493
590 250.5667595
591 250.9445542
592 251.2416779
593 251.4565899
594 251.5880721
595 251.6352341
596 251.5975166
597 251.4746929
598 251.2668688
599 250.9744797
600 250.5982867
601 250.1393702
602 249.5991218
603 248.9792348
604 248.2816922
605 247.508754
606 246.6629423
607 245.7470257
608 244.764002
609 243.7170794
610 242.6096582
611 241.4453097
612 240.2277565
613 238.9608504
614 237.6485514
615 236.2949058
616 234.9040248
617 233.4800621
618 232.0271934
619 230.5495953
620 229.0514246
621 227.5367993
622 226.0097791
623 224.474348
624 222.9343974
625 221.3937101
626 219.8559458
627 218.3246277
628 216.8031307
629 215.2946704
630 213.802294
631 212.328872
632 210.8770919
633 209.4494527
634 208.0482612
635 206.6756294
636 205.333473
637 204.0235115
638 202.7472692
639 201.5060774
640 200.3010777
641 199.133226
642 198.0032976
643 196.9118933
644 195.8594457
645 194.8462266
646 193.8723544
647 192.9378031
648 192.0424098
649 191.1858846
650 190.367819
651 189.5876955
652 188.8448966
653 188.1387144
654 187.4683597
655 186.8329709
656 186.2316231
657 185.6633367
658 185.1270858
659 184.621806
660 184.1464027
661 183.6997577
662 183.2807367
663 182.8881953
664 182.5209856
665 182.1779613
666 181.8579832
667 181.5599238
668 181.2826715
669 181.0251346
670 180.7862444
671 180.5649587
672 180.3602636
673 180.1711766
674 179.9967475
675 179.8360606
676 179.6882355
677 179.552428
678 179.4278305
679 179.3136727
680 179.2092212
681 179.1137794
682 179.0266875
683 178.9473217
684 178.8750932
685 178.809448
686 178.7498656
687 178.6958579
688 178.6469683
689 178.6027703
690 178.5628667
691 178.5268876
692 178.4944898
693 178.4653552
694 178.4391895
695 178.4157209
696 178.3946991
697 178.3758934
698 178.3590921
699 178.3441013
700 178.3307432
701 178.3188554
702 178.3082899
703 178.2989116
704 178.2905981
705 178.2832378
706 178.2767299
707 178.2709832
708 178.2659151
709 178.2614512
710 178.2575246
711 178.2540749
712 178.2510483
713 178.2483961
714 178.2460751
715 178.2440464
716 178.2422756
717 178.2407318
718 178.2393877
719 178.2382188
720 178.2372037
721 178.2363232
722 178.2355605
723 178.2349006
724 178.2343304
725 178.2338383
726 178.2334142
727 178.2330492
728 178.2327353
729 178.2324659
730 178.2322348
731 178.2320369
732 178.2318676
733 178.231723
734 178.2315996
735 178.2314945
736 178.231405
737 178.2313289
738 178.2312643
739 178.2312096
740 178.2311632
741 178.231124
742 178.2310909
743 178.231063
744 178.2310394
745 178.2310196
746 178.231003
747 178.230989
748 178.2309773
749 178.2309675
750 178.2309593
751 178.2309524
752 178.2309467
753 178.2309419
754 178.230938
755 178.2309347
756 178.2309319
757 178.2309297
758 178.2309278
759 178.2309263
760 178.230925
761 178.2309239
762 178.230923
763 178.2309223
764 178.2309217
765 178.2309213
766 178.2309209
767 178.2309205
768 178.2309203
769 178.2309201
770 178.2309199
771 178.2309197
772 178.2309196
773 178.2309195
774 178.2309194
775 178.2309194
776 178.2309193
777 178.2309193
778 178.2309193
779 178.2309192
780 178.2309192
781 178.2309192
782 178.2309192
783 178.2309192
784 178.2309192
785 178.2309192
786 178.2309191
787 178.2309191
788 178.2309191
789 178.2309191
790 178.2309191
791 178.2309191
792 178.2309191
793 178.2309191
794 178.2309191
795 178.2309191
796 178.2309191
797 178.2309191
798 178.2309191
799 178.2309191
800 178.2309191
801 178.2309191
802 178.2309191
803 178.2309191
804 178.2309191
805 178.2309191
806 178.2309191
807 178.2309191
808 178.2309191
809 178.2309191
810 178.2309191
811 178.2309191
812 178.2309191
813 178.2309191
814 178.2309191
815 178.2309191
816 178.2309191
817 178.2309191
818 178.2309191
819 178.2309191
820 178.2309191
821 178.2309191
822 178.2309191
823 178.2309191
824 178.2309191
825 178.2309191
826 178.2309191
827 178.2309191
828 178.2309191
829 178.2309191
830 178.2309191
831 178.2309191
832 178.2309191
833 178.2309191
834 178.2309191
835 178.2309191
836 178.2309191
837 178.2309191
838 178.2309191
839 178.2309191
840 178.2309191
841 178.2309191
842 178.2309191
843 178.2309191
844 178.2309191
845 178.2309191
846 178.2309191
847 178.2309191
848 178.2309191
849 178.2309191
850 178.2309191
851 178.2309191
852 178.2309191
853 178.2309191
854 178.2309191
855 178.2309191
856 178.2309191
857 178.2309191
858 178.2309191
859 178.2309191
860 178.2309191
861 178.2309191
862 178.2309191
863 178.2309191
864 178.2309191
865 178.2309191
866 178.2309191
867 178.2309191
868 178.2309191
869 178.2309191
870 178.2309191
871 178.2309191
872 178.2309191
873 178.2309191
874 178.2309191
875 178.2309191
876 178.2309191
877 178.2309191
878 178.2309191
879 178.2309191
880 178.2309191
881 178.2309191
882 178.2309191
883 178.2309191
884 178.2309191
885 178.2309191
886 178.2309191
887 178.2309191
888 178.2309191
889 178.2309191
890 178.2309191
891 178.2309191
892 178.2309191
893 178.2309191
894 178.2309191
895 178.2309191
896 178.2309191
897 178.2309191
898 178.2309191
899 178.2309191
900 178.2309191
901 178.2309191
902 178.2309191
903 178.2309191
904 178.2309191
905 178.2309191
906 178.2309191
907 178.2309191
908 178.2309191
909 178.2309191
910 178.2309191
911 178.2309191
912 178.2309191
913 178.2309191
914 178.2309191
915 178.2309191
916 178.2309191
917 178.2309191
918 178.2309191
919 178.2309191
920 178.2309191
921 178.2309191
922 178.2309191
923 178.2309191
924 178.2309191
925 178.2309191
926 178.2309191
927 178.2309191
928 178.2309191
929 178.2309191
930 178.2309191
931 178.2309191
932 178.2309191
933 178.2309191
934 178.2309191
935 178.2309191
936 178.2309191
937 178.2309191
938 178.2309191
939 178.2309191
940 178.2309191
941 178.2309191
942 178.2309191
943 178.2309191
944 178.2309191
945 178.2309191
946 178.2309191
947 178.2309191
948 178.2309191
949 178.2309191
950 178.2309191
951 178.2309191
952 178.2309191
953 178.2309191
954 178.2309191
955 178.2309191
956 178.2309191
957 178.2309191
958 178.2309191
959 178.2309191
960 178.2309191
961 178.2309191
962 178.2309191
963 178.2309191
964 178.2309191
965 178.2309191
966 178.2309191
967 178.2309191
968 178.2309191
969 178.2309191
970 178.2309191
971 178.2309191
972 178.2309191
973 178.2309191
974 178.2309191
975 178.2309191
976 178.2309191
977 178.2309191
978 178.2309191
979 178.2309191
980 178.2309191
981 178.2309191
982 178.2309191
983 178.2309191
984 178.2309191
985 178.2309191
986 178.2309191
987 178.2309191
988 178.2309191
989 178.2309191
990 178.2309191
991 178.2309191
992 178.2309191
993 178.2309191
994 178.2309191
995 178.2309191
996 178.2309191
997 178.2309191
998 178.2309191
999 178.2309191
1000 178.2309191
1001 178.2309191
1002 178.2309191
1003 178.2309191
1004 178.2309191
1005 178.2309191
1006 178.2309191
1007 178.2309191
1008 178.2309191
1009 178.2309191
1010 178.2309191
1011 178.2309191
1012 178.2309191
1013 178.2309191
1014 178.2309191
1015 178.2309191
1016 178.2309191
1017 178.2309191
1018 178.2309191
1019 178.2309191
1020 178.2309191
1021 178.2309191
1022 178.2309191
1023 178.2309191
