0 193.8123838
1 193.8123838
2 193.8123838
3 193.8123837
4 193.8123837
5 193.8123837
6 193.8123837
7 193.8123837
8 193.8123837
9 193.8123837
10 193.8123837
11 193.8123837
12 193.8123837
13 193.8123837
14 193.8123837
15 193.8123837
16 193.8123837
17 193.8123837
18 193.8123837
19 193.8123837
20 193.8123837
21 193.8123837
22 193.8123837
23 193.8123837
24 193.8123837
25 193.8123837
26 193.8123837
27 193.8123837
28 193.8123837
29 193.8123837
30 193.8123837
31 193.8123837
32 193.8123837
33 193.8123837
34 193.8123837
35 193.8123837
36 193.8123837
37 193.8123837
38 193.8123837
39 193.8123837
40 193.8123837
41 193.8123837
42 193.8123837
43 193.8123837
44 193.8123837
45 193.8123837
46 193.8123837
47 193.8123837
48 193.8123837
49 193.8123837
50 193.8123837
51 193.8123837
52 193.8123837
53 193.8123837
54 193.8123837
55 193.8123837
56 193.8123837
57 193.8123837
58 193.8123837
59 193.8123837
60 193.8123837
61 193.8123837
62 193.8123837
63 193.8123837
64 193.8123837
65 193.8123837
66 193.8123837
67 193.8123837
68 193.8123837
69 193.8123837
70 193.8123837
71 193.8123837
72 193.8123837
73 193.8123837
74 193.8123837
75 193.8123837
76 193.8123837
77 193.8123837
78 193.8123837
79 193.8123837
80 193.8123837
81 193.8123837
82 193.8123837
83 193.8123837
84 193.8123837
85 193.8123837
86 193.8123837
87 193.8123837
88 193.8123837
89 193.8123837
90 193.8123837
91 193.8123837
92 193.8123837
93 193.8123837
94 193.8123837
95 193.8123837
96 193.8123837
97 193.8123837
98 193.8123837
99 193.8123837
100 193.8123837
101 193.8123837
102 193.8123837
103 193.8123837
104 193.8123837
105 193.8123837
106 193.8123837
107 193.8123837
108 193.8123837
109 193.8123837
110 193.8123837
111 193.8123837
112 193.8123837
113 193.8123837
114 193.8123837
115 193.8123837
116 193.8123837
117 193.8123837
118 193.8123837
119 193.8123837
120 193.8123837
121 193.8123837
122 193.8123837
123 193.8123837
124 193.8123837
125 193.8123837
126 193.8123837
127 193.8123837
128 193.8123837
129 193.8123837
130 193.8123837
131 193.8123837
132 193.8123837
133 193.8123837
134 193.8123837
135 193.8123837
136 193.8123837
137 193.8123837
138 193.8123837
139 193.8123837
140 193.8123837
141 193.8123837
142 193.8123837
143 193.8123837
144 193.8123837
145 193.8123837
146 193.8123837
147 193.8123837
148 193.8123837
149 193.8123837
150 193.8123837
151 193.8123837
152 193.8123837
153 193.8123837
154 193.8123837
155 193.8123837
156 193.8123837
157 193.8123837
158 193.8123837
159 193.8123837
160 193.8123837
161 193.8123837
162 193.8123837
163 193.8123837
164 193.8123837
165 193.8123837
166 193.8123837
167 193.8123837
168 193.8123837
169 193.8123837
170 193.8123837
171 193.8123837
172 193.8123837
173 193.8123837
174 193.8123837
175 193.8123837
176 193.8123837
177 193.8123837
178 193.8123837
179 193.8123837
180 193.8123837
181 193.8123837
182 193.8123837
183 193.8123837
184 193.8123837
185 193.8123837
186 193.8123837
187 193.8123837
188 193.8123837
189 193.8123837
190 193.8123837
191 193.8123837
192 193.8123837
193 193.8123837
194 193.8123837
195 193.8123837
196 193.8123837
197 193.8123837
198 193.8123837
199 193.8123837
200 193.8123837
201 193.8123837
202 193.8123837
203 193.8123837
204 193.8123837
205 193.8123837
206 193.8123837
207 193.8123837
208 193.8123837
209 193.8123837
210 193.8123837
211 193.8123837
212 193.8123837
213 193.8123837
214 193.8123837
215 193.8123837
216 193.8123837
217 193.8123837
218 193.8123837
219 193.8123837
220 193.8123837
221 193.8123837
222 193.8123837
223 193.8123837
224 193.8123837
225 193.8123837
226 193.8123837
227 193.8123837
228 193.8123837
229 193.8123837
230 193.8123837
231 193.8123837
232 193.8123837
233 193.8123837
234 193.8123837
235 193.8123837
236 193.8123837
237 193.8123837
238 193.8123837
239 193.8123837
240 193.8123837
241 193.8123837
242 193.8123837
243 193.8123837
244 193.8123837
245 193.8123837
246 193.8123837
247 193.8123837
248 193.8123837
249 193.8123837
250 193.8123837
251 193.8123837
252 193.8123837
253 193.8123837
254 193.8123837
255 193.8123837
256 193.8123837
257 193.8123837
258 193.8123837
259 193.8123837
260 193.8123837
261 193.8123837
262 193.8123837
263 193.8123837
264 193.8123837
265 193.8123837
266 193.8123837
267 193.8123837
268 193.8123837
269 193.8123837
270 193.8123837
271 193.8123837
272 193.8123837
273 193.8123837
274 193.8123837
275 193.8123837
276 193.8123837
277 193.8123837
278 193.8123837
279 193.8123837
280 193.8123837
281 193.8123837
282 193.8123837
283 193.8123837
284 193.8123837
285 193.8123837
286 193.8123837
287 193.8123837
288 193.8123837
289 193.8123837
290 193.8123837
291 193.8123837
292 193.8123837
293 193.8123837
294 193.8123837
295 193.8123837
296 193.8123837
297 193.8123837
298 193.8123837
299 193.8123837
300 193.8123837
301 193.8123837
302 193.8123837
303 193.8123837
304 193.8123837
305 193.8123837
306 193.8123837
307 193.8123837
308 193.8123837
309 193.8123837
310 193.8123837
311 193.8123837
312 193.8123837
313 193.8123837
314 193.8123837
315 193.8123837
316 193.8123837
317 193.8123837
318 193.8123837
319 193.8123837
320 193.8123837
321 193.8123837
322 193.8123837
323 193.8123837
324 193.8123837
325 193.8123837
326 193.8123837
327 193.8123837
328 193.8123837
329 193.8123837
330 193.8123837
331 193.8123837
332 193.8123837
333 193.8123837
334 193.8123837
335 193.8123837
336 193.8123837
337 193.8123837
338 193.8123837
339 193.8123837
340 193.8123837
341 193.8123837
342 193.8123837
343 193.8123837
344 193.8123837
345 193.8123837
346 193.8123837
347 193.8123837
348 193.8123837
349 193.8123837
350 193.8123837
351 193.8123837
352 193.8123837
353 193.8123837
354 193.8123837
355 193.8123837
356 193.8123837
357 193.8123837
358 193.8123837
359 193.8123837
360 193.8123837
361 193.8123837
362 193.8123837
363 193.8123837
364 193.8123837
365 193.8123837
366 193.8123837
367 193.8123837
368 193.8123837
369 193.8123837
370 193.8123837
371 193.8123837
372 193.8123837
373 193.8123837
374 193.8123837
375 193.8123837
376 193.8123837
377 193.8123837
378 193.8123837
379 193.8123837
380 193.8123837
381 193.8123837
382 193.8123837
383 193.8123837
384 193.8123837
385 193.8123837
386 193.8123837
387 193.8123837
388 193.8123837
389 193.8123837
390 193.8123837
391 193.8123837
392 193.8123837
393 193.8123837
394 193.8123837
395 193.8123837
396 193.8123837
397 193.8123837
398 193.8123837
399 193.8123837
400 193.8123837
401 193.8123837
402 193.8123837
403 193.8123837
404 193.8123837
405 193.8123837
406 193.8123837
407 193.8123837
408 193.8123837
409 193.8123837
410 193.8123837
411 193.8123837
412 193.8123837
413 193.8123837
414 193.8123837
415 193.8123837
416 193.8123837
417 193.8123837
418 193.8123837
419 193.8123837
420 193.8123837
421 193.8123837
422 193.8123837
423 193.8123837
424 193.8123837
425 193.8123837
426 193.8123837
427 193.8123837
428 193.8123837
429 193.8123837
430 193.8123837
431 193.8123837
432 193.8123837
433 193.8123837
434 193.8123837
435 193.8123837
436 193.8123837
437 193.8123837
438 193.8123837
439 193.8123837
440 193.8123837
441 193.8123837
442 193.8123837
443 193.8123837
444 193.8123837
445 193.8123837
446 193.8123837
447 193.8123837
448 193.8123837
449 193.8123837
450 193.8123837
451 193.8123837
452 193.8123837
453 193.8123837
454 193.8123837
455 193.8123837
456 193.8123837
457 193.8123837
458 193.8123837
459 193.8123837
460 193.8123837
461 193.8123837
462 193.8123837
463 193.8123837
464 193.8123837
465 193.8123837
466 193.8123837
467 193.8123837
468 193.8123837
469 193.8123837
470 193.8123837
471 193.8123837
472 193.8123837
473 193.8123837
474 193.8123837
475 193.8123837
476 193.8123837
477 193.8123837
478 193.8123837
479 193.8123837
480 193.8123837
481 193.8123837
482 193.8123837
483 193.8123837
484 193.8123837
485 193.8123837
486 193.8123837
487 193.8123837
488 193.8123837
489 193.8123837
490 193.8123837
491 193.8123837
492 193.8123837
493 193.8123837
494 193.8123837
495 193.8123837
496 193.8123837
497 193.8123837
498 193.8123837
499 193.8123837
500 193.8123837
501 193.8123837
502 193.8123837
503 193.8123837
504 193.8123837
505 193.8123837
506 193.8123837
507 193.8123837
508 193.8123837
509 193.8123837
510 193.8123837
511 193.8123837
512 193.8123837
513 193.8123837
514 193.8123837
515 193.8123837
516 193.8123837
517 193.8123837
518 193.8123837
519 193.8123837
520 193.8123837
521 193.8123837
522 193.8123837
523 193.8123837
524 193.8123837
525 193.8123837
526 193.8123837
527 193.8123837
528 193.8123837
529 193.8123837
530 193.8123837
531 193.8123837
532 193.8123837
533 193.8123837
534 193.8123837
535 193.8123837
536 193.8123837
537 193.8123837
538 193.8123837
539 193.8123837
540 193.8123837
541 193.8123837
542 193.8123838
543 193.8123838
544 193.8123838
545 193.8123838
546 193.8123838
547 193.8123838
548 193.8123839
549 193.8123839
550 193.8123839
551 193.812384
552 193.8123841
553 193.8123841
554 193.8123842
555 193.8123843
556 193.8123845
557 193.8123846
558 193.8123848
559 193.812385
560 193.8123853
561 193.8123856
562 193.812386
563 193.8123865
564 193.8123871
565 193.8123878
566 193.8123886
567 193.8123895
568 193.8123907
569 193.812392
570 193.8123936
571 193.8123955
572 193.8123978
573 193.8124005
574 193.8124036
575 193.8124074
576 193.8124118
577 193.812417
578 193.8124231
579 193.8124303
580 193.8124388
581 193.8124488
582 193.8124604
583 193.8124741
584 193.81249
585 193.8125087
586 193.8125305
587 193.8125559
588 193.8125856
589 193.81262
590 193.8126601
591 193.8127067
592 193.8127606
593 193.8128232
594 193.8128957
595 193.8129794
596 193.8130762
597 193.8131878
598 193.8133165
599 193.8134647
600 193.8136352
601 193.8138311
602 193.8140559
603 193.8143136
604 193.8146088
605 193.8149466
606 193.8153326
607 193.8157732
608 193.8162757
609 193.8168482
610 193.8174996
611 193.81824
612 193.8190808
613 193.8200345
614 193.821115
615 193.822338
616 193.8237207
617 193.8252822
618 193.8270438
619 193.829029
620 193.8312637
621 193.8337765
622 193.8365989
623 193.8397658
624 193.8433152
625 193.8472889
626 193.8517329
627 193.8566973
628 193.8622371
629 193.8684121
630 193.8752877
631 193.8829347
632 193.8914306
633 193.900859
634 193.9113108
635 193.9228843
636 193.9356856
637 193.9498294
638 193.9654389
639 193.9826471
640 194.0015964
641 194.0224398
642 194.0453409
643 194.0704748
644 194.0980282
645 194.1282001
646 194.1612021
647 194.1972591
648 194.2366092
649 194.2795047
650 194.3262119
651 194.3770118
652 194.4321999
653 194.4920869
654 194.5569986
655 194.6272757
656 194.7032742
657 194.7853651
658 194.8739344
659 194.9693824
660 195.0721239
661 195.1825871
662 195.3012135
663 195.4284568
664 195.5647824
665 195.710666
666 195.8665927
667 196.0330557
668 196.2105547
669 196.3995947
670 196.6006838
671 196.8143315
672 197.0410467
673 197.2813354
674 197.5356984
675 197.8046289
676 198.0886096
677 198.3881099
678 198.7035834
679 199.0354642
680 199.3841645
681 199.7500706
682 200.1335402
683 200.5348986
684 200.9544354
685 201.3924009
686 201.8490027
687 202.3244024
688 202.8187117
689 203.3319895
690 203.8642379
691 204.4153998
692 204.9853554
693 205.5739191
694 206.1808372
695 206.8057849
696 207.4483645
697 208.1081033
698 208.7844513
699 209.4767808
700 210.1843846
701 210.9064754
702 211.6421861
703 212.3905691
704 213.1505976
705 213.9211662
706 214.7010924
707 215.4891187
708 216.2839147
709 217.0840806
710 217.8881498
711 218.6945934
712 219.5018243
713 220.3082019
714 221.1120375
715 221.9116
716 222.7051221
717 223.4908064
718 224.266833
719 225.0313659
720 225.7825615
721 226.5185753
722 227.237571
723 227.937728
724 228.6172501
725 229.2743739
726 229.9073776
727 230.514589
728 231.0943948
729 231.6452483
730 232.1656782
731 232.6542965
732 233.1098066
733 233.5310106
734 233.9168169
735 234.266247
736 234.5784421
737 234.8526688
738 235.0883254
739 235.2849462
740 235.4422066
741 235.5599266
742 235.6380746
743 235.6767697
744 235.6762839
745 235.6370435
746 235.5596303
747 235.4447809
748 235.2933867
749 235.1064926
750 234.885295
751 234.6311391
752 234.3455161
753 234.030059
754 233.6865384
755 233.3168573
756 232.9230457
757 232.5072543
758 232.0717478
759 231.6188979
760 231.1511755
761 230.6711427
762 230.1814443
763 229.6847988
764 229.1839893
765 228.6818536
766 228.1812749
767 227.685171
768 227.1964842
769 226.7181706
770 226.2531895
771 225.804492
772 225.37501
773 224.9676453
774 224.5852578
775 224.2306542
776 223.9065771
777 223.6156928
778 223.3605806
779 223.143721
780 222.9674847
781 222.8341216
782 222.7457497
783 222.7043444
784 222.7117281
785 222.7695597
786 222.8793254
787 223.0423283
788 223.2596801
789 223.5322922
790 223.8608675
791 224.2458931
792 224.6876335
793 225.1861242
794 225.7411665
795 226.3523232
796 227.018914
797 227.7400139
798 228.5144505
799 229.3408036
800 230.2174054
801 231.1423422
802 232.1134567
803 233.1283522
804 234.1843973
805 235.2787326
806 236.408278
807 237.5697418
808 238.7596311
809 239.9742628
810 241.2097766
811 242.462149
812 243.7272085
813 245.0006514
814 246.2780597
815 247.5549191
816 248.8266385
817 250.0885696
818 251.3360282
819 252.5643152
820 253.7687386
821 254.9446356
822 256.0873951
823 257.1924801
824 258.2554501
825 259.2719834
826 260.2378986
827 261.1491763
828 262.0019793
829 262.7926725
830 263.5178419
831 264.1743119
832 264.7591621
833 265.2697423
834 265.7036857
835 266.0589216
836 266.3336851
837 266.5265264
838 266.6363165
839 266.6622531
840 266.603863
841 266.4610033
842 266.2338604
843 265.9229472
844 265.5290983
845 265.0534635
846 264.4974992
847 263.8629584
848 263.1518787
849 262.3665689
850 261.5095946
851 260.5837615
852 259.5920984
853 258.5378384
854 257.4244003
855 256.2553677
856 255.0344688
857 253.7655551
858 252.4525803
859 251.0995779
860 249.7106406
861 248.2898984
862 246.8414976
863 245.3695801
864 243.8782639
865 242.3716231
866 240.8536699
867 239.3283371
868 237.7994613
869 236.2707677
870 234.7458561
871 233.2281877
872 231.7210737
873 230.2276648
874 228.7509423
875 227.2937106
876 225.8585909
877 224.4480165
878 223.0642289
879 221.709276
880 220.3850105
881 219.0930909
882 217.8349822
883 216.6119586
884 215.4251069
885 214.2753307
886 213.1633561
887 212.0897372
888 211.0548631
889 210.058965
890 209.102124
891 208.1842798
892 207.3052387
893 206.4646828
894 205.662179
895 204.8971882
896 204.1690745
897 203.4771144
898 202.8205059
899 202.1983776
900 201.6097973
901 201.0537805
902 200.5292989
903 200.0352881
904 199.570655
905 199.1342853
906 198.7250503
907 198.3418128
908 197.9834334
909 197.6487757
910 197.3367116
911 197.0461256
912 196.7759191
913 196.5250138
914 196.2923556
915 196.0769166
916 195.8776983
917 195.6937333
918 195.5240871
919 195.3678593
920 195.224185
921 195.0922355
922 194.9712184
923 194.8603781
924 194.758996
925 194.66639
926 194.5819138
927 194.5049573
928 194.4349447
929 194.3713345
930 194.3136182
931 194.2613192
932 194.2139921
933 194.1712207
934 194.1326176
935 194.0978226
936 194.0665013
937 194.0383439
938 194.013064
939 193.9903974
940 193.9701004
941 193.9519491
942 193.9357377
943 193.9212779
944 193.9083971
945 193.8969378
946 193.8867563
947 193.8777219
948 193.8697157
949 193.8626298
950 193.8563666
951 193.8508376
952 193.8459631
953 193.8416711
954 193.8378969
955 193.8345823
956 193.831675
957 193.8291282
958 193.8269001
959 193.8249533
960 193.8232544
961 193.8217739
962 193.8204851
963 193.8193649
964 193.8183922
965 193.8175489
966 193.8168185
967 193.8161869
968 193.8156412
969 193.8151705
970 193.8147649
971 193.8144159
972 193.814116
973 193.8138585
974 193.8136378
975 193.8134489
976 193.8132873
977 193.8131493
978 193.8130316
979 193.8129313
980 193.812846
981 193.8127735
982 193.812712
983 193.8126598
984 193.8126157
985 193.8125784
986 193.8125469
987 193.8125203
988 193.8124979
989 193.8124791
990 193.8124632
991 193.81245
992 193.8124388
993 193.8124295
994 193.8124217
995 193.8124152
996 193.8124098
997 193.8124053
998 193.8124015
999 193.8123984
1000 193.8123958
1001 193.8123937
1002 193.8123919
1003 193.8123904
1004 193.8123892
1005 193.8123882
1006 193.8123874
1007 193.8123867
1008 193.8123862
1009 193.8123857
1010 193.8123853
1011 193.812385
1012 193.8123848
1013 193.8123846
1014 193.8123844
1015 193.8123843
1016 193.8123842
1017 193.8123841
1018 193.812384
1019 193.812384
1020 193.8123839
1021 193.8123839
1022 193.8123838
1023 193.8123838
