0 185.2271493
1 185.2271494
2 185.2271495
3 185.2271496
4 185.2271497
5 185.2271498
6 185.22715
7 185.2271502
8 185.2271505
9 185.2271508
10 185.2271512
11 185.2271516
12 185.2271522
13 185.2271528
14 185.2271536
15 185.2271545
16 185.2271555
17 185.2271568
18 185.2271583
19 185.2271601
20 185.2271623
21 185.2271648
22 185.2271678
23 185.2271714
24 185.2271755
25 185.2271805
26 185.2271863
27 185.2271931
28 185.2272011
29 185.2272106
30 185.2272216
31 185.2272346
32 185.2272498
33 185.2272675
34 185.2272882
35 185.2273123
36 185.2273405
37 185.2273733
38 185.2274114
39 185.2274557
40 185.2275071
41 185.2275667
42 185.2276357
43 185.2277155
44 185.2278077
45 185.2279142
46 185.228037
47 185.2281784
48 185.2283411
49 185.2285281
50 185.2287428
51 185.2289891
52 185.2292712
53 185.2295941
54 185.2299633
55 185.2303849
56 185.2308658
57 185.2314139
58 185.2320378
59 185.2327472
60 185.233553
61 185.2344673
62 185.2355036
63 185.2366768
64 185.2380038
65 185.2395029
66 185.2411947
67 185.2431018
68 185.2452494
69 185.2476651
70 185.2503794
71 185.253426
72 185.2568418
73 185.2606672
74 185.2649469
75 185.2697294
76 185.275068
77 185.2810209
78 185.2876514
79 185.2950285
80 185.3032272
81 185.3123292
82 185.3224226
83 185.3336031
84 185.3459741
85 185.3596472
86 185.3747427
87 185.39139
88 185.4097282
89 185.4299065
90 185.4520847
91 185.4764339
92 185.5031366
93 185.5323873
94 185.5643931
95 185.5993742
96 185.6375638
97 185.6792092
98 185.7245716
99 185.7739265
100 185.8275644
101 185.8857902
102 185.9489241
103 186.0173014
104 186.0912725
105 186.1712027
106 186.2574724
107 186.3504764
108 186.450624
109 186.5583383
110 186.6740555
111 186.7982246
112 186.9313062
113 187.0737717
114 187.2261024
115 187.3887877
116 187.5623244
117 187.7472147
118 187.9439646
119 188.1530824
120 188.3750761
121 188.6104517
122 188.8597108
123 189.123348
124 189.4018483
125 189.6956848
126 190.0053152
127 190.3311792
128 190.6736951
129 191.0332569
130 191.410231
131 191.8049522
132 192.2177214
133 192.6488009
134 193.0984119
135 193.5667303
136 194.0538837
137 194.559948
138 195.0849436
139 195.6288325
140 196.1915154
141 196.7728282
142 197.3725396
143 197.9903483
144 198.6258809
145 199.2786895
146 199.9482502
147 200.6339614
148 201.3351427
149 202.0510342
150 202.780796
151 203.5235081
152 204.2781712
153 205.043707
154 205.8189602
155 206.6026995
156 207.3936207
157 208.1903487
158 208.9914412
159 209.7953921
160 210.600636
161 211.4055524
162 212.2084714
163 213.0076787
164 213.8014219
165 214.5879166
166 215.3653537
167 216.1319058
168 216.8857351
169 217.6250011
170 218.3478682
171 219.0525144
172 219.737139
173 220.3999716
174 221.0392804
175 221.6533805
176 222.2406429
177 222.7995026
178 223.3284672
179 223.8261247
180 224.2911519
181 224.7223217
182 225.1185108
183 225.4787064
184 225.8020134
185 226.0876598
186 226.3350031
187 226.5435353
188 226.7128875
189 226.842834
190 226.9332962
191 226.9843448
192 226.9962028
193 226.9692467
194 226.9040076
195 226.8011714
196 226.6615788
197 226.4862238
198 226.2762522
199 226.0329595
200 225.7577875
201 225.452321
202 225.1182834
203 224.7575319
204 224.3720524
205 223.9639528
206 223.5354573
207 223.0888989
208 222.6267123
209 222.1514254
210 221.6656517
211 221.1720809
212 220.67347
213 220.1726341
214 219.6724361
215 219.175777
216 218.6855857
217 218.2048081
218 217.7363966
219 217.283299
220 216.8484477
221 216.4347482
222 216.0450681
223 215.6822257
224 215.3489783
225 215.0480115
226 214.7819269
227 214.5532318
228 214.3643271
229 214.2174968
230 214.1148967
231 214.0585436
232 214.0503051
233 214.091889
234 214.1848336
235 214.3304977
236 214.5300519
237 214.7844695
238 215.0945185
239 215.4607538
240 215.8835104
241 216.3628966
242 216.8987888
243 217.4908266
244 218.1384085
245 218.8406892
246 219.5965775
247 220.4047347
248 221.2635753
249 222.1712675
250 223.1257358
251 224.1246643
252 225.1655014
253 226.2454656
254 227.3615532
255 228.510546
256 229.6890218
257 230.893365
258 232.119779
259 233.3642998
260 234.6228109
261 235.8910587
262 237.1646699
263 238.4391694
264 239.7099989
265 240.9725371
266 242.22212
267 243.4540619
268 244.6636773
269 245.8463029
270 246.9973198
271 248.1121757
272 249.1864079
273 250.215665
274 251.1957289
275 252.1225361
276 252.9921989
277 253.8010248
278 254.5455361
279 255.2224875
280 255.8288832
281 256.3619924
282 256.8193629
283 257.1988341
284 257.4985479
285 257.7169573
286 257.852834
287 257.9052741
288 257.8737011
289 257.7578683
290 257.5578577
291 257.2740781
292 256.9072614
293 256.4584556
294 255.929018
295 255.3206048
296 254.6351602
297 253.8749034
298 253.0423145
299 252.1401184
300 251.1712682
301 250.1389268
302 249.0464484
303 247.8973582
304 246.6953322
305 245.4441761
306 244.1478042
307 242.8102176
308 241.4354829
309 240.0277107
310 238.5910347
311 237.1295907
312 235.6474963
313 234.1488321
314 232.6376222
315 231.117817
316 229.5932761
317 228.0677527
318 226.5448792
319 225.0281537
320 223.520928
321 222.0263971
322 220.5475898
323 219.0873604
324 217.6483824
325 216.2331432
326 214.8439397
327 213.4828765
328 212.1518635
329 210.8526167
330 209.5866585
331 208.3553199
332 207.159744
333 206.0008898
334 204.879537
335 203.796292
336 202.7515944
337 201.7457239
338 200.7788081
339 199.8508306
340 198.9616392
341 198.1109551
342 197.2983817
343 196.5234137
344 195.7854462
345 195.0837841
346 194.4176513
347 193.7861993
348 193.1885164
349 192.6236361
350 192.0905454
351 191.5881931
352 191.115497
353 190.6713513
354 190.2546339
355 189.8642122
356 189.4989497
357 189.1577111
358 188.8393679
359 188.5428028
360 188.266914
361 188.010619
362 187.7728582
363 187.5525976
364 187.3488316
365 187.1605849
366 186.9869147
367 186.8269118
368 186.6797023
369 186.5444476
370 186.4203459
371 186.3066317
372 186.2025764
373 186.1074879
374 186.0207105
375 185.9416238
376 185.8696429
377 185.8042166
378 185.7448275
379 185.6909902
380 185.6422503
381 185.5981838
382 185.5583952
383 185.5225165
384 185.4902063
385 185.4611478
386 185.4350481
387 185.4116367
388 185.390664
389 185.3719007
390 185.3551359
391 185.3401762
392 185.3268446
393 185.3149794
394 185.304433
395 185.2950709
396 185.2867709
397 185.279422
398 185.2729236
399 185.2671847
400 185.2621231
401 185.2576645
402 185.2537422
403 185.2502961
404 185.2472722
405 185.2446223
406 185.242303
407 185.2402757
408 185.2385059
409 185.2369629
410 185.2356192
411 185.2344507
412 185.2334358
413 185.2325555
414 185.2317928
415 185.2311329
416 185.2305626
417 185.2300705
418 185.2296463
419 185.2292811
420 185.2289671
421 185.2286975
422 185.2284662
423 185.2282682
424 185.2280988
425 185.227954
426 185.2278305
427 185.2277252
428 185.2276357
429 185.2275595
430 185.2274948
431 185.22744
432 185.2273936
433 185.2273543
434 185.2273211
435 185.2272932
436 185.2272696
437 185.2272497
438 185.227233
439 185.227219
440 185.2272073
441 185.2271975
442 185.2271892
443 185.2271824
444 185.2271766
445 185.2271719
446 185.2271679
447 185.2271646
448 185.2271619
449 185.2271596
450 185.2271577
451 185.2271561
452 185.2271549
453 185.2271538
454 185.2271529
455 185.2271522
456 185.2271516
457 185.2271511
458 185.2271507
459 185.2271504
460 185.2271501
461 185.2271499
462 185.2271497
463 185.2271496
464 185.2271495
465 185.2271494
466 185.2271493
467 185.2271492
468 185.2271492
469 185.2271492
470 185.2271491
471 185.2271491
472 185.2271491
473 185.2271491
474 185.227149
475 185.227149
476 185.227149
477 185.227149
478 185.227149
479 185.227149
480 185.227149
481 185.227149
482 185.227149
483 185.227149
484 185.227149
485 185.227149
486 185.227149
487 185.227149
488 185.227149
489 185.227149
490 185.227149
491 185.227149
492 185.227149
493 185.227149
494 185.227149
495 185.227149
496 185.227149
497 185.227149
498 185.227149
499 185.227149
500 185.227149
501 185.227149
502 185.227149
503 185.227149
504 185.227149
505 185.227149
506 185.227149
507 185.227149
508 185.227149
509 185.227149
510 185.227149
511 185.227149
512 185.227149
513 185.227149
514 185.227149
515 185.227149
516 185.227149
517 185.227149
518 185.227149
519 185.227149
520 185.227149
521 185.227149
522 185.227149
523 185.227149
524 185.227149
525 185.227149
526 185.227149
527 185.227149
528 185.227149
529 185.227149
530 185.227149
531 185.227149
532 185.227149
533 185.227149
534 185.227149
535 185.227149
536 185.227149
537 185.227149
538 185.227149
539 185.227149
540 185.227149
541 185.227149
542 185.227149
543 185.227149
544 185.227149
545 185.227149
546 185.227149
547 185.227149
548 185.227149
549 185.227149
550 185.227149
551 185.227149
552 185.227149
553 185.227149
554 185.227149
555 185.227149
556 185.227149
557 185.227149
558 185.227149
559 185.227149
560 185.227149
561 185.227149
562 185.227149
563 185.227149
564 185.227149
565 185.227149
566 185.227149
567 185.227149
568 185.227149
569 185.227149
570 185.227149
571 185.227149
572 185.227149
573 185.227149
574 185.227149
575 185.227149
576 185.227149
577 185.227149
578 185.227149
579 185.227149
580 185.227149
581 185.227149
582 185.227149
583 185.227149
584 185.227149
585 185.227149
586 185.227149
587 185.227149
588 185.227149
589 185.227149
590 185.227149
591 185.227149
592 185.227149
593 185.227149
594 185.227149
595 185.227149
596 185.227149
597 185.227149
598 185.227149
599 185.227149
600 185.227149
601 185.227149
602 185.227149
603 185.227149
604 185.227149
605 185.227149
606 185.227149
607 185.227149
608 185.227149
609 185.227149
610 185.227149
611 185.227149
612 185.227149
613 185.227149
614 185.227149
615 185.227149
616 185.227149
617 185.227149
618 185.227149
619 185.227149
620 185.227149
621 185.227149
622 185.227149
623 185.227149
624 185.227149
625 185.227149
626 185.227149
627 185.227149
628 185.227149
629 185.227149
630 185.227149
631 185.227149
632 185.227149
633 185.227149
634 185.227149
635 185.227149
636 185.227149
637 185.227149
638 185.227149
639 185.227149
640 185.227149
641 185.227149
642 185.227149
643 185.227149
644 185.227149
645 185.227149
646 185.227149
647 185.227149
648 185.227149
649 185.227149
650 185.227149
651 185.227149
652 185.227149
653 185.227149
654 185.227149
655 185.227149
656 185.227149
657 185.227149
658 185.227149
659 185.227149
660 185.227149
661 185.227149
662 185.227149
663 185.227149
664 185.227149
665 185.227149
666 185.227149
667 185.227149
668 185.227149
669 185.227149
670 185.227149
671 185.227149
672 185.227149
673 185.227149
674 185.227149
675 185.227149
676 185.227149
677 185.227149
678 185.227149
679 185.227149
680 185.227149
681 185.227149
682 185.227149
683 185.227149
684 185.227149
685 185.227149
686 185.227149
687 185.227149
688 185.227149
689 185.227149
690 185.227149
691 185.227149
692 185.227149
693 185.227149
694 185.227149
695 185.227149
696 185.227149
697 185.227149
698 185.227149
699 185.227149
700 185.227149
701 185.227149
702 185.227149
703 185.227149
704 185.227149
705 185.227149
706 185.227149
707 185.227149
708 185.227149
709 185.227149
710 185.227149
711 185.227149
712 185.227149
713 185.227149
714 185.227149
715 185.227149
716 185.227149
717 185.227149
718 185.227149
719 185.227149
720 185.227149
721 185.227149
722 185.227149
723 185.227149
724 185.227149
725 185.227149
726 185.227149
727 185.227149
728 185.227149
729 185.227149
730 185.227149
731 185.227149
732 185.227149
733 185.227149
734 185.227149
735 185.227149
736 185.227149
737 185.227149
738 185.227149
739 185.227149
740 185.227149
741 185.227149
742 185.227149
743 185.227149
744 185.227149
745 185.227149
746 185.227149
747 185.227149
748 185.227149
749 185.227149
750 185.227149
751 185.227149
752 185.227149
753 185.227149
754 185.227149
755 185.227149
756 185.227149
757 185.227149
758 185.227149
759 185.227149
760 185.227149
761 185.227149
762 185.227149
763 185.227149
764 185.227149
765 185.227149
766 185.227149
767 185.227149
768 185.227149
769 185.227149
770 185.227149
771 185.227149
772 185.227149
773 185.227149
774 185.227149
775 185.227149
776 185.227149
777 185.227149
778 185.227149
779 185.227149
780 185.227149
781 185.227149
782 185.227149
783 185.227149
784 185.227149
785 185.227149
786 185.227149
787 185.227149
788 185.227149
789 185.227149
790 185.227149
791 185.227149
792 185.227149
793 185.227149
794 185.227149
795 185.227149
796 185.227149
797 185.227149
798 185.227149
799 185.227149
800 185.227149
801 185.227149
802 185.227149
803 185.227149
804 185.227149
805 185.227149
806 185.227149
807 185.227149
808 185.227149
809 185.227149
810 185.227149
811 185.227149
812 185.227149
813 185.227149
814 185.227149
815 185.227149
816 185.227149
817 185.227149
818 185.227149
819 185.227149
820 185.227149
821 185.227149
822 185.227149
823 185.227149
824 185.227149
825 185.227149
826 185.227149
827 185.227149
828 185.227149
829 185.227149
830 185.227149
831 185.227149
832 185.227149
833 185.227149
834 185.227149
835 185.227149
836 185.227149
837 185.227149
838 185.227149
839 185.227149
840 185.227149
841 185.227149
842 185.227149
843 185.227149
844 185.227149
845 185.227149
846 185.227149
847 185.227149
848 185.227149
849 185.227149
850 185.227149
851 185.227149
852 185.227149
853 185.227149
854 185.227149
855 185.227149
856 185.227149
857 185.227149
858 185.227149
859 185.227149
860 185.227149
861 185.227149
862 185.227149
863 185.227149
864 185.227149
865 185.227149
866 185.227149
867 185.227149
868 185.227149
869 185.227149
870 185.227149
871 185.227149
872 185.227149
873 185.227149
874 185.227149
875 185.227149
876 185.227149
877 185.227149
878 185.227149
879 185.227149
880 185.227149
881 185.227149
882 185.227149
883 185.227149
884 185.227149
885 185.227149
886 185.227149
887 185.227149
888 185.227149
889 185.227149
890 185.227149
891 185.227149
892 185.227149
893 185.227149
894 185.227149
895 185.227149
896 185.227149
897 185.227149
898 185.227149
899 185.227149
900 185.227149
901 185.227149
902 185.227149
903 185.227149
904 185.227149
905 185.227149
906 185.227149
907 185.227149
908 185.227149
909 185.227149
910 185.227149
911 185.227149
912 185.227149
913 185.227149
914 185.227149
915 185.227149
916 185.227149
917 185.227149
918 185.227149
919 185.227149
920 185.227149
921 185.227149
922 185.227149
923 185.227149
924 185.227149
925 185.227149
926 185.227149
927 185.227149
928 185.227149
929 185.227149
930 185.227149
931 185.227149
932 185.227149
933 185.227149
934 185.227149
935 185.227149
936 185.227149
937 185.227149
938 185.227149
939 185.227149
940 185.227149
941 185.227149
942 185.227149
943 185.227149
944 185.227149
945 185.227149
946 185.227149
947 185.227149
948 185.227149
949 185.227149
950 185.227149
951 185.227149
952 185.227149
953 185.227149
954 185.227149
955 185.227149
956 185.227149
957 185.227149
958 185.227149
959 185.227149
960 185.227149
961 185.227149
962 185.227149
963 185.227149
964 185.227149
965 185.227149
966 185.227149
967 185.227149
968 185.227149
969 185.227149
970 185.227149
971 185.227149
972 185.227149
973 185.227149
974 185.227149
975 185.227149
976 185.227149
977 185.227149
978 185.227149
979 185.227149
980 185.227149
981 185.227149
982 185.227149
983 185.227149
984 185.227149
985 185.227149
986 185.227149
987 185.227149
988 185.227149
989 185.227149
990 185.227149
991 185.227149
992 185.227149
993 185.227149
994 185.227149
995 185.227149
996 185.227149
997 185.227149
998 185.227149
999 185.227149
1000 185.227149
1001 185.227149
1002 185.227149
1003 185.227149
1004 185.227149
1005 185.227149
1006 185.227149
1007 185.227149
1008 185.227149
1009 185.227149
1010 185.227149
1011 185.227149
1012 185.227149
1013 185.227149
1014 185.227149
1015 185.227149
1016 185.2271491
1017 185.2271491
1018 185.2271491
1019 185.2271491
1020 185.2271491
1021 185.2271492
1022 185.2271492
1023 185.2271493
