0 185.8930144
1 185.903794
2 185.9157261
3 185.9289191
4 185.9434901
5 185.9595652
6 185.97728
7 185.9967798
8 186.0182206
9 186.0417694
10 186.0676042
11 186.0959153
12 186.1269052
13 186.160789
14 186.1977953
15 186.2381661
16 186.2821574
17 186.3300394
18 186.3820971
19 186.4386299
20 186.4999525
21 186.5663945
22 186.6383005
23 186.7160303
24 186.7999587
25 186.8904751
26 186.9879833
27 187.0929011
28 187.2056598
29 187.3267034
30 187.4564882
31 187.5954813
32 187.7441601
33 187.9030108
34 188.0725273
35 188.2532093
36 188.4455613
37 188.6500902
38 188.8673038
39 189.0977085
40 189.341807
41 189.600096
42 189.8730637
43 190.1611869
44 190.4649284
45 190.784734
46 191.1210292
47 191.4742164
48 191.8446714
49 192.2327399
50 192.6387346
51 193.0629312
52 193.5055653
53 193.9668285
54 194.4468656
55 194.9457704
56 195.463583
57 196.000286
58 196.5558017
59 197.1299889
60 197.7226403
61 198.3334793
62 198.9621582
63 199.6082557
64 200.2712749
65 200.950642
66 201.6457048
67 202.3557319
68 203.079912
69 203.817354
70 204.5670871
71 205.3280616
72 206.09915
73 206.8791486
74 207.6667796
75 208.4606939
76 209.2594736
77 210.0616362
78 210.8656381
79 211.6698794
80 212.4727086
81 213.2724283
82 214.0673005
83 214.8555534
84 215.6353879
85 216.4049843
86 217.1625097
87 217.9061258
88 218.6339969
89 219.3442973
90 220.0352202
91 220.704986
92 221.3518507
93 221.9741141
94 222.570129
95 223.1383092
96 223.677138
97 224.1851764
98 224.6610712
99 225.1035627
100 225.5114923
101 225.8838094
102 226.2195785
103 226.5179853
104 226.7783428
105 227.0000963
106 227.1828289
107 227.3262652
108 227.4302753
109 227.4948781
110 227.5202433
111 227.5066937
112 227.4547062
113 227.3649125
114 227.2380986
115 227.0752045
116 226.8773224
117 226.6456947
118 226.3817112
119 226.0869058
120 225.7629524
121 225.4116602
122 225.0349689
123 224.6349422
124 224.2137623
125 223.7737226
126 223.3172204
127 222.8467493
128 222.364891
129 221.8743065
130 221.3777273
131 220.8779461
132 220.377807
133 219.8801953
134 219.388028
135 218.9042427
136 218.4317873
137 217.9736087
138 217.5326424
139 217.111801
140 216.713963
141 216.3419616
142 215.9985732
143 215.6865061
144 215.4083893
145 215.1667608
146 214.9640568
147 214.8026
148 214.6845893
149 214.6120884
150 214.5870153
151 214.6111323
152 214.6860354
153 214.8131449
154 214.9936963
155 215.2287307
156 215.5190873
157 215.8653947
158 216.2680643
159 216.7272835
160 217.2430095
161 217.8149649
162 218.4426326
163 219.125253
164 219.8618214
165 220.6510864
166 221.4915498
167 222.381467
168 223.318849
169 224.3014652
170 225.3268483
171 226.3922987
172 227.4948925
173 228.6314885
174 229.7987379
175 230.9930951
176 232.2108294
177 233.4480378
178 234.7006597
179 235.9644923
180 237.235207
181 238.5083672
182 239.7794468
183 241.0438496
184 242.2969296
185 243.5340119
186 244.7504141
187 245.9414684
188 247.1025434
189 248.2290671
190 249.3165484
191 250.3606003
192 251.3569612
193 252.3015167
194 253.1903207
195 254.0196154
196 254.785851
197 255.4857037
198 256.1160932
199 256.6741987
200 257.1574731
201 257.5636563
202 257.8907866
203 258.1372104
204 258.3015899
205 258.3829096
206 258.3804802
207 258.2939411
208 258.1232606
209 257.8687346
210 257.5309826
211 257.110943
212 256.6098653
213 256.0293017
214 255.3710956
215 254.6373701
216 253.8305137
217 252.9531652
218 252.0081971
219 250.998698
220 249.9279542
221 248.7994297
222 247.6167461
223 246.3836622
224 245.1040523
225 243.7818851
226 242.4212021
227 241.0260962
228 239.6006902
229 238.1491166
230 236.6754967
231 235.1839209
232 233.6784301
233 232.1629973
234 230.6415108
235 229.1177576
236 227.5954092
237 226.0780073
238 224.5689515
239 223.0714884
240 221.5887014
241 220.1235026
242 218.6786256
243 217.2566194
244 215.8598447
245 214.4904701
246 213.1504707
247 211.8416273
248 210.5655273
249 209.3235661
250 208.1169499
251 206.9466997
252 205.8136557
253 204.7184828
254 203.661677
255 202.6435722
256 201.6643474
257 200.7240352
258 199.8225295
259 198.9595948
260 198.1348746
261 197.3479006
262 196.5981023
263 195.8848155
264 195.2072921
265 194.5647085
266 193.9561751
267 193.3807446
268 192.8374204
269 192.3251648
270 191.8429068
271 191.3895494
272 190.9639766
273 190.5650603
274 190.191666
275 189.8426586
276 189.5169083
277 189.2132946
278 188.9307113
279 188.66807
280 188.4243043
281 188.1983722
282 187.9892592
283 187.7959805
284 187.617583
285 187.453147
286 187.301787
287 187.1626534
288 187.0349325
289 186.9178471
290 186.8106569
291 186.7126579
292 186.6231826
293 186.5415993
294 186.4673116
295 186.3997575
296 186.3384085
297 186.2827689
298 186.2323742
299 186.1867907
300 186.1456135
301 186.1084657
302 186.0749973
303 186.0448835
304 186.0178236
305 185.9935399
306 185.971776
307 185.952296
308 185.9348829
309 185.9193377
310 185.9054781
311 185.8931374
312 185.8821634
313 185.8724174
314 185.8637732
315 185.8561161
316 185.8493421
317 185.8433572
318 185.8380762
319 185.8334223
320 185.8293264
321 185.8257262
322 185.8225656
323 185.8197947
324 185.8173685
325 185.8152467
326 185.8133936
327 185.8117773
328 185.8103692
329 185.8091441
330 185.8080796
331 185.8071558
332 185.8063551
333 185.805662
334 185.8050628
335 185.8045454
336 185.8040993
337 185.8037151
338 185.8033846
339 185.8031007
340 185.8028571
341 185.8026483
342 185.8024697
343 185.802317
344 185.8021866
345 185.8020755
346 185.8019809
347 185.8019004
348 185.801832
349 185.8017741
350 185.8017249
351 185.8016834
352 185.8016482
353 185.8016186
354 185.8015936
355 185.8015725
356 185.8015548
357 185.80154
358 185.8015275
359 185.801517
360 185.8015083
361 185.801501
362 185.8014949
363 185.8014898
364 185.8014856
365 185.8014821
366 185.8014792
367 185.8014767
368 185.8014747
369 185.8014731
370 185.8014717
371 185.8014706
372 185.8014696
373 185.8014689
374 185.8014682
375 185.8014677
376 185.8014673
377 185.8014669
378 185.8014667
379 185.8014664
380 185.8014662
381 185.8014661
382 185.801466
383 185.8014659
384 185.8014658
385 185.8014657
386 185.8014656
387 185.8014656
388 185.8014656
389 185.8014655
390 185.8014655
391 185.8014655
392 185.8014655
393 185.8014655
394 185.8014655
395 185.8014655
396 185.8014654
397 185.8014654
398 185.8014654
399 185.8014654
400 185.8014654
401 185.8014654
402 185.8014654
403 185.8014654
404 185.8014654
405 185.8014654
406 185.8014654
407 185.8014654
408 185.8014654
409 185.8014654
410 185.8014654
411 185.8014654
412 185.8014654
413 185.8014654
414 185.8014654
415 185.8014654
416 185.8014654
417 185.8014654
418 185.8014654
419 185.8014654
420 185.8014654
421 185.8014654
422 185.8014654
423 185.8014654
424 185.8014654
425 185.8014654
426 185.8014654
427 185.8014654
428 185.8014654
429 185.8014654
430 185.8014654
431 185.8014654
432 185.8014654
433 185.8014654
434 185.8014654
435 185.8014654
436 185.8014654
437 185.8014654
438 185.8014654
439 185.8014654
440 185.8014654
441 185.8014654
442 185.8014654
443 185.8014654
444 185.8014654
445 185.8014654
446 185.8014654
447 185.8014654
448 185.8014654
449 185.8014654
450 185.8014654
451 185.8014654
452 185.8014654
453 185.8014654
454 185.8014654
455 185.8014654
456 185.8014654
457 185.8014654
458 185.8014654
459 185.8014654
460 185.8014654
461 185.8014654
462 185.8014654
463 185.8014654
464 185.8014654
465 185.8014654
466 185.8014654
467 185.8014654
468 185.8014654
469 185.8014654
470 185.8014654
471 185.8014654
472 185.8014654
473 185.8014654
474 185.8014654
475 185.8014654
476 185.8014654
477 185.8014654
478 185.8014654
479 185.8014654
480 185.8014654
481 185.8014654
482 185.8014654
483 185.8014654
484 185.8014654
485 185.8014654
486 185.8014654
487 185.8014654
488 185.8014654
489 185.8014654
490 185.8014654
491 185.8014654
492 185.8014654
493 185.8014654
494 185.8014654
495 185.8014654
496 185.8014654
497 185.8014654
498 185.8014654
499 185.8014654
500 185.8014654
501 185.8014654
502 185.8014654
503 185.8014654
504 185.8014654
505 185.8014654
506 185.8014654
507 185.8014654
508 185.8014654
509 185.8014654
510 185.8014654
511 185.8014654
512 185.8014654
513 185.8014654
514 185.8014654
515 185.8014654
516 185.8014654
517 185.8014654
518 185.8014654
519 185.8014654
520 185.8014654
521 185.8014654
522 185.8014654
523 185.8014654
524 185.8014654
525 185.8014654
526 185.8014654
527 185.8014654
528 185.8014654
529 185.8014654
530 185.8014654
531 185.8014654
532 185.8014654
533 185.8014654
534 185.8014654
535 185.8014654
536 185.8014654
537 185.8014654
538 185.8014654
539 185.8014654
540 185.8014654
541 185.8014654
542 185.8014654
543 185.8014654
544 185.8014654
545 185.8014654
546 185.8014654
547 185.8014654
548 185.8014654
549 185.8014654
550 185.8014654
551 185.8014654
552 185.8014654
553 185.8014654
554 185.8014654
555 185.8014654
556 185.8014654
557 185.8014654
558 185.8014654
559 185.8014654
560 185.8014654
561 185.8014654
562 185.8014654
563 185.8014654
564 185.8014654
565 185.8014654
566 185.8014654
567 185.8014654
568 185.8014654
569 185.8014654
570 185.8014654
571 185.8014654
572 185.8014654
573 185.8014654
574 185.8014654
575 185.8014654
576 185.8014654
577 185.8014654
578 185.8014654
579 185.8014654
580 185.8014654
581 185.8014654
582 185.8014654
583 185.8014654
584 185.8014654
585 185.8014654
586 185.8014654
587 185.8014654
588 185.8014654
589 185.8014654
590 185.8014654
591 185.8014654
592 185.8014654
593 185.8014654
594 185.8014654
595 185.8014654
596 185.8014654
597 185.8014654
598 185.8014654
599 185.8014654
600 185.8014654
601 185.8014654
602 185.8014654
603 185.8014654
604 185.8014654
605 185.8014654
606 185.8014654
607 185.8014654
608 185.8014654
609 185.8014654
610 185.8014654
611 185.8014654
612 185.8014654
613 185.8014654
614 185.8014654
615 185.8014654
616 185.8014654
617 185.8014654
618 185.8014654
619 185.8014654
620 185.8014654
621 185.8014654
622 185.8014654
623 185.8014654
624 185.8014654
625 185.8014654
626 185.8014654
627 185.8014654
628 185.8014654
629 185.8014654
630 185.8014654
631 185.8014654
632 185.8014654
633 185.8014654
634 185.8014654
635 185.8014654
636 185.8014654
637 185.8014654
638 185.8014654
639 185.8014654
640 185.8014654
641 185.8014654
642 185.8014654
643 185.8014654
644 185.8014654
645 185.8014654
646 185.8014654
647 185.8014654
648 185.8014654
649 185.8014654
650 185.8014654
651 185.8014654
652 185.8014654
653 185.8014654
654 185.8014654
655 185.8014654
656 185.8014654
657 185.8014654
658 185.8014654
659 185.8014654
660 185.8014654
661 185.8014654
662 185.8014654
663 185.8014654
664 185.8014654
665 185.8014654
666 185.8014654
667 185.8014654
668 185.8014654
669 185.8014654
670 185.8014654
671 185.8014654
672 185.8014654
673 185.8014654
674 185.8014654
675 185.8014654
676 185.8014654
677 185.8014654
678 185.8014654
679 185.8014654
680 185.8014654
681 185.8014654
682 185.8014654
683 185.8014654
684 185.8014654
685 185.8014654
686 185.8014654
687 185.8014654
688 185.8014654
689 185.8014654
690 185.8014654
691 185.8014654
692 185.8014654
693 185.8014654
694 185.8014654
695 185.8014654
696 185.8014654
697 185.8014654
698 185.8014654
699 185.8014654
700 185.8014654
701 185.8014654
702 185.8014654
703 185.8014654
704 185.8014654
705 185.8014654
706 185.8014654
707 185.8014654
708 185.8014654
709 185.8014654
710 185.8014654
711 185.8014654
712 185.8014654
713 185.8014654
714 185.8014654
715 185.8014654
716 185.8014654
717 185.8014654
718 185.8014654
719 185.8014654
720 185.8014654
721 185.8014654
722 185.8014654
723 185.8014654
724 185.8014654
725 185.8014654
726 185.8014654
727 185.8014654
728 185.8014654
729 185.8014654
730 185.8014654
731 185.8014654
732 185.8014654
733 185.8014654
734 185.8014654
735 185.8014654
736 185.8014654
737 185.8014654
738 185.8014654
739 185.8014654
740 185.8014654
741 185.8014654
742 185.8014654
743 185.8014654
744 185.8014654
745 185.8014654
746 185.8014654
747 185.8014654
748 185.8014654
749 185.8014654
750 185.8014654
751 185.8014654
752 185.8014654
753 185.8014654
754 185.8014654
755 185.8014654
756 185.8014654
757 185.8014654
758 185.8014654
759 185.8014654
760 185.8014654
761 185.8014654
762 185.8014654
763 185.8014654
764 185.8014654
765 185.8014654
766 185.8014654
767 185.8014654
768 185.8014654
769 185.8014654
770 185.8014654
771 185.8014654
772 185.8014654
773 185.8014654
774 185.8014654
775 185.8014654
776 185.8014654
777 185.8014654
778 185.8014654
779 185.8014654
780 185.8014654
781 185.8014654
782 185.8014654
783 185.8014654
784 185.8014654
785 185.8014654
786 185.8014654
787 185.8014654
788 185.8014654
789 185.8014654
790 185.8014654
791 185.8014654
792 185.8014654
793 185.8014654
794 185.8014654
795 185.8014654
796 185.8014654
797 185.8014654
798 185.8014654
799 185.8014654
800 185.8014654
801 185.8014654
802 185.8014654
803 185.8014654
804 185.8014654
805 185.8014654
806 185.8014654
807 185.8014654
808 185.8014654
809 185.8014654
810 185.8014654
811 185.8014654
812 185.8014654
813 185.8014654
814 185.8014654
815 185.8014654
816 185.8014654
817 185.8014654
818 185.8014654
819 185.8014654
820 185.8014654
821 185.8014654
822 185.8014654
823 185.8014654
824 185.8014654
825 185.8014654
826 185.8014654
827 185.8014654
828 185.8014654
829 185.8014654
830 185.8014654
831 185.8014654
832 185.8014654
833 185.8014654
834 185.8014654
835 185.8014654
836 185.8014654
837 185.8014654
838 185.8014654
839 185.8014654
840 185.8014654
841 185.8014654
842 185.8014654
843 185.8014654
844 185.8014654
845 185.8014654
846 185.8014654
847 185.8014654
848 185.8014654
849 185.8014654
850 185.8014654
851 185.8014654
852 185.8014654
853 185.8014654
854 185.8014654
855 185.8014654
856 185.8014654
857 185.8014654
858 185.8014654
859 185.8014654
860 185.8014654
861 185.8014654
862 185.8014654
863 185.8014654
864 185.8014654
865 185.8014654
866 185.8014654
867 185.8014654
868 185.8014654
869 185.8014654
870 185.8014654
871 185.8014654
872 185.8014654
873 185.8014654
874 185.8014654
875 185.8014654
876 185.8014654
877 185.8014654
878 185.8014654
879 185.8014654
880 185.8014654
881 185.8014654
882 185.8014654
883 185.8014654
884 185.8014654
885 185.8014654
886 185.8014654
887 185.8014654
888 185.8014654
889 185.8014654
890 185.8014654
891 185.8014654
892 185.8014654
893 185.8014654
894 185.8014654
895 185.8014654
896 185.8014654
897 185.8014654
898 185.8014654
899 185.8014654
900 185.8014654
901 185.8014654
902 185.8014654
903 185.8014654
904 185.8014654
905 185.8014654
906 185.8014654
907 185.8014654
908 185.8014654
909 185.8014654
910 185.8014654
911 185.8014654
912 185.8014654
913 185.8014654
914 185.8014654
915 185.8014654
916 185.8014654
917 185.8014654
918 185.8014654
919 185.8014654
920 185.8014654
921 185.8014654
922 185.8014654
923 185.8014654
924 185.8014654
925 185.8014654
926 185.8014654
927 185.8014654
928 185.8014654
929 185.8014654
930 185.8014654
931 185.8014655
932 185.8014655
933 185.8014655
934 185.8014655
935 185.8014655
936 185.8014655
937 185.8014655
938 185.8014656
939 185.8014656
940 185.8014656
941 185.8014657
942 185.8014657
943 185.8014658
944 185.8014659
945 185.801466
946 185.8014661
947 185.8014662
948 185.8014664
949 185.8014666
950 185.8014668
951 185.8014671
952 185.8014675
953 185.8014679
954 185.8014684
955 185.801469
956 185.8014697
957 185.8014706
958 185.8014716
959 185.8014728
960 185.8014742
961 185.8014759
962 185.8014779
963 185.8014803
964 185.8014831
965 185.8014865
966 185.8014904
967 185.8014951
968 185.8015006
969 185.801507
970 185.8015146
971 185.8015235
972 185.801534
973 185.8015462
974 185.8015605
975 185.8015773
976 185.8015969
977 185.8016198
978 185.8016465
979 185.8016775
980 185.8017137
981 185.8017557
982 185.8018045
983 185.801861
984 185.8019265
985 185.8020023
986 185.80209
987 185.8021911
988 185.8023079
989 185.8024424
990 185.8025972
991 185.8027752
992 185.8029797
993 185.8032143
994 185.8034831
995 185.803791
996 185.804143
997 185.8045452
998 185.8050042
999 185.8055275
1000 185.8061233
1001 185.8068011
1002 185.8075713
1003 185.8084455
1004 185.8094367
1005 185.8105594
1006 185.8118296
1007 185.8132651
1008 185.8148858
1009 185.8167134
1010 185.8187722
1011 185.8210889
1012 185.8236931
1013 185.826617
1014 185.8298965
1015 185.8335708
1016 185.8376829
1017 185.8422799
1018 185.8474134
1019 185.8531397
1020 185.8595202
1021 185.8666219
1022 185.8745177
1023 185.8832866
