0.5
0.3
0.428571
0.428571
0.409091
0.44
0.482759
0.483871
0.5
0.486486
0.547619
0.553191
0.56
0.568627
0.555556
0.559322
0.557377
0.5625
0.573529
0.577465
0.6
0.6125
0.619048
0.636364
0.648352
0.648936
0.649485
0.65
0.628571
0.62037
0.627273
0.621622
0.612069
0.625
0.626016
0.637795
0.643411
0.641221
0.643939
0.641791
0.644928
0.640845
0.645833
0.648649
0.651007
0.651316
0.649682
0.652174
0.650307
0.646341
0.64497
0.643678
0.632768
0.635359
0.632432
0.638298
0.637306
0.629442
0.628141
0.628713
0.615385
0.614286
0.615023
0.615741
0.614679
0.61435
0.614035
0.619048
0.625532
0.624473
0.622407
0.620408
0.616
0.614173
0.616279
0.611538
0.613027
0.617424
0.617978
0.614815
0.617647
0.612319
0.609929
0.614035
0.608997
0.609589
0.60678
0.607973
0.604575
0.604502
0.605096
0.605678
0.606918
0.600619
0.6
0.599388
0.594595
0.599407
0.597059
0.597668
0.602305
0.601719
0.603399
0.603933
0.601671
0.600551
0.603825
0.607046
0.605405
0.605898
0.606952
0.604775
0.603175
0.604712
0.601562
0.601562
0.601036
0.603053
0.6
0.596491
0.597015
0.596059
0.594132
0.592683
0.594203
0.594203
0.59375
0.592326
0.592857
0.593381
0.588785
0.589744
0.588372
0.588915
0.590805
0.590909
0.585586
0.585202
0.58613
0.584821
0.582222
0.5837
0.584245
0.584245
0.583514
0.583514
0.584416
0.583153
0.582796
0.587234
0.585987
0.586134
0.586639
0.589212
0.587629
0.588115
0.589796
0.588235
0.584677
0.582834
0.584493
0.582677
0.582353
0.582031
0.585271
0.587669
0.591603
0.593156
0.595463
0.596226
0.598499
0.599251
0.599628
0.600372
0.600372
0.601852
0.603321
0.60367
0.604396
0.604015
0.605072
0.603978
0.601802
0.602151
0.603571
0.600355
0.597173
0.599297
0.597198
0.597902
0.594783
0.594454
0.594828
0.595525
0.596913
0.596581
0.597623
0.595278
0.595638
0.595638
0.596667
0.595357
0.594371
0.592409
0.589491
0.589869
0.589577
0.591572
0.593548
0.593248
0.5939
0.592652
0.593301
0.59588
0.594937
0.595912
0.596546
0.595611
0.596573
0.596899
0.598145
0.597843
0.597542
0.597859
0.598174
0.598784
0.6
0.598793
0.5997
0.599402
0.598811
0.601182
0.600884
0.6
0.601173
0.602339
0.603198
0.602601
0.603175
0.602582
0.602582
0.602289
0.603989
0.602837
0.603107
0.604225
0.605594
0.604457
0.604972
0.603851
0.604938
0.605191
0.606803
0.606513
0.607578
0.609164
0.608871
0.608054
0.608579
0.608812
0.609562
0.609562
0.609499
0.610526
0.609948
0.610169
0.61039
0.609598
0.609032
0.607969
0.60641
0.606138
0.606369
0.606329
0.606557
0.607053
0.607277
0.605757
0.607232
0.607453
0.607453
0.606922
0.607891
0.608374
0.606135
0.605617
0.605839
0.605583
0.606538
0.606024
0.605988
0.603819
0.603571
0.603081
0.601655
0.602594
0.603529
0.603995
0.60446
0.605355
0.603949
0.603468
0.603687
0.604143
0.604598
0.605505
0.605714
0.607062
0.606129
0.604072
0.605174
0.605174
0.603816
0.604469
0.604004
0.603104
0.603104
0.602876
0.602876
0.600882
0.60066
0.601099
0.600877
0.601751
0.601528
0.600872
0.599349
0.598485
0.598919
0.599352
0.599569
0.6
0.599785
0.600854
0.602128
0.602333
0.601695
0.602537
0.603158
0.602941
0.603141
0.60251
0.601668
0.601457
0.601871
0.602697
0.600827
0.600412
0.601233
0.6
0.599795
0.6
0.600408
0.601221
0.601824
0.602422
0.603015
0.602204
0.603
0.604187
0.60338
0.60338
0.602374
0.601578
0.602362
0.602753
0.602552
0.604106
0.604674
0.60447
0.604268
0.604651
0.605593
0.607109
0.606903
0.606322
0.60554
0.604186
0.603989
0.603416
0.603025
0.603578
0.603383
0.603933
0.603933
0.604108
0.603914
0.603528
0.603528
0.603336
0.603512
0.604608
0.605699
0.606783
0.607143
0.606033
0.606752
0.606364
0.606171
0.605978
0.606853
0.604672
0.603047
0.603047
0.604111
0.603925
0.604982
0.605684
0.606383
0.606007
0.606327
0.606673
0.606486
0.606643
0.606114
0.606614
0.606245
0.606245
0.606926
0.606557
0.607051
0.608062
0.608733
0.608881
0.609881
0.610025
0.609653
0.608953
0.607926
0.607414
0.607744
0.607563
0.607203
0.607023
0.607679
0.607648
0.607291
0.606286
0.605611
0.605263
0.60688
0.606705
0.606531
0.606678
0.606998
0.607636
0.60859
0.607922
0.607922
0.609501
0.609501
0.609815
0.609776
0.6096
0.610224
0.609737
0.609562
0.61142
0.610585
0.611199
0.610543
0.609718
0.609375
0.609509
0.608865
0.609472
0.609302
0.609133
0.609266
0.609098
0.609531
0.609531
0.609063
0.608896
0.608263
0.608098
0.60853
0.6082
0.608498
0.608333
0.608926
0.609811
0.609811
0.60994
0.610233
0.611236
0.610322
0.610283
0.611152
0.610987
0.611399
0.611973
0.612094
0.611479
0.611315
0.611722
0.611558
0.611111
0.611071
0.611636
0.611313
0.611151
0.611272
0.611833
0.611951
0.611071
0.610912
0.61147
0.611748
0.612026
0.610992
0.610399
0.610676
0.610242
0.610795
0.610638
0.610914
0.611465
0.611307
0.611425
0.610837
0.610253
0.610526
0.609637
0.609484
0.608635
0.609451
0.610264
0.610228
0.609807
0.609655
0.609235
0.609773
0.609354
0.609622
0.609622
0.609321
0.609439
0.607776
0.606122
0.605567
0.605834
0.606369
0.606901
0.607022
0.607552
0.606734
0.606734
0.60779
0.607383
0.607909
0.60762
0.607738
0.608638
0.609157
0.609416
0.609272
0.609127
0.609385
0.609499
0.609499
0.61027
0.610381
0.611002
0.610059
0.610313
0.609375
0.608979
0.608696
0.607628
0.607881
0.60864
0.607717
0.608082
0.607417
0.608168
0.607643
0.607643
0.60737
0.608117
0.60798
0.607595
0.608339
0.608449
0.608422
0.608286
0.607524
0.607389
0.606875
0.606875
0.606742
0.606987
0.607477
0.607721
0.607965
0.608075
0.606944
0.607297
0.607165
0.608
0.608589
0.608456
0.608323
0.609041
0.60928
0.609994
0.610706
0.610942
0.611179
0.61128
0.611145
0.610775
0.611245
0.611245
0.610876
0.610876
0.609771
0.609403
0.608905
0.609009
0.608278
0.608513
0.608383
0.608488
0.608358
0.608358
0.608592
0.607867
0.608333
0.608205
0.608541
0.608387
0.608593
0.608925
0.608543
0.608645
0.608873
0.607912
0.608367
0.608014
0.607661
0.607536
0.606833
0.606709
0.606008
0.606236
0.606916
0.60702
0.607471
0.607922
0.608023
0.607899
0.607551
0.607551
0.607776
0.608447
0.608077
0.6084
0.608499
0.608253
0.608131
0.60823
0.607766
0.607865
0.607183
0.607843
0.607843
0.607722
0.608161
0.607701
0.608575
0.60901
0.609661
0.60954
0.609418
0.609635
0.610066
0.610375
0.609796
0.609676
0.610411
0.610169
0.609836
0.610262
0.610778
0.611202
0.610418
0.61084
0.610509
0.61039
0.611441
0.611111
0.61141
0.610962
0.610515
0.610932
0.610814
0.611022
0.610577
0.610341
0.610756
0.610431
0.610431
0.610521
0.609873
0.610493
0.610493
0.610788
0.610671
0.610554
0.610232
0.610438
0.610438
0.609795
0.609679
0.609129
0.608696
0.60931
0.608991
0.608355
0.608129
0.607904
0.608312
0.608718
0.608921
0.608808
0.608583
0.608875
0.608964
0.608964
0.608651
0.608539
0.608115
0.608517
0.608919
0.609007
0.608585
0.609184
0.60947
0.609359
0.609558
0.609756
0.609446
0.609843
0.610127
0.609707
0.609485
0.609879
0.610272
0.610161
0.610161
0.610246
0.610135
0.61022
0.609305
0.609195
0.608587
0.608587
0.608371
0.607765
0.608048
0.607833
0.607921
0.608008
0.607795
0.60709
0.60767
0.607757
0.607353
0.60793
0.608313
0.608484
0.608674
0.608569
0.608759
0.607576
0.607282
0.607282
0.607074
0.607246
0.607143
0.607315
0.607692
0.607777
0.607092
0.607365
0.606768
0.606752
0.606363
0.606534
0.606333
0.606318
0.605932
0.606118
0.605733
0.605634
0.605066
0.605436
