0 192.6782988
1 192.6782988
2 192.6782988
3 192.6782988
4 192.6782988
5 192.6782988
6 192.6782988
7 192.6782988
8 192.6782988
9 192.6782988
10 192.6782988
11 192.6782988
12 192.6782988
13 192.6782988
14 192.6782988
15 192.6782988
16 192.6782988
17 192.6782988
18 192.6782988
19 192.6782988
20 192.6782988
21 192.6782988
22 192.6782988
23 192.6782988
24 192.6782988
25 192.6782988
26 192.6782988
27 192.6782988
28 192.6782988
29 192.6782988
30 192.6782988
31 192.6782988
32 192.6782988
33 192.6782988
34 192.6782988
35 192.6782988
36 192.6782988
37 192.6782988
38 192.6782988
39 192.6782988
40 192.6782988
41 192.6782988
42 192.6782988
43 192.6782988
44 192.6782988
45 192.6782988
46 192.6782988
47 192.6782988
48 192.6782988
49 192.6782988
50 192.6782988
51 192.6782988
52 192.6782988
53 192.6782988
54 192.6782988
55 192.6782988
56 192.6782988
57 192.6782988
58 192.6782988
59 192.6782988
60 192.6782988
61 192.6782988
62 192.6782988
63 192.6782988
64 192.6782988
65 192.6782988
66 192.6782988
67 192.6782988
68 192.6782988
69 192.6782988
70 192.6782988
71 192.6782988
72 192.6782988
73 192.6782988
74 192.6782988
75 192.6782988
76 192.6782988
77 192.6782988
78 192.6782988
79 192.6782988
80 192.6782988
81 192.6782988
82 192.6782988
83 192.6782988
84 192.6782988
85 192.6782988
86 192.6782988
87 192.6782988
88 192.6782988
89 192.6782988
90 192.6782988
91 192.6782988
92 192.6782988
93 192.6782988
94 192.6782988
95 192.6782988
96 192.6782988
97 192.6782988
98 192.6782988
99 192.6782988
100 192.6782988
101 192.6782988
102 192.6782988
103 192.6782988
104 192.6782988
105 192.6782988
106 192.6782988
107 192.6782988
108 192.6782988
109 192.6782988
110 192.6782988
111 192.6782988
112 192.6782988
113 192.6782988
114 192.6782988
115 192.6782988
116 192.6782989
117 192.6782989
118 192.6782989
119 192.6782989
120 192.6782989
121 192.6782989
122 192.6782989
123 192.678299
124 192.678299
125 192.678299
126 192.6782991
127 192.6782991
128 192.6782992
129 192.6782992
130 192.6782993
131 192.6782994
132 192.6782996
133 192.6782997
134 192.6782999
135 192.6783001
136 192.6783004
137 192.6783007
138 192.6783011
139 192.6783016
140 192.6783021
141 192.6783028
142 192.6783036
143 192.6783045
144 192.6783056
145 192.678307
146 192.6783085
147 192.6783104
148 192.6783126
149 192.6783152
150 192.6783183
151 192.678322
152 192.6783263
153 192.6783314
154 192.6783374
155 192.6783445
156 192.6783528
157 192.6783625
158 192.6783739
159 192.6783873
160 192.678403
161 192.6784213
162 192.6784427
163 192.6784676
164 192.6784966
165 192.6785304
166 192.6785697
167 192.6786154
168 192.6786684
169 192.6787297
170 192.6788008
171 192.678883
172 192.678978
173 192.6790876
174 192.6792139
175 192.6793595
176 192.6795268
177 192.6797192
178 192.67994
179 192.6801932
180 192.6804832
181 192.680815
182 192.6811943
183 192.6816273
184 192.6821212
185 192.6826839
186 192.6833243
187 192.6840523
188 192.6848791
189 192.6858169
190 192.6868797
191 192.6880827
192 192.6894429
193 192.6909793
194 192.6927127
195 192.6946664
196 192.6968659
197 192.6993394
198 192.702118
199 192.7052361
200 192.7087312
201 192.7126447
202 192.7170218
203 192.7219121
204 192.7273698
205 192.7334541
206 192.7402294
207 192.7477659
208 192.7561399
209 192.7654342
210 192.7757387
211 192.7871503
212 192.7997742
213 192.8137235
214 192.8291204
215 192.8460962
216 192.8647919
217 192.8853588
218 192.907959
219 192.9327656
220 192.9599635
221 192.9897499
222 193.0223342
223 193.0579391
224 193.0968008
225 193.139169
226 193.1853079
227 193.2354959
228 193.290026
229 193.3492065
230 193.4133603
231 193.4828257
232 193.5579559
233 193.6391191
234 193.7266985
235 193.8210918
236 193.9227109
237 194.0319813
238 194.1493418
239 194.2752435
240 194.410149
241 194.5545317
242 194.7088742
243 194.8736674
244 195.0494089
245 195.2366017
246 195.4357521
247 195.6473681
248 195.8719571
249 196.1100242
250 196.3620694
251 196.6285851
252 196.9100541
253 197.2069459
254 197.5197146
255 197.8487953
256 198.1946015
257 198.5575214
258 198.9379148
259 199.3361098
260 199.7523992
261 200.1870369
262 200.6402349
263 201.1121593
264 201.6029272
265 202.1126031
266 202.6411956
267 203.1886544
268 203.7548668
269 204.3396553
270 204.9427744
271 205.5639081
272 206.2026681
273 206.8585912
274 207.5311376
275 208.2196901
276 208.923552
277 209.6419475
278 210.3740206
279 211.1188353
280 211.8753765
281 212.6425505
282 213.4191867
283 214.2040394
284 214.9957901
285 215.7930505
286 216.5943655
287 217.3982174
288 218.2030298
289 219.0071728
290 219.8089675
291 220.6066926
292 221.3985893
293 222.1828689
294 222.9577188
295 223.7213101
296 224.471805
297 225.2073643
298 225.9261558
299 226.6263622
300 227.3061898
301 227.9638763
302 228.5977001
303 229.2059883
304 229.7871254
305 230.3395618
306 230.8618219
307 231.3525125
308 231.8103304
309 232.2340703
310 232.6226318
311 232.9750267
312 233.2903854
313 233.5679629
314 233.8071445
315 234.0074508
316 234.1685428
317 234.290225
318 234.3724496
319 234.4153187
320 234.4190868
321 234.3841622
322 234.3111078
323 234.2006412
324 234.0536344
325 233.8711125
326 233.6542518
327 233.4043775
328 233.1229607
329 232.8116141
330 232.4720883
331 232.1062665
332 231.716159
333 231.3038973
334 230.8717273
335 230.4220022
336 229.9571752
337 229.4797912
338 228.9924784
339 228.4979396
340 227.9989431
341 227.4983127
342 226.9989185
343 226.5036664
344 226.0154876
345 225.5373286
346 225.0721399
347 224.6228651
348 224.1924303
349 223.7837322
350 223.3996272
351 223.0429204
352 222.7163533
353 222.4225933
354 222.164222
355 221.9437238
356 221.7634749
357 221.6257321
358 221.5326219
359 221.48613
360 221.4880904
361 221.5401756
362 221.6438863
363 221.8005424
364 222.0112734
365 222.2770103
366 222.5984769
367 222.9761828
368 223.4104163
369 223.9012379
370 224.4484755
371 225.051719
372 225.7103173
373 226.4233745
374 227.1897489
375 228.0080515
376 228.8766465
377 229.7936525
378 230.7569452
379 231.7641608
380 232.8127011
381 233.8997396
382 235.0222293
383 236.1769108
384 237.360323
385 238.5688139
386 239.7985535
387 241.0455474
388 242.3056517
389 243.5745894
390 244.8479672
391 246.1212939
392 247.3899994
393 248.6494546
394 249.8949923
395 251.1219278
396 252.3255813
397 253.5012998
398 254.6444791
399 255.7505867
400 256.8151837
401 257.8339474
402 258.8026924
403 259.7173927
404 260.5742017
405 261.3694723
406 262.0997757
407 262.7619189
408 263.3529617
409 263.8702315
410 264.3113374
411 264.6741819
412 264.9569717
413 265.1582264
414 265.2767853
415 265.3118128
416 265.2628009
417 265.1295714
418 264.9122742
419 264.6113852
420 264.227702
421 263.7623368
422 263.2167087
423 262.5925337
424 261.8918129
425 261.1168195
426 260.2700841
427 259.3543785
428 258.3726992
429 257.3282483
430 256.224415
431 255.0647554
432 253.8529716
433 252.5928915
434 251.2884465
435 249.9436507
436 248.5625791
437 247.1493463
438 245.7080854
439 244.2429275
440 242.7579817
441 241.2573158
442 239.7449375
443 238.2247774
444 236.7006718
445 235.1763477
446 233.6554085
447 232.1413208
448 230.6374026
449 229.1468132
450 227.6725438
451 226.2174102
452 224.784046
453 223.3748977
454 221.9922213
455 220.6380796
456 219.3143413
457 218.0226809
458 216.76458
459 215.5413297
460 214.3540338
461 213.2036129
462 212.0908099
463 211.0161959
464 209.9801762
465 208.9829984
466 208.0247592
467 207.1054135
468 206.2247823
469 205.3825617
470 204.5783321
471 203.811567
472 203.0816426
473 202.3878466
474 201.7293877
475 201.1054039
476 200.5149723
477 199.9571164
478 199.4308155
479 198.9350119
480 198.4686185
481 198.0305265
482 197.6196116
483 197.2347407
484 196.8747777
485 196.5385892
486 196.2250491
487 195.9330439
488 195.661476
489 195.4092682
490 195.1753665
491 194.9587434
492 194.7583998
493 194.5733678
494 194.402712
495 194.245531
496 194.1009586
497 193.9681644
498 193.8463546
499 193.7347718
500 193.6326954
501 193.5394415
502 193.4543618
503 193.3768441
504 193.3063107
505 193.242218
506 193.1840554
507 193.1313444
508 193.0836374
509 193.0405166
510 193.0015925
511 192.9665031
512 192.9349121
513 192.9065083
514 192.8810036
515 192.858132
516 192.8376486
517 192.8193279
518 192.802963
519 192.7883641
520 192.7753576
521 192.7637848
522 192.753501
523 192.7443746
524 192.7362856
525 192.7291255
526 192.7227958
527 192.7172074
528 192.7122797
529 192.7079403
530 192.7041239
531 192.7007717
532 192.697831
533 192.6952547
534 192.6930004
535 192.6910304
536 192.6893111
537 192.6878125
538 192.6865079
539 192.6853737
540 192.6843888
541 192.6835347
542 192.682795
543 192.6821551
544 192.6816023
545 192.6811253
546 192.6807143
547 192.6803605
548 192.6800565
549 192.6797954
550 192.6795716
551 192.67938
552 192.6792161
553 192.6790761
554 192.6789567
555 192.678855
556 192.6787684
557 192.6786948
558 192.6786323
559 192.6785794
560 192.6785346
561 192.6784967
562 192.6784647
563 192.6784377
564 192.6784149
565 192.6783958
566 192.6783797
567 192.6783662
568 192.6783549
569 192.6783454
570 192.6783375
571 192.6783309
572 192.6783254
573 192.6783208
574 192.678317
575 192.6783138
576 192.6783112
577 192.678309
578 192.6783072
579 192.6783057
580 192.6783045
581 192.6783034
582 192.6783026
583 192.6783019
584 192.6783013
585 192.6783009
586 192.6783005
587 192.6783002
588 192.6782999
589 192.6782997
590 192.6782996
591 192.6782994
592 192.6782993
593 192.6782992
594 192.6782991
595 192.6782991
596 192.678299
597 192.678299
598 192.678299
599 192.6782989
600 192.6782989
601 192.6782989
602 192.6782989
603 192.6782989
604 192.6782989
605 192.6782989
606 192.6782988
607 192.6782988
608 192.6782988
609 192.6782988
610 192.6782988
611 192.6782988
612 192.6782988
613 192.6782988
614 192.6782988
615 192.6782988
616 192.6782988
617 192.6782988
618 192.6782988
619 192.6782988
620 192.6782988
621 192.6782988
622 192.6782988
623 192.6782988
624 192.6782988
625 192.6782988
626 192.6782988
627 192.6782988
628 192.6782988
629 192.6782988
630 192.6782988
631 192.6782988
632 192.6782988
633 192.6782988
634 192.6782988
635 192.6782988
636 192.6782988
637 192.6782988
638 192.6782988
639 192.6782988
640 192.6782988
641 192.6782988
642 192.6782988
643 192.6782988
644 192.6782988
645 192.6782988
646 192.6782988
647 192.6782988
648 192.6782988
649 192.6782988
650 192.6782988
651 192.6782988
652 192.6782988
653 192.6782988
654 192.6782988
655 192.6782988
656 192.6782988
657 192.6782988
658 192.6782988
659 192.6782988
660 192.6782988
661 192.6782988
662 192.6782988
663 192.6782988
664 192.6782988
665 192.6782988
666 192.6782988
667 192.6782988
668 192.6782988
669 192.6782988
670 192.6782988
671 192.6782988
672 192.6782988
673 192.6782988
674 192.6782988
675 192.6782988
676 192.6782988
677 192.6782988
678 192.6782988
679 192.6782988
680 192.6782988
681 192.6782988
682 192.6782988
683 192.6782988
684 192.6782988
685 192.6782988
686 192.6782988
687 192.6782988
688 192.6782988
689 192.6782988
690 192.6782988
691 192.6782988
692 192.6782988
693 192.6782988
694 192.6782988
695 192.6782988
696 192.6782988
697 192.6782988
698 192.6782988
699 192.6782988
700 192.6782988
701 192.6782988
702 192.6782988
703 192.6782988
704 192.6782988
705 192.6782988
706 192.6782988
707 192.6782988
708 192.6782988
709 192.6782988
710 192.6782988
711 192.6782988
712 192.6782988
713 192.6782988
714 192.6782988
715 192.6782988
716 192.6782988
717 192.6782988
718 192.6782988
719 192.6782988
720 192.6782988
721 192.6782988
722 192.6782988
723 192.6782988
724 192.6782988
725 192.6782988
726 192.6782988
727 192.6782988
728 192.6782988
729 192.6782988
730 192.6782988
731 192.6782988
732 192.6782988
733 192.6782988
734 192.6782988
735 192.6782988
736 192.6782988
737 192.6782988
738 192.6782988
739 192.6782988
740 192.6782988
741 192.6782988
742 192.6782988
743 192.6782988
744 192.6782988
745 192.6782988
746 192.6782988
747 192.6782988
748 192.6782988
749 192.6782988
750 192.6782988
751 192.6782988
752 192.6782988
753 192.6782988
754 192.6782988
755 192.6782988
756 192.6782988
757 192.6782988
758 192.6782988
759 192.6782988
760 192.6782988
761 192.6782988
762 192.6782988
763 192.6782988
764 192.6782988
765 192.6782988
766 192.6782988
767 192.6782988
768 192.6782988
769 192.6782988
770 192.6782988
771 192.6782988
772 192.6782988
773 192.6782988
774 192.6782988
775 192.6782988
776 192.6782988
777 192.6782988
778 192.6782988
779 192.6782988
780 192.6782988
781 192.6782988
782 192.6782988
783 192.6782988
784 192.6782988
785 192.6782988
786 192.6782988
787 192.6782988
788 192.6782988
789 192.6782988
790 192.6782988
791 192.6782988
792 192.6782988
793 192.6782988
794 192.6782988
795 192.6782988
796 192.6782988
797 192.6782988
798 192.6782988
799 192.6782988
800 192.6782988
801 192.6782988
802 192.6782988
803 192.6782988
804 192.6782988
805 192.6782988
806 192.6782988
807 192.6782988
808 192.6782988
809 192.6782988
810 192.6782988
811 192.6782988
812 192.6782988
813 192.6782988
814 192.6782988
815 192.6782988
816 192.6782988
817 192.6782988
818 192.6782988
819 192.6782988
820 192.6782988
821 192.6782988
822 192.6782988
823 192.6782988
824 192.6782988
825 192.6782988
826 192.6782988
827 192.6782988
828 192.6782988
829 192.6782988
830 192.6782988
831 192.6782988
832 192.6782988
833 192.6782988
834 192.6782988
835 192.6782988
836 192.6782988
837 192.6782988
838 192.6782988
839 192.6782988
840 192.6782988
841 192.6782988
842 192.6782988
843 192.6782988
844 192.6782988
845 192.6782988
846 192.6782988
847 192.6782988
848 192.6782988
849 192.6782988
850 192.6782988
851 192.6782988
852 192.6782988
853 192.6782988
854 192.6782988
855 192.6782988
856 192.6782988
857 192.6782988
858 192.6782988
859 192.6782988
860 192.6782988
861 192.6782988
862 192.6782988
863 192.6782988
864 192.6782988
865 192.6782988
866 192.6782988
867 192.6782988
868 192.6782988
869 192.6782988
870 192.6782988
871 192.6782988
872 192.6782988
873 192.6782988
874 192.6782988
875 192.6782988
876 192.6782988
877 192.6782988
878 192.6782988
879 192.6782988
880 192.6782988
881 192.6782988
882 192.6782988
883 192.6782988
884 192.6782988
885 192.6782988
886 192.6782988
887 192.6782988
888 192.6782988
889 192.6782988
890 192.6782988
891 192.6782988
892 192.6782988
893 192.6782988
894 192.6782988
895 192.6782988
896 192.6782988
897 192.6782988
898 192.6782988
899 192.6782988
900 192.6782988
901 192.6782988
902 192.6782988
903 192.6782988
904 192.6782988
905 192.6782988
906 192.6782988
907 192.6782988
908 192.6782988
909 192.6782988
910 192.6782988
911 192.6782988
912 192.6782988
913 192.6782988
914 192.6782988
915 192.6782988
916 192.6782988
917 192.6782988
918 192.6782988
919 192.6782988
920 192.6782988
921 192.6782988
922 192.6782988
923 192.6782988
924 192.6782988
925 192.6782988
926 192.6782988
927 192.6782988
928 192.6782988
929 192.6782988
930 192.6782988
931 192.6782988
932 192.6782988
933 192.6782988
934 192.6782988
935 192.6782988
936 192.6782988
937 192.6782988
938 192.6782988
939 192.6782988
940 192.6782988
941 192.6782988
942 192.6782988
943 192.6782988
944 192.6782988
945 192.6782988
946 192.6782988
947 192.6782988
948 192.6782988
949 192.6782988
950 192.6782988
951 192.6782988
952 192.6782988
953 192.6782988
954 192.6782988
955 192.6782988
956 192.6782988
957 192.6782988
958 192.6782988
959 192.6782988
960 192.6782988
961 192.6782988
962 192.6782988
963 192.6782988
964 192.6782988
965 192.6782988
966 192.6782988
967 192.6782988
968 192.6782988
969 192.6782988
970 192.6782988
971 192.6782988
972 192.6782988
973 192.6782988
974 192.6782988
975 192.6782988
976 192.6782988
977 192.6782988
978 192.6782988
979 192.6782988
980 192.6782988
981 192.6782988
982 192.6782988
983 192.6782988
984 192.6782988
985 192.6782988
986 192.6782988
987 192.6782988
988 192.6782988
989 192.6782988
990 192.6782988
991 192.6782988
992 192.6782988
993 192.6782988
994 192.6782988
995 192.6782988
996 192.6782988
997 192.6782988
998 192.6782988
999 192.6782988
1000 192.6782988
1001 192.6782988
1002 192.6782988
1003 192.6782988
1004 192.6782988
1005 192.6782988
1006 192.6782988
1007 192.6782988
1008 192.6782988
1009 192.6782988
1010 192.6782988
1011 192.6782988
1012 192.6782988
1013 192.6782988
1014 192.6782988
1015 192.6782988
1016 192.6782988
1017 192.6782988
1018 192.6782988
1019 192.6782988
1020 192.6782988
1021 192.6782988
1022 192.6782988
1023 192.6782988
