0 192.0888442
1 192.0881962
2 192.0876362
3 192.0871531
4 192.0867367
5 192.0863783
6 192.0860703
7 192.0858058
8 192.085579
9 192.0853848
10 192.0852187
11 192.0850768
12 192.0849558
13 192.0848526
14 192.0847648
15 192.0846902
16 192.0846269
17 192.0845732
18 192.0845278
19 192.0844894
20 192.0844569
21 192.0844295
22 192.0844064
23 192.084387
24 192.0843707
25 192.084357
26 192.0843455
27 192.0843359
28 192.0843279
29 192.0843212
30 192.0843156
31 192.0843109
32 192.084307
33 192.0843038
34 192.0843011
35 192.0842989
36 192.0842971
37 192.0842956
38 192.0842943
39 192.0842933
40 192.0842924
41 192.0842917
42 192.0842911
43 192.0842907
44 192.0842903
45 192.08429
46 192.0842897
47 192.0842895
48 192.0842893
49 192.0842892
50 192.0842891
51 192.084289
52 192.0842889
53 192.0842888
54 192.0842888
55 192.0842888
56 192.0842887
57 192.0842887
58 192.0842887
59 192.0842887
60 192.0842886
61 192.0842886
62 192.0842886
63 192.0842886
64 192.0842886
65 192.0842886
66 192.0842886
67 192.0842886
68 192.0842886
69 192.0842886
70 192.0842886
71 192.0842886
72 192.0842886
73 192.0842886
74 192.0842886
75 192.0842886
76 192.0842886
77 192.0842886
78 192.0842886
79 192.0842886
80 192.0842886
81 192.0842886
82 192.0842886
83 192.0842886
84 192.0842886
85 192.0842886
86 192.0842886
87 192.0842886
88 192.0842886
89 192.0842886
90 192.0842886
91 192.0842886
92 192.0842886
93 192.0842886
94 192.0842886
95 192.0842886
96 192.0842886
97 192.0842886
98 192.0842886
99 192.0842886
100 192.0842886
101 192.0842886
102 192.0842886
103 192.0842886
104 192.0842886
105 192.0842886
106 192.0842886
107 192.0842886
108 192.0842886
109 192.0842886
110 192.0842886
111 192.0842886
112 192.0842886
113 192.0842886
114 192.0842886
115 192.0842886
116 192.0842886
117 192.0842886
118 192.0842886
119 192.0842886
120 192.0842886
121 192.0842886
122 192.0842886
123 192.0842886
124 192.0842886
125 192.0842886
126 192.0842886
127 192.0842886
128 192.0842886
129 192.0842886
130 192.0842886
131 192.0842886
132 192.0842886
133 192.0842886
134 192.0842886
135 192.0842886
136 192.0842886
137 192.0842886
138 192.0842886
139 192.0842886
140 192.0842886
141 192.0842886
142 192.0842886
143 192.0842886
144 192.0842886
145 192.0842886
146 192.0842886
147 192.0842886
148 192.0842886
149 192.0842886
150 192.0842886
151 192.0842886
152 192.0842886
153 192.0842886
154 192.0842886
155 192.0842886
156 192.0842886
157 192.0842886
158 192.0842886
159 192.0842886
160 192.0842886
161 192.0842886
162 192.0842886
163 192.0842886
164 192.0842886
165 192.0842886
166 192.0842886
167 192.0842886
168 192.0842886
169 192.0842886
170 192.0842886
171 192.0842886
172 192.0842886
173 192.0842886
174 192.0842886
175 192.0842886
176 192.0842886
177 192.0842886
178 192.0842886
179 192.0842886
180 192.0842886
181 192.0842886
182 192.0842886
183 192.0842886
184 192.0842886
185 192.0842886
186 192.0842886
187 192.0842886
188 192.0842886
189 192.0842886
190 192.0842886
191 192.0842886
192 192.0842886
193 192.0842886
194 192.0842886
195 192.0842886
196 192.0842886
197 192.0842886
198 192.0842886
199 192.0842886
200 192.0842886
201 192.0842886
202 192.0842886
203 192.0842886
204 192.0842886
205 192.0842886
206 192.0842886
207 192.0842886
208 192.0842886
209 192.0842886
210 192.0842886
211 192.0842886
212 192.0842886
213 192.0842886
214 192.0842886
215 192.0842886
216 192.0842886
217 192.0842886
218 192.0842886
219 192.0842886
220 192.0842886
221 192.0842886
222 192.0842886
223 192.0842886
224 192.0842886
225 192.0842886
226 192.0842886
227 192.0842886
228 192.0842886
229 192.0842886
230 192.0842886
231 192.0842886
232 192.0842886
233 192.0842886
234 192.0842886
235 192.0842886
236 192.0842886
237 192.0842886
238 192.0842886
239 192.0842886
240 192.0842886
241 192.0842886
242 192.0842886
243 192.0842886
244 192.0842886
245 192.0842886
246 192.0842886
247 192.0842886
248 192.0842886
249 192.0842886
250 192.0842886
251 192.0842886
252 192.0842886
253 192.0842886
254 192.0842886
255 192.0842886
256 192.0842886
257 192.0842886
258 192.0842886
259 192.0842886
260 192.0842886
261 192.0842886
262 192.0842886
263 192.0842886
264 192.0842886
265 192.0842886
266 192.0842886
267 192.0842886
268 192.0842886
269 192.0842886
270 192.0842886
271 192.0842886
272 192.0842886
273 192.0842886
274 192.0842886
275 192.0842886
276 192.0842886
277 192.0842886
278 192.0842886
279 192.0842886
280 192.0842886
281 192.0842886
282 192.0842886
283 192.0842886
284 192.0842886
285 192.0842886
286 192.0842886
287 192.0842886
288 192.0842886
289 192.0842886
290 192.0842886
291 192.0842886
292 192.0842886
293 192.0842886
294 192.0842886
295 192.0842886
296 192.0842886
297 192.0842886
298 192.0842886
299 192.0842886
300 192.0842886
301 192.0842886
302 192.0842886
303 192.0842886
304 192.0842886
305 192.0842886
306 192.0842886
307 192.0842886
308 192.0842886
309 192.0842886
310 192.0842886
311 192.0842886
312 192.0842886
313 192.0842886
314 192.0842886
315 192.0842886
316 192.0842886
317 192.0842886
318 192.0842886
319 192.0842886
320 192.0842886
321 192.0842886
322 192.0842886
323 192.0842886
324 192.0842886
325 192.0842886
326 192.0842886
327 192.0842886
328 192.0842886
329 192.0842886
330 192.0842886
331 192.0842886
332 192.0842886
333 192.0842886
334 192.0842886
335 192.0842886
336 192.0842886
337 192.0842886
338 192.0842886
339 192.0842886
340 192.0842886
341 192.0842886
342 192.0842886
343 192.0842886
344 192.0842886
345 192.0842886
346 192.0842886
347 192.0842886
348 192.0842886
349 192.0842886
350 192.0842886
351 192.0842886
352 192.0842886
353 192.0842886
354 192.0842886
355 192.0842886
356 192.0842886
357 192.0842886
358 192.0842886
359 192.0842886
360 192.0842886
361 192.0842886
362 192.0842886
363 192.0842886
364 192.0842886
365 192.0842886
366 192.0842886
367 192.0842886
368 192.0842886
369 192.0842886
370 192.0842886
371 192.0842886
372 192.0842886
373 192.0842886
374 192.0842886
375 192.0842886
376 192.0842886
377 192.0842886
378 192.0842886
379 192.0842886
380 192.0842886
381 192.0842886
382 192.0842886
383 192.0842886
384 192.0842886
385 192.0842886
386 192.0842886
387 192.0842886
388 192.0842886
389 192.0842886
390 192.0842886
391 192.0842886
392 192.0842886
393 192.0842886
394 192.0842886
395 192.0842886
396 192.0842886
397 192.0842886
398 192.0842886
399 192.0842886
400 192.0842886
401 192.0842886
402 192.0842886
403 192.0842886
404 192.0842886
405 192.0842886
406 192.0842886
407 192.0842886
408 192.0842886
409 192.0842886
410 192.0842886
411 192.0842886
412 192.0842886
413 192.0842886
414 192.0842886
415 192.0842886
416 192.0842886
417 192.0842886
418 192.0842886
419 192.0842886
420 192.0842886
421 192.0842886
422 192.0842886
423 192.0842886
424 192.0842886
425 192.0842886
426 192.0842886
427 192.0842886
428 192.0842886
429 192.0842886
430 192.0842886
431 192.0842886
432 192.0842886
433 192.0842886
434 192.0842886
435 192.0842886
436 192.0842886
437 192.0842886
438 192.0842886
439 192.0842886
440 192.0842886
441 192.0842886
442 192.0842886
443 192.0842886
444 192.0842886
445 192.0842886
446 192.0842886
447 192.0842886
448 192.0842886
449 192.0842886
450 192.0842886
451 192.0842886
452 192.0842886
453 192.0842886
454 192.0842886
455 192.0842886
456 192.0842886
457 192.0842886
458 192.0842886
459 192.0842886
460 192.0842886
461 192.0842886
462 192.0842886
463 192.0842886
464 192.0842886
465 192.0842886
466 192.0842886
467 192.0842886
468 192.0842886
469 192.0842886
470 192.0842886
471 192.0842886
472 192.0842886
473 192.0842886
474 192.0842886
475 192.0842886
476 192.0842886
477 192.0842886
478 192.0842886
479 192.0842886
480 192.0842886
481 192.0842886
482 192.0842886
483 192.0842886
484 192.0842886
485 192.0842886
486 192.0842886
487 192.0842886
488 192.0842886
489 192.0842886
490 192.0842886
491 192.0842886
492 192.0842886
493 192.0842886
494 192.0842886
495 192.0842886
496 192.0842886
497 192.0842886
498 192.0842886
499 192.0842886
500 192.0842886
501 192.0842886
502 192.0842886
503 192.0842886
504 192.0842886
505 192.0842886
506 192.0842886
507 192.0842886
508 192.0842886
509 192.0842886
510 192.0842886
511 192.0842886
512 192.0842886
513 192.0842886
514 192.0842886
515 192.0842886
516 192.0842886
517 192.0842886
518 192.0842886
519 192.0842886
520 192.0842886
521 192.0842886
522 192.0842886
523 192.0842886
524 192.0842886
525 192.0842886
526 192.0842886
527 192.0842886
528 192.0842886
529 192.0842886
530 192.0842886
531 192.0842886
532 192.0842886
533 192.0842886
534 192.0842886
535 192.0842886
536 192.0842886
537 192.0842886
538 192.0842886
539 192.0842886
540 192.0842886
541 192.0842886
542 192.0842886
543 192.0842886
544 192.0842886
545 192.0842886
546 192.0842886
547 192.0842886
548 192.0842886
549 192.0842886
550 192.0842886
551 192.0842886
552 192.0842886
553 192.0842886
554 192.0842886
555 192.0842886
556 192.0842886
557 192.0842886
558 192.0842886
559 192.0842886
560 192.0842886
561 192.0842886
562 192.0842886
563 192.0842886
564 192.0842886
565 192.0842886
566 192.0842886
567 192.0842886
568 192.0842886
569 192.0842886
570 192.0842886
571 192.0842886
572 192.0842886
573 192.0842886
574 192.0842886
575 192.0842886
576 192.0842886
577 192.0842886
578 192.0842886
579 192.0842886
580 192.0842886
581 192.0842886
582 192.0842886
583 192.0842886
584 192.0842886
585 192.0842886
586 192.0842886
587 192.0842886
588 192.0842886
589 192.0842886
590 192.0842886
591 192.0842886
592 192.0842886
593 192.0842886
594 192.0842886
595 192.0842886
596 192.0842886
597 192.0842886
598 192.0842886
599 192.0842886
600 192.0842886
601 192.0842886
602 192.0842887
603 192.0842887
604 192.0842887
605 192.0842887
606 192.0842887
607 192.0842888
608 192.0842888
609 192.0842889
610 192.0842889
611 192.084289
612 192.0842891
613 192.0842892
614 192.0842893
615 192.0842895
616 192.0842897
617 192.0842899
618 192.0842902
619 192.0842905
620 192.0842909
621 192.0842913
622 192.0842919
623 192.0842925
624 192.0842933
625 192.0842942
626 192.0842953
627 192.0842967
628 192.0842982
629 192.0843001
630 192.0843023
631 192.0843049
632 192.084308
633 192.0843116
634 192.0843159
635 192.084321
636 192.0843269
637 192.084334
638 192.0843422
639 192.0843519
640 192.0843632
641 192.0843765
642 192.0843921
643 192.0844103
644 192.0844315
645 192.0844563
646 192.0844852
647 192.0845188
648 192.0845579
649 192.0846033
650 192.084656
651 192.0847171
652 192.0847878
653 192.0848696
654 192.0849641
655 192.0850731
656 192.0851989
657 192.0853436
658 192.0855102
659 192.0857017
660 192.0859214
661 192.0861735
662 192.0864621
663 192.0867925
664 192.0871701
665 192.0876013
666 192.088093
667 192.0886534
668 192.0892911
669 192.0900162
670 192.0908396
671 192.0917738
672 192.0928324
673 192.0940308
674 192.095386
675 192.0969167
676 192.0986439
677 192.1005907
678 192.1027825
679 192.1052476
680 192.1080169
681 192.1111248
682 192.1146087
683 192.1185099
684 192.1228735
685 192.1277491
686 192.1331908
687 192.1392576
688 192.1460139
689 192.1535298
690 192.1618815
691 192.1711516
692 192.1814299
693 192.1928134
694 192.205407
695 192.2193238
696 192.2346859
697 192.2516244
698 192.2702803
699 192.290805
700 192.3133602
701 192.3381191
702 192.3652667
703 192.3949999
704 192.4275284
705 192.4630748
706 192.5018752
707 192.5441797
708 192.5902523
709 192.6403717
710 192.6948311
711 192.753939
712 192.8180187
713 192.8874086
714 192.9624625
715 193.0435491
716 193.131052
717 193.2253696
718 193.3269145
719 193.4361129
720 193.5534044
721 193.6792413
722 193.8140871
723 193.9584163
724 194.112713
725 194.2774692
726 194.4531843
727 194.6403627
728 194.8395125
729 195.0511435
730 195.2757654
731 195.5138851
732 195.7660049
733 196.0326198
734 196.3142149
735 196.6112625
736 196.9242193
737 197.2535235
738 197.5995915
739 197.9628145
740 198.3435556
741 198.7421462
742 199.1588824
743 199.5940217
744 200.0477795
745 200.5203254
746 201.0117801
747 201.5222118
748 202.0516325
749 202.5999954
750 203.1671915
751 203.7530466
752 204.3573185
753 204.9796945
754 205.6197893
755 206.2771426
756 206.9512175
757 207.6413989
758 208.3469929
759 209.0672253
760 209.8012419
761 210.5481081
762 211.3068098
763 212.0762541
764 212.8552705
765 213.6426133
766 214.4369635
767 215.2369315
768 216.041061
769 216.8478321
770 217.6556662
771 218.4629301
772 219.2679417
773 220.0689755
774 220.8642682
775 221.6520261
776 222.430431
777 223.1976478
778 223.9518322
779 224.6911379
780 225.4137251
781 226.1177685
782 226.801466
783 227.4630464
784 228.1007788
785 228.7129809
786 229.2980273
787 229.8543582
788 230.3804876
789 230.8750118
790 231.336617
791 231.7640869
792 232.1563104
793 232.5122886
794 232.8311409
795 233.1121117
796 233.3545759
797 233.5580439
798 233.7221664
799 233.8467383
800 233.9317025
801 233.9771522
802 233.9833333
803 233.9506463
804 233.8796465
805 233.7710448
806 233.625707
807 233.4446526
808 233.2290532
809 232.9802299
810 232.6996502
811 232.3889246
812 232.0498018
813 231.6841641
814 231.2940218
815 230.881507
816 230.4488673
817 229.9984583
818 229.5327367
819 229.0542513
820 228.5656356
821 228.0695982
822 227.5689139
823 227.0664143
824 226.5649775
825 226.0675184
826 225.5769783
827 225.096314
828 224.6284871
829 224.1764532
830 223.7431508
831 223.3314895
832 222.9443396
833 222.5845199
834 222.2547868
835 221.9578224
836 221.6962238
837 221.472491
838 221.2890162
839 221.1480724
840 221.0518024
841 221.0022084
842 221.0011409
843 221.050289
844 221.1511699
845 221.3051199
846 221.5132848
847 221.7766114
848 222.0958395
849 222.4714938
850 222.9038774
851 223.3930656
852 223.9388998
853 224.5409834
854 225.1986775
855 225.9110982
856 226.6771145
857 227.4953476
858 228.3641706
859 229.2817101
860 230.2458486
861 231.254228
862 232.3042547
863 233.3931054
864 234.5177349
865 235.6748843
866 236.8610915
867 238.0727024
868 239.3058829
869 240.5566333
870 241.820803
871 243.0941063
872 244.3721402
873 245.650402
874 246.9243087
875 248.1892167
876 249.440443
877 250.6732857
878 251.8830464
879 253.0650523
880 254.2146782
881 255.3273693
882 256.3986637
883 257.4242145
884 258.3998116
885 259.3214033
886 260.1851169
887 260.9872787
888 261.7244329
889 262.3933595
890 262.9910912
891 263.5149286
892 263.9624537
893 264.331543
894 264.6203772
895 264.827451
896 264.9515794
897 264.9919034
898 264.9478931
899 264.8193491
900 264.6064017
901 264.3095088
902 263.9294511
903 263.4673261
904 262.9245394
905 262.3027956
906 261.6040862
907 260.8306764
908 259.985091
909 259.0700981
910 258.088692
911 257.0440747
912 255.9396373
913 254.7789396
914 253.5656893
915 252.3037214
916 250.9969767
917 249.6494797
918 248.2653177
919 246.848619
920 245.4035317
921 243.9342032
922 242.4447602
923 240.9392886
924 239.4218157
925 237.8962919
926 236.3665745
927 234.8364116
928 233.3094281
929 231.7891125
930 230.2788049
931 228.7816864
932 227.3007702
933 225.8388937
934 224.3987117
935 222.9826916
936 221.5931099
937 220.2320489
938 218.9013964
939 217.6028452
940 216.3378943
941 215.1078513
942 213.9138355
943 212.7567822
944 211.637448
945 210.5564164
946 209.5141043
947 208.5107696
948 207.5465187
949 206.6213146
950 205.7349856
951 204.8872343
952 204.0776462
953 203.3056992
954 202.5707729
955 201.8721574
956 201.2090631
957 200.580629
958 199.9859319
959 199.4239949
960 198.893796
961 198.3942753
962 197.9243435
963 197.4828885
964 197.0687827
965 196.6808891
966 196.3180673
967 195.9791791
968 195.663094
969 195.368693
970 195.0948735
971 194.8405527
972 194.6046714
973 194.3861962
974 194.1841226
975 193.9974771
976 193.8253185
977 193.6667402
978 193.5208703
979 193.3868731
980 193.2639496
981 193.1513372
982 193.0483105
983 192.9541805
984 192.8682945
985 192.7900357
986 192.7188222
987 192.6541061
988 192.595373
989 192.5421407
990 192.4939579
991 192.4504035
992 192.4110848
993 192.3756368
994 192.3437205
995 192.3150218
996 192.2892502
997 192.2661375
998 192.2454364
999 192.2269196
1000 192.2103781
1001 192.1956206
1002 192.1824716
1003 192.1707712
1004 192.1603732
1005 192.1511446
1006 192.1429645
1007 192.1357231
1008 192.129321
1009 192.1236682
1010 192.1186835
1011 192.1142935
1012 192.1104322
1013 192.1070403
1014 192.1040646
1015 192.1014574
1016 192.0991759
1017 192.097182
1018 192.0954417
1019 192.0939246
1020 192.0926039
1021 192.0914555
1022 192.0904583
1023 192.0895934
