0 192.9011868
1 192.9011868
2 192.9011868
3 192.9011868
4 192.9011868
5 192.9011868
6 192.9011868
7 192.9011868
8 192.9011868
9 192.9011868
10 192.9011868
11 192.9011868
12 192.9011868
13 192.9011868
14 192.9011868
15 192.9011868
16 192.9011868
17 192.9011868
18 192.9011868
19 192.9011868
20 192.9011868
21 192.9011868
22 192.9011868
23 192.9011868
24 192.9011868
25 192.9011868
26 192.9011868
27 192.9011868
28 192.9011868
29 192.9011868
30 192.9011868
31 192.9011868
32 192.9011868
33 192.9011868
34 192.9011868
35 192.9011868
36 192.9011868
37 192.9011868
38 192.9011868
39 192.9011868
40 192.9011868
41 192.9011868
42 192.9011868
43 192.9011868
44 192.9011868
45 192.9011868
46 192.9011868
47 192.9011868
48 192.9011868
49 192.9011868
50 192.9011868
51 192.9011868
52 192.9011868
53 192.9011868
54 192.9011868
55 192.9011868
56 192.9011868
57 192.9011868
58 192.9011868
59 192.9011868
60 192.9011868
61 192.9011868
62 192.9011868
63 192.9011868
64 192.9011868
65 192.9011868
66 192.9011868
67 192.9011868
68 192.9011868
69 192.9011868
70 192.9011868
71 192.9011868
72 192.9011868
73 192.9011868
74 192.9011868
75 192.9011868
76 192.9011868
77 192.9011868
78 192.9011868
79 192.9011868
80 192.9011868
81 192.9011868
82 192.9011868
83 192.9011868
84 192.9011868
85 192.9011868
86 192.9011868
87 192.9011868
88 192.9011868
89 192.9011868
90 192.9011868
91 192.9011868
92 192.9011868
93 192.9011868
94 192.9011868
95 192.9011868
96 192.9011868
97 192.9011868
98 192.9011868
99 192.9011868
100 192.9011868
101 192.9011868
102 192.9011868
103 192.9011868
104 192.9011868
105 192.9011868
106 192.9011868
107 192.9011868
108 192.9011868
109 192.9011868
110 192.9011868
111 192.9011868
112 192.9011868
113 192.9011868
114 192.9011868
115 192.9011868
116 192.9011868
117 192.9011868
118 192.9011868
119 192.9011868
120 192.9011868
121 192.9011868
122 192.9011868
123 192.9011868
124 192.9011868
125 192.9011868
126 192.9011868
127 192.9011868
128 192.9011868
129 192.9011868
130 192.9011868
131 192.9011868
132 192.9011868
133 192.9011868
134 192.9011868
135 192.9011868
136 192.9011868
137 192.9011868
138 192.9011868
139 192.9011868
140 192.9011868
141 192.9011868
142 192.9011868
143 192.9011868
144 192.9011868
145 192.9011868
146 192.9011868
147 192.9011868
148 192.9011868
149 192.9011868
150 192.9011868
151 192.9011868
152 192.9011868
153 192.9011868
154 192.9011868
155 192.9011868
156 192.9011868
157 192.9011868
158 192.9011868
159 192.9011868
160 192.9011868
161 192.9011868
162 192.9011868
163 192.9011868
164 192.9011868
165 192.9011868
166 192.9011868
167 192.9011868
168 192.9011868
169 192.9011868
170 192.9011868
171 192.9011868
172 192.9011868
173 192.9011868
174 192.9011868
175 192.9011868
176 192.9011868
177 192.9011868
178 192.9011868
179 192.9011868
180 192.9011868
181 192.9011868
182 192.9011868
183 192.9011868
184 192.9011868
185 192.9011868
186 192.9011868
187 192.9011868
188 192.9011868
189 192.9011868
190 192.9011868
191 192.9011868
192 192.9011868
193 192.9011868
194 192.9011868
195 192.9011868
196 192.9011868
197 192.9011868
198 192.9011868
199 192.9011868
200 192.9011868
201 192.9011868
202 192.9011868
203 192.9011868
204 192.9011868
205 192.9011868
206 192.9011868
207 192.9011868
208 192.9011868
209 192.9011868
210 192.9011868
211 192.9011868
212 192.9011868
213 192.9011868
214 192.9011868
215 192.9011868
216 192.9011868
217 192.9011868
218 192.9011868
219 192.9011868
220 192.9011868
221 192.9011868
222 192.9011868
223 192.9011868
224 192.9011868
225 192.9011868
226 192.9011868
227 192.9011868
228 192.9011868
229 192.9011868
230 192.9011868
231 192.9011868
232 192.9011868
233 192.9011868
234 192.9011868
235 192.9011868
236 192.9011868
237 192.9011868
238 192.9011868
239 192.9011868
240 192.9011868
241 192.9011868
242 192.9011868
243 192.9011868
244 192.9011868
245 192.9011868
246 192.9011868
247 192.9011868
248 192.9011868
249 192.9011868
250 192.9011868
251 192.9011868
252 192.9011868
253 192.9011868
254 192.9011868
255 192.9011868
256 192.9011868
257 192.9011868
258 192.9011868
259 192.9011868
260 192.9011868
261 192.9011868
262 192.9011868
263 192.9011868
264 192.9011868
265 192.9011868
266 192.9011868
267 192.9011868
268 192.9011868
269 192.9011868
270 192.9011868
271 192.9011868
272 192.9011868
273 192.9011868
274 192.9011868
275 192.9011868
276 192.9011868
277 192.9011868
278 192.9011868
279 192.9011868
280 192.9011868
281 192.9011868
282 192.9011868
283 192.9011868
284 192.9011868
285 192.9011868
286 192.9011868
287 192.9011868
288 192.9011868
289 192.9011868
290 192.9011868
291 192.9011868
292 192.9011868
293 192.9011868
294 192.9011868
295 192.9011868
296 192.9011868
297 192.9011868
298 192.9011868
299 192.9011868
300 192.9011868
301 192.9011868
302 192.9011868
303 192.9011868
304 192.9011868
305 192.9011868
306 192.9011868
307 192.9011868
308 192.9011868
309 192.9011868
310 192.9011868
311 192.9011868
312 192.9011868
313 192.9011868
314 192.9011868
315 192.9011868
316 192.9011868
317 192.9011868
318 192.9011868
319 192.9011868
320 192.9011868
321 192.9011868
322 192.9011868
323 192.9011868
324 192.9011868
325 192.9011868
326 192.9011868
327 192.9011868
328 192.9011868
329 192.9011868
330 192.9011868
331 192.9011868
332 192.9011868
333 192.9011868
334 192.9011868
335 192.9011868
336 192.9011868
337 192.9011868
338 192.9011868
339 192.9011868
340 192.9011868
341 192.9011868
342 192.9011868
343 192.9011868
344 192.9011868
345 192.9011868
346 192.9011869
347 192.9011869
348 192.9011869
349 192.9011869
350 192.9011869
351 192.9011869
352 192.901187
353 192.901187
354 192.901187
355 192.9011871
356 192.9011871
357 192.9011872
358 192.9011873
359 192.9011874
360 192.9011875
361 192.9011877
362 192.9011878
363 192.9011881
364 192.9011883
365 192.9011886
366 192.901189
367 192.9011894
368 192.90119
369 192.9011906
370 192.9011913
371 192.9011922
372 192.9011933
373 192.9011946
374 192.9011961
375 192.9011979
376 192.9012
377 192.9012025
378 192.9012055
379 192.901209
380 192.9012132
381 192.9012181
382 192.9012238
383 192.9012306
384 192.9012386
385 192.9012479
386 192.9012589
387 192.9012718
388 192.9012869
389 192.9013045
390 192.901325
391 192.901349
392 192.901377
393 192.9014096
394 192.9014474
395 192.9014914
396 192.9015425
397 192.9016017
398 192.9016703
399 192.9017496
400 192.9018413
401 192.9019471
402 192.9020691
403 192.9022097
404 192.9023714
405 192.9025574
406 192.9027708
407 192.9030157
408 192.9032962
409 192.9036173
410 192.9039845
411 192.9044037
412 192.9048821
413 192.9054272
414 192.9060478
415 192.9067535
416 192.9075551
417 192.9084647
418 192.9094958
419 192.9106632
420 192.9119836
421 192.9134754
422 192.9151591
423 192.9170572
424 192.9191947
425 192.9215992
426 192.9243011
427 192.927334
428 192.9307346
429 192.9345433
430 192.9388044
431 192.9435666
432 192.9488828
433 192.954811
434 192.9614145
435 192.968762
436 192.9769284
437 192.985995
438 192.9960498
439 193.0071882
440 193.0195135
441 193.0331369
442 193.0481784
443 193.0647672
444 193.0830421
445 193.1031521
446 193.1252566
447 193.1495264
448 193.1761436
449 193.2053026
450 193.2372102
451 193.272086
452 193.3101632
453 193.3516886
454 193.3969233
455 193.4461424
456 193.499636
457 193.557709
458 193.6206813
459 193.6888881
460 193.7626794
461 193.8424206
462 193.9284918
463 194.0212881
464 194.1212185
465 194.2287062
466 194.3441877
467 194.4681121
468 194.6009402
469 194.7431439
470 194.8952048
471 195.0576129
472 195.2308656
473 195.4154658
474 195.6119204
475 195.8207385
476 196.0424294
477 196.2775
478 196.5264534
479 196.7897855
480 197.0679831
481 197.3615208
482 197.6708582
483 197.9964369
484 198.3386774
485 198.697976
486 199.0747013
487 199.4691908
488 199.8817479
489 200.3126378
490 200.7620845
491 201.2302669
492 201.7173157
493 202.2233099
494 202.7482732
495 203.292171
496 203.8549072
497 204.4363212
498 205.0361851
499 205.654201
500 206.289999
501 206.9431345
502 207.6130869
503 208.2992578
504 209.0009701
505 209.7174668
506 210.4479107
507 211.1913849
508 211.9468922
509 212.7133569
510 213.4896254
511 214.2744686
512 215.0665836
513 215.8645964
514 216.6670656
515 217.4724857
516 218.2792914
517 219.0858621
518 219.8905271
519 220.691571
520 221.4872401
521 222.2757481
522 223.0552833
523 223.8240158
524 224.5801045
525 225.321705
526 226.0469779
527 226.7540963
528 227.4412547
529 228.1066772
530 228.748626
531 229.3654104
532 229.9553944
533 230.5170063
534 231.0487462
535 231.5491948
536 232.0170208
537 232.4509892
538 232.8499684
539 233.2129372
540 233.5389918
541 233.8273516
542 234.0773654
543 234.2885164
544 234.460427
545 234.5928629
546 234.6857368
547 234.7391112
548 234.7532008
549 234.7283741
550 234.6651545
551 234.5642207
552 234.426406
553 234.2526979
554 234.044236
555 233.8023099
556 233.528356
557 233.2239543
558 232.890824
559 232.5308184
560 232.1459202
561 231.7382349
562 231.3099845
563 230.8635008
564 230.4012176
565 229.925663
566 229.4394508
567 228.9452721
568 228.4458858
569 227.9441094
570 227.4428091
571 226.9448899
572 226.453285
573 225.9709455
574 225.5008296
575 225.0458914
576 224.6090703
577 224.1932795
578 223.8013945
579 223.4362424
580 223.1005897
581 222.7971316
582 222.52848
583 222.2971527
584 222.1055617
585 221.9560025
586 221.8506425
587 221.7915108
588 221.7804874
589 221.8192927
590 221.9094779
591 222.052415
592 222.2492877
593 222.5010827
594 222.8085812
595 223.1723516
596 223.592742
597 224.0698741
598 224.6036372
599 225.1936836
600 225.8394245
601 226.5400267
602 227.2944108
603 228.1012495
604 228.958968
605 229.8657449
606 230.8195143
607 231.817969
608 232.8585658
609 233.9385304
610 235.0548655
611 236.2043585
612 237.3835916
613 238.5889527
614 239.8166475
615 241.0627135
616 242.323034
617 243.5933545
618 244.8692992
619 246.1463895
620 247.4200622
621 248.68569
622 249.9386014
623 251.1741023
624 252.3874971
625 253.5741116
626 254.7293144
627 255.8485402
628 256.9273116
629 257.9612617
630 258.946156
631 259.8779137
632 260.7526288
633 261.5665901
634 262.3163002
635 262.9984939
636 263.610155
637 264.1485317
638 264.611151
639 264.9958314
640 265.3006933
641 265.5241692
642 265.6650101
643 265.7222918
644 265.6954182
645 265.5841232
646 265.3884706
647 265.1088517
648 264.7459814
649 264.3008924
650 263.7749273
651 263.1697289
652 262.4872294
653 261.7296372
654 260.8994228
655 259.9993033
656 259.032225
657 258.0013458
658 256.9100162
659 255.7617593
660 254.5602503
661 253.3092957
662 252.0128119
663 250.6748037
664 249.2993425
665 247.8905453
666 246.452553
667 244.98951
668 243.5055438
669 242.0047455
670 240.4911509
671 238.9687228
672 237.441334
673 235.9127516
674 234.3866223
675 232.8664591
676 231.355629
677 229.8573425
678 228.3746439
679 226.9104033
680 225.4673098
681 224.0478663
682 222.6543853
683 221.2889863
684 219.9535942
685 218.6499391
686 217.3795574
687 216.1437936
688 214.9438036
689 213.7805583
690 212.6548492
691 211.5672936
692 210.518341
693 209.5082806
694 208.5372486
695 207.6052365
696 206.7120993
697 205.8575646
698 205.0412413
699 204.2626291
700 203.5211273
701 202.8160443
702 202.1466066
703 201.5119682
704 200.9112187
705 200.3433926
706 199.8074775
707 199.3024218
708 198.8271428
709 198.3805339
710 197.9614712
711 197.5688205
712 197.2014429
713 196.858201
714 196.5379632
715 196.2396094
716 195.9620346
717 195.7041531
718 195.4649017
719 195.2432428
720 195.0381672
721 194.8486959
722 194.6738824
723 194.5128138
724 194.3646122
725 194.2284357
726 194.1034784
727 193.9889716
728 193.884183
729 193.7884172
730 193.7010149
731 193.6213528
732 193.5488426
733 193.4829304
734 193.4230957
735 193.3688502
736 193.3197373
737 193.2753301
738 193.2352309
739 193.1990695
740 193.1665022
741 193.1372104
742 193.1108991
743 193.0872962
744 193.0661504
745 193.0472309
746 193.0303252
747 193.0152386
748 193.0017931
749 192.9898255
750 192.9791873
751 192.9697431
752 192.9613697
753 192.9539552
754 192.9473984
755 192.9416075
756 192.9364996
757 192.9319999
758 192.9280412
759 192.9245628
760 192.9215105
761 192.9188353
762 192.9164938
763 192.914447
764 192.91266
765 192.9111018
766 192.9097449
767 192.9085648
768 192.9075398
769 192.9066505
770 192.9058801
771 192.9052134
772 192.9046373
773 192.90414
774 192.9037114
775 192.9033423
776 192.903025
777 192.9027525
778 192.9025188
779 192.9023186
780 192.9021474
781 192.902001
782 192.9018762
783 192.9017697
784 192.9016791
785 192.9016021
786 192.9015367
787 192.9014813
788 192.9014343
789 192.9013946
790 192.901361
791 192.9013327
792 192.9013089
793 192.9012888
794 192.9012719
795 192.9012577
796 192.9012458
797 192.9012359
798 192.9012276
799 192.9012206
800 192.9012148
801 192.90121
802 192.901206
803 192.9012026
804 192.9011998
805 192.9011975
806 192.9011956
807 192.9011941
808 192.9011928
809 192.9011917
810 192.9011908
811 192.9011901
812 192.9011895
813 192.901189
814 192.9011886
815 192.9011883
816 192.901188
817 192.9011878
818 192.9011876
819 192.9011874
820 192.9011873
821 192.9011872
822 192.9011871
823 192.9011871
824 192.901187
825 192.901187
826 192.9011869
827 192.9011869
828 192.9011869
829 192.9011869
830 192.9011869
831 192.9011869
832 192.9011868
833 192.9011868
834 192.9011868
835 192.9011868
836 192.9011868
837 192.9011868
838 192.9011868
839 192.9011868
840 192.9011868
841 192.9011868
842 192.9011868
843 192.9011868
844 192.9011868
845 192.9011868
846 192.9011868
847 192.9011868
848 192.9011868
849 192.9011868
850 192.9011868
851 192.9011868
852 192.9011868
853 192.9011868
854 192.9011868
855 192.9011868
856 192.9011868
857 192.9011868
858 192.9011868
859 192.9011868
860 192.9011868
861 192.9011868
862 192.9011868
863 192.9011868
864 192.9011868
865 192.9011868
866 192.9011868
867 192.9011868
868 192.9011868
869 192.9011868
870 192.9011868
871 192.9011868
872 192.9011868
873 192.9011868
874 192.9011868
875 192.9011868
876 192.9011868
877 192.9011868
878 192.9011868
879 192.9011868
880 192.9011868
881 192.9011868
882 192.9011868
883 192.9011868
884 192.9011868
885 192.9011868
886 192.9011868
887 192.9011868
888 192.9011868
889 192.9011868
890 192.9011868
891 192.9011868
892 192.9011868
893 192.9011868
894 192.9011868
895 192.9011868
896 192.9011868
897 192.9011868
898 192.9011868
899 192.9011868
900 192.9011868
901 192.9011868
902 192.9011868
903 192.9011868
904 192.9011868
905 192.9011868
906 192.9011868
907 192.9011868
908 192.9011868
909 192.9011868
910 192.9011868
911 192.9011868
912 192.9011868
913 192.9011868
914 192.9011868
915 192.9011868
916 192.9011868
917 192.9011868
918 192.9011868
919 192.9011868
920 192.9011868
921 192.9011868
922 192.9011868
923 192.9011868
924 192.9011868
925 192.9011868
926 192.9011868
927 192.9011868
928 192.9011868
929 192.9011868
930 192.9011868
931 192.9011868
932 192.9011868
933 192.9011868
934 192.9011868
935 192.9011868
936 192.9011868
937 192.9011868
938 192.9011868
939 192.9011868
940 192.9011868
941 192.9011868
942 192.9011868
943 192.9011868
944 192.9011868
945 192.9011868
946 192.9011868
947 192.9011868
948 192.9011868
949 192.9011868
950 192.9011868
951 192.9011868
952 192.9011868
953 192.9011868
954 192.9011868
955 192.9011868
956 192.9011868
957 192.9011868
958 192.9011868
959 192.9011868
960 192.9011868
961 192.9011868
962 192.9011868
963 192.9011868
964 192.9011868
965 192.9011868
966 192.9011868
967 192.9011868
968 192.9011868
969 192.9011868
970 192.9011868
971 192.9011868
972 192.9011868
973 192.9011868
974 192.9011868
975 192.9011868
976 192.9011868
977 192.9011868
978 192.9011868
979 192.9011868
980 192.9011868
981 192.9011868
982 192.9011868
983 192.9011868
984 192.9011868
985 192.9011868
986 192.9011868
987 192.9011868
988 192.9011868
989 192.9011868
990 192.9011868
991 192.9011868
992 192.9011868
993 192.9011868
994 192.9011868
995 192.9011868
996 192.9011868
997 192.9011868
998 192.9011868
999 192.9011868
1000 192.9011868
1001 192.9011868
1002 192.9011868
1003 192.9011868
1004 192.9011868
1005 192.9011868
1006 192.9011868
1007 192.9011868
1008 192.9011868
1009 192.9011868
1010 192.9011868
1011 192.9011868
1012 192.9011868
1013 192.9011868
1014 192.9011868
1015 192.9011868
1016 192.9011868
1017 192.9011868
1018 192.9011868
1019 192.9011868
1020 192.9011868
1021 192.9011868
1022 192.9011868
1023 192.9011868
