#53453 2910.0029491198051446 0.0045697659368490010923 1 1397 16.000049430220818044 1024 7 1 J1713+0747 0.0000000 
0 0.2318446934
1 0.2318446934
2 0.2318446934
3 0.2318446934
4 0.2318446934
5 0.2318446934
6 0.2318446934
7 0.2318446934
8 0.2318446934
9 0.2318446934
10 0.2318446934
11 0.2318446934
12 0.2318446934
13 0.2318446934
14 0.2318446934
15 0.2318446934
16 0.2318446934
17 0.2318446934
18 0.2318446934
19 0.2318446934
20 0.2318446934
21 0.2318446934
22 0.2318446934
23 0.2318446934
24 0.2318446934
25 0.2318446934
26 0.2318446934
27 0.2318446934
28 0.2318446934
29 0.2318446934
30 0.2318446934
31 0.2318446934
32 0.2318446934
33 0.2318446934
34 0.2318446934
35 0.2318446934
36 0.2318446934
37 0.2318446934
38 0.2318446934
39 0.2318446934
40 0.2318446934
41 0.2318446934
42 0.2318446934
43 0.2318446934
44 0.2318446934
45 0.2318446934
46 0.2318446934
47 0.2318446934
48 0.2318446934
49 0.2318446934
50 0.2318446934
51 0.2318446934
52 0.2318446934
53 0.2318446934
54 0.2318446934
55 0.2318446934
56 0.2318446934
57 0.2318446934
58 0.2318446934
59 0.2318446934
60 0.2318446934
61 0.2318446934
62 0.2318446934
63 0.2318446934
64 0.2318446934
65 0.2318446934
66 0.2318446934
67 0.2318446934
68 0.2318446934
69 0.2318446934
70 0.2318446934
71 0.2318446934
72 0.2318446934
73 0.2318446934
74 0.2318446934
75 0.2318446934
76 0.2318446934
77 0.2318446934
78 0.2318446934
79 0.2318446934
80 0.2318446934
81 0.2318446934
82 0.2318446934
83 0.2318446934
84 0.2318446934
85 0.2318446934
86 0.2318446934
87 0.2318446934
88 0.2318446934
89 0.2318446934
90 0.2318446934
91 0.2318446934
92 0.2318446934
93 0.2318446934
94 0.2318446934
95 0.2318446935
96 0.2318446935
97 0.2318446935
98 0.2318446935
99 0.2318446935
100 0.2318446935
101 0.2318446935
102 0.2318446935
103 0.2318446935
104 0.2318446935
105 0.2318446935
106 0.2318446935
107 0.2318446935
108 0.2318446935
109 0.2318446935
110 0.2318446936
111 0.2318446936
112 0.2318446936
113 0.2318446937
114 0.2318446937
115 0.2318446938
116 0.2318446939
117 0.231844694
118 0.2318446941
119 0.2318446943
120 0.2318446945
121 0.2318446947
122 0.231844695
123 0.2318446954
124 0.2318446959
125 0.2318446965
126 0.2318446973
127 0.2318446982
128 0.2318446994
129 0.2318447008
130 0.2318447026
131 0.2318447047
132 0.2318447074
133 0.2318447107
134 0.2318447147
135 0.2318447196
136 0.2318447257
137 0.2318447331
138 0.2318447422
139 0.2318447533
140 0.2318447668
141 0.2318447833
142 0.2318448034
143 0.2318448278
144 0.2318448576
145 0.2318448937
146 0.2318449374
147 0.2318449905
148 0.2318450547
149 0.2318451323
150 0.2318452261
151 0.2318453393
152 0.2318454758
153 0.23184564
154 0.2318458376
155 0.2318460751
156 0.2318463601
157 0.2318467018
158 0.2318471111
159 0.2318476009
160 0.2318481864
161 0.2318488854
162 0.2318497192
163 0.2318507127
164 0.2318518953
165 0.2318533013
166 0.2318549713
167 0.2318569528
168 0.2318593014
169 0.2318620821
170 0.2318653709
171 0.2318692567
172 0.2318738429
173 0.23187925
174 0.2318856183
175 0.2318931106
176 0.231901916
177 0.2319122537
178 0.2319243775
179 0.2319385809
180 0.2319552029
181 0.2319746348
182 0.2319973274
183 0.2320237998
184 0.2320546487
185 0.2320905595
186 0.2321323181
187 0.2321808254
188 0.2322371118
189 0.2323023555
190 0.2323779011
191 0.232465282
192 0.2325662446
193 0.2326827754
194 0.2328171311
195 0.2329718728
196 0.2331499029
197 0.2333545071
198 0.2335894002
199 0.2338587771
200 0.2341673688
201 0.2345205046
202 0.2349241804
203 0.2353851335
204 0.2359109245
205 0.2365100284
206 0.2371919319
207 0.2379672418
208 0.238847802
209 0.2398468204
210 0.2409790082
211 0.2422607292
212 0.2437101623
213 0.2453474768
214 0.247195021
215 0.2492775255
216 0.2516223213
217 0.2542595729
218 0.2572225284
219 0.2605477853
220 0.2642755745
221 0.2684500605
222 0.2731196608
223 0.2783373823
224 0.2841611766
225 0.2906543135
226 0.2978857721
227 0.3059306505
228 0.3148705923
229 0.3247942302
230 0.3357976454
231 0.3479848418
232 0.3614682339
233 0.3763691468
234 0.392818326
235 0.4109564557
236 0.4309346824
237 0.4529151413
238 0.4770714832
239 0.5035893968
240 0.5326671242
241 0.5645159646
242 0.5993607623
243 0.6374403732
244 0.679008106
245 0.7243321306
246 0.7736958501
247 0.827398228
248 0.8857540652
249 0.9490942204
250 1.017765765
251 1.092132068
252 1.172572799
253 1.259483849
254 1.353277151
255 1.454380406
256 1.563236688
257 1.680303948
258 1.806054376
259 1.940973645
260 2.085560008
261 2.240323255
262 2.405783521
263 2.58246993
264 2.770919092
265 2.971673428
266 3.18527933
267 3.412285157
268 3.653239062
269 3.908686648
270 4.179168468
271 4.465217352
272 4.76735559
273 5.086091953
274 5.421918577
275 5.775307721
276 6.146708391
277 6.536542866
278 6.945203126
279 7.373047206
280 7.820395488
281 8.287526954
282 8.774675427
283 9.282025805
284 9.809710339
285 10.35780495
286 10.92632565
287 11.51522502
288 12.12438892
289 12.75363323
290 13.40270095
291 14.07125935
292 14.75889753
293 15.46512415
294 16.18936555
295 16.93096416
296 17.68917729
297 18.46317634
298 19.25204639
299 20.05478626
300 20.87030899
301 21.69744286
302 22.5349328
303 23.38144244
304 24.23555654
305 25.09578403
306 25.96056154
307 26.82825739
308 27.69717625
309 28.56556411
310 29.4316139
311 30.29347151
312 31.14924228
313 31.99699792
314 32.83478387
315 33.66062698
316 34.47254354
317 35.26854767
318 36.0466599
319 36.80491599
320 37.54137597
321 38.2541332
322 38.94132362
323 39.60113494
324 40.23181585
325 40.83168515
326 41.39914068
327 41.93266816
328 42.43084974
329 42.89237226
330 43.31603519
331 43.70075819
332 44.04558818
333 44.34970604
334 44.61243272
335 44.8332348
336 45.0117295
337 45.14768905
338 45.24104443
339 45.29188844
340 45.30047809
341 45.26723625
342 45.19275271
343 45.07778435
344 44.92325474
345 44.73025294
346 44.50003164
347 44.23400452
348 43.93374298
349 43.6009722
350 43.23756645
351 42.84554388
352 42.42706056
353 41.98440405
354 41.51998629
355 41.03633602
356 40.53609065
357 40.02198766
358 39.49685554
359 38.96360429
360 38.42521558
361 37.88473243
362 37.3452487
363 36.8098982
364 36.28184347
365 35.76426448
366 35.26034693
367 34.7732705
368 34.3061969
369 33.86225776
370 33.44454247
371 33.05608595
372 32.69985636
373 32.37874279
374 32.09554307
375 31.85295147
376 31.65354668
377 31.4997798
378 31.39396252
379 31.33825556
380 31.33465727
381 31.38499262
382 31.49090248
383 31.65383332
384 31.87502729
385 32.15551293
386 32.49609628
387 32.89735274
388 33.35961953
389 33.88298889
390 34.46730212
391 35.11214443
392 35.81684077
393 36.5804526
394 37.40177571
395 38.27933917
396 39.21140545
397 40.19597165
398 41.23077214
399 42.31328233
400 43.44072393
401 44.61007141
402 45.81805996
403 47.06119475
404 48.33576165
405 49.63783923
406 50.96331222
407 52.30788624
408 53.66710377
409 55.03636148
410 56.41092859
411 57.78596639
412 59.15654876
413 60.51768354
414 61.86433476
415 63.19144553
416 64.49396137
417 65.76685412
418 67.00514597
419 68.20393365
420 69.35841259
421 70.46390085
422 71.51586265
423 72.50993148
424 73.44193236
425 74.30790338
426 75.10411613
427 75.82709505
428 76.47363543
429 77.04081994
430 77.52603365
431 77.92697735
432 78.24167904
433 78.46850361
434 78.60616051
435 78.65370946
436 78.61056408
437 78.47649343
438 78.2516215
439 77.93642455
440 77.53172647
441 77.03869209
442 76.45881848
443 75.79392441
444 75.04613803
445 74.21788281
446 73.31186188
447 72.33104098
448 71.27863003
449 70.15806354
450 68.97298004
451 67.72720059
452 66.42470667
453 65.06961749
454 63.66616698
455 62.21868059
456 60.73155205
457 59.20922034
458 57.65614689
459 56.07679333
460 54.47559975
461 52.85696381
462 51.2252206
463 49.58462363
464 47.93932678
465 46.29336753
466 44.65065138
467 43.01493767
468 41.38982674
469 39.77874853
470 38.18495262
471 36.61149978
472 35.06125491
473 33.53688151
474 32.04083757
475 30.57537282
476 29.14252738
477 27.74413171
478 26.3818078
479 25.05697154
480 23.77083619
481 22.52441688
482 21.31853605
483 20.15382973
484 19.03075461
485 17.94959574
486 16.91047485
487 15.91335913
488 14.9580704
489 14.04429466
490 13.17159175
491 12.33940524
492 11.54707236
493 10.79383392
494 10.0788441
495 9.401180234
496 8.75985221
497 8.153811771
498 7.581961424
499 7.043163049
500 6.536246107
501 6.060015452
502 5.613258708
503 5.194753189
504 4.803272356
505 4.437591802
506 4.096494748
507 3.778777067
508 3.483251826
509 3.208753359
510 2.954140881
511 2.718301656
512 2.500153734
513 2.298648274
514 2.112771473
515 1.941546128
516 1.784032843
517 1.639330911
518 1.506578893
519 1.384954917
520 1.273676724
521 1.17200148
522 1.079225381
523 0.9946830725
524 0.9177469044
525 0.8478260473
526 0.7843654831
527 0.7268448953
528 0.6747774735
529 0.6277086509
530 0.58521479
531 0.5469018299
532 0.5124039103
533 0.4813819824
534 0.4535224189
535 0.4285356322
536 0.4061547091
537 0.3861340694
538 0.3682481559
539 0.3522901601
540 0.3380707879
541 0.3254170703
542 0.3141712213
543 0.3041895449
544 0.2953413927
545 0.2875081744
546 0.2805824197
547 0.274466893
548 0.2690737596
549 0.2643238033
550 0.2601456937
551 0.256475302
552 0.2532550643
553 0.2504333896
554 0.2479641114
555 0.2458059811
556 0.2439222001
557 0.2422799898
558 0.2408501965
559 0.2396069297
560 0.2385272314
561 0.2375907738
562 0.2367795854
563 0.2360778009
564 0.2354714351
565 0.2349481784
566 0.2344972116
567 0.2341090393
568 0.2337753404
569 0.2334888329
570 0.2332431537
571 0.2330327505
572 0.2328527854
573 0.2326990491
574 0.2325678843
575 0.232456118
576 0.232361001
577 0.232280155
578 0.2322115251
579 0.2321533386
580 0.2321040683
581 0.2320624002
582 0.2320272056
583 0.2319975159
584 0.2319725015
585 0.2319514526
586 0.2319337627
587 0.2319189143
588 0.2319064666
589 0.2318960445
590 0.2318873293
591 0.2318800505
592 0.2318739789
593 0.2318689207
594 0.231864712
595 0.2318612144
596 0.2318583115
597 0.2318559051
598 0.2318539128
599 0.2318522654
600 0.2318509049
601 0.2318497826
602 0.2318488581
603 0.2318480975
604 0.2318474724
605 0.2318469593
606 0.2318465388
607 0.2318461945
608 0.2318459129
609 0.231845683
610 0.2318454954
611 0.2318453427
612 0.2318452184
613 0.2318451173
614 0.2318450353
615 0.2318449689
616 0.2318449151
617 0.2318448715
618 0.2318448364
619 0.2318448081
620 0.2318447852
621 0.2318447668
622 0.2318447521
623 0.2318447402
624 0.2318447307
625 0.2318447231
626 0.231844717
627 0.2318447122
628 0.2318447083
629 0.2318447052
630 0.2318447028
631 0.2318447008
632 0.2318446993
633 0.231844698
634 0.2318446971
635 0.2318446963
636 0.2318446957
637 0.2318446952
638 0.2318446948
639 0.2318446945
640 0.2318446943
641 0.2318446941
642 0.231844694
643 0.2318446938
644 0.2318446938
645 0.2318446937
646 0.2318446936
647 0.2318446936
648 0.2318446936
649 0.2318446935
650 0.2318446935
651 0.2318446935
652 0.2318446935
653 0.2318446935
654 0.2318446935
655 0.2318446935
656 0.2318446935
657 0.2318446935
658 0.2318446935
659 0.2318446935
660 0.2318446935
661 0.2318446935
662 0.2318446935
663 0.2318446934
664 0.2318446934
665 0.2318446934
666 0.2318446934
667 0.2318446934
668 0.2318446934
669 0.2318446934
670 0.2318446934
671 0.2318446934
672 0.2318446934
673 0.2318446934
674 0.2318446934
675 0.2318446934
676 0.2318446934
677 0.2318446934
678 0.2318446934
679 0.2318446934
680 0.2318446934
681 0.2318446934
682 0.2318446934
683 0.2318446934
684 0.2318446934
685 0.2318446934
686 0.2318446934
687 0.2318446934
688 0.2318446934
689 0.2318446934
690 0.2318446934
691 0.2318446934
692 0.2318446934
693 0.2318446934
694 0.2318446934
695 0.2318446934
696 0.2318446934
697 0.2318446934
698 0.2318446934
699 0.2318446934
700 0.2318446934
701 0.2318446934
702 0.2318446934
703 0.2318446934
704 0.2318446934
705 0.2318446934
706 0.2318446934
707 0.2318446934
708 0.2318446934
709 0.2318446934
710 0.2318446934
711 0.2318446934
712 0.2318446934
713 0.2318446934
714 0.2318446934
715 0.2318446934
716 0.2318446934
717 0.2318446934
718 0.2318446934
719 0.2318446934
720 0.2318446934
721 0.2318446934
722 0.2318446934
723 0.2318446934
724 0.2318446934
725 0.2318446934
726 0.2318446934
727 0.2318446934
728 0.2318446934
729 0.2318446934
730 0.2318446934
731 0.2318446934
732 0.2318446934
733 0.2318446934
734 0.2318446934
735 0.2318446934
736 0.2318446934
737 0.2318446934
738 0.2318446934
739 0.2318446934
740 0.2318446934
741 0.2318446934
742 0.2318446934
743 0.2318446934
744 0.2318446934
745 0.2318446934
746 0.2318446934
747 0.2318446934
748 0.2318446934
749 0.2318446934
750 0.2318446934
751 0.2318446934
752 0.2318446934
753 0.2318446934
754 0.2318446934
755 0.2318446934
756 0.2318446934
757 0.2318446934
758 0.2318446934
759 0.2318446934
760 0.2318446934
761 0.2318446934
762 0.2318446934
763 0.2318446934
764 0.2318446934
765 0.2318446934
766 0.2318446934
767 0.2318446934
768 0.2318446934
769 0.2318446934
770 0.2318446934
771 0.2318446934
772 0.2318446934
773 0.2318446934
774 0.2318446934
775 0.2318446934
776 0.2318446934
777 0.2318446934
778 0.2318446934
779 0.2318446934
780 0.2318446934
781 0.2318446934
782 0.2318446934
783 0.2318446934
784 0.2318446934
785 0.2318446934
786 0.2318446934
787 0.2318446934
788 0.2318446934
789 0.2318446934
790 0.2318446934
791 0.2318446934
792 0.2318446934
793 0.2318446934
794 0.2318446934
795 0.2318446934
796 0.2318446934
797 0.2318446934
798 0.2318446934
799 0.2318446934
800 0.2318446934
801 0.2318446934
802 0.2318446934
803 0.2318446934
804 0.2318446934
805 0.2318446934
806 0.2318446934
807 0.2318446934
808 0.2318446934
809 0.2318446934
810 0.2318446934
811 0.2318446934
812 0.2318446934
813 0.2318446934
814 0.2318446934
815 0.2318446934
816 0.2318446934
817 0.2318446934
818 0.2318446934
819 0.2318446934
820 0.2318446934
821 0.2318446934
822 0.2318446934
823 0.2318446934
824 0.2318446934
825 0.2318446934
826 0.2318446934
827 0.2318446934
828 0.2318446934
829 0.2318446934
830 0.2318446934
831 0.2318446934
832 0.2318446934
833 0.2318446934
834 0.2318446934
835 0.2318446934
836 0.2318446934
837 0.2318446934
838 0.2318446934
839 0.2318446934
840 0.2318446934
841 0.2318446934
842 0.2318446934
843 0.2318446934
844 0.2318446934
845 0.2318446934
846 0.2318446934
847 0.2318446934
848 0.2318446934
849 0.2318446934
850 0.2318446934
851 0.2318446934
852 0.2318446934
853 0.2318446934
854 0.2318446934
855 0.2318446934
856 0.2318446934
857 0.2318446934
858 0.2318446934
859 0.2318446934
860 0.2318446934
861 0.2318446934
862 0.2318446934
863 0.2318446934
864 0.2318446934
865 0.2318446934
866 0.2318446934
867 0.2318446934
868 0.2318446934
869 0.2318446934
870 0.2318446934
871 0.2318446934
872 0.2318446934
873 0.2318446934
874 0.2318446934
875 0.2318446934
876 0.2318446934
877 0.2318446934
878 0.2318446934
879 0.2318446934
880 0.2318446934
881 0.2318446934
882 0.2318446934
883 0.2318446934
884 0.2318446934
885 0.2318446934
886 0.2318446934
887 0.2318446934
888 0.2318446934
889 0.2318446934
890 0.2318446934
891 0.2318446934
892 0.2318446934
893 0.2318446934
894 0.2318446934
895 0.2318446934
896 0.2318446934
897 0.2318446934
898 0.2318446934
899 0.2318446934
900 0.2318446934
901 0.2318446934
902 0.2318446934
903 0.2318446934
904 0.2318446934
905 0.2318446934
906 0.2318446934
907 0.2318446934
908 0.2318446934
909 0.2318446934
910 0.2318446934
911 0.2318446934
912 0.2318446934
913 0.2318446934
914 0.2318446934
915 0.2318446934
916 0.2318446934
917 0.2318446934
918 0.2318446934
919 0.2318446934
920 0.2318446934
921 0.2318446934
922 0.2318446934
923 0.2318446934
924 0.2318446934
925 0.2318446934
926 0.2318446934
927 0.2318446934
928 0.2318446934
929 0.2318446934
930 0.2318446934
931 0.2318446934
932 0.2318446934
933 0.2318446934
934 0.2318446934
935 0.2318446934
936 0.2318446934
937 0.2318446934
938 0.2318446934
939 0.2318446934
940 0.2318446934
941 0.2318446934
942 0.2318446934
943 0.2318446934
944 0.2318446934
945 0.2318446934
946 0.2318446934
947 0.2318446934
948 0.2318446934
949 0.2318446934
950 0.2318446934
951 0.2318446934
952 0.2318446934
953 0.2318446934
954 0.2318446934
955 0.2318446934
956 0.2318446934
957 0.2318446934
958 0.2318446934
959 0.2318446934
960 0.2318446934
961 0.2318446934
962 0.2318446934
963 0.2318446934
964 0.2318446934
965 0.2318446934
966 0.2318446934
967 0.2318446934
968 0.2318446934
969 0.2318446934
970 0.2318446934
971 0.2318446934
972 0.2318446934
973 0.2318446934
974 0.2318446934
975 0.2318446934
976 0.2318446934
977 0.2318446934
978 0.2318446934
979 0.2318446934
980 0.2318446934
981 0.2318446934
982 0.2318446934
983 0.2318446934
984 0.2318446934
985 0.2318446934
986 0.2318446934
987 0.2318446934
988 0.2318446934
989 0.2318446934
990 0.2318446934
991 0.2318446934
992 0.2318446934
993 0.2318446934
994 0.2318446934
995 0.2318446934
996 0.2318446934
997 0.2318446934
998 0.2318446934
999 0.2318446934
1000 0.2318446934
1001 0.2318446934
1002 0.2318446934
1003 0.2318446934
1004 0.2318446934
1005 0.2318446934
1006 0.2318446934
1007 0.2318446934
1008 0.2318446934
1009 0.2318446934
1010 0.2318446934
1011 0.2318446934
1012 0.2318446934
1013 0.2318446934
1014 0.2318446934
1015 0.2318446934
1016 0.2318446934
1017 0.2318446934
1018 0.2318446934
1019 0.2318446934
1020 0.2318446934
1021 0.2318446934
1022 0.2318446934
1023 0.2318446934
