#53453 2910.0026362004851528 0.0045697659368490010923 1 1317 16.000049430220818044 1024 7 1 J1713+0747 0.0000000 
0 -0.2085013111
1 -0.2085013111
2 -0.2085013111
3 -0.2085013111
4 -0.2085013111
5 -0.2085013111
6 -0.2085013111
7 -0.2085013111
8 -0.2085013111
9 -0.2085013111
10 -0.2085013111
11 -0.2085013111
12 -0.2085013111
13 -0.2085013111
14 -0.2085013111
15 -0.2085013111
16 -0.2085013111
17 -0.2085013111
18 -0.2085013111
19 -0.2085013111
20 -0.2085013111
21 -0.2085013111
22 -0.2085013111
23 -0.2085013111
24 -0.2085013111
25 -0.2085013111
26 -0.2085013111
27 -0.2085013111
28 -0.2085013111
29 -0.2085013111
30 -0.2085013111
31 -0.2085013111
32 -0.2085013111
33 -0.2085013111
34 -0.2085013111
35 -0.2085013111
36 -0.2085013111
37 -0.208501311
38 -0.208501311
39 -0.208501311
40 -0.208501311
41 -0.208501311
42 -0.2085013109
43 -0.2085013109
44 -0.2085013108
45 -0.2085013108
46 -0.2085013107
47 -0.2085013106
48 -0.2085013104
49 -0.2085013103
50 -0.2085013101
51 -0.2085013098
52 -0.2085013095
53 -0.2085013091
54 -0.2085013086
55 -0.208501308
56 -0.2085013073
57 -0.2085013063
58 -0.2085013052
59 -0.2085013037
60 -0.208501302
61 -0.2085012998
62 -0.2085012972
63 -0.2085012939
64 -0.2085012898
65 -0.2085012849
66 -0.2085012788
67 -0.2085012714
68 -0.2085012623
69 -0.2085012512
70 -0.2085012376
71 -0.2085012211
72 -0.2085012009
73 -0.2085011764
74 -0.2085011465
75 -0.2085011102
76 -0.2085010663
77 -0.2085010129
78 -0.2085009484
79 -0.2085008703
80 -0.2085007759
81 -0.208500662
82 -0.2085005247
83 -0.2085003592
84 -0.2085001602
85 -0.2084999209
86 -0.2084996337
87 -0.2084992891
88 -0.2084988763
89 -0.2084983821
90 -0.2084977913
91 -0.2084970856
92 -0.2084962436
93 -0.20849524
94 -0.2084940452
95 -0.208492624
96 -0.2084909355
97 -0.2084889315
98 -0.2084865555
99 -0.2084837415
100 -0.2084804121
101 -0.2084764773
102 -0.2084718318
103 -0.208466353
104 -0.2084598984
105 -0.2084523021
106 -0.2084433717
107 -0.208432884
108 -0.2084205805
109 -0.2084061622
110 -0.2083892833
111 -0.208369545
112 -0.2083464874
113 -0.2083195809
114 -0.2082882164
115 -0.208251694
116 -0.2082092109
117 -0.2081598467
118 -0.2081025481
119 -0.2080361104
120 -0.2079591583
121 -0.2078701227
122 -0.207767216
123 -0.2076484043
124 -0.2075113759
125 -0.2073535066
126 -0.2071718212
127 -0.2069629507
128 -0.2067230845
129 -0.2064479182
130 -0.2061325952
131 -0.205771643
132 -0.2053589024
133 -0.2048874501
134 -0.2043495135
135 -0.2037363775
136 -0.2030382823
137 -0.2022443122
138 -0.2013422739
139 -0.2003185643
140 -0.1991580269
141 -0.1978437959
142 -0.1963571278
143 -0.194677219
144 -0.1927810093
145 -0.190642971
146 -0.188234881
147 -0.1855255782
148 -0.1824807028
149 -0.1790624184
150 -0.1752291165
151 -0.1709351014
152 -0.1661302576
153 -0.1607596969
154 -0.1547633866
155 -0.1480757583
156 -0.1406252975
157 -0.1323341135
158 -0.1231174914
159 -0.1128834258
160 -0.1015321369
161 -0.08895557118
162 -0.07503688635
163 -0.05964992381
164 -0.04265866926
165 -0.02391670408
166 -0.003266650109
167 0.01946038969
168 0.04444539124
169 0.07188196666
170 0.1019769149
171 0.1349507613
172 0.1710382819
173 0.2104890066
174 0.2535676964
175 0.3005547892
176 0.3517468063
177 0.4074567156
178 0.4680142423
179 0.5337661212
180 0.6050762833
181 0.6823259676
182 0.7659137519
183 0.8562554938
184 0.9537841729
185 1.058949628
186 1.17221818
187 1.294072131
188 1.425009134
189 1.565541428
190 1.716194922
191 1.87750813
192 2.050030953
193 2.234323288
194 2.430953477
195 2.640496576
196 2.863532454
197 3.100643716
198 3.352413439
199 3.619422739
200 3.902248156
201 4.20145887
202 4.517613748
203 4.851258227
204 5.202921043
205 5.573110822
206 5.962312532
207 6.370983817
208 6.79955123
209 7.248406376
210 7.717901989
211 8.208347957
212 8.720007327
213 9.253092303
214 9.807760268
215 10.38410986
216 10.98217712
217 11.60193174
218 12.24327349
219 12.90602873
220 13.5899472
221 14.29469902
222 15.01987192
223 15.76496877
224 16.52940549
225 17.31250923
226 18.11351699
227 18.93157464
228 19.76573636
229 20.61496454
230 21.47813019
231 22.35401381
232 23.24130684
233 24.13861356
234 25.04445359
235 25.95726493
236 26.87540757
237 27.79716756
238 28.72076179
239 29.64434317
240 30.56600638
241 31.48379419
242 32.39570415
243 33.29969592
244 34.19369884
245 35.07562008
246 35.94335307
247 36.79478627
248 37.62781226
249 38.44033708
250 39.23028969
251 39.99563169
252 40.73436706
253 41.44455197
254 42.12430456
255 42.77181465
256 43.38535336
257 43.96328253
258 44.50406384
259 45.00626778
260 45.46858213
261 45.88982013
262 46.26892821
263 46.60499315
264 46.89724881
265 47.14508223
266 47.34803908
267 47.50582855
268 47.61832754
269 47.68558406
270 47.70782006
271 47.68543338
272 47.61899908
273 47.50926986
274 47.35717586
275 47.16382362
276 46.93049427
277 46.65864101
278 46.34988582
279 46.00601544
280 45.62897669
281 45.220871
282 44.78394837
283 44.32060066
284 43.83335422
285 43.32486201
286 42.79789508
287 42.25533364
288 41.70015747
289 41.13543605
290 40.56431811
291 39.9900209
292 39.41581901
293 38.84503289
294 38.2810171
295 37.72714823
296 37.18681266
297 36.663394
298 36.16026053
299 35.68075229
300 35.22816824
301 34.80575322
302 34.41668492
303 34.0640608
304 33.75088507
305 33.48005569
306 33.25435144
307 33.07641918
308 32.94876121
309 32.87372291
310 32.85348053
311 32.89002941
312 32.98517244
313 33.14050898
314 33.35742425
315 33.63707914
316 33.98040075
317 34.3880734
318 34.86053046
319 35.39794689
320 36.00023264
321 36.66702688
322 37.39769329
323 38.1913163
324 39.04669848
325 39.96235904
326 40.93653355
327 41.96717498
328 43.05195598
329 44.18827262
330 45.37324941
331 46.6037459
332 47.87636458
333 49.18746039
334 50.53315164
335 51.90933235
336 53.31168614
337 54.73570147
338 56.17668827
339 57.62979593
340 59.0900325
341 60.5522851
342 62.01134144
343 63.46191227
344 64.8986548
345 66.31619676
346 67.70916118
347 69.07219159
348 70.39997754
349 71.68728032
350 72.92895864
351 74.11999416
352 75.25551671
353 76.3308289
354 77.34143016
355 78.28303983
356 79.15161928
357 79.94339282
358 80.65486722
359 81.28284985
360 81.82446506
361 82.27716891
362 82.63876196
363 82.90740011
364 83.08160346
365 83.1602629
366 83.14264467
367 83.02839266
368 82.81752849
369 82.51044933
370 82.10792362
371 81.61108455
372 81.02142144
373 80.34076914
374 79.57129541
375 78.71548652
376 77.77613113
377 76.75630252
378 75.65933944
379 74.48882563
380 73.24856823
381 71.94257521
382 70.57503203
383 69.15027766
384 67.67278025
385 66.14711245
386 64.57792674
387 62.96993082
388 61.32786333
389 59.65646998
390 57.96048024
391 56.2445849
392 54.51341441
393 52.77151825
394 51.02334548
395 49.27322648
396 47.52535605
397 45.78377784
398 44.05237029
399 42.33483407
400 40.63468108
401 38.95522489
402 37.29957291
403 35.67061999
404 34.0710436
405 32.50330052
406 30.96962494
407 29.47202804
408 28.01229887
409 26.59200649
410 25.21250334
411 23.87492973
412 22.5802193
413 21.32910549
414 20.12212877
415 18.95964471
416 17.84183256
417 16.76870452
418 15.74011535
419 14.75577239
420 13.81524586
421 12.91797926
422 12.06329997
423 11.25042975
424 10.47849525
425 9.746538397
426 9.0535265
427 8.398362203
428 7.779893068
429 7.196920823
430 6.648210224
431 6.132497483
432 5.648498246
433 5.194915099
434 4.770444575
435 4.373783662
436 4.003635804
437 3.658716386
438 3.337757711
439 3.039513475
440 2.762762754
441 2.506313507
442 2.269005615
443 2.049713483
444 1.847348208
445 1.66085935
446 1.489236328
447 1.331509449
448 1.186750622
449 1.054073757
450 0.9326348907
451 0.8216320564
452 0.720304926
453 0.627934248
454 0.5438411053
455 0.4673860152
456 0.3979678935
457 0.335022904
458 0.2780232126
459 0.2264756637
460 0.1799203975
461 0.1379294223
462 0.1001051577
463 0.06607896018
464 0.03550964515
465 0.008082013687
466 -0.01649460474
467 -0.0384877863
468 -0.05814341615
469 -0.07568705505
470 -0.09132526414
471 -0.1052468837
472 -0.1176242625
473 -0.1286144353
474 -0.1383602469
475 -0.1469914203
476 -0.1546255706
477 -0.1613691624
478 -0.1673184119
479 -0.1725601349
480 -0.177172541
481 -0.1812259759
482 -0.184783613
483 -0.1879020962
484 -0.1906321366
485 -0.1930190637
486 -0.1951033347
487 -0.1969210033
488 -0.1985041501
489 -0.1998812775
490 -0.2010776707
491 -0.2021157277
492 -0.203015259
493 -0.2037937608
494 -0.2044666627
495 -0.2050475515
496 -0.2055483739
497 -0.2059796192
498 -0.206350484
499 -0.2066690191
500 -0.2069422629
501 -0.2071763592
502 -0.2073766638
503 -0.2075478383
504 -0.2076939349
505 -0.2078184706
506 -0.2079244938
507 -0.2080146429
508 -0.2080911983
509 -0.2081561281
510 -0.2082111286
511 -0.2082576598
512 -0.2082969765
513 -0.2083301557
514 -0.2083581203
515 -0.2083816603
516 -0.2084014511
517 -0.208418069
518 -0.2084320052
519 -0.2084436778
520 -0.2084534424
521 -0.2084616005
522 -0.208468408
523 -0.2084740814
524 -0.2084788038
525 -0.2084827296
526 -0.2084859892
527 -0.2084886922
528 -0.2084909309
529 -0.2084927827
530 -0.2084943126
531 -0.208495575
532 -0.2084966154
533 -0.2084974717
534 -0.2084981756
535 -0.2084987536
536 -0.2084992275
537 -0.2084996157
538 -0.2084999332
539 -0.2085001926
540 -0.2085004043
541 -0.2085005768
542 -0.2085007172
543 -0.2085008313
544 -0.208500924
545 -0.2085009991
546 -0.20850106
547 -0.2085011092
548 -0.208501149
549 -0.2085011811
550 -0.208501207
551 -0.2085012278
552 -0.2085012445
553 -0.208501258
554 -0.2085012687
555 -0.2085012774
556 -0.2085012843
557 -0.2085012898
558 -0.2085012942
559 -0.2085012977
560 -0.2085013005
561 -0.2085013027
562 -0.2085013045
563 -0.2085013059
564 -0.208501307
565 -0.2085013079
566 -0.2085013086
567 -0.2085013091
568 -0.2085013095
569 -0.2085013099
570 -0.2085013101
571 -0.2085013103
572 -0.2085013105
573 -0.2085013106
574 -0.2085013107
575 -0.2085013108
576 -0.2085013109
577 -0.2085013109
578 -0.208501311
579 -0.208501311
580 -0.208501311
581 -0.208501311
582 -0.208501311
583 -0.2085013111
584 -0.2085013111
585 -0.2085013111
586 -0.2085013111
587 -0.2085013111
588 -0.2085013111
589 -0.2085013111
590 -0.2085013111
591 -0.2085013111
592 -0.2085013111
593 -0.2085013111
594 -0.2085013111
595 -0.2085013111
596 -0.2085013111
597 -0.2085013111
598 -0.2085013111
599 -0.2085013111
600 -0.2085013111
601 -0.2085013111
602 -0.2085013111
603 -0.2085013111
604 -0.2085013111
605 -0.2085013111
606 -0.2085013111
607 -0.2085013111
608 -0.2085013111
609 -0.2085013111
610 -0.2085013111
611 -0.2085013111
612 -0.2085013111
613 -0.2085013111
614 -0.2085013111
615 -0.2085013111
616 -0.2085013111
617 -0.2085013111
618 -0.2085013111
619 -0.2085013111
620 -0.2085013111
621 -0.2085013111
622 -0.2085013111
623 -0.2085013111
624 -0.2085013111
625 -0.2085013111
626 -0.2085013111
627 -0.2085013111
628 -0.2085013111
629 -0.2085013111
630 -0.2085013111
631 -0.2085013111
632 -0.2085013111
633 -0.2085013111
634 -0.2085013111
635 -0.2085013111
636 -0.2085013111
637 -0.2085013111
638 -0.2085013111
639 -0.2085013111
640 -0.2085013111
641 -0.2085013111
642 -0.2085013111
643 -0.2085013111
644 -0.2085013111
645 -0.2085013111
646 -0.2085013111
647 -0.2085013111
648 -0.2085013111
649 -0.2085013111
650 -0.2085013111
651 -0.2085013111
652 -0.2085013111
653 -0.2085013111
654 -0.2085013111
655 -0.2085013111
656 -0.2085013111
657 -0.2085013111
658 -0.2085013111
659 -0.2085013111
660 -0.2085013111
661 -0.2085013111
662 -0.2085013111
663 -0.2085013111
664 -0.2085013111
665 -0.2085013111
666 -0.2085013111
667 -0.2085013111
668 -0.2085013111
669 -0.2085013111
670 -0.2085013111
671 -0.2085013111
672 -0.2085013111
673 -0.2085013111
674 -0.2085013111
675 -0.2085013111
676 -0.2085013111
677 -0.2085013111
678 -0.2085013111
679 -0.2085013111
680 -0.2085013111
681 -0.2085013111
682 -0.2085013111
683 -0.2085013111
684 -0.2085013111
685 -0.2085013111
686 -0.2085013111
687 -0.2085013111
688 -0.2085013111
689 -0.2085013111
690 -0.2085013111
691 -0.2085013111
692 -0.2085013111
693 -0.2085013111
694 -0.2085013111
695 -0.2085013111
696 -0.2085013111
697 -0.2085013111
698 -0.2085013111
699 -0.2085013111
700 -0.2085013111
701 -0.2085013111
702 -0.2085013111
703 -0.2085013111
704 -0.2085013111
705 -0.2085013111
706 -0.2085013111
707 -0.2085013111
708 -0.2085013111
709 -0.2085013111
710 -0.2085013111
711 -0.2085013111
712 -0.2085013111
713 -0.2085013111
714 -0.2085013111
715 -0.2085013111
716 -0.2085013111
717 -0.2085013111
718 -0.2085013111
719 -0.2085013111
720 -0.2085013111
721 -0.2085013111
722 -0.2085013111
723 -0.2085013111
724 -0.2085013111
725 -0.2085013111
726 -0.2085013111
727 -0.2085013111
728 -0.2085013111
729 -0.2085013111
730 -0.2085013111
731 -0.2085013111
732 -0.2085013111
733 -0.2085013111
734 -0.2085013111
735 -0.2085013111
736 -0.2085013111
737 -0.2085013111
738 -0.2085013111
739 -0.2085013111
740 -0.2085013111
741 -0.2085013111
742 -0.2085013111
743 -0.2085013111
744 -0.2085013111
745 -0.2085013111
746 -0.2085013111
747 -0.2085013111
748 -0.2085013111
749 -0.2085013111
750 -0.2085013111
751 -0.2085013111
752 -0.2085013111
753 -0.2085013111
754 -0.2085013111
755 -0.2085013111
756 -0.2085013111
757 -0.2085013111
758 -0.2085013111
759 -0.2085013111
760 -0.2085013111
761 -0.2085013111
762 -0.2085013111
763 -0.2085013111
764 -0.2085013111
765 -0.2085013111
766 -0.2085013111
767 -0.2085013111
768 -0.2085013111
769 -0.2085013111
770 -0.2085013111
771 -0.2085013111
772 -0.2085013111
773 -0.2085013111
774 -0.2085013111
775 -0.2085013111
776 -0.2085013111
777 -0.2085013111
778 -0.2085013111
779 -0.2085013111
780 -0.2085013111
781 -0.2085013111
782 -0.2085013111
783 -0.2085013111
784 -0.2085013111
785 -0.2085013111
786 -0.2085013111
787 -0.2085013111
788 -0.2085013111
789 -0.2085013111
790 -0.2085013111
791 -0.2085013111
792 -0.2085013111
793 -0.2085013111
794 -0.2085013111
795 -0.2085013111
796 -0.2085013111
797 -0.2085013111
798 -0.2085013111
799 -0.2085013111
800 -0.2085013111
801 -0.2085013111
802 -0.2085013111
803 -0.2085013111
804 -0.2085013111
805 -0.2085013111
806 -0.2085013111
807 -0.2085013111
808 -0.2085013111
809 -0.2085013111
810 -0.2085013111
811 -0.2085013111
812 -0.2085013111
813 -0.2085013111
814 -0.2085013111
815 -0.2085013111
816 -0.2085013111
817 -0.2085013111
818 -0.2085013111
819 -0.2085013111
820 -0.2085013111
821 -0.2085013111
822 -0.2085013111
823 -0.2085013111
824 -0.2085013111
825 -0.2085013111
826 -0.2085013111
827 -0.2085013111
828 -0.2085013111
829 -0.2085013111
830 -0.2085013111
831 -0.2085013111
832 -0.2085013111
833 -0.2085013111
834 -0.2085013111
835 -0.2085013111
836 -0.2085013111
837 -0.2085013111
838 -0.2085013111
839 -0.2085013111
840 -0.2085013111
841 -0.2085013111
842 -0.2085013111
843 -0.2085013111
844 -0.2085013111
845 -0.2085013111
846 -0.2085013111
847 -0.2085013111
848 -0.2085013111
849 -0.2085013111
850 -0.2085013111
851 -0.2085013111
852 -0.2085013111
853 -0.2085013111
854 -0.2085013111
855 -0.2085013111
856 -0.2085013111
857 -0.2085013111
858 -0.2085013111
859 -0.2085013111
860 -0.2085013111
861 -0.2085013111
862 -0.2085013111
863 -0.2085013111
864 -0.2085013111
865 -0.2085013111
866 -0.2085013111
867 -0.2085013111
868 -0.2085013111
869 -0.2085013111
870 -0.2085013111
871 -0.2085013111
872 -0.2085013111
873 -0.2085013111
874 -0.2085013111
875 -0.2085013111
876 -0.2085013111
877 -0.2085013111
878 -0.2085013111
879 -0.2085013111
880 -0.2085013111
881 -0.2085013111
882 -0.2085013111
883 -0.2085013111
884 -0.2085013111
885 -0.2085013111
886 -0.2085013111
887 -0.2085013111
888 -0.2085013111
889 -0.2085013111
890 -0.2085013111
891 -0.2085013111
892 -0.2085013111
893 -0.2085013111
894 -0.2085013111
895 -0.2085013111
896 -0.2085013111
897 -0.2085013111
898 -0.2085013111
899 -0.2085013111
900 -0.2085013111
901 -0.2085013111
902 -0.2085013111
903 -0.2085013111
904 -0.2085013111
905 -0.2085013111
906 -0.2085013111
907 -0.2085013111
908 -0.2085013111
909 -0.2085013111
910 -0.2085013111
911 -0.2085013111
912 -0.2085013111
913 -0.2085013111
914 -0.2085013111
915 -0.2085013111
916 -0.2085013111
917 -0.2085013111
918 -0.2085013111
919 -0.2085013111
920 -0.2085013111
921 -0.2085013111
922 -0.2085013111
923 -0.2085013111
924 -0.2085013111
925 -0.2085013111
926 -0.2085013111
927 -0.2085013111
928 -0.2085013111
929 -0.2085013111
930 -0.2085013111
931 -0.2085013111
932 -0.2085013111
933 -0.2085013111
934 -0.2085013111
935 -0.2085013111
936 -0.2085013111
937 -0.2085013111
938 -0.2085013111
939 -0.2085013111
940 -0.2085013111
941 -0.2085013111
942 -0.2085013111
943 -0.2085013111
944 -0.2085013111
945 -0.2085013111
946 -0.2085013111
947 -0.2085013111
948 -0.2085013111
949 -0.2085013111
950 -0.2085013111
951 -0.2085013111
952 -0.2085013111
953 -0.2085013111
954 -0.2085013111
955 -0.2085013111
956 -0.2085013111
957 -0.2085013111
958 -0.2085013111
959 -0.2085013111
960 -0.2085013111
961 -0.2085013111
962 -0.2085013111
963 -0.2085013111
964 -0.2085013111
965 -0.2085013111
966 -0.2085013111
967 -0.2085013111
968 -0.2085013111
969 -0.2085013111
970 -0.2085013111
971 -0.2085013111
972 -0.2085013111
973 -0.2085013111
974 -0.2085013111
975 -0.2085013111
976 -0.2085013111
977 -0.2085013111
978 -0.2085013111
979 -0.2085013111
980 -0.2085013111
981 -0.2085013111
982 -0.2085013111
983 -0.2085013111
984 -0.2085013111
985 -0.2085013111
986 -0.2085013111
987 -0.2085013111
988 -0.2085013111
989 -0.2085013111
990 -0.2085013111
991 -0.2085013111
992 -0.2085013111
993 -0.2085013111
994 -0.2085013111
995 -0.2085013111
996 -0.2085013111
997 -0.2085013111
998 -0.2085013111
999 -0.2085013111
1000 -0.2085013111
1001 -0.2085013111
1002 -0.2085013111
1003 -0.2085013111
1004 -0.2085013111
1005 -0.2085013111
1006 -0.2085013111
1007 -0.2085013111
1008 -0.2085013111
1009 -0.2085013111
1010 -0.2085013111
1011 -0.2085013111
1012 -0.2085013111
1013 -0.2085013111
1014 -0.2085013111
1015 -0.2085013111
1016 -0.2085013111
1017 -0.2085013111
1018 -0.2085013111
1019 -0.2085013111
1020 -0.2085013111
1021 -0.2085013111
1022 -0.2085013111
1023 -0.2085013111
