#53453 2910.0062960071283702 0.0045697659368490010923 1 1333 16.000049430220818044 1024 7 1 J1713+0747 0.0000000 
0 5.848898418
1 6.226538145
2 6.623229443
3 7.03940294
4 7.475456034
5 7.931749037
6 8.408601282
7 8.906287179
8 9.425032275
9 9.965009323
10 10.52633439
11 11.10906303
12 11.71318658
13 12.33862852
14 12.98524108
15 13.65280192
16 14.34101114
17 15.04948845
18 15.77777068
19 16.52530953
20 17.29146976
21 18.07552765
22 18.8766699
23 19.69399295
24 20.52650277
25 21.37311503
26 22.2326559
27 23.1038632
28 23.98538822
29 24.87579793
30 25.77357785
31 26.67713538
32 27.58480375
33 28.49484642
34 29.40546211
35 30.31479027
36 31.22091718
37 32.12188236
38 33.01568564
39 33.90029457
40 34.77365222
41 35.63368545
42 36.47831343
43 37.30545651
44 38.11304537
45 38.89903028
46 39.66139064
47 40.39814456
48 41.10735851
49 41.787157
50 42.43573215
51 43.05135323
52 43.63237599
53 44.17725179
54 44.68453646
55 45.1528988
56 45.58112881
57 45.96814538
58 46.31300356
59 46.61490135
60 46.87318586
61 47.08735897
62 47.25708225
63 47.38218138
64 47.46264968
65 47.49865116
66 47.49052266
67 47.43877537
68 47.34409556
69 47.20734455
70 47.02955792
71 46.81194403
72 46.55588171
73 46.2629173
74 45.93476086
75 45.5732818
76 45.18050371
77 44.75859862
78 44.30988055
79 43.83679846
80 43.34192867
81 42.82796663
82 42.29771823
83 41.75409057
84 41.20008234
85 40.63877364
86 40.07331553
87 39.50691914
88 38.94284443
89 38.3843887
90 37.83487479
91 37.29763904
92 36.77601903
93 36.27334116
94 35.79290809
95 35.33798599
96 34.91179179
97 34.51748032
98 34.15813142
99 33.8367371
100 33.55618867
101 33.31926406
102 33.12861507
103 32.98675502
104 32.89604632
105 32.85868853
106 32.87670649
107 32.95193895
108 33.08602742
109 33.28040564
110 33.53628932
111 33.85466663
112 34.23628918
113 34.68166369
114 35.19104439
115 35.76442626
116 36.40153909
117 37.10184246
118 37.86452175
119 38.68848522
120 39.57236211
121 40.51450206
122 41.51297566
123 42.56557631
124 43.66982347
125 44.82296718
126 46.02199405
127 47.26363471
128 48.5443726
129 49.86045432
130 51.20790137
131 52.58252332
132 53.97993246
133 55.39555971
134 56.82467199
135 58.26239072
136 59.70371161
137 61.1435255
138 62.57664026
139 63.99780351
140 65.40172623
141 66.78310693
142 68.13665637
143 69.45712267
144 70.73931657
145 71.97813681
146 73.16859536
147 74.30584236
148 75.38519065
149 76.40213959
150 77.35239821
151 78.23190727
152 79.03686033
153 79.7637234
154 80.40925329
155 80.9705143
156 81.44489329
157 81.83011292
158 82.12424293
159 82.3257095
160 82.43330248
161 82.44618055
162 82.36387413
163 82.18628622
164 81.91369093
165 81.54672991
166 81.08640665
167 80.5340786
168 79.89144735
169 79.16054682
170 78.3437296
171 77.44365158
172 76.46325496
173 75.40574976
174 74.27459405
175 73.07347302
176 71.80627695
177 70.47707849
178 69.09010921
179 67.64973566
180 66.16043513
181 64.62677138
182 63.05337027
183 61.44489574
184 59.80602612
185 58.14143098
186 56.45574869
187 54.75356485
188 53.03939159
189 51.31764801
190 49.59264184
191 47.86855229
192 46.14941431
193 44.43910426
194 42.74132703
195 41.05960471
196 39.39726672
197 37.75744158
198 36.14305007
199 34.55680007
200 33.0011828
201 31.47847049
202 29.99071555
203 28.53975097
204 27.12719214
205 25.75443969
206 24.42268365
207 23.13290851
208 21.88589928
209 20.68224841
210 19.52236348
211 18.40647551
212 17.33464789
213 16.30678577
214 15.3226458
215 14.38184622
216 13.48387707
217 12.6281106
218 11.81381166
219 11.04014808
220 10.3062009
221 9.610974482
222 8.953406365
223 8.332376807
224 7.746718028
225 7.195223071
226 6.676654246
227 6.189751139
228 5.73323816
229 5.305831608
230 4.906246245
231 4.53320137
232 4.185426388
233 3.861665871
234 3.560684133
235 3.281269305
236 3.022236943
237 2.782433163
238 2.560737345
239 2.356064402
240 2.167366646
241 1.993635282
242 1.833901535
243 1.687237447
244 1.552756369
245 1.429613164
246 1.317004163
247 1.214166874
248 1.120379495
249 1.034960231
250 0.95726646
251 0.8866937458
252 0.8226747429
253 0.7646779934
254 0.712206646
255 0.6647971092
256 0.6220176567
257 0.5834669988
258 0.5487728338
259 0.5175903902
260 0.4896009727
261 0.4645105191
262 0.4420481791
263 0.4219649204
264 0.4040321696
265 0.3880404926
266 0.3737983193
267 0.3611307159
268 0.3498782077
269 0.3398956546
270 0.3310511797
271 0.3232251537
272 0.3163092329
273 0.3102054528
274 0.3048253754
275 0.3000892896
276 0.2959254633
277 0.2922694462
278 0.2890634204
279 0.2862555987
280 0.2837996671
281 0.2816542694
282 0.2797825331
283 0.2781516331
284 0.2767323917
285 0.2754989119
286 0.2744282435
287 0.2735000775
288 0.2726964691
289 0.2720015857
290 0.2714014793
291 0.2708838794
292 0.2704380078
293 0.2700544104
294 0.2697248067
295 0.2694419544
296 0.2691995289
297 0.2689920141
298 0.2688146068
299 0.2686631298
300 0.268533956
301 0.2684239401
302 0.2683303587
303 0.2682508568
304 0.268183401
305 0.2681262379
306 0.2680778577
307 0.2680369625
308 0.2680024374
309 0.2679733269
310 0.2679488124
311 0.2679281941
312 0.2679108746
313 0.2678963442
314 0.267884169
315 0.26787398
316 0.2678654639
317 0.2678583548
318 0.2678524277
319 0.2678474922
320 0.2678433876
321 0.2678399783
322 0.2678371499
323 0.2678348065
324 0.2678328672
325 0.2678312645
326 0.2678299414
327 0.2678288507
328 0.2678279525
329 0.2678272139
330 0.2678266072
331 0.2678261095
332 0.2678257018
333 0.2678253681
334 0.2678250954
335 0.2678248728
336 0.2678246913
337 0.2678245435
338 0.2678244233
339 0.2678243257
340 0.2678242465
341 0.2678241823
342 0.2678241304
343 0.2678240884
344 0.2678240545
345 0.2678240272
346 0.2678240052
347 0.2678239875
348 0.2678239733
349 0.2678239619
350 0.2678239528
351 0.2678239455
352 0.2678239397
353 0.267823935
354 0.2678239313
355 0.2678239283
356 0.267823926
357 0.2678239241
358 0.2678239226
359 0.2678239214
360 0.2678239205
361 0.2678239198
362 0.2678239192
363 0.2678239187
364 0.2678239184
365 0.2678239181
366 0.2678239178
367 0.2678239177
368 0.2678239175
369 0.2678239174
370 0.2678239173
371 0.2678239173
372 0.2678239172
373 0.2678239172
374 0.2678239172
375 0.2678239171
376 0.2678239171
377 0.2678239171
378 0.2678239171
379 0.2678239171
380 0.2678239171
381 0.2678239171
382 0.2678239171
383 0.2678239171
384 0.2678239171
385 0.2678239171
386 0.2678239171
387 0.2678239171
388 0.2678239171
389 0.2678239171
390 0.2678239171
391 0.2678239171
392 0.2678239171
393 0.2678239171
394 0.2678239171
395 0.2678239171
396 0.2678239171
397 0.2678239171
398 0.2678239171
399 0.2678239171
400 0.2678239171
401 0.2678239171
402 0.2678239171
403 0.2678239171
404 0.2678239171
405 0.2678239171
406 0.2678239171
407 0.2678239171
408 0.2678239171
409 0.2678239171
410 0.2678239171
411 0.2678239171
412 0.2678239171
413 0.2678239171
414 0.2678239171
415 0.2678239171
416 0.2678239171
417 0.2678239171
418 0.2678239171
419 0.2678239171
420 0.2678239171
421 0.2678239171
422 0.2678239171
423 0.2678239171
424 0.2678239171
425 0.2678239171
426 0.2678239171
427 0.2678239171
428 0.2678239171
429 0.2678239171
430 0.2678239171
431 0.2678239171
432 0.2678239171
433 0.2678239171
434 0.2678239171
435 0.2678239171
436 0.2678239171
437 0.2678239171
438 0.2678239171
439 0.2678239171
440 0.2678239171
441 0.2678239171
442 0.2678239171
443 0.2678239171
444 0.2678239171
445 0.2678239171
446 0.2678239171
447 0.2678239171
448 0.2678239171
449 0.2678239171
450 0.2678239171
451 0.2678239171
452 0.2678239171
453 0.2678239171
454 0.2678239171
455 0.2678239171
456 0.2678239171
457 0.2678239171
458 0.2678239171
459 0.2678239171
460 0.2678239171
461 0.2678239171
462 0.2678239171
463 0.2678239171
464 0.2678239171
465 0.2678239171
466 0.2678239171
467 0.2678239171
468 0.2678239171
469 0.2678239171
470 0.2678239171
471 0.2678239171
472 0.2678239171
473 0.2678239171
474 0.2678239171
475 0.2678239171
476 0.2678239171
477 0.2678239171
478 0.2678239171
479 0.2678239171
480 0.2678239171
481 0.2678239171
482 0.2678239171
483 0.2678239171
484 0.2678239171
485 0.2678239171
486 0.2678239171
487 0.2678239171
488 0.2678239171
489 0.2678239171
490 0.2678239171
491 0.2678239171
492 0.2678239171
493 0.2678239171
494 0.2678239171
495 0.2678239171
496 0.2678239171
497 0.2678239171
498 0.2678239171
499 0.2678239171
500 0.2678239171
501 0.2678239171
502 0.2678239171
503 0.2678239171
504 0.2678239171
505 0.2678239171
506 0.2678239171
507 0.2678239171
508 0.2678239171
509 0.2678239171
510 0.2678239171
511 0.2678239171
512 0.2678239171
513 0.2678239171
514 0.2678239171
515 0.2678239171
516 0.2678239171
517 0.2678239171
518 0.2678239171
519 0.2678239171
520 0.2678239171
521 0.2678239171
522 0.2678239171
523 0.2678239171
524 0.2678239171
525 0.2678239171
526 0.2678239171
527 0.2678239171
528 0.2678239171
529 0.2678239171
530 0.2678239171
531 0.2678239171
532 0.2678239171
533 0.2678239171
534 0.2678239171
535 0.2678239171
536 0.2678239171
537 0.2678239171
538 0.2678239171
539 0.2678239171
540 0.2678239171
541 0.2678239171
542 0.2678239171
543 0.2678239171
544 0.2678239171
545 0.2678239171
546 0.2678239171
547 0.2678239171
548 0.2678239171
549 0.2678239171
550 0.2678239171
551 0.2678239171
552 0.2678239171
553 0.2678239171
554 0.2678239171
555 0.2678239171
556 0.2678239171
557 0.2678239171
558 0.2678239171
559 0.2678239171
560 0.2678239171
561 0.2678239171
562 0.2678239171
563 0.2678239171
564 0.2678239171
565 0.2678239171
566 0.2678239171
567 0.2678239171
568 0.2678239171
569 0.2678239171
570 0.2678239171
571 0.2678239171
572 0.2678239171
573 0.2678239171
574 0.2678239171
575 0.2678239171
576 0.2678239171
577 0.2678239171
578 0.2678239171
579 0.2678239171
580 0.2678239171
581 0.2678239171
582 0.2678239171
583 0.2678239171
584 0.2678239171
585 0.2678239171
586 0.2678239171
587 0.2678239171
588 0.2678239171
589 0.2678239171
590 0.2678239171
591 0.2678239171
592 0.2678239171
593 0.2678239171
594 0.2678239171
595 0.2678239171
596 0.2678239171
597 0.2678239171
598 0.2678239171
599 0.2678239171
600 0.2678239171
601 0.2678239171
602 0.2678239171
603 0.2678239171
604 0.2678239171
605 0.2678239171
606 0.2678239171
607 0.2678239171
608 0.2678239171
609 0.2678239171
610 0.2678239171
611 0.2678239171
612 0.2678239171
613 0.2678239171
614 0.2678239171
615 0.2678239171
616 0.2678239171
617 0.2678239171
618 0.2678239171
619 0.2678239171
620 0.2678239171
621 0.2678239171
622 0.2678239171
623 0.2678239171
624 0.2678239171
625 0.2678239171
626 0.2678239171
627 0.2678239171
628 0.2678239171
629 0.2678239171
630 0.2678239171
631 0.2678239171
632 0.2678239171
633 0.2678239171
634 0.2678239171
635 0.2678239171
636 0.2678239171
637 0.2678239171
638 0.2678239171
639 0.2678239171
640 0.2678239171
641 0.2678239171
642 0.2678239171
643 0.2678239171
644 0.2678239171
645 0.2678239171
646 0.2678239171
647 0.2678239171
648 0.2678239171
649 0.2678239171
650 0.2678239171
651 0.2678239171
652 0.2678239171
653 0.2678239171
654 0.2678239171
655 0.2678239171
656 0.2678239171
657 0.2678239171
658 0.2678239171
659 0.2678239171
660 0.2678239171
661 0.2678239171
662 0.2678239171
663 0.2678239171
664 0.2678239171
665 0.2678239171
666 0.2678239171
667 0.2678239171
668 0.2678239171
669 0.2678239171
670 0.2678239171
671 0.2678239171
672 0.2678239171
673 0.2678239171
674 0.2678239171
675 0.2678239171
676 0.2678239171
677 0.2678239171
678 0.2678239171
679 0.2678239171
680 0.2678239171
681 0.2678239171
682 0.2678239171
683 0.2678239171
684 0.2678239171
685 0.2678239171
686 0.2678239171
687 0.2678239171
688 0.2678239171
689 0.2678239171
690 0.2678239171
691 0.2678239171
692 0.2678239171
693 0.2678239171
694 0.2678239171
695 0.2678239171
696 0.2678239171
697 0.2678239171
698 0.2678239171
699 0.2678239171
700 0.2678239171
701 0.2678239171
702 0.2678239171
703 0.2678239171
704 0.2678239171
705 0.2678239171
706 0.2678239171
707 0.2678239171
708 0.2678239171
709 0.2678239171
710 0.2678239171
711 0.2678239171
712 0.2678239171
713 0.2678239171
714 0.2678239171
715 0.2678239171
716 0.2678239171
717 0.2678239171
718 0.2678239171
719 0.2678239171
720 0.2678239171
721 0.2678239171
722 0.2678239171
723 0.2678239171
724 0.2678239171
725 0.2678239171
726 0.2678239171
727 0.2678239171
728 0.2678239171
729 0.2678239171
730 0.2678239171
731 0.2678239171
732 0.2678239171
733 0.2678239171
734 0.2678239171
735 0.2678239171
736 0.2678239171
737 0.2678239171
738 0.2678239171
739 0.2678239171
740 0.2678239171
741 0.2678239171
742 0.2678239171
743 0.2678239171
744 0.2678239171
745 0.2678239171
746 0.2678239171
747 0.2678239171
748 0.2678239171
749 0.2678239171
750 0.2678239171
751 0.2678239171
752 0.2678239171
753 0.2678239171
754 0.2678239171
755 0.2678239171
756 0.2678239171
757 0.2678239171
758 0.2678239171
759 0.2678239171
760 0.2678239171
761 0.2678239171
762 0.2678239171
763 0.2678239171
764 0.2678239171
765 0.2678239171
766 0.2678239171
767 0.2678239171
768 0.2678239171
769 0.2678239171
770 0.2678239171
771 0.2678239171
772 0.2678239171
773 0.2678239171
774 0.2678239171
775 0.2678239171
776 0.2678239171
777 0.2678239171
778 0.2678239171
779 0.2678239171
780 0.2678239171
781 0.2678239171
782 0.2678239171
783 0.2678239171
784 0.2678239171
785 0.2678239171
786 0.2678239171
787 0.2678239171
788 0.2678239171
789 0.2678239171
790 0.2678239171
791 0.2678239171
792 0.2678239171
793 0.2678239171
794 0.2678239171
795 0.2678239171
796 0.2678239171
797 0.2678239171
798 0.2678239171
799 0.2678239171
800 0.2678239171
801 0.2678239171
802 0.2678239171
803 0.2678239171
804 0.2678239171
805 0.2678239171
806 0.2678239171
807 0.2678239171
808 0.2678239171
809 0.2678239171
810 0.2678239171
811 0.2678239171
812 0.2678239171
813 0.2678239171
814 0.2678239171
815 0.2678239171
816 0.2678239171
817 0.2678239171
818 0.2678239171
819 0.2678239171
820 0.2678239171
821 0.2678239171
822 0.2678239171
823 0.2678239171
824 0.2678239171
825 0.2678239171
826 0.2678239171
827 0.2678239171
828 0.2678239171
829 0.2678239171
830 0.2678239171
831 0.2678239171
832 0.2678239171
833 0.2678239171
834 0.2678239171
835 0.2678239171
836 0.2678239171
837 0.2678239171
838 0.2678239171
839 0.2678239171
840 0.2678239171
841 0.2678239171
842 0.2678239171
843 0.2678239171
844 0.2678239171
845 0.2678239171
846 0.2678239171
847 0.2678239171
848 0.2678239171
849 0.2678239171
850 0.2678239171
851 0.2678239171
852 0.2678239171
853 0.2678239171
854 0.2678239171
855 0.2678239171
856 0.2678239171
857 0.2678239171
858 0.2678239171
859 0.2678239171
860 0.2678239172
861 0.2678239172
862 0.2678239172
863 0.2678239173
864 0.2678239174
865 0.2678239174
866 0.2678239175
867 0.2678239176
868 0.2678239178
869 0.267823918
870 0.2678239182
871 0.2678239185
872 0.2678239189
873 0.2678239193
874 0.2678239199
875 0.2678239206
876 0.2678239214
877 0.2678239225
878 0.2678239238
879 0.2678239254
880 0.2678239274
881 0.2678239299
882 0.2678239329
883 0.2678239366
884 0.2678239412
885 0.2678239468
886 0.2678239537
887 0.2678239621
888 0.2678239724
889 0.2678239849
890 0.2678240002
891 0.2678240189
892 0.2678240416
893 0.2678240693
894 0.2678241029
895 0.2678241437
896 0.2678241931
897 0.267824253
898 0.2678243255
899 0.2678244131
900 0.2678245189
901 0.2678246464
902 0.2678248002
903 0.2678249852
904 0.2678252076
905 0.2678254748
906 0.2678257954
907 0.2678261797
908 0.2678266398
909 0.26782719
910 0.2678278475
911 0.2678286323
912 0.2678295679
913 0.2678306822
914 0.2678320081
915 0.2678335839
916 0.2678354548
917 0.2678376737
918 0.2678403025
919 0.2678434138
920 0.2678470922
921 0.2678514364
922 0.2678565615
923 0.2678626015
924 0.2678697122
925 0.2678780746
926 0.2678878985
927 0.2678994272
928 0.2679129422
929 0.2679287688
930 0.2679472829
931 0.2679689177
932 0.2679941724
933 0.2680236215
934 0.268057925
935 0.2680978406
936 0.2681442371
937 0.2681981094
938 0.2682605953
939 0.2683329949
940 0.2684167916
941 0.268513676
942 0.2686255727
943 0.2687546698
944 0.268903452
945 0.2690747378
946 0.2692717197
947 0.2694980103
948 0.2697576917
949 0.2700553715
950 0.2703962439
951 0.2707861569
952 0.2712316868
953 0.2717402195
954 0.2723200398
955 0.2729804292
956 0.2737317728
957 0.2745856759
958 0.2755550906
959 0.2766544542
960 0.2778998385
961 0.2793091121
962 0.2809021159
963 0.2827008514
964 0.2847296852
965 0.2870155676
966 0.2895882668
967 0.2924806209
968 0.2957288058
969 0.2993726211
970 0.3034557946
971 0.3080263042
972 0.3131367203
973 0.3188445652
974 0.3252126936
975 0.3323096906
976 0.3402102897
977 0.3489958089
978 0.3587546045
979 0.3695825431
980 0.3815834885
981 0.3948698051
982 0.409562874
983 0.4257936212
984 0.4437030557
985 0.4634428153
986 0.4851757166
987 0.5090763074
988 0.5353314173
989 0.564140703
990 0.5957171839
991 0.6302877648
992 0.6680937385
993 0.7093912651
994 0.7544518221
995 0.8035626181
996 0.8570269651
997 0.9151646018
998 0.9783119616
999 1.046822378
1000 1.121066219
1001 1.201430943
1002 1.288321071
1003 1.382158063
1004 1.483380091
1005 1.592441704
1006 1.709813378
1007 1.83598093
1008 1.971444812
1009 2.116719252
1010 2.272331256
1011 2.438819453
1012 2.61673278
1013 2.806629001
1014 3.009073062
1015 3.224635269
1016 3.453889292
1017 3.697409997
1018 3.9557711
1019 4.229542643
1020 4.519288306
1021 4.825562546
1022 5.148907573
1023 5.48985018
