#53759 2910.0048010106197132 0.0045698501389259960082 1 1333 16.000049430220818044 1024 7 1 J1713+0747 0.0000000 
0 40.16270839
1 40.88539342
2 41.57899382
3 42.24166764
4 42.87164785
5 43.46725181
6 44.02689053
7 44.54907765
8 45.03243817
9 45.47571679
10 45.87778581
11 46.23765259
12 46.55446656
13 46.82752559
14 47.05628182
15 47.24034691
16 47.37949656
17 47.47367437
18 47.52299507
19 47.5277469
20 47.48839338
21 47.40557422
22 47.28010556
23 47.11297938
24 46.90536221
25 46.65859307
26 46.37418061
27 46.05379962
28 45.69928676
29 45.31263557
30 44.89599088
31 44.4516425
32 43.9820183
33 43.48967674
34 42.97729874
35 42.44767908
36 41.90371728
37 41.34840794
38 40.78483075
39 40.21613999
40 39.64555364
41 39.07634227
42 38.51181743
43 37.95531992
44 37.41020768
45 36.87984354
46 36.36758275
47 35.87676034
48 35.41067835
49 34.97259299
50 34.5657017
51 34.19313017
52 33.85791941
53 33.56301275
54 33.31124307
55 33.10531991
56 32.94781694
57 32.84115948
58 32.78761227
59 32.78926753
60 32.84803332
61 32.96562232
62 33.14354089
63 33.38307882
64 33.68529938
65 34.05103016
66 34.48085446
67 34.9751034
68 35.53384887
69 36.15689728
70 36.84378424
71 37.59377024
72 38.40583735
73 39.27868705
74 40.21073921
75 41.20013232
76 42.24472501
77 43.34209884
78 44.4895625
79 45.68415748
80 46.92266501
81 48.20161464
82 49.51729413
83 50.86576092
84 52.24285492
85 53.6442129
86 55.06528409
87 56.50134729
88 57.94752917
89 59.39882381
90 60.85011346
91 62.29619021
92 63.7317787
93 65.15155965
94 66.55019405
95 67.92234789
96 69.26271739
97 70.5660544
98 71.82719195
99 73.04106972
100 74.20275927
101 75.30748887
102 76.35066776
103 77.32790965
104 78.23505529
105 79.06819399
106 79.82368386
107 80.49817068
108 81.08860524
109 81.59225899
110 82.0067379
111 82.32999446
112 82.56033765
113 82.69644086
114 82.7373477
115 82.68247561
116 82.5316173
117 82.28493996
118 81.94298227
119 81.5066493
120 80.97720516
121 80.35626374
122 79.64577734
123 78.84802345
124 77.96558978
125 77.00135759
126 75.95848349
127 74.84037992
128 73.65069433
129 72.39328736
130 71.0722101
131 69.69168068
132 68.25606025
133 66.76982871
134 65.23756017
135 63.66389844
136 62.05353276
137 60.41117375
138 58.74152996
139 57.04928507
140 55.33907579
141 53.61547087
142 51.88295095
143 50.14588979
144 48.40853656
145 46.67499963
146 44.9492317
147 43.23501635
148 41.53595624
149 39.85546268
150 38.19674687
151 36.56281262
152 34.95645066
153 33.38023442
154 31.83651727
155 30.32743128
156 28.85488725
157 27.42057611
158 26.0259715
159 24.67233363
160 23.36071404
161 22.09196148
162 20.86672861
163 19.68547953
164 18.548498
165 17.45589624
166 16.40762427
167 15.40347961
168 14.4431174
169 13.5260606
170 12.65171046
171 11.81935699
172 11.02818943
173 10.27730659
174 9.565727123
175 8.892399455
176 8.256211564
177 7.656000354
178 7.090560699
179 6.558654077
180 6.059016765
181 5.590367584
182 5.151415154
183 4.740864667
184 4.357424151
185 3.999810223
186 3.666753345
187 3.357002568
188 3.069329785
189 2.802533502
190 2.555442132
191 2.326916842
192 2.115853969
193 1.921187013
194 1.741888248
195 1.576969964
196 1.425485365
197 1.28652915
198 1.159237801
199 1.042789611
200 0.936404454
201 0.8393433577
202 0.7509078666
203 0.6704392435
204 0.5973175208
205 0.5309604247
206 0.4708221938
207 0.4163923102
208 0.3671941599
209 0.3227836414
210 0.2827477343
211 0.2467030452
212 0.2142943408
213 0.185193081
214 0.1590959611
215 0.1357234732
216 0.1148184932
217 0.09614490093
218 0.079486239
219 0.0646444146
220 0.05143844862
221 0.03970327476
222 0.029288591
223 0.02005776497
224 0.01188679409
225 0.004663321108
226 -0.001714295315
227 -0.007337855294
228 -0.01229013864
229 -0.0166456732
230 -0.02047145202
231 -0.02382760112
232 -0.02676799959
233 -0.02934085412
234 -0.03158922996
235 -0.03355154053
236 -0.03526199783
237 -0.0367510259
238 -0.03804563953
239 -0.03916979032
240 -0.0401446824
241 -0.04098905964
242 -0.0417194667
243 -0.04235048547
244 -0.04289494913
245 -0.04336413532
246 -0.04376794029
247 -0.04411503548
248 -0.04441300812
249 -0.04466848726
250 -0.04488725643
251 -0.04507435426
252 -0.04523416417
253 -0.04537049412
254 -0.04548664752
255 -0.04558548594
256 -0.04566948479
257 -0.04574078238
258 -0.04580122323
259 -0.04585239623
260 -0.04589566814
261 -0.045932213
262 -0.04596303792
263 -0.04598900561
264 -0.04601085406
265 -0.0460292137
266 -0.04604462233
267 -0.04605753812
268 -0.04606835084
269 -0.04607739161
270 -0.04608494139
271 -0.0460912382
272 -0.04609648342
273 -0.04610084724
274 -0.04610447324
275 -0.04610748241
276 -0.04610997657
277 -0.04611204129
278 -0.04611374838
279 -0.04611515804
280 -0.04611632064
281 -0.04611727828
282 -0.04611806612
283 -0.04611871346
284 -0.0461192447
285 -0.04611968012
286 -0.04612003656
287 -0.04612032798
288 -0.04612056595
289 -0.04612076003
290 -0.04612091812
291 -0.04612104673
292 -0.04612115123
293 -0.04612123604
294 -0.04612130478
295 -0.04612136043
296 -0.04612140542
297 -0.04612144175
298 -0.04612147106
299 -0.04612149466
300 -0.04612151365
301 -0.04612152891
302 -0.04612154116
303 -0.04612155097
304 -0.04612155883
305 -0.04612156511
306 -0.04612157013
307 -0.04612157413
308 -0.04612157732
309 -0.04612157986
310 -0.04612158188
311 -0.04612158348
312 -0.04612158474
313 -0.04612158575
314 -0.04612158654
315 -0.04612158717
316 -0.04612158766
317 -0.04612158805
318 -0.04612158836
319 -0.0461215886
320 -0.04612158879
321 -0.04612158894
322 -0.04612158905
323 -0.04612158915
324 -0.04612158922
325 -0.04612158927
326 -0.04612158931
327 -0.04612158935
328 -0.04612158937
329 -0.04612158939
330 -0.04612158941
331 -0.04612158942
332 -0.04612158943
333 -0.04612158944
334 -0.04612158944
335 -0.04612158945
336 -0.04612158945
337 -0.04612158946
338 -0.04612158946
339 -0.04612158946
340 -0.04612158946
341 -0.04612158946
342 -0.04612158946
343 -0.04612158946
344 -0.04612158946
345 -0.04612158946
346 -0.04612158946
347 -0.04612158946
348 -0.04612158946
349 -0.04612158946
350 -0.04612158946
351 -0.04612158946
352 -0.04612158946
353 -0.04612158946
354 -0.04612158946
355 -0.04612158946
356 -0.04612158946
357 -0.04612158946
358 -0.04612158946
359 -0.04612158946
360 -0.04612158946
361 -0.04612158946
362 -0.04612158946
363 -0.04612158946
364 -0.04612158946
365 -0.04612158946
366 -0.04612158946
367 -0.04612158946
368 -0.04612158946
369 -0.04612158946
370 -0.04612158946
371 -0.04612158946
372 -0.04612158946
373 -0.04612158946
374 -0.04612158946
375 -0.04612158946
376 -0.04612158946
377 -0.04612158946
378 -0.04612158946
379 -0.04612158946
380 -0.04612158946
381 -0.04612158946
382 -0.04612158946
383 -0.04612158946
384 -0.04612158946
385 -0.04612158946
386 -0.04612158946
387 -0.04612158946
388 -0.04612158946
389 -0.04612158946
390 -0.04612158946
391 -0.04612158946
392 -0.04612158946
393 -0.04612158946
394 -0.04612158946
395 -0.04612158946
396 -0.04612158946
397 -0.04612158946
398 -0.04612158946
399 -0.04612158946
400 -0.04612158946
401 -0.04612158946
402 -0.04612158946
403 -0.04612158946
404 -0.04612158946
405 -0.04612158946
406 -0.04612158946
407 -0.04612158946
408 -0.04612158946
409 -0.04612158946
410 -0.04612158946
411 -0.04612158946
412 -0.04612158946
413 -0.04612158946
414 -0.04612158946
415 -0.04612158946
416 -0.04612158946
417 -0.04612158946
418 -0.04612158946
419 -0.04612158946
420 -0.04612158946
421 -0.04612158946
422 -0.04612158946
423 -0.04612158946
424 -0.04612158946
425 -0.04612158946
426 -0.04612158946
427 -0.04612158946
428 -0.04612158946
429 -0.04612158946
430 -0.04612158946
431 -0.04612158946
432 -0.04612158946
433 -0.04612158946
434 -0.04612158946
435 -0.04612158946
436 -0.04612158946
437 -0.04612158946
438 -0.04612158946
439 -0.04612158946
440 -0.04612158946
441 -0.04612158946
442 -0.04612158946
443 -0.04612158946
444 -0.04612158946
445 -0.04612158946
446 -0.04612158946
447 -0.04612158946
448 -0.04612158946
449 -0.04612158946
450 -0.04612158946
451 -0.04612158946
452 -0.04612158946
453 -0.04612158946
454 -0.04612158946
455 -0.04612158946
456 -0.04612158946
457 -0.04612158946
458 -0.04612158946
459 -0.04612158946
460 -0.04612158946
461 -0.04612158946
462 -0.04612158946
463 -0.04612158946
464 -0.04612158946
465 -0.04612158946
466 -0.04612158946
467 -0.04612158946
468 -0.04612158946
469 -0.04612158946
470 -0.04612158946
471 -0.04612158946
472 -0.04612158946
473 -0.04612158946
474 -0.04612158946
475 -0.04612158946
476 -0.04612158946
477 -0.04612158946
478 -0.04612158946
479 -0.04612158946
480 -0.04612158946
481 -0.04612158946
482 -0.04612158946
483 -0.04612158946
484 -0.04612158946
485 -0.04612158946
486 -0.04612158946
487 -0.04612158946
488 -0.04612158946
489 -0.04612158946
490 -0.04612158946
491 -0.04612158946
492 -0.04612158946
493 -0.04612158946
494 -0.04612158946
495 -0.04612158946
496 -0.04612158946
497 -0.04612158946
498 -0.04612158946
499 -0.04612158946
500 -0.04612158946
501 -0.04612158946
502 -0.04612158946
503 -0.04612158946
504 -0.04612158946
505 -0.04612158946
506 -0.04612158946
507 -0.04612158946
508 -0.04612158946
509 -0.04612158946
510 -0.04612158946
511 -0.04612158946
512 -0.04612158946
513 -0.04612158946
514 -0.04612158946
515 -0.04612158946
516 -0.04612158946
517 -0.04612158946
518 -0.04612158946
519 -0.04612158946
520 -0.04612158946
521 -0.04612158946
522 -0.04612158946
523 -0.04612158946
524 -0.04612158946
525 -0.04612158946
526 -0.04612158946
527 -0.04612158946
528 -0.04612158946
529 -0.04612158946
530 -0.04612158946
531 -0.04612158946
532 -0.04612158946
533 -0.04612158946
534 -0.04612158946
535 -0.04612158946
536 -0.04612158946
537 -0.04612158946
538 -0.04612158946
539 -0.04612158946
540 -0.04612158946
541 -0.04612158946
542 -0.04612158946
543 -0.04612158946
544 -0.04612158946
545 -0.04612158946
546 -0.04612158946
547 -0.04612158946
548 -0.04612158946
549 -0.04612158946
550 -0.04612158946
551 -0.04612158946
552 -0.04612158946
553 -0.04612158946
554 -0.04612158946
555 -0.04612158946
556 -0.04612158946
557 -0.04612158946
558 -0.04612158946
559 -0.04612158946
560 -0.04612158946
561 -0.04612158946
562 -0.04612158946
563 -0.04612158946
564 -0.04612158946
565 -0.04612158946
566 -0.04612158946
567 -0.04612158946
568 -0.04612158946
569 -0.04612158946
570 -0.04612158946
571 -0.04612158946
572 -0.04612158946
573 -0.04612158946
574 -0.04612158946
575 -0.04612158946
576 -0.04612158946
577 -0.04612158946
578 -0.04612158946
579 -0.04612158946
580 -0.04612158946
581 -0.04612158946
582 -0.04612158946
583 -0.04612158946
584 -0.04612158946
585 -0.04612158946
586 -0.04612158946
587 -0.04612158946
588 -0.04612158946
589 -0.04612158946
590 -0.04612158946
591 -0.04612158946
592 -0.04612158946
593 -0.04612158946
594 -0.04612158946
595 -0.04612158946
596 -0.04612158946
597 -0.04612158946
598 -0.04612158946
599 -0.04612158946
600 -0.04612158946
601 -0.04612158946
602 -0.04612158946
603 -0.04612158946
604 -0.04612158946
605 -0.04612158946
606 -0.04612158946
607 -0.04612158946
608 -0.04612158946
609 -0.04612158946
610 -0.04612158946
611 -0.04612158946
612 -0.04612158946
613 -0.04612158946
614 -0.04612158946
615 -0.04612158946
616 -0.04612158946
617 -0.04612158946
618 -0.04612158946
619 -0.04612158946
620 -0.04612158946
621 -0.04612158946
622 -0.04612158946
623 -0.04612158946
624 -0.04612158946
625 -0.04612158946
626 -0.04612158946
627 -0.04612158946
628 -0.04612158946
629 -0.04612158946
630 -0.04612158946
631 -0.04612158946
632 -0.04612158946
633 -0.04612158946
634 -0.04612158946
635 -0.04612158946
636 -0.04612158946
637 -0.04612158946
638 -0.04612158946
639 -0.04612158946
640 -0.04612158946
641 -0.04612158946
642 -0.04612158946
643 -0.04612158946
644 -0.04612158946
645 -0.04612158946
646 -0.04612158946
647 -0.04612158946
648 -0.04612158946
649 -0.04612158946
650 -0.04612158946
651 -0.04612158946
652 -0.04612158946
653 -0.04612158946
654 -0.04612158946
655 -0.04612158946
656 -0.04612158946
657 -0.04612158946
658 -0.04612158946
659 -0.04612158946
660 -0.04612158946
661 -0.04612158946
662 -0.04612158946
663 -0.04612158946
664 -0.04612158946
665 -0.04612158946
666 -0.04612158946
667 -0.04612158946
668 -0.04612158946
669 -0.04612158946
670 -0.04612158946
671 -0.04612158946
672 -0.04612158946
673 -0.04612158946
674 -0.04612158946
675 -0.04612158946
676 -0.04612158946
677 -0.04612158946
678 -0.04612158946
679 -0.04612158946
680 -0.04612158946
681 -0.04612158946
682 -0.04612158946
683 -0.04612158946
684 -0.04612158946
685 -0.04612158946
686 -0.04612158946
687 -0.04612158946
688 -0.04612158946
689 -0.04612158946
690 -0.04612158946
691 -0.04612158946
692 -0.04612158946
693 -0.04612158946
694 -0.04612158946
695 -0.04612158946
696 -0.04612158946
697 -0.04612158946
698 -0.04612158946
699 -0.04612158946
700 -0.04612158946
701 -0.04612158946
702 -0.04612158946
703 -0.04612158946
704 -0.04612158946
705 -0.04612158946
706 -0.04612158946
707 -0.04612158946
708 -0.04612158946
709 -0.04612158946
710 -0.04612158946
711 -0.04612158946
712 -0.04612158946
713 -0.04612158946
714 -0.04612158946
715 -0.04612158946
716 -0.04612158946
717 -0.04612158946
718 -0.04612158946
719 -0.04612158946
720 -0.04612158946
721 -0.04612158946
722 -0.04612158946
723 -0.04612158946
724 -0.04612158946
725 -0.04612158946
726 -0.04612158946
727 -0.04612158946
728 -0.04612158946
729 -0.04612158946
730 -0.04612158946
731 -0.04612158946
732 -0.04612158946
733 -0.04612158946
734 -0.04612158946
735 -0.04612158946
736 -0.04612158946
737 -0.04612158946
738 -0.04612158946
739 -0.04612158946
740 -0.04612158946
741 -0.04612158946
742 -0.04612158946
743 -0.04612158946
744 -0.04612158946
745 -0.04612158946
746 -0.04612158946
747 -0.04612158946
748 -0.04612158946
749 -0.04612158946
750 -0.04612158946
751 -0.04612158946
752 -0.04612158946
753 -0.04612158946
754 -0.04612158946
755 -0.04612158946
756 -0.04612158946
757 -0.04612158946
758 -0.04612158946
759 -0.04612158946
760 -0.04612158946
761 -0.04612158946
762 -0.04612158946
763 -0.04612158946
764 -0.04612158946
765 -0.04612158946
766 -0.04612158946
767 -0.04612158946
768 -0.04612158946
769 -0.04612158946
770 -0.04612158946
771 -0.04612158946
772 -0.04612158946
773 -0.04612158946
774 -0.04612158946
775 -0.04612158946
776 -0.04612158946
777 -0.04612158946
778 -0.04612158946
779 -0.04612158946
780 -0.04612158946
781 -0.04612158946
782 -0.04612158946
783 -0.04612158946
784 -0.04612158946
785 -0.04612158946
786 -0.04612158946
787 -0.04612158946
788 -0.04612158946
789 -0.04612158946
790 -0.04612158946
791 -0.04612158946
792 -0.04612158946
793 -0.04612158946
794 -0.04612158946
795 -0.04612158946
796 -0.04612158946
797 -0.04612158946
798 -0.04612158946
799 -0.04612158946
800 -0.04612158946
801 -0.04612158946
802 -0.04612158946
803 -0.04612158945
804 -0.04612158945
805 -0.04612158945
806 -0.04612158944
807 -0.04612158944
808 -0.04612158943
809 -0.04612158942
810 -0.04612158941
811 -0.04612158939
812 -0.04612158937
813 -0.04612158935
814 -0.04612158932
815 -0.04612158929
816 -0.04612158924
817 -0.04612158918
818 -0.04612158911
819 -0.04612158902
820 -0.0461215889
821 -0.04612158876
822 -0.04612158858
823 -0.04612158836
824 -0.04612158808
825 -0.04612158774
826 -0.04612158731
827 -0.04612158678
828 -0.04612158613
829 -0.04612158531
830 -0.04612158431
831 -0.04612158307
832 -0.04612158153
833 -0.04612157964
834 -0.0461215773
835 -0.04612157443
836 -0.0461215709
837 -0.04612156657
838 -0.04612156125
839 -0.04612155473
840 -0.04612154675
841 -0.04612153698
842 -0.04612152505
843 -0.04612151049
844 -0.04612149274
845 -0.04612147112
846 -0.04612144481
847 -0.04612141284
848 -0.04612137401
849 -0.04612132692
850 -0.04612126987
851 -0.04612120081
852 -0.04612111732
853 -0.04612101648
854 -0.04612089481
855 -0.04612074816
856 -0.0461205716
857 -0.04612035924
858 -0.0461201041
859 -0.04611979787
860 -0.04611943072
861 -0.04611899099
862 -0.04611846488
863 -0.04611783609
864 -0.04611708537
865 -0.04611619002
866 -0.0461151233
867 -0.04611385376
868 -0.04611234441
869 -0.04611055186
870 -0.04610842521
871 -0.04610590486
872 -0.04610292107
873 -0.04609939237
874 -0.04609522364
875 -0.04609030401
876 -0.04608450435
877 -0.04607767449
878 -0.04606963993
879 -0.0460601982
880 -0.04604911458
881 -0.04603611737
882 -0.04602089231
883 -0.04600307647
884 -0.04598225111
885 -0.04595793368
886 -0.04592956879
887 -0.04589651792
888 -0.0458580479
889 -0.0458133178
890 -0.04576136429
891 -0.04570108515
892 -0.04563122069
893 -0.04555033303
894 -0.0454567828
895 -0.04534870323
896 -0.04522397109
897 -0.04508017441
898 -0.04491457654
899 -0.04472407619
900 -0.04450516314
901 -0.04425386915
902 -0.04396571373
903 -0.04363564423
904 -0.04325796974
905 -0.04282628851
906 -0.04233340798
907 -0.04177125725
908 -0.04113079112
909 -0.0404018852
910 -0.03957322143
911 -0.0386321634
912 -0.03756462065
913 -0.03635490148
914 -0.03498555335
915 -0.03343719027
916 -0.03168830655
917 -0.02971507593
918 -0.02749113579
919 -0.02498735538
920 -0.02217158774
921 -0.01900840444
922 -0.01545881282
923 -0.01147995503
924 -0.007024788605
925 -0.002041748074
926 0.003525612475
927 0.009738996141
928 0.0166657592
929 0.0243793262
930 0.03295962385
931 0.04249353326
932 0.05307535976
933 0.06480731944
934 0.07780004129
935 0.09217308351
936 0.1080554623
937 0.125586191
938 0.1449148282
939 0.1662020305
940 0.1896201085
941 0.2153535829
942 0.2435997349
943 0.2745691498
944 0.3084862472
945 0.3455897939
946 0.3861333945
947 0.4303859534
948 0.478632103
949 0.5311725919
950 0.5883246254
951 0.6504221526
952 0.7178160922
953 0.79087449
954 0.8699825992
955 0.9555428774
956 1.047974891
957 1.147715117
958 1.255216644
959 1.370948741
960 1.495396324
961 1.629059267
962 1.77245159
963 1.926100496
964 2.090545248
965 2.266335897
966 2.454031841
967 2.654200212
968 2.867414095
969 3.094250571
970 3.33528858
971 3.591106612
972 3.86228022
973 4.149379354
974 4.452965533
975 4.773588849
976 5.111784808
977 5.468071035
978 5.842943825
979 6.236874579
980 6.65030612
981 7.083648916
982 7.537277225
983 8.011525172
984 8.506682798
985 9.022992082
986 9.560642976
987 10.11976947
988 10.70044574
989 11.30268232
990 11.92642246
991 12.57153864
992 13.23782917
993 13.92501507
994 14.63273723
995 15.36055372
996 16.1079375
997 16.87427447
998 17.65886179
999 18.46090669
1000 19.27952562
1001 20.11374392
1002 20.96249588
1003 21.82462535
1004 22.69888678
1005 23.58394687
1006 24.47838669
1007 25.38070437
1008 26.2893183
1009 27.20257094
1010 28.11873313
1011 29.03600896
1012 29.95254116
1013 30.86641703
1014 31.77567487
1015 32.67831086
1016 33.57228641
1017 34.45553598
1018 35.32597521
1019 36.18150944
1020 37.02004259
1021 37.83948625
1022 38.63776901
1023 39.41284596
