#53672 2910.0024292010072693 0.0045703852011083978893 1 1485 16.000049430220818044 1024 7 1 J1713+0747 0.0000000 
0 0.1426612001
1 0.1426612001
2 0.1426612001
3 0.1426612001
4 0.1426612001
5 0.1426612001
6 0.1426612001
7 0.1426612001
8 0.1426612001
9 0.1426612001
10 0.1426612001
11 0.1426612001
12 0.1426612001
13 0.1426612001
14 0.1426612001
15 0.1426612001
16 0.1426612001
17 0.1426612001
18 0.1426612001
19 0.1426612001
20 0.1426612001
21 0.1426612001
22 0.1426612001
23 0.1426612001
24 0.1426612001
25 0.1426612001
26 0.1426612001
27 0.1426612001
28 0.1426612001
29 0.1426612001
30 0.1426612001
31 0.1426612001
32 0.1426612001
33 0.1426612001
34 0.1426612001
35 0.1426612001
36 0.1426612001
37 0.1426612001
38 0.1426612001
39 0.1426612001
40 0.1426612001
41 0.1426612001
42 0.1426612001
43 0.1426612001
44 0.1426612001
45 0.1426612001
46 0.1426612001
47 0.1426612001
48 0.1426612001
49 0.1426612001
50 0.1426612001
51 0.1426612001
52 0.1426612001
53 0.1426612001
54 0.1426612001
55 0.1426612001
56 0.1426612001
57 0.1426612001
58 0.1426612001
59 0.1426612001
60 0.1426612001
61 0.1426612001
62 0.1426612001
63 0.1426612001
64 0.1426612001
65 0.1426612001
66 0.1426612001
67 0.1426612001
68 0.1426612001
69 0.1426612001
70 0.1426612001
71 0.1426612002
72 0.1426612002
73 0.1426612002
74 0.1426612003
75 0.1426612003
76 0.1426612004
77 0.1426612005
78 0.1426612006
79 0.1426612007
80 0.1426612008
81 0.142661201
82 0.1426612013
83 0.1426612016
84 0.1426612019
85 0.1426612024
86 0.142661203
87 0.1426612037
88 0.1426612046
89 0.1426612057
90 0.142661207
91 0.1426612087
92 0.1426612107
93 0.1426612132
94 0.1426612163
95 0.1426612201
96 0.1426612248
97 0.1426612305
98 0.1426612375
99 0.142661246
100 0.1426612565
101 0.1426612692
102 0.1426612848
103 0.1426613037
104 0.1426613268
105 0.1426613548
106 0.1426613888
107 0.1426614301
108 0.1426614801
109 0.1426615406
110 0.1426616139
111 0.1426617023
112 0.142661809
113 0.1426619376
114 0.1426620925
115 0.1426622788
116 0.1426625027
117 0.1426627715
118 0.1426630937
119 0.1426634797
120 0.1426639415
121 0.1426644936
122 0.1426651528
123 0.1426659391
124 0.1426668759
125 0.1426679911
126 0.142669317
127 0.1426708919
128 0.1426727605
129 0.1426749753
130 0.1426775977
131 0.1426806994
132 0.142684364
133 0.1426886893
134 0.1426937888
135 0.1426997949
136 0.1427068612
137 0.1427151661
138 0.1427249162
139 0.142736351
140 0.1427497475
141 0.1427654253
142 0.1427837536
143 0.1428051578
144 0.1428301274
145 0.1428592255
146 0.1428930985
147 0.1429324881
148 0.142978244
149 0.1430313385
150 0.143092883
151 0.1431641462
152 0.143246575
153 0.1433418169
154 0.1434517461
155 0.1435784921
156 0.1437244713
157 0.1438924222
158 0.1440854452
159 0.1443070453
160 0.1445611809
161 0.1448523162
162 0.1451854801
163 0.1455663304
164 0.1460012246
165 0.1464972976
166 0.1470625468
167 0.1477059249
168 0.1484374414
169 0.1492682735
170 0.1502108861
171 0.1512791625
172 0.1524885463
173 0.1538561943
174 0.1554011418
175 0.1571444812
176 0.1591095537
177 0.1613221549
178 0.1638107554
179 0.1666067366
180 0.1697446421
181 0.1732624451
182 0.1772018328
183 0.181608507
184 0.1865325029
185 0.1920285236
186 0.1981562934
187 0.2049809272
188 0.2125733171
189 0.2210105354
190 0.2303762536
191 0.2407611763
192 0.2522634892
193 0.2649893198
194 0.2790532099
195 0.2945785972
196 0.3116983049
197 0.3305550364
198 0.3513018731
199 0.3741027715
200 0.3991330575
201 0.4265799132
202 0.4566428534
203 0.4895341864
204 0.5254794556
205 0.5647178563
206 0.6075026222
207 0.6541013774
208 0.7047964458
209 0.7598851139
210 0.8196798392
211 0.8845083979
212 0.954713965
213 1.03065512
214 1.11270577
215 1.201254985
216 1.296706734
217 1.399479525
218 1.510005922
219 1.628731955
220 1.756116402
221 1.892629941
222 2.038754163
223 2.194980445
224 2.361808679
225 2.539745845
226 2.729304433
227 2.931000708
228 3.145352816
229 3.372878731
230 3.614094048
231 3.869509616
232 4.139629019
233 4.42494591
234 4.725941202
235 5.043080128
236 5.37680917
237 5.72755288
238 6.095710589
239 6.481653044
240 6.88571895
241 7.308211479
242 7.749394724
243 8.209490145
244 8.688673017
245 9.187068904
246 9.704750189
247 10.24173267
248 10.79797228
249 11.37336188
250 11.96772832
251 12.58082954
252 13.21235201
253 13.86190832
254 14.52903509
255 15.21319117
256 15.91375613
257 16.63002916
258 17.36122822
259 18.10648974
260 18.86486864
261 19.63533876
262 20.41679383
263 21.20804885
264 22.0078419
265 22.81483658
266 23.62762474
267 24.44472988
268 25.26461095
269 26.08566665
270 26.90624021
271 27.72462463
272 28.53906842
273 29.34778167
274 30.14894265
275 30.94070468
276 31.72120345
277 32.48856461
278 33.24091161
279 33.9763739
280 34.69309522
281 35.38924211
282 36.06301255
283 36.71264463
284 37.33642525
285 37.93269885
286 38.499876
287 39.03644186
288 39.54096456
289 40.01210323
290 40.44861583
291 40.84936669
292 41.21333359
293 41.53961453
294 41.82743398
295 42.07614873
296 42.28525309
297 42.4543837
298 42.58332361
299 42.67200582
300 42.72051623
301 42.72909587
302 42.6981425
303 42.62821157
304 42.52001645
305 42.374428
306 42.1924735
307 41.97533482
308 41.72434605
309 41.44099032
310 41.1268961
311 40.78383285
312 40.41370597
313 40.01855133
314 39.60052905
315 39.16191691
316 38.70510312
317 38.23257868
318 37.74692925
319 37.25082656
320 36.7470195
321 36.23832477
322 35.72761717
323 35.21781965
324 34.71189303
325 34.21282542
326 33.72362149
327 33.24729149
328 32.78684011
329 32.34525515
330 31.92549617
331 31.53048293
332 31.16308385
333 30.82610441
334 30.52227552
335 30.25424195
336 30.02455081
337 29.83564008
338 29.68982734
339 29.58929854
340 29.5360971
341 29.53211318
342 29.57907319
343 29.6785297
344 29.8318517
345 30.04021523
346 30.30459458
347 30.6257539
348 31.00423947
349 31.44037258
350 31.93424315
351 32.48570399
352 33.09436601
353 33.75959422
354 34.48050468
355 35.25596245
356 36.08458057
357 36.96472011
358 37.89449142
359 38.87175651
360 39.8941327
361 40.95899745
362 42.06349457
363 43.20454166
364 44.37883885
365 45.58287894
366 46.81295869
367 48.06519156
368 49.33552158
369 50.61973845
370 51.9134939
371 53.212319
372 54.51164265
373 55.80681088
374 57.09310712
375 58.36577314
376 59.62003065
377 60.85110344
378 62.05423986
379 63.22473559
380 64.35795648
381 65.44936137
382 66.49452471
383 67.48915883
384 68.42913572
385 69.31050813
386 70.1295299
387 70.88267532
388 71.56665737
389 72.17844477
390 72.71527762
391 73.17468164
392 73.55448069
393 73.85280775
394 74.06811399
395 74.19917614
396 74.24510182
397 74.20533303
398 74.07964766
399 73.86815894
400 73.57131308
401 73.18988478
402 72.724971
403 72.17798275
404 71.55063515
405 70.84493581
406 70.06317154
407 69.2078936
408 68.28190158
409 67.28822602
410 66.23010991
411 65.11098923
412 63.9344727
413 62.70432086
414 61.42442464
415 60.09878365
416 58.73148419
417 57.32667738
418 55.88855732
419 54.42133961
420 52.92924023
421 51.41645508
422 49.88714016
423 48.34539262
424 46.79523265
425 45.24058656
426 43.68527079
427 42.13297729
428 40.58725999
429 39.05152277
430 37.52900856
431 36.02279002
432 34.53576143
433 33.07063209
434 31.62992104
435 30.21595318
436 28.8308566
437 27.47656139
438 26.15479947
439 24.8671058
440 23.61482052
441 22.39909227
442 21.22088244
443 20.08097024
444 18.97995869
445 17.91828126
446 16.89620915
447 15.91385913
448 14.97120183
449 14.06807048
450 13.20416977
451 12.37908514
452 11.59229203
453 10.8431653
454 10.13098856
455 9.454963506
456 8.814219063
457 8.207820359
458 7.634777457
459 7.094053812
460 6.584574388
461 6.105233434
462 5.654901861
463 5.23243422
464 4.836675247
465 4.466465969
466 4.120649363
467 3.798075557
468 3.497606581
469 3.218120666
470 2.958516093
471 2.717714619
472 2.494664474
473 2.288342946
474 2.097758587
475 1.92195304
476 1.760002516
477 1.611018937
478 1.474150776
479 1.348583607
480 1.233540391
481 1.128281518
482 1.032104638
483 0.944344283
484 0.864371327
485 0.7915922802
486 0.7254484551
487 0.6654150151
488 0.6109999265
489 0.56174283
490 0.517213848
491 0.4770123432
492 0.4407656412
493 0.4081277299
494 0.3787779475
495 0.3524196688
496 0.3287789991
497 0.3076034841
498 0.2886608425
499 0.2717377272
500 0.2566385207
501 0.2431841689
502 0.2312110565
503 0.2205699269
504 0.2111248493
505 0.2027522334
506 0.1953398931
507 0.18878616
508 0.1829990461
509 0.1778954553
510 0.1734004438
511 0.1694465271
512 0.1659730327
513 0.1629254985
514 0.1602551122
515 0.1579181933
516 0.1558757136
517 0.1540928548
518 0.1525386016
519 0.1511853682
520 0.1500086561
521 0.1489867411
522 0.1481003877
523 0.1473325898
524 0.146668334
525 0.1460943858
526 0.1455990961
527 0.1451722263
528 0.1448047903
529 0.1444889129
530 0.1442177027
531 0.1439851374
532 0.1437859623
533 0.1436155984
534 0.1434700619
535 0.1433458912
536 0.143240083
537 0.1431500352
538 0.1430734968
539 0.1430085226
540 0.1429534347
541 0.1429067876
542 0.1428673373
543 0.1428340154
544 0.1428059052
545 0.1427822212
546 0.1427622914
547 0.1427455418
548 0.1427314825
549 0.1427196962
550 0.1427098276
551 0.1427015752
552 0.1426946828
553 0.1426889335
554 0.1426841437
555 0.1426801582
556 0.1426768462
557 0.1426740972
558 0.1426718183
559 0.1426699316
560 0.1426683714
561 0.142667083
562 0.1426660202
563 0.1426651446
564 0.1426644242
565 0.1426638322
566 0.1426633463
567 0.1426629479
568 0.1426626218
569 0.1426623552
570 0.1426621374
571 0.1426619598
572 0.142661815
573 0.1426616973
574 0.1426616016
575 0.1426615239
576 0.142661461
577 0.14266141
578 0.1426613688
579 0.1426613355
580 0.1426613086
581 0.142661287
582 0.1426612696
583 0.1426612556
584 0.1426612444
585 0.1426612354
586 0.1426612282
587 0.1426612224
588 0.1426612178
589 0.1426612141
590 0.1426612112
591 0.1426612089
592 0.142661207
593 0.1426612056
594 0.1426612044
595 0.1426612035
596 0.1426612028
597 0.1426612022
598 0.1426612017
599 0.1426612014
600 0.1426612011
601 0.1426612009
602 0.1426612007
603 0.1426612005
604 0.1426612004
605 0.1426612004
606 0.1426612003
607 0.1426612002
608 0.1426612002
609 0.1426612002
610 0.1426612001
611 0.1426612001
612 0.1426612001
613 0.1426612001
614 0.1426612001
615 0.1426612001
616 0.1426612001
617 0.1426612001
618 0.1426612001
619 0.1426612001
620 0.1426612001
621 0.1426612001
622 0.1426612001
623 0.1426612001
624 0.1426612001
625 0.1426612001
626 0.1426612001
627 0.1426612001
628 0.1426612001
629 0.1426612001
630 0.1426612001
631 0.1426612001
632 0.1426612001
633 0.1426612001
634 0.1426612001
635 0.1426612001
636 0.1426612001
637 0.1426612001
638 0.1426612001
639 0.1426612001
640 0.1426612001
641 0.1426612001
642 0.1426612001
643 0.1426612001
644 0.1426612001
645 0.1426612001
646 0.1426612001
647 0.1426612001
648 0.1426612001
649 0.1426612001
650 0.1426612001
651 0.1426612001
652 0.1426612001
653 0.1426612001
654 0.1426612001
655 0.1426612001
656 0.1426612001
657 0.1426612001
658 0.1426612001
659 0.1426612001
660 0.1426612001
661 0.1426612001
662 0.1426612001
663 0.1426612001
664 0.1426612001
665 0.1426612001
666 0.1426612001
667 0.1426612001
668 0.1426612001
669 0.1426612001
670 0.1426612001
671 0.1426612001
672 0.1426612001
673 0.1426612001
674 0.1426612001
675 0.1426612001
676 0.1426612001
677 0.1426612001
678 0.1426612001
679 0.1426612001
680 0.1426612001
681 0.1426612001
682 0.1426612001
683 0.1426612001
684 0.1426612001
685 0.1426612001
686 0.1426612001
687 0.1426612001
688 0.1426612001
689 0.1426612001
690 0.1426612001
691 0.1426612001
692 0.1426612001
693 0.1426612001
694 0.1426612001
695 0.1426612001
696 0.1426612001
697 0.1426612001
698 0.1426612001
699 0.1426612001
700 0.1426612001
701 0.1426612001
702 0.1426612001
703 0.1426612001
704 0.1426612001
705 0.1426612001
706 0.1426612001
707 0.1426612001
708 0.1426612001
709 0.1426612001
710 0.1426612001
711 0.1426612001
712 0.1426612001
713 0.1426612001
714 0.1426612001
715 0.1426612001
716 0.1426612001
717 0.1426612001
718 0.1426612001
719 0.1426612001
720 0.1426612001
721 0.1426612001
722 0.1426612001
723 0.1426612001
724 0.1426612001
725 0.1426612001
726 0.1426612001
727 0.1426612001
728 0.1426612001
729 0.1426612001
730 0.1426612001
731 0.1426612001
732 0.1426612001
733 0.1426612001
734 0.1426612001
735 0.1426612001
736 0.1426612001
737 0.1426612001
738 0.1426612001
739 0.1426612001
740 0.1426612001
741 0.1426612001
742 0.1426612001
743 0.1426612001
744 0.1426612001
745 0.1426612001
746 0.1426612001
747 0.1426612001
748 0.1426612001
749 0.1426612001
750 0.1426612001
751 0.1426612001
752 0.1426612001
753 0.1426612001
754 0.1426612001
755 0.1426612001
756 0.1426612001
757 0.1426612001
758 0.1426612001
759 0.1426612001
760 0.1426612001
761 0.1426612001
762 0.1426612001
763 0.1426612001
764 0.1426612001
765 0.1426612001
766 0.1426612001
767 0.1426612001
768 0.1426612001
769 0.1426612001
770 0.1426612001
771 0.1426612001
772 0.1426612001
773 0.1426612001
774 0.1426612001
775 0.1426612001
776 0.1426612001
777 0.1426612001
778 0.1426612001
779 0.1426612001
780 0.1426612001
781 0.1426612001
782 0.1426612001
783 0.1426612001
784 0.1426612001
785 0.1426612001
786 0.1426612001
787 0.1426612001
788 0.1426612001
789 0.1426612001
790 0.1426612001
791 0.1426612001
792 0.1426612001
793 0.1426612001
794 0.1426612001
795 0.1426612001
796 0.1426612001
797 0.1426612001
798 0.1426612001
799 0.1426612001
800 0.1426612001
801 0.1426612001
802 0.1426612001
803 0.1426612001
804 0.1426612001
805 0.1426612001
806 0.1426612001
807 0.1426612001
808 0.1426612001
809 0.1426612001
810 0.1426612001
811 0.1426612001
812 0.1426612001
813 0.1426612001
814 0.1426612001
815 0.1426612001
816 0.1426612001
817 0.1426612001
818 0.1426612001
819 0.1426612001
820 0.1426612001
821 0.1426612001
822 0.1426612001
823 0.1426612001
824 0.1426612001
825 0.1426612001
826 0.1426612001
827 0.1426612001
828 0.1426612001
829 0.1426612001
830 0.1426612001
831 0.1426612001
832 0.1426612001
833 0.1426612001
834 0.1426612001
835 0.1426612001
836 0.1426612001
837 0.1426612001
838 0.1426612001
839 0.1426612001
840 0.1426612001
841 0.1426612001
842 0.1426612001
843 0.1426612001
844 0.1426612001
845 0.1426612001
846 0.1426612001
847 0.1426612001
848 0.1426612001
849 0.1426612001
850 0.1426612001
851 0.1426612001
852 0.1426612001
853 0.1426612001
854 0.1426612001
855 0.1426612001
856 0.1426612001
857 0.1426612001
858 0.1426612001
859 0.1426612001
860 0.1426612001
861 0.1426612001
862 0.1426612001
863 0.1426612001
864 0.1426612001
865 0.1426612001
866 0.1426612001
867 0.1426612001
868 0.1426612001
869 0.1426612001
870 0.1426612001
871 0.1426612001
872 0.1426612001
873 0.1426612001
874 0.1426612001
875 0.1426612001
876 0.1426612001
877 0.1426612001
878 0.1426612001
879 0.1426612001
880 0.1426612001
881 0.1426612001
882 0.1426612001
883 0.1426612001
884 0.1426612001
885 0.1426612001
886 0.1426612001
887 0.1426612001
888 0.1426612001
889 0.1426612001
890 0.1426612001
891 0.1426612001
892 0.1426612001
893 0.1426612001
894 0.1426612001
895 0.1426612001
896 0.1426612001
897 0.1426612001
898 0.1426612001
899 0.1426612001
900 0.1426612001
901 0.1426612001
902 0.1426612001
903 0.1426612001
904 0.1426612001
905 0.1426612001
906 0.1426612001
907 0.1426612001
908 0.1426612001
909 0.1426612001
910 0.1426612001
911 0.1426612001
912 0.1426612001
913 0.1426612001
914 0.1426612001
915 0.1426612001
916 0.1426612001
917 0.1426612001
918 0.1426612001
919 0.1426612001
920 0.1426612001
921 0.1426612001
922 0.1426612001
923 0.1426612001
924 0.1426612001
925 0.1426612001
926 0.1426612001
927 0.1426612001
928 0.1426612001
929 0.1426612001
930 0.1426612001
931 0.1426612001
932 0.1426612001
933 0.1426612001
934 0.1426612001
935 0.1426612001
936 0.1426612001
937 0.1426612001
938 0.1426612001
939 0.1426612001
940 0.1426612001
941 0.1426612001
942 0.1426612001
943 0.1426612001
944 0.1426612001
945 0.1426612001
946 0.1426612001
947 0.1426612001
948 0.1426612001
949 0.1426612001
950 0.1426612001
951 0.1426612001
952 0.1426612001
953 0.1426612001
954 0.1426612001
955 0.1426612001
956 0.1426612001
957 0.1426612001
958 0.1426612001
959 0.1426612001
960 0.1426612001
961 0.1426612001
962 0.1426612001
963 0.1426612001
964 0.1426612001
965 0.1426612001
966 0.1426612001
967 0.1426612001
968 0.1426612001
969 0.1426612001
970 0.1426612001
971 0.1426612001
972 0.1426612001
973 0.1426612001
974 0.1426612001
975 0.1426612001
976 0.1426612001
977 0.1426612001
978 0.1426612001
979 0.1426612001
980 0.1426612001
981 0.1426612001
982 0.1426612001
983 0.1426612001
984 0.1426612001
985 0.1426612001
986 0.1426612001
987 0.1426612001
988 0.1426612001
989 0.1426612001
990 0.1426612001
991 0.1426612001
992 0.1426612001
993 0.1426612001
994 0.1426612001
995 0.1426612001
996 0.1426612001
997 0.1426612001
998 0.1426612001
999 0.1426612001
1000 0.1426612001
1001 0.1426612001
1002 0.1426612001
1003 0.1426612001
1004 0.1426612001
1005 0.1426612001
1006 0.1426612001
1007 0.1426612001
1008 0.1426612001
1009 0.1426612001
1010 0.1426612001
1011 0.1426612001
1012 0.1426612001
1013 0.1426612001
1014 0.1426612001
1015 0.1426612001
1016 0.1426612001
1017 0.1426612001
1018 0.1426612001
1019 0.1426612001
1020 0.1426612001
1021 0.1426612001
1022 0.1426612001
1023 0.1426612001
