#53693 2910.0017899955853542 0.0045702633151937484615 1 1477 16.000049430220818044 1024 7 1 J1713+0747 0.0000000 
0 -0.1402759567
1 -0.1402759567
2 -0.1402759567
3 -0.1402759567
4 -0.1402759567
5 -0.1402759567
6 -0.1402759567
7 -0.1402759567
8 -0.1402759567
9 -0.1402759567
10 -0.1402759567
11 -0.1402759567
12 -0.1402759567
13 -0.1402759567
14 -0.1402759567
15 -0.1402759567
16 -0.1402759567
17 -0.1402759567
18 -0.1402759567
19 -0.1402759567
20 -0.1402759567
21 -0.1402759567
22 -0.1402759567
23 -0.1402759567
24 -0.1402759567
25 -0.1402759567
26 -0.1402759567
27 -0.1402759567
28 -0.1402759567
29 -0.1402759567
30 -0.1402759567
31 -0.1402759567
32 -0.1402759567
33 -0.1402759567
34 -0.1402759567
35 -0.1402759567
36 -0.1402759567
37 -0.1402759567
38 -0.1402759567
39 -0.1402759567
40 -0.1402759567
41 -0.1402759567
42 -0.1402759567
43 -0.1402759567
44 -0.1402759567
45 -0.1402759567
46 -0.1402759567
47 -0.1402759567
48 -0.1402759567
49 -0.1402759567
50 -0.1402759567
51 -0.1402759567
52 -0.1402759567
53 -0.1402759567
54 -0.1402759567
55 -0.1402759567
56 -0.1402759567
57 -0.1402759567
58 -0.1402759567
59 -0.1402759567
60 -0.1402759567
61 -0.1402759567
62 -0.1402759567
63 -0.1402759567
64 -0.1402759567
65 -0.1402759567
66 -0.1402759567
67 -0.1402759567
68 -0.1402759567
69 -0.1402759567
70 -0.1402759567
71 -0.1402759567
72 -0.1402759567
73 -0.1402759567
74 -0.1402759567
75 -0.1402759567
76 -0.1402759567
77 -0.1402759567
78 -0.1402759567
79 -0.1402759567
80 -0.1402759567
81 -0.1402759567
82 -0.1402759567
83 -0.1402759567
84 -0.1402759567
85 -0.1402759567
86 -0.1402759567
87 -0.1402759567
88 -0.1402759567
89 -0.1402759567
90 -0.1402759567
91 -0.1402759567
92 -0.1402759567
93 -0.1402759567
94 -0.1402759567
95 -0.1402759567
96 -0.1402759567
97 -0.1402759567
98 -0.1402759567
99 -0.1402759567
100 -0.1402759567
101 -0.1402759567
102 -0.1402759567
103 -0.1402759567
104 -0.1402759567
105 -0.1402759567
106 -0.1402759567
107 -0.1402759567
108 -0.1402759567
109 -0.1402759567
110 -0.1402759567
111 -0.1402759567
112 -0.1402759567
113 -0.1402759567
114 -0.1402759567
115 -0.1402759567
116 -0.1402759567
117 -0.1402759567
118 -0.1402759567
119 -0.1402759567
120 -0.1402759567
121 -0.1402759567
122 -0.1402759567
123 -0.1402759567
124 -0.1402759567
125 -0.1402759567
126 -0.1402759567
127 -0.1402759567
128 -0.1402759567
129 -0.1402759567
130 -0.1402759567
131 -0.1402759567
132 -0.1402759567
133 -0.1402759567
134 -0.1402759567
135 -0.1402759567
136 -0.1402759567
137 -0.1402759567
138 -0.1402759566
139 -0.1402759566
140 -0.1402759566
141 -0.1402759566
142 -0.1402759566
143 -0.1402759566
144 -0.1402759566
145 -0.1402759566
146 -0.1402759566
147 -0.1402759565
148 -0.1402759565
149 -0.1402759565
150 -0.1402759564
151 -0.1402759563
152 -0.1402759563
153 -0.1402759562
154 -0.140275956
155 -0.1402759559
156 -0.1402759557
157 -0.1402759554
158 -0.1402759551
159 -0.1402759547
160 -0.1402759543
161 -0.1402759537
162 -0.1402759529
163 -0.140275952
164 -0.1402759509
165 -0.1402759495
166 -0.1402759478
167 -0.1402759457
168 -0.1402759432
169 -0.14027594
170 -0.1402759361
171 -0.1402759313
172 -0.1402759254
173 -0.1402759183
174 -0.1402759095
175 -0.1402758988
176 -0.1402758857
177 -0.1402758698
178 -0.1402758503
179 -0.1402758267
180 -0.140275798
181 -0.1402757631
182 -0.1402757208
183 -0.1402756696
184 -0.1402756075
185 -0.1402755325
186 -0.140275442
187 -0.1402753327
188 -0.140275201
189 -0.1402750425
190 -0.1402748518
191 -0.1402746227
192 -0.1402743477
193 -0.1402740181
194 -0.1402736233
195 -0.140273151
196 -0.1402725865
197 -0.1402719126
198 -0.1402711088
199 -0.1402701513
200 -0.1402690118
201 -0.140267657
202 -0.1402660482
203 -0.1402641395
204 -0.1402618776
205 -0.1402591999
206 -0.1402560334
207 -0.1402522926
208 -0.1402478781
209 -0.1402426743
210 -0.1402365462
211 -0.1402293376
212 -0.1402208668
213 -0.1402109234
214 -0.1401992636
215 -0.1401856058
216 -0.1401696246
217 -0.1401509445
218 -0.140129133
219 -0.1401036921
220 -0.1400740494
221 -0.1400395478
222 -0.1399994335
223 -0.139952843
224 -0.1398987886
225 -0.1398361411
226 -0.139763612
227 -0.1396797323
228 -0.139582829
229 -0.1394709997
230 -0.1393420831
231 -0.1391936273
232 -0.1390228537
233 -0.1388266176
234 -0.1386013638
235 -0.1383430789
236 -0.1380472366
237 -0.1377087396
238 -0.1373218537
239 -0.1368801371
240 -0.1363763614
241 -0.1358024259
242 -0.1351492642
243 -0.1344067411
244 -0.1335635415
245 -0.132607049
246 -0.131523214
247 -0.1302964111
248 -0.1289092847
249 -0.1273425826
250 -0.1255749761
251 -0.1235828672
252 -0.1213401813
253 -0.1188181456
254 -0.1159850518
255 -0.1128060032
256 -0.1092426461
257 -0.1052528841
258 -0.1007905757
259 -0.09580521468
260 -0.0902415941
261 -0.08403945196
262 -0.07713310063
263 -0.06945103929
264 -0.06091555002
265 -0.05144227829
266 -0.0409397985
267 -0.02930916573
268 -0.01644345486
269 -0.002227288683
270 0.01346364344
271 0.03076307407
272 0.04981465126
273 0.07077243437
274 0.09380138935
275 0.1190778801
276 0.1467901523
277 0.177138806
278 0.2103372523
279 0.2466121498
280 0.2862038158
281 0.3293666069
282 0.3763692632
283 0.427495211
284 0.4830428165
285 0.5433255849
286 0.6086722985
287 0.6794270858
288 0.7559494155
289 0.838614008
290 0.9278106568
291 1.023943953
292 1.127432906
293 1.238710452
294 1.358222844
295 1.486428921
296 1.623799239
297 1.770815072
298 1.927967268
299 2.095754956
300 2.274684108
301 2.46526594
302 2.668015163
303 2.883448072
304 3.112080481
305 3.354425493
306 3.610991129
307 3.882277789
308 4.168775581
309 4.4709615
310 4.789296478
311 5.124222311
312 5.476158471
313 5.845498824
314 6.232608253
315 6.637819219
316 7.061428264
317 7.503692485
318 7.964825983
319 8.444996336
320 8.944321087
321 9.462864295
322 10.00063316
323 10.55757478
324 11.13357296
325 11.72844532
326 12.34194045
327 12.97373534
328 13.6234331
329 14.29056085
330 14.974568
331 15.6748248
332 16.39062124
333 17.12116639
334 17.86558801
335 18.62293272
336 19.39216648
337 20.1721756
338 20.96176821
339 21.75967614
340 22.56455735
341 23.37499883
342 24.18952
343 25.00657654
344 25.82456479
345 26.64182659
346 27.45665451
347 28.26729769
348 29.07196791
349 29.86884625
350 30.65608996
351 31.43183984
352 32.19422779
353 32.94138472
354 33.6714487
355 34.38257328
356 35.07293599
357 35.74074691
358 36.38425737
359 37.00176861
360 37.59164043
361 38.15229977
362 38.68224911
363 39.18007477
364 39.64445488
365 40.07416719
366 40.4680964
367 40.82524132
368 41.14472143
369 41.42578309
370 41.66780526
371 41.87030469
372 42.03294048
373 42.15551818
374 42.23799322
375 42.28047368
376 42.28322247
377 42.24665883
378 42.17135914
379 42.05805712
380 41.90764324
381 41.7211636
382 41.499818
383 41.24495743
384 40.95808089
385 40.64083157
386 40.29499239
387 39.92248098
388 39.52534402
389 39.1057511
390 38.66598796
391 38.20844928
392 37.73563099
393 37.25012206
394 36.75459599
395 36.25180176
396 35.74455452
397 35.23572586
398 34.72823388
399 34.22503284
400 33.72910267
401 33.24343819
402 32.77103817
403 32.31489417
404 31.87797932
405 31.4632369
406 31.07356887
407 30.71182434
408 30.38078805
409 30.08316873
410 29.82158764
411 29.59856702
412 29.4165188
413 29.27773326
414 29.18436799
415 29.13843697
416 29.14179996
417 29.1961521
418 29.30301392
419 29.46372162
420 29.67941792
421 29.95104324
422 30.27932751
423 30.66478256
424 31.10769507
425 31.60812034
426 32.16587672
427 32.78054092
428 33.4514442
429 34.1776694
430 34.95804915
431 35.7911649
432 36.67534722
433 37.60867719
434 38.58898891
435 39.61387336
436 40.6806834
437 41.78654011
438 42.92834042
439 44.102766
440 45.30629356
441 46.53520627
442 47.78560664
443 49.05343053
444 50.33446237
445 51.6243516
446 52.91863008
447 54.21273066
448 55.50200653
449 56.78175154
450 58.04722114
451 59.29365401
452 60.51629416
453 61.71041338
454 62.87133392
455 63.99445131
456 65.075257
457 66.10936091
458 67.09251353
459 68.02062753
460 68.88979866
461 69.69632593
462 70.43673065
463 71.10777453
464 71.7064764
465 72.23012764
466 72.67630606
467 73.04288824
468 73.32806011
469 73.53032581
470 73.64851469
471 73.68178638
472 73.62963396
473 73.49188518
474 73.26870165
475 72.96057614
476 72.56832792
477 72.09309617
478 71.53633162
479 70.89978639
480 70.18550209
481 69.39579645
482 68.53324838
483 67.60068171
484 66.60114771
485 65.53790653
486 64.41440765
487 63.23426964
488 62.00125921
489 60.71926982
490 59.39229997
491 58.02443137
492 56.61980708
493 55.18260983
494 53.71704063
495 52.22729789
496 50.71755705
497 49.19195097
498 47.65455118
499 46.10935006
500 44.56024397
501 43.01101767
502 41.46532982
503 39.92669976
504 38.39849564
505 36.88392387
506 35.38601991
507 33.90764051
508 32.45145725
509 31.01995154
510 29.61541088
511 28.23992651
512 26.89539225
513 25.58350465
514 24.30576426
515 23.063478
516 21.85776254
517 20.68954872
518 19.55958669
519 18.46845203
520 17.41655241
521 16.40413497
522 15.43129418
523 14.49798019
524 13.60400752
525 12.749064
526 11.93272
527 11.15443768
528 10.41358035
529 9.70942181
530 9.041155574
531 8.407903992
532 7.808727149
533 7.242631528
534 6.708578383
535 6.205491782
536 5.732266293
537 5.287774281
538 4.870872794
539 4.48041002
540 4.115231307
541 3.774184734
542 3.456126225
543 3.159924215
544 2.884463869
545 2.628650855
546 2.39141469
547 2.171711663
548 1.968527363
549 1.780878812
550 1.607816234
551 1.448424477
552 1.301824107
553 1.167172203
554 1.043662859
555 0.9305274368
556 0.8270345746
557 0.732489985
558 0.6462360575
559 0.5676512898
560 0.4961495688
561 0.4311793196
562 0.3722225435
563 0.3187937601
564 0.2704388736
565 0.2267339763
566 0.1872841059
567 0.1517219684
568 0.1197066406
569 0.09092226202
570 0.06507672639
571 0.04190038291
572 0.02114475358
573 0.002581274345
574 -0.01399993415
575 -0.02879126131
576 -0.04196876259
577 -0.05369327337
578 -0.06411147817
579 -0.07335693303
580 -0.08155103988
581 -0.08880397186
582 -0.09521554951
583 -0.1008760676
584 -0.1058670735
585 -0.1102620971
586 -0.1141273348
587 -0.1175222866
588 -0.1205003508
589 -0.1231093748
590 -0.1253921661
591 -0.1273869644
592 -0.1291278769
593 -0.1306452787
594 -0.1319661801
595 -0.1331145634
596 -0.1341116905
597 -0.1349763829
598 -0.1357252778
599 -0.1363730594
600 -0.136932669
601 -0.1374154954
602 -0.1378315465
603 -0.1381896037
604 -0.1384973613
605 -0.1387615509
606 -0.1389880541
607 -0.1391820016
608 -0.1393478634
609 -0.1394895278
610 -0.1396103725
611 -0.1397133275
612 -0.1398009309
613 -0.1398753781
614 -0.1399385653
615 -0.1399921282
616 -0.1400374757
617 -0.1400758198
618 -0.1401082014
619 -0.1401355134
620 -0.1401585207
621 -0.1401778774
622 -0.1401941424
623 -0.1402077924
624 -0.1402192336
625 -0.1402288113
626 -0.1402368191
627 -0.140243506
628 -0.1402490828
629 -0.1402537281
630 -0.1402575926
631 -0.1402608036
632 -0.1402634682
633 -0.1402656766
634 -0.1402675048
635 -0.1402690162
636 -0.1402702642
637 -0.1402712934
638 -0.1402721412
639 -0.1402728386
640 -0.1402734116
641 -0.1402738818
642 -0.1402742672
643 -0.1402745826
644 -0.1402748405
645 -0.1402750511
646 -0.1402752229
647 -0.1402753627
648 -0.1402754765
649 -0.140275569
650 -0.140275644
651 -0.1402757049
652 -0.1402757541
653 -0.1402757939
654 -0.140275826
655 -0.1402758519
656 -0.1402758728
657 -0.1402758896
658 -0.1402759031
659 -0.140275914
660 -0.1402759226
661 -0.1402759296
662 -0.1402759351
663 -0.1402759396
664 -0.1402759431
665 -0.1402759459
666 -0.1402759482
667 -0.14027595
668 -0.1402759514
669 -0.1402759525
670 -0.1402759534
671 -0.1402759541
672 -0.1402759546
673 -0.1402759551
674 -0.1402759554
675 -0.1402759557
676 -0.1402759559
677 -0.1402759561
678 -0.1402759562
679 -0.1402759563
680 -0.1402759564
681 -0.1402759564
682 -0.1402759565
683 -0.1402759565
684 -0.1402759566
685 -0.1402759566
686 -0.1402759566
687 -0.1402759566
688 -0.1402759566
689 -0.1402759566
690 -0.1402759566
691 -0.1402759566
692 -0.1402759567
693 -0.1402759567
694 -0.1402759567
695 -0.1402759567
696 -0.1402759567
697 -0.1402759567
698 -0.1402759567
699 -0.1402759567
700 -0.1402759567
701 -0.1402759567
702 -0.1402759567
703 -0.1402759567
704 -0.1402759567
705 -0.1402759567
706 -0.1402759567
707 -0.1402759567
708 -0.1402759567
709 -0.1402759567
710 -0.1402759567
711 -0.1402759567
712 -0.1402759567
713 -0.1402759567
714 -0.1402759567
715 -0.1402759567
716 -0.1402759567
717 -0.1402759567
718 -0.1402759567
719 -0.1402759567
720 -0.1402759567
721 -0.1402759567
722 -0.1402759567
723 -0.1402759567
724 -0.1402759567
725 -0.1402759567
726 -0.1402759567
727 -0.1402759567
728 -0.1402759567
729 -0.1402759567
730 -0.1402759567
731 -0.1402759567
732 -0.1402759567
733 -0.1402759567
734 -0.1402759567
735 -0.1402759567
736 -0.1402759567
737 -0.1402759567
738 -0.1402759567
739 -0.1402759567
740 -0.1402759567
741 -0.1402759567
742 -0.1402759567
743 -0.1402759567
744 -0.1402759567
745 -0.1402759567
746 -0.1402759567
747 -0.1402759567
748 -0.1402759567
749 -0.1402759567
750 -0.1402759567
751 -0.1402759567
752 -0.1402759567
753 -0.1402759567
754 -0.1402759567
755 -0.1402759567
756 -0.1402759567
757 -0.1402759567
758 -0.1402759567
759 -0.1402759567
760 -0.1402759567
761 -0.1402759567
762 -0.1402759567
763 -0.1402759567
764 -0.1402759567
765 -0.1402759567
766 -0.1402759567
767 -0.1402759567
768 -0.1402759567
769 -0.1402759567
770 -0.1402759567
771 -0.1402759567
772 -0.1402759567
773 -0.1402759567
774 -0.1402759567
775 -0.1402759567
776 -0.1402759567
777 -0.1402759567
778 -0.1402759567
779 -0.1402759567
780 -0.1402759567
781 -0.1402759567
782 -0.1402759567
783 -0.1402759567
784 -0.1402759567
785 -0.1402759567
786 -0.1402759567
787 -0.1402759567
788 -0.1402759567
789 -0.1402759567
790 -0.1402759567
791 -0.1402759567
792 -0.1402759567
793 -0.1402759567
794 -0.1402759567
795 -0.1402759567
796 -0.1402759567
797 -0.1402759567
798 -0.1402759567
799 -0.1402759567
800 -0.1402759567
801 -0.1402759567
802 -0.1402759567
803 -0.1402759567
804 -0.1402759567
805 -0.1402759567
806 -0.1402759567
807 -0.1402759567
808 -0.1402759567
809 -0.1402759567
810 -0.1402759567
811 -0.1402759567
812 -0.1402759567
813 -0.1402759567
814 -0.1402759567
815 -0.1402759567
816 -0.1402759567
817 -0.1402759567
818 -0.1402759567
819 -0.1402759567
820 -0.1402759567
821 -0.1402759567
822 -0.1402759567
823 -0.1402759567
824 -0.1402759567
825 -0.1402759567
826 -0.1402759567
827 -0.1402759567
828 -0.1402759567
829 -0.1402759567
830 -0.1402759567
831 -0.1402759567
832 -0.1402759567
833 -0.1402759567
834 -0.1402759567
835 -0.1402759567
836 -0.1402759567
837 -0.1402759567
838 -0.1402759567
839 -0.1402759567
840 -0.1402759567
841 -0.1402759567
842 -0.1402759567
843 -0.1402759567
844 -0.1402759567
845 -0.1402759567
846 -0.1402759567
847 -0.1402759567
848 -0.1402759567
849 -0.1402759567
850 -0.1402759567
851 -0.1402759567
852 -0.1402759567
853 -0.1402759567
854 -0.1402759567
855 -0.1402759567
856 -0.1402759567
857 -0.1402759567
858 -0.1402759567
859 -0.1402759567
860 -0.1402759567
861 -0.1402759567
862 -0.1402759567
863 -0.1402759567
864 -0.1402759567
865 -0.1402759567
866 -0.1402759567
867 -0.1402759567
868 -0.1402759567
869 -0.1402759567
870 -0.1402759567
871 -0.1402759567
872 -0.1402759567
873 -0.1402759567
874 -0.1402759567
875 -0.1402759567
876 -0.1402759567
877 -0.1402759567
878 -0.1402759567
879 -0.1402759567
880 -0.1402759567
881 -0.1402759567
882 -0.1402759567
883 -0.1402759567
884 -0.1402759567
885 -0.1402759567
886 -0.1402759567
887 -0.1402759567
888 -0.1402759567
889 -0.1402759567
890 -0.1402759567
891 -0.1402759567
892 -0.1402759567
893 -0.1402759567
894 -0.1402759567
895 -0.1402759567
896 -0.1402759567
897 -0.1402759567
898 -0.1402759567
899 -0.1402759567
900 -0.1402759567
901 -0.1402759567
902 -0.1402759567
903 -0.1402759567
904 -0.1402759567
905 -0.1402759567
906 -0.1402759567
907 -0.1402759567
908 -0.1402759567
909 -0.1402759567
910 -0.1402759567
911 -0.1402759567
912 -0.1402759567
913 -0.1402759567
914 -0.1402759567
915 -0.1402759567
916 -0.1402759567
917 -0.1402759567
918 -0.1402759567
919 -0.1402759567
920 -0.1402759567
921 -0.1402759567
922 -0.1402759567
923 -0.1402759567
924 -0.1402759567
925 -0.1402759567
926 -0.1402759567
927 -0.1402759567
928 -0.1402759567
929 -0.1402759567
930 -0.1402759567
931 -0.1402759567
932 -0.1402759567
933 -0.1402759567
934 -0.1402759567
935 -0.1402759567
936 -0.1402759567
937 -0.1402759567
938 -0.1402759567
939 -0.1402759567
940 -0.1402759567
941 -0.1402759567
942 -0.1402759567
943 -0.1402759567
944 -0.1402759567
945 -0.1402759567
946 -0.1402759567
947 -0.1402759567
948 -0.1402759567
949 -0.1402759567
950 -0.1402759567
951 -0.1402759567
952 -0.1402759567
953 -0.1402759567
954 -0.1402759567
955 -0.1402759567
956 -0.1402759567
957 -0.1402759567
958 -0.1402759567
959 -0.1402759567
960 -0.1402759567
961 -0.1402759567
962 -0.1402759567
963 -0.1402759567
964 -0.1402759567
965 -0.1402759567
966 -0.1402759567
967 -0.1402759567
968 -0.1402759567
969 -0.1402759567
970 -0.1402759567
971 -0.1402759567
972 -0.1402759567
973 -0.1402759567
974 -0.1402759567
975 -0.1402759567
976 -0.1402759567
977 -0.1402759567
978 -0.1402759567
979 -0.1402759567
980 -0.1402759567
981 -0.1402759567
982 -0.1402759567
983 -0.1402759567
984 -0.1402759567
985 -0.1402759567
986 -0.1402759567
987 -0.1402759567
988 -0.1402759567
989 -0.1402759567
990 -0.1402759567
991 -0.1402759567
992 -0.1402759567
993 -0.1402759567
994 -0.1402759567
995 -0.1402759567
996 -0.1402759567
997 -0.1402759567
998 -0.1402759567
999 -0.1402759567
1000 -0.1402759567
1001 -0.1402759567
1002 -0.1402759567
1003 -0.1402759567
1004 -0.1402759567
1005 -0.1402759567
1006 -0.1402759567
1007 -0.1402759567
1008 -0.1402759567
1009 -0.1402759567
1010 -0.1402759567
1011 -0.1402759567
1012 -0.1402759567
1013 -0.1402759567
1014 -0.1402759567
1015 -0.1402759567
1016 -0.1402759567
1017 -0.1402759567
1018 -0.1402759567
1019 -0.1402759567
1020 -0.1402759567
1021 -0.1402759567
1022 -0.1402759567
1023 -0.1402759567
