#53781 2910.0044776826095736 0.0045697726277535337738 1 1429 16.000049430220818044 1024 7 1 J1713+0747 0.0000000 
0 4.18793651
1 4.470434045
2 4.768734344
3 5.083329864
4 5.414696114
5 5.763288462
6 6.129538821
7 6.513852241
8 6.916603404
9 7.338133056
10 7.778744382
11 8.238699347
12 8.71821503
13 9.217459958
14 9.736550487
15 10.27554723
16 10.83445157
17 11.41320232
18 12.01167244
19 12.62966603
20 13.26691543
21 13.92307862
22 14.59773677
23 15.29039221
24 16.00046663
25 16.72729958
26 17.47014743
27 18.22818268
28 19.00049363
29 19.78608456
30 20.58387633
31 21.39270744
32 22.21133556
33 23.03843963
34 23.87262232
35 24.71241316
36 25.55627206
37 26.40259336
38 27.24971044
39 28.09590073
40 28.93939125
41 29.77836462
42 30.61096547
43 31.43530732
44 32.24947976
45 33.0515561
46 33.83960125
47 34.61167993
48 35.36586513
49 36.10024673
50 36.81294033
51 37.50209614
52 38.165908
53 38.8026223
54 39.410547
55 39.98806046
56 40.53362012
57 41.0457711
58 41.52315442
59 41.96451502
60 42.36870939
61 42.73471286
62 43.0616264
63 43.34868303
64 43.59525359
65 43.80085216
66 43.96514067
67 44.08793313
68 44.16919902
69 44.20906622
70 44.20782311
71 44.16592009
72 44.08397036
73 43.96275
74 43.80319737
75 43.60641182
76 43.37365164
77 43.10633139
78 42.80601857
79 42.47442954
80 42.11342489
81 41.72500416
82 41.31129992
83 40.87457134
84 40.41719717
85 39.9416682
86 39.45057925
87 38.94662063
88 38.43256926
89 37.91127929
90 37.38567241
91 36.85872775
92 36.33347152
93 35.81296633
94 35.30030027
95 34.7985757
96 34.31089795
97 33.84036373
98 33.39004946
99 32.96299948
100 32.56221416
101 32.19063795
102 31.85114738
103 31.54653915
104 31.27951812
105 31.05268547
106 30.86852693
107 30.72940113
108 30.63752811
109 30.59497811
110 30.60366055
111 30.66531333
112 30.78149247
113 30.95356218
114 31.18268531
115 31.46981438
116 31.81568308
117 32.22079848
118 32.68543381
119 33.20962207
120 33.79315033
121 34.43555502
122 35.13611798
123 35.89386359
124 36.70755694
125 37.57570298
126 38.49654695
127 39.46807589
128 40.48802145
129 41.55386391
130 42.6628376
131 43.81193752
132 44.99792738
133 46.21734901
134 47.46653306
135 48.74161107
136 50.03852886
137 51.35306115
138 52.68082755
139 54.01730957
140 55.35786887
141 56.6977665
142 58.03218311
143 59.35624001
144 60.66502096
145 61.95359463
146 63.2170375
147 64.45045715
148 65.64901583
149 66.80795396
150 67.92261368
151 68.98846212
152 70.00111424
153 70.95635514
154 71.85016169
155 72.67872322
156 73.43846125
157 74.12604802
158 74.73842373
159 75.27281231
160 75.72673571
161 76.09802644
162 76.38483837
163 76.58565576
164 76.69930021
165 76.72493584
166 76.66207228
167 76.51056575
168 76.27061806
169 75.94277354
170 75.52791406
171 75.02725205
172 74.44232157
173 73.77496764
174 73.02733381
175 72.20184808
176 71.30120729
177 70.3283602
178 69.28648921
179 68.17899106
180 67.00945653
181 65.78164933
182 64.4994844
183 63.16700573
184 61.78836382
185 60.36779307
186 58.90958919
187 57.41808671
188 55.89763693
189 54.35258629
190 52.78725541
191 51.20591883
192 49.61278567
193 48.01198128
194 46.40752995
195 44.80333878
196 43.2031829
197 41.61069184
198 40.02933742
199 38.46242292
200 36.91307374
201 35.38422947
202 33.87863735
203 32.39884723
204 30.94720785
205 29.52586449
206 28.136758
207 26.78162496
208 25.4619992
209 24.17921429
210 22.93440725
211 21.72852307
212 20.56232029
213 19.43637728
214 18.35109925
215 17.30672597
216 16.30333996
217 15.34087514
218 14.4191259
219 13.53775638
220 12.69631
221 11.89421912
222 11.13081469
223 10.40533591
224 9.716939786
225 9.064710575
226 8.447668947
227 7.864780945
228 7.314966619
229 6.797108324
230 6.310058637
231 5.852647873
232 5.423691172
233 5.021995145
234 4.646364058
235 4.295605553
236 3.968535903
237 3.663984794
238 3.380799649
239 3.117849488
240 2.874028353
241 2.648258292
242 2.439491933
243 2.246714655
244 2.068946387
245 1.90524304
246 1.754697614
247 1.616440985
248 1.489642399
249 1.373509709
250 1.267289362
251 1.170266166
252 1.081762859
253 1.001139508
254 0.9277927443
255 0.8611548747
256 0.8006928712
257 0.7459072684
258 0.6963309817
259 0.651528063
260 0.6110924092
261 0.5746464377
262 0.5418397401
263 0.5123477276
264 0.4858702771
265 0.4621303861
266 0.440872848
267 0.4218629501
268 0.4048852047
269 0.3897421151
270 0.3762529831
271 0.3642527596
272 0.3535909424
273 0.3441305218
274 0.3357469775
275 0.3283273244
276 0.3217692111
277 0.315980068
278 0.3108763071
279 0.30638257
280 0.3024310251
281 0.298960712
282 0.2959169304
283 0.2932506739
284 0.2909181046
285 0.2888800684
286 0.2871016479
287 0.2855517513
288 0.2842027349
289 0.2830300577
290 0.2820119662
291 0.2811292057
292 0.2803647595
293 0.2797036102
294 0.2791325247
295 0.2786398594
296 0.2782153838
297 0.2778501226
298 0.2775362128
299 0.2772667758
300 0.277035803
301 0.2768380532
302 0.2766689611
303 0.2765245559
304 0.2764013886
305 0.276296468
306 0.2762072034
307 0.276131354
308 0.2760669848
309 0.2760124267
310 0.2759662424
311 0.2759271957
312 0.2758942249
313 0.2758664194
314 0.2758429994
315 0.2758232979
316 0.2758067452
317 0.2757928554
318 0.2757812148
319 0.2757714713
320 0.275763326
321 0.2757565251
322 0.2757508539
323 0.2757461306
324 0.2757422016
325 0.2757389376
326 0.2757362292
327 0.2757339848
328 0.2757321271
329 0.2757305914
330 0.2757293236
331 0.2757282781
332 0.2757274171
333 0.2757267088
334 0.275726127
335 0.2757256496
336 0.2757252584
337 0.2757249382
338 0.2757246764
339 0.2757244627
340 0.2757242885
341 0.2757241465
342 0.2757240311
343 0.2757239373
344 0.2757238612
345 0.2757237996
346 0.2757237496
347 0.2757237093
348 0.2757236767
349 0.2757236504
350 0.2757236293
351 0.2757236123
352 0.2757235986
353 0.2757235876
354 0.2757235788
355 0.2757235718
356 0.2757235662
357 0.2757235617
358 0.2757235581
359 0.2757235552
360 0.275723553
361 0.2757235512
362 0.2757235497
363 0.2757235486
364 0.2757235477
365 0.275723547
366 0.2757235464
367 0.275723546
368 0.2757235456
369 0.2757235454
370 0.2757235451
371 0.275723545
372 0.2757235448
373 0.2757235447
374 0.2757235447
375 0.2757235446
376 0.2757235446
377 0.2757235445
378 0.2757235445
379 0.2757235445
380 0.2757235444
381 0.2757235444
382 0.2757235444
383 0.2757235444
384 0.2757235444
385 0.2757235444
386 0.2757235444
387 0.2757235444
388 0.2757235444
389 0.2757235444
390 0.2757235444
391 0.2757235444
392 0.2757235444
393 0.2757235444
394 0.2757235444
395 0.2757235444
396 0.2757235444
397 0.2757235444
398 0.2757235444
399 0.2757235444
400 0.2757235444
401 0.2757235444
402 0.2757235444
403 0.2757235444
404 0.2757235444
405 0.2757235444
406 0.2757235444
407 0.2757235444
408 0.2757235444
409 0.2757235444
410 0.2757235444
411 0.2757235444
412 0.2757235444
413 0.2757235444
414 0.2757235444
415 0.2757235444
416 0.2757235444
417 0.2757235444
418 0.2757235444
419 0.2757235444
420 0.2757235444
421 0.2757235444
422 0.2757235444
423 0.2757235444
424 0.2757235444
425 0.2757235444
426 0.2757235444
427 0.2757235444
428 0.2757235444
429 0.2757235444
430 0.2757235444
431 0.2757235444
432 0.2757235444
433 0.2757235444
434 0.2757235444
435 0.2757235444
436 0.2757235444
437 0.2757235444
438 0.2757235444
439 0.2757235444
440 0.2757235444
441 0.2757235444
442 0.2757235444
443 0.2757235444
444 0.2757235444
445 0.2757235444
446 0.2757235444
447 0.2757235444
448 0.2757235444
449 0.2757235444
450 0.2757235444
451 0.2757235444
452 0.2757235444
453 0.2757235444
454 0.2757235444
455 0.2757235444
456 0.2757235444
457 0.2757235444
458 0.2757235444
459 0.2757235444
460 0.2757235444
461 0.2757235444
462 0.2757235444
463 0.2757235444
464 0.2757235444
465 0.2757235444
466 0.2757235444
467 0.2757235444
468 0.2757235444
469 0.2757235444
470 0.2757235444
471 0.2757235444
472 0.2757235444
473 0.2757235444
474 0.2757235444
475 0.2757235444
476 0.2757235444
477 0.2757235444
478 0.2757235444
479 0.2757235444
480 0.2757235444
481 0.2757235444
482 0.2757235444
483 0.2757235444
484 0.2757235444
485 0.2757235444
486 0.2757235444
487 0.2757235444
488 0.2757235444
489 0.2757235444
490 0.2757235444
491 0.2757235444
492 0.2757235444
493 0.2757235444
494 0.2757235444
495 0.2757235444
496 0.2757235444
497 0.2757235444
498 0.2757235444
499 0.2757235444
500 0.2757235444
501 0.2757235444
502 0.2757235444
503 0.2757235444
504 0.2757235444
505 0.2757235444
506 0.2757235444
507 0.2757235444
508 0.2757235444
509 0.2757235444
510 0.2757235444
511 0.2757235444
512 0.2757235444
513 0.2757235444
514 0.2757235444
515 0.2757235444
516 0.2757235444
517 0.2757235444
518 0.2757235444
519 0.2757235444
520 0.2757235444
521 0.2757235444
522 0.2757235444
523 0.2757235444
524 0.2757235444
525 0.2757235444
526 0.2757235444
527 0.2757235444
528 0.2757235444
529 0.2757235444
530 0.2757235444
531 0.2757235444
532 0.2757235444
533 0.2757235444
534 0.2757235444
535 0.2757235444
536 0.2757235444
537 0.2757235444
538 0.2757235444
539 0.2757235444
540 0.2757235444
541 0.2757235444
542 0.2757235444
543 0.2757235444
544 0.2757235444
545 0.2757235444
546 0.2757235444
547 0.2757235444
548 0.2757235444
549 0.2757235444
550 0.2757235444
551 0.2757235444
552 0.2757235444
553 0.2757235444
554 0.2757235444
555 0.2757235444
556 0.2757235444
557 0.2757235444
558 0.2757235444
559 0.2757235444
560 0.2757235444
561 0.2757235444
562 0.2757235444
563 0.2757235444
564 0.2757235444
565 0.2757235444
566 0.2757235444
567 0.2757235444
568 0.2757235444
569 0.2757235444
570 0.2757235444
571 0.2757235444
572 0.2757235444
573 0.2757235444
574 0.2757235444
575 0.2757235444
576 0.2757235444
577 0.2757235444
578 0.2757235444
579 0.2757235444
580 0.2757235444
581 0.2757235444
582 0.2757235444
583 0.2757235444
584 0.2757235444
585 0.2757235444
586 0.2757235444
587 0.2757235444
588 0.2757235444
589 0.2757235444
590 0.2757235444
591 0.2757235444
592 0.2757235444
593 0.2757235444
594 0.2757235444
595 0.2757235444
596 0.2757235444
597 0.2757235444
598 0.2757235444
599 0.2757235444
600 0.2757235444
601 0.2757235444
602 0.2757235444
603 0.2757235444
604 0.2757235444
605 0.2757235444
606 0.2757235444
607 0.2757235444
608 0.2757235444
609 0.2757235444
610 0.2757235444
611 0.2757235444
612 0.2757235444
613 0.2757235444
614 0.2757235444
615 0.2757235444
616 0.2757235444
617 0.2757235444
618 0.2757235444
619 0.2757235444
620 0.2757235444
621 0.2757235444
622 0.2757235444
623 0.2757235444
624 0.2757235444
625 0.2757235444
626 0.2757235444
627 0.2757235444
628 0.2757235444
629 0.2757235444
630 0.2757235444
631 0.2757235444
632 0.2757235444
633 0.2757235444
634 0.2757235444
635 0.2757235444
636 0.2757235444
637 0.2757235444
638 0.2757235444
639 0.2757235444
640 0.2757235444
641 0.2757235444
642 0.2757235444
643 0.2757235444
644 0.2757235444
645 0.2757235444
646 0.2757235444
647 0.2757235444
648 0.2757235444
649 0.2757235444
650 0.2757235444
651 0.2757235444
652 0.2757235444
653 0.2757235444
654 0.2757235444
655 0.2757235444
656 0.2757235444
657 0.2757235444
658 0.2757235444
659 0.2757235444
660 0.2757235444
661 0.2757235444
662 0.2757235444
663 0.2757235444
664 0.2757235444
665 0.2757235444
666 0.2757235444
667 0.2757235444
668 0.2757235444
669 0.2757235444
670 0.2757235444
671 0.2757235444
672 0.2757235444
673 0.2757235444
674 0.2757235444
675 0.2757235444
676 0.2757235444
677 0.2757235444
678 0.2757235444
679 0.2757235444
680 0.2757235444
681 0.2757235444
682 0.2757235444
683 0.2757235444
684 0.2757235444
685 0.2757235444
686 0.2757235444
687 0.2757235444
688 0.2757235444
689 0.2757235444
690 0.2757235444
691 0.2757235444
692 0.2757235444
693 0.2757235444
694 0.2757235444
695 0.2757235444
696 0.2757235444
697 0.2757235444
698 0.2757235444
699 0.2757235444
700 0.2757235444
701 0.2757235444
702 0.2757235444
703 0.2757235444
704 0.2757235444
705 0.2757235444
706 0.2757235444
707 0.2757235444
708 0.2757235444
709 0.2757235444
710 0.2757235444
711 0.2757235444
712 0.2757235444
713 0.2757235444
714 0.2757235444
715 0.2757235444
716 0.2757235444
717 0.2757235444
718 0.2757235444
719 0.2757235444
720 0.2757235444
721 0.2757235444
722 0.2757235444
723 0.2757235444
724 0.2757235444
725 0.2757235444
726 0.2757235444
727 0.2757235444
728 0.2757235444
729 0.2757235444
730 0.2757235444
731 0.2757235444
732 0.2757235444
733 0.2757235444
734 0.2757235444
735 0.2757235444
736 0.2757235444
737 0.2757235444
738 0.2757235444
739 0.2757235444
740 0.2757235444
741 0.2757235444
742 0.2757235444
743 0.2757235444
744 0.2757235444
745 0.2757235444
746 0.2757235444
747 0.2757235444
748 0.2757235444
749 0.2757235444
750 0.2757235444
751 0.2757235444
752 0.2757235444
753 0.2757235444
754 0.2757235444
755 0.2757235444
756 0.2757235444
757 0.2757235444
758 0.2757235444
759 0.2757235444
760 0.2757235444
761 0.2757235444
762 0.2757235444
763 0.2757235444
764 0.2757235444
765 0.2757235444
766 0.2757235444
767 0.2757235444
768 0.2757235444
769 0.2757235444
770 0.2757235444
771 0.2757235444
772 0.2757235444
773 0.2757235444
774 0.2757235444
775 0.2757235444
776 0.2757235444
777 0.2757235444
778 0.2757235444
779 0.2757235444
780 0.2757235444
781 0.2757235444
782 0.2757235444
783 0.2757235444
784 0.2757235444
785 0.2757235444
786 0.2757235444
787 0.2757235444
788 0.2757235444
789 0.2757235444
790 0.2757235444
791 0.2757235444
792 0.2757235444
793 0.2757235444
794 0.2757235444
795 0.2757235444
796 0.2757235444
797 0.2757235444
798 0.2757235444
799 0.2757235444
800 0.2757235444
801 0.2757235444
802 0.2757235444
803 0.2757235444
804 0.2757235444
805 0.2757235444
806 0.2757235444
807 0.2757235444
808 0.2757235444
809 0.2757235444
810 0.2757235444
811 0.2757235444
812 0.2757235444
813 0.2757235444
814 0.2757235444
815 0.2757235444
816 0.2757235444
817 0.2757235444
818 0.2757235444
819 0.2757235444
820 0.2757235444
821 0.2757235444
822 0.2757235444
823 0.2757235444
824 0.2757235444
825 0.2757235444
826 0.2757235444
827 0.2757235444
828 0.2757235444
829 0.2757235444
830 0.2757235444
831 0.2757235444
832 0.2757235444
833 0.2757235444
834 0.2757235444
835 0.2757235444
836 0.2757235444
837 0.2757235444
838 0.2757235444
839 0.2757235444
840 0.2757235444
841 0.2757235444
842 0.2757235444
843 0.2757235444
844 0.2757235444
845 0.2757235444
846 0.2757235444
847 0.2757235444
848 0.2757235444
849 0.2757235444
850 0.2757235444
851 0.2757235444
852 0.2757235444
853 0.2757235444
854 0.2757235444
855 0.2757235444
856 0.2757235444
857 0.2757235444
858 0.2757235444
859 0.2757235444
860 0.2757235444
861 0.2757235444
862 0.2757235444
863 0.2757235445
864 0.2757235445
865 0.2757235445
866 0.2757235445
867 0.2757235446
868 0.2757235446
869 0.2757235447
870 0.2757235448
871 0.2757235449
872 0.2757235451
873 0.2757235452
874 0.2757235454
875 0.2757235457
876 0.275723546
877 0.2757235464
878 0.2757235469
879 0.2757235476
880 0.2757235483
881 0.2757235493
882 0.2757235505
883 0.2757235519
884 0.2757235537
885 0.2757235559
886 0.2757235587
887 0.275723562
888 0.2757235661
889 0.2757235712
890 0.2757235774
891 0.275723585
892 0.2757235942
893 0.2757236056
894 0.2757236194
895 0.2757236362
896 0.2757236567
897 0.2757236817
898 0.275723712
899 0.2757237488
900 0.2757237935
901 0.2757238476
902 0.2757239131
903 0.2757239922
904 0.2757240878
905 0.2757242031
906 0.275724342
907 0.2757245093
908 0.2757247104
909 0.275724952
910 0.275725242
911 0.2757255896
912 0.2757260059
913 0.2757265038
914 0.2757270989
915 0.2757278092
916 0.2757286563
917 0.2757296653
918 0.2757308661
919 0.2757322934
920 0.2757339883
921 0.2757359989
922 0.2757383812
923 0.2757412013
924 0.2757445358
925 0.2757484746
926 0.2757531222
927 0.2757586004
928 0.2757650507
929 0.2757726377
930 0.2757815522
931 0.2757920153
932 0.2758042831
933 0.2758186517
934 0.2758354628
935 0.2758551108
936 0.2758780502
937 0.2759048037
938 0.2759359724
939 0.2759722464
940 0.2760144169
941 0.2760633903
942 0.2761202034
943 0.2761860411
944 0.2762622554
945 0.2763503878
946 0.2764521931
947 0.2765696669
948 0.276705076
949 0.2768609917
950 0.2770403275
951 0.2772463804
952 0.2774828772
953 0.2777540248
954 0.2780645667
955 0.2784198447
956 0.2788258668
957 0.2792893819
958 0.2798179618
959 0.280420091
960 0.2811052646
961 0.2818840952
962 0.2827684297
963 0.2837714757
964 0.2849079393
965 0.2861941738
966 0.2876483411
967 0.2892905852
968 0.2911432198
969 0.2932309295
970 0.2955809858
971 0.2982234787
972 0.3011915632
973 0.3045217235
974 0.3082540525
975 0.3124325498
976 0.3171054363
977 0.3223254869
978 0.3281503807
979 0.3346430691
980 0.3418721618
981 0.3499123299
982 0.3588447253
983 0.3687574173
984 0.3797458439
985 0.391913277
986 0.4053713014
987 0.4202403043
988 0.4366499747
989 0.4547398097
990 0.4746596265
991 0.4965700753
992 0.5206431525
993 0.5470627089
994 0.5760249494
995 0.6077389213
996 0.6424269854
997 0.6803252655
998 0.7216840711
999 0.7667682886
1000 0.8158577333
1001 0.8692474582
1002 0.9272480114
1003 0.9901856366
1004 1.058402409
1005 1.132256298
1006 1.212121157
1007 1.298386618
1008 1.391457899
1009 1.491755509
1010 1.599714842
1011 1.715785659
1012 1.840431441
1013 1.974128619
1014 2.117365663
1015 2.270642029
1016 2.434466962
1017 2.609358142
1018 2.795840175
1019 2.994442927
1020 3.205699692
1021 3.430145197
1022 3.668313447
1023 3.920735405
