#53781 2910.001804110298669 0.0045697726277535337738 1 1389 16.000049430220818044 1024 7 1 J1713+0747 0.0000000 
0 0.3811987234
1 0.3811987234
2 0.3811987234
3 0.3811987234
4 0.3811987234
5 0.3811987234
6 0.3811987234
7 0.3811987234
8 0.3811987234
9 0.3811987234
10 0.3811987234
11 0.3811987234
12 0.3811987234
13 0.3811987234
14 0.3811987234
15 0.3811987234
16 0.3811987234
17 0.3811987234
18 0.3811987234
19 0.3811987234
20 0.3811987234
21 0.3811987234
22 0.3811987234
23 0.3811987234
24 0.3811987234
25 0.3811987234
26 0.3811987234
27 0.3811987234
28 0.3811987234
29 0.3811987234
30 0.3811987234
31 0.3811987234
32 0.3811987234
33 0.3811987234
34 0.3811987234
35 0.3811987234
36 0.3811987234
37 0.3811987234
38 0.3811987234
39 0.3811987234
40 0.3811987234
41 0.3811987234
42 0.3811987234
43 0.3811987234
44 0.3811987234
45 0.3811987234
46 0.3811987234
47 0.3811987234
48 0.3811987234
49 0.3811987234
50 0.3811987234
51 0.3811987234
52 0.3811987234
53 0.3811987234
54 0.3811987234
55 0.3811987234
56 0.3811987234
57 0.3811987234
58 0.3811987234
59 0.3811987234
60 0.3811987234
61 0.3811987234
62 0.3811987234
63 0.3811987234
64 0.3811987234
65 0.3811987234
66 0.3811987234
67 0.3811987234
68 0.3811987234
69 0.3811987234
70 0.3811987234
71 0.3811987234
72 0.3811987234
73 0.3811987234
74 0.3811987234
75 0.3811987234
76 0.3811987234
77 0.3811987234
78 0.3811987234
79 0.3811987234
80 0.3811987234
81 0.3811987234
82 0.3811987234
83 0.3811987234
84 0.3811987234
85 0.3811987234
86 0.3811987234
87 0.3811987234
88 0.3811987234
89 0.3811987234
90 0.3811987234
91 0.3811987234
92 0.3811987234
93 0.3811987234
94 0.3811987234
95 0.3811987234
96 0.3811987234
97 0.3811987234
98 0.3811987234
99 0.3811987234
100 0.3811987234
101 0.3811987234
102 0.3811987234
103 0.3811987234
104 0.3811987234
105 0.3811987234
106 0.3811987234
107 0.3811987234
108 0.3811987234
109 0.3811987234
110 0.3811987234
111 0.3811987234
112 0.3811987234
113 0.3811987234
114 0.3811987234
115 0.3811987234
116 0.3811987234
117 0.3811987234
118 0.3811987234
119 0.3811987234
120 0.3811987234
121 0.3811987234
122 0.3811987234
123 0.3811987234
124 0.3811987234
125 0.3811987234
126 0.3811987234
127 0.3811987234
128 0.3811987234
129 0.3811987234
130 0.3811987234
131 0.3811987234
132 0.3811987234
133 0.3811987234
134 0.3811987234
135 0.3811987234
136 0.3811987234
137 0.3811987234
138 0.3811987234
139 0.3811987234
140 0.3811987234
141 0.3811987234
142 0.3811987234
143 0.3811987234
144 0.3811987234
145 0.3811987234
146 0.3811987234
147 0.3811987234
148 0.3811987234
149 0.3811987234
150 0.3811987234
151 0.3811987234
152 0.3811987234
153 0.3811987234
154 0.3811987234
155 0.3811987234
156 0.3811987234
157 0.3811987234
158 0.3811987234
159 0.3811987234
160 0.3811987234
161 0.3811987234
162 0.3811987234
163 0.3811987234
164 0.3811987234
165 0.3811987234
166 0.3811987234
167 0.3811987234
168 0.3811987234
169 0.3811987234
170 0.3811987234
171 0.3811987234
172 0.3811987234
173 0.3811987234
174 0.3811987234
175 0.3811987234
176 0.3811987234
177 0.3811987234
178 0.3811987234
179 0.3811987234
180 0.3811987234
181 0.3811987234
182 0.3811987234
183 0.3811987234
184 0.3811987234
185 0.3811987234
186 0.3811987234
187 0.3811987234
188 0.3811987234
189 0.3811987234
190 0.3811987234
191 0.3811987234
192 0.3811987234
193 0.3811987234
194 0.3811987234
195 0.3811987234
196 0.3811987234
197 0.3811987234
198 0.3811987234
199 0.3811987234
200 0.3811987234
201 0.3811987234
202 0.3811987234
203 0.3811987234
204 0.3811987234
205 0.3811987234
206 0.3811987234
207 0.3811987234
208 0.3811987234
209 0.3811987234
210 0.3811987234
211 0.3811987234
212 0.3811987234
213 0.3811987234
214 0.3811987234
215 0.3811987234
216 0.3811987234
217 0.3811987234
218 0.3811987234
219 0.3811987234
220 0.3811987234
221 0.3811987234
222 0.3811987234
223 0.3811987234
224 0.3811987234
225 0.3811987234
226 0.3811987234
227 0.3811987234
228 0.3811987234
229 0.3811987234
230 0.3811987234
231 0.3811987234
232 0.3811987234
233 0.3811987234
234 0.3811987234
235 0.3811987234
236 0.3811987234
237 0.3811987234
238 0.3811987234
239 0.3811987234
240 0.3811987234
241 0.3811987234
242 0.3811987234
243 0.3811987234
244 0.3811987234
245 0.3811987234
246 0.3811987234
247 0.3811987234
248 0.3811987234
249 0.3811987234
250 0.3811987234
251 0.3811987234
252 0.3811987234
253 0.3811987234
254 0.3811987234
255 0.3811987235
256 0.3811987235
257 0.3811987235
258 0.3811987235
259 0.3811987235
260 0.3811987235
261 0.3811987235
262 0.3811987235
263 0.3811987235
264 0.3811987235
265 0.3811987235
266 0.3811987236
267 0.3811987236
268 0.3811987236
269 0.3811987237
270 0.3811987237
271 0.3811987238
272 0.3811987239
273 0.381198724
274 0.3811987242
275 0.3811987244
276 0.3811987246
277 0.3811987249
278 0.3811987253
279 0.3811987257
280 0.3811987263
281 0.381198727
282 0.3811987278
283 0.3811987289
284 0.3811987302
285 0.3811987318
286 0.3811987338
287 0.3811987362
288 0.3811987393
289 0.381198743
290 0.3811987475
291 0.3811987531
292 0.3811987599
293 0.3811987683
294 0.3811987785
295 0.381198791
296 0.3811988063
297 0.3811988248
298 0.3811988474
299 0.3811988749
300 0.3811989083
301 0.3811989489
302 0.381198998
303 0.3811990575
304 0.3811991295
305 0.3811992165
306 0.3811993215
307 0.3811994481
308 0.3811996007
309 0.3811997843
310 0.3812000051
311 0.3812002701
312 0.3812005881
313 0.3812009692
314 0.3812014253
315 0.3812019709
316 0.3812026225
317 0.3812034002
318 0.3812043272
319 0.3812054311
320 0.3812067442
321 0.3812083047
322 0.381210157
323 0.3812123534
324 0.3812149553
325 0.381218034
326 0.3812216732
327 0.3812259704
328 0.3812310391
329 0.3812370116
330 0.3812440416
331 0.3812523075
332 0.3812620163
333 0.3812734079
334 0.3812867596
335 0.3813023923
336 0.3813206761
337 0.381342038
338 0.3813669697
339 0.3813960367
340 0.381429889
341 0.3814692725
342 0.381515042
343 0.3815681767
344 0.3816297958
345 0.381701178
346 0.3817837821
347 0.3818792702
348 0.381989534
349 0.3821167239
350 0.3822632814
351 0.3824319749
352 0.3826259403
353 0.3828487245
354 0.3831043353
355 0.3833972951
356 0.3837327009
357 0.3841162903
358 0.384554514
359 0.3850546152
360 0.3856247169
361 0.3862739176
362 0.3870123951
363 0.3878515208
364 0.3888039831
365 0.3898839219
366 0.3911070748
367 0.3924909351
368 0.3940549219
369 0.3958205653
370 0.3978117037
371 0.4000546973
372 0.4025786565
373 0.4054156858
374 0.4086011451
375 0.4121739276
376 0.4161767548
377 0.4206564901
378 0.4256644703
379 0.431256855
380 0.4374949949
381 0.4444458184
382 0.452182236
383 0.4607835625
384 0.4703359571
385 0.4809328789
386 0.4926755585
387 0.5056734838
388 0.5200448987
389 0.5359173123
390 0.5534280184
391 0.5727246205
392 0.5939655615
393 0.6173206549
394 0.6429716135
395 0.6711125724
396 0.7019506023
397 0.7357062086
398 0.772613812
399 0.8129222045
400 0.8568949765
401 0.9048109084
402 0.9569643208
403 1.013665377
404 1.075240331
405 1.142031712
406 1.214398446
407 1.29271589
408 1.377375795
409 1.468786168
410 1.567371037
411 1.673570113
412 1.787838331
413 1.91064527
414 2.042474451
415 2.183822485
416 2.33519809
417 2.497120955
418 2.670120448
419 2.854734164
420 3.051506316
421 3.260985955
422 3.483725022
423 3.720276232
424 3.971190792
425 4.237015946
426 4.51829236
427 4.815551347
428 5.129311932
429 5.460077779
430 5.808333971
431 6.174543673
432 6.559144666
433 6.962545795
434 7.385123325
435 7.827217224
436 8.289127411
437 8.771109962
438 9.273373324
439 9.796074535
440 10.3393155
441 10.90313931
442 11.48752671
443 12.09239265
444 12.71758297
445 13.36287134
446 14.02795635
447 14.71245887
448 15.41591969
449 16.13779743
450 16.87746683
451 17.63421734
452 18.40725215
453 19.19568759
454 19.998553
455 20.81479099
456 21.64325828
457 22.4827269
458 23.33188598
459 24.18934405
460 25.05363182
461 25.92320551
462 26.79645067
463 27.67168661
464 28.54717123
465 29.42110642
466 30.29164395
467 31.15689179
468 32.01492092
469 32.86377252
470 33.70146561
471 34.52600498
472 35.33538946
473 36.12762053
474 36.90071107
475 37.6526944
476 38.38163341
477 39.08562978
478 39.76283328
479 40.41145108
480 41.02975695
481 41.61610035
482 42.16891544
483 42.68672978
484 43.16817279
485 43.61198392
486 44.01702042
487 44.38226472
488 44.70683132
489 44.98997321
490 45.23108773
491 45.42972189
492 45.58557703
493 45.69851286
494 45.7685509
495 45.79587714
496 45.78084407
497 45.72397198
498 45.62594956
499 45.48763372
500 45.31004876
501 45.09438474
502 44.84199522
503 44.55439424
504 44.23325258
505 43.88039345
506 43.49778739
507 43.08754665
508 42.6519189
509 42.19328033
510 41.71412829
511 41.21707325
512 40.70483042
513 40.18021076
514 39.64611162
515 39.10550699
516 38.56143727
517 38.01699881
518 37.47533304
519 36.93961538
520 36.41304382
521 35.89882732
522 35.40017405
523 34.92027931
524 34.46231353
525 34.02940994
526 33.62465231
527 33.25106258
528 32.9115885
529 32.60909121
530 32.34633296
531 32.12596484
532 31.95051468
533 31.82237504
534 31.74379144
535 31.71685082
536 31.74347024
537 31.82538597
538 31.96414286
539 32.16108425
540 32.41734229
541 32.73382876
542 33.1112266
543 33.54998197
544 34.0502971
545 34.61212391
546 35.23515842
547 35.91883616
548 36.66232841
549 37.46453963
550 38.32410583
551 39.23939416
552 40.2085037
553 41.22926745
554 42.29925564
555 43.41578036
556 44.57590155
557 45.77643432
558 47.01395776
559 48.28482504
560 49.58517496
561 50.9109449
562 52.25788503
563 53.62157394
564 54.99743545
565 56.38075669
566 57.76670727
567 59.15035951
568 60.5267096
569 61.89069967
570 63.23724055
571 64.5612351
572 65.8576021
573 67.12130035
574 68.34735308
575 69.5308723
576 70.66708298
577 71.75134705
578 72.77918682
579 73.74630784
580 74.64862094
581 75.48226331
582 76.24361852
583 76.92933526
584 77.53634465
585 78.0618761
586 78.50347145
587 78.85899739
588 79.12665603
589 79.30499353
590 79.39290673
591 79.38964771
592 79.29482628
593 79.10841039
594 78.83072439
595 78.46244524
596 78.00459663
597 77.45854112
598 76.82597037
599 76.10889341
600 75.30962332
601 74.43076206
602 73.47518397
603 72.44601773
604 71.34662715
605 70.18059084
606 68.95168095
607 67.66384115
608 66.32116399
609 64.92786785
610 63.48827359
611 62.00678118
612 60.48784636
613 58.93595752
614 57.35561305
615 55.75129919
616 54.12746855
617 52.48851952
618 50.83877656
619 49.18247161
620 47.52372657
621 45.86653709
622 44.21475768
623 42.57208812
624 40.94206137
625 39.32803287
626 37.73317138
627 36.16045122
628 34.61264607
629 33.09232413
630 31.60184483
631 30.14335678
632 28.71879725
633 27.32989271
634 25.97816079
635 24.66491327
636 23.39126018
637 22.15811484
638 20.96619987
639 19.81605397
640 18.70803938
641 17.64235002
642 16.61902016
643 15.63793348
644 14.69883253
645 13.80132844
646 12.94491079
647 12.1289576
648 11.35274535
649 10.61545891
650 9.916201406
651 9.254003851
652 8.6278346
653 8.036608486
654 7.479195634
655 6.954429918
656 6.46111701
657 5.998042007
658 5.563976609
659 5.157685835
660 4.77793426
661 4.423491769
662 4.093138833
663 3.785671295
664 3.49990468
665 3.234678042
666 2.988857348
667 2.76133843
668 2.551049498
669 2.356953266
670 2.178048678
671 2.013372284
672 1.861999264
673 1.723044148
674 1.595661236
675 1.479044754
676 1.372428765
677 1.275086857
678 1.186331645
679 1.105514081
680 1.032022629
681 0.9652823011
682 0.9047535753
683 0.8499312332
684 0.8003431125
685 0.7555488042
686 0.7151383051
687 0.6787306398
688 0.6459724652
689 0.6165366695
690 0.5901209747
691 0.5664465526
692 0.5452566618
693 0.5263153132
694 0.5094059691
695 0.4943302813
696 0.4809068731
697 0.4689701662
698 0.458369258
699 0.4489668488
700 0.4406382205
701 0.4332702693
702 0.4267605899
703 0.4210166127
704 0.4159547925
705 0.411499849
706 0.4075840552
707 0.4041465759
708 0.4011328509
709 0.3984940235
710 0.3961864121
711 0.3941710214
712 0.3924130929
713 0.3908816914
714 0.3895493261
715 0.3883916037
716 0.387386912
717 0.3865161308
718 0.3857623702
719 0.385110732
720 0.3845480945
721 0.3840629174
722 0.383645066
723 0.3832856531
724 0.3829768965
725 0.3827119918
726 0.3824849976
727 0.382290734
728 0.3821246912
729 0.3819829482
730 0.3818621012
731 0.3817591994
732 0.3816716881
733 0.3815973591
734 0.3815343059
735 0.3814808852
736 0.3814356821
737 0.3813974806
738 0.3813652367
739 0.3813380553
740 0.3813151702
741 0.3812959266
742 0.3812797653
743 0.3812662094
744 0.3812548532
745 0.3812453517
746 0.3812374118
747 0.3812307852
748 0.3812252616
749 0.3812206631
750 0.3812168395
751 0.3812136642
752 0.3812110306
753 0.381208849
754 0.3812070441
755 0.3812055526
756 0.3812043218
757 0.3812033072
758 0.381202472
759 0.3812017852
760 0.3812012213
761 0.3812007588
762 0.3812003799
763 0.3812000699
764 0.3811998166
765 0.3811996099
766 0.3811994414
767 0.3811993042
768 0.3811991927
769 0.3811991021
770 0.3811990287
771 0.3811989692
772 0.381198921
773 0.3811988821
774 0.3811988507
775 0.3811988254
776 0.381198805
777 0.3811987887
778 0.3811987755
779 0.381198765
780 0.3811987565
781 0.3811987497
782 0.3811987443
783 0.38119874
784 0.3811987366
785 0.3811987338
786 0.3811987317
787 0.3811987299
788 0.3811987286
789 0.3811987275
790 0.3811987266
791 0.3811987259
792 0.3811987254
793 0.381198725
794 0.3811987246
795 0.3811987244
796 0.3811987242
797 0.381198724
798 0.3811987239
799 0.3811987238
800 0.3811987237
801 0.3811987237
802 0.3811987236
803 0.3811987236
804 0.3811987235
805 0.3811987235
806 0.3811987235
807 0.3811987235
808 0.3811987235
809 0.3811987235
810 0.3811987235
811 0.3811987235
812 0.3811987235
813 0.3811987235
814 0.3811987235
815 0.3811987234
816 0.3811987234
817 0.3811987234
818 0.3811987234
819 0.3811987234
820 0.3811987234
821 0.3811987234
822 0.3811987234
823 0.3811987234
824 0.3811987234
825 0.3811987234
826 0.3811987234
827 0.3811987234
828 0.3811987234
829 0.3811987234
830 0.3811987234
831 0.3811987234
832 0.3811987234
833 0.3811987234
834 0.3811987234
835 0.3811987234
836 0.3811987234
837 0.3811987234
838 0.3811987234
839 0.3811987234
840 0.3811987234
841 0.3811987234
842 0.3811987234
843 0.3811987234
844 0.3811987234
845 0.3811987234
846 0.3811987234
847 0.3811987234
848 0.3811987234
849 0.3811987234
850 0.3811987234
851 0.3811987234
852 0.3811987234
853 0.3811987234
854 0.3811987234
855 0.3811987234
856 0.3811987234
857 0.3811987234
858 0.3811987234
859 0.3811987234
860 0.3811987234
861 0.3811987234
862 0.3811987234
863 0.3811987234
864 0.3811987234
865 0.3811987234
866 0.3811987234
867 0.3811987234
868 0.3811987234
869 0.3811987234
870 0.3811987234
871 0.3811987234
872 0.3811987234
873 0.3811987234
874 0.3811987234
875 0.3811987234
876 0.3811987234
877 0.3811987234
878 0.3811987234
879 0.3811987234
880 0.3811987234
881 0.3811987234
882 0.3811987234
883 0.3811987234
884 0.3811987234
885 0.3811987234
886 0.3811987234
887 0.3811987234
888 0.3811987234
889 0.3811987234
890 0.3811987234
891 0.3811987234
892 0.3811987234
893 0.3811987234
894 0.3811987234
895 0.3811987234
896 0.3811987234
897 0.3811987234
898 0.3811987234
899 0.3811987234
900 0.3811987234
901 0.3811987234
902 0.3811987234
903 0.3811987234
904 0.3811987234
905 0.3811987234
906 0.3811987234
907 0.3811987234
908 0.3811987234
909 0.3811987234
910 0.3811987234
911 0.3811987234
912 0.3811987234
913 0.3811987234
914 0.3811987234
915 0.3811987234
916 0.3811987234
917 0.3811987234
918 0.3811987234
919 0.3811987234
920 0.3811987234
921 0.3811987234
922 0.3811987234
923 0.3811987234
924 0.3811987234
925 0.3811987234
926 0.3811987234
927 0.3811987234
928 0.3811987234
929 0.3811987234
930 0.3811987234
931 0.3811987234
932 0.3811987234
933 0.3811987234
934 0.3811987234
935 0.3811987234
936 0.3811987234
937 0.3811987234
938 0.3811987234
939 0.3811987234
940 0.3811987234
941 0.3811987234
942 0.3811987234
943 0.3811987234
944 0.3811987234
945 0.3811987234
946 0.3811987234
947 0.3811987234
948 0.3811987234
949 0.3811987234
950 0.3811987234
951 0.3811987234
952 0.3811987234
953 0.3811987234
954 0.3811987234
955 0.3811987234
956 0.3811987234
957 0.3811987234
958 0.3811987234
959 0.3811987234
960 0.3811987234
961 0.3811987234
962 0.3811987234
963 0.3811987234
964 0.3811987234
965 0.3811987234
966 0.3811987234
967 0.3811987234
968 0.3811987234
969 0.3811987234
970 0.3811987234
971 0.3811987234
972 0.3811987234
973 0.3811987234
974 0.3811987234
975 0.3811987234
976 0.3811987234
977 0.3811987234
978 0.3811987234
979 0.3811987234
980 0.3811987234
981 0.3811987234
982 0.3811987234
983 0.3811987234
984 0.3811987234
985 0.3811987234
986 0.3811987234
987 0.3811987234
988 0.3811987234
989 0.3811987234
990 0.3811987234
991 0.3811987234
992 0.3811987234
993 0.3811987234
994 0.3811987234
995 0.3811987234
996 0.3811987234
997 0.3811987234
998 0.3811987234
999 0.3811987234
1000 0.3811987234
1001 0.3811987234
1002 0.3811987234
1003 0.3811987234
1004 0.3811987234
1005 0.3811987234
1006 0.3811987234
1007 0.3811987234
1008 0.3811987234
1009 0.3811987234
1010 0.3811987234
1011 0.3811987234
1012 0.3811987234
1013 0.3811987234
1014 0.3811987234
1015 0.3811987234
1016 0.3811987234
1017 0.3811987234
1018 0.3811987234
1019 0.3811987234
1020 0.3811987234
1021 0.3811987234
1022 0.3811987234
1023 0.3811987234
