#53825 2910.0016581118271806 0.0045697812606605514932 1 1461 16.000049430220818044 1024 7 1 J1713+0747 0.0000000 
0 0.087444745
1 0.087444745
2 0.087444745
3 0.087444745
4 0.087444745
5 0.087444745
6 0.087444745
7 0.087444745
8 0.087444745
9 0.087444745
10 0.087444745
11 0.087444745
12 0.087444745
13 0.087444745
14 0.087444745
15 0.087444745
16 0.087444745
17 0.087444745
18 0.087444745
19 0.087444745
20 0.087444745
21 0.087444745
22 0.087444745
23 0.087444745
24 0.087444745
25 0.087444745
26 0.087444745
27 0.087444745
28 0.087444745
29 0.087444745
30 0.087444745
31 0.087444745
32 0.087444745
33 0.087444745
34 0.087444745
35 0.087444745
36 0.087444745
37 0.087444745
38 0.087444745
39 0.087444745
40 0.087444745
41 0.087444745
42 0.087444745
43 0.087444745
44 0.087444745
45 0.087444745
46 0.087444745
47 0.087444745
48 0.087444745
49 0.087444745
50 0.087444745
51 0.087444745
52 0.087444745
53 0.087444745
54 0.087444745
55 0.087444745
56 0.087444745
57 0.087444745
58 0.087444745
59 0.087444745
60 0.087444745
61 0.087444745
62 0.087444745
63 0.087444745
64 0.087444745
65 0.087444745
66 0.087444745
67 0.087444745
68 0.087444745
69 0.087444745
70 0.087444745
71 0.087444745
72 0.087444745
73 0.087444745
74 0.087444745
75 0.087444745
76 0.087444745
77 0.087444745
78 0.087444745
79 0.087444745
80 0.087444745
81 0.087444745
82 0.087444745
83 0.087444745
84 0.087444745
85 0.087444745
86 0.087444745
87 0.087444745
88 0.087444745
89 0.087444745
90 0.087444745
91 0.087444745
92 0.087444745
93 0.087444745
94 0.087444745
95 0.087444745
96 0.087444745
97 0.087444745
98 0.087444745
99 0.087444745
100 0.087444745
101 0.087444745
102 0.087444745
103 0.087444745
104 0.087444745
105 0.087444745
106 0.087444745
107 0.087444745
108 0.087444745
109 0.087444745
110 0.087444745
111 0.087444745
112 0.087444745
113 0.087444745
114 0.087444745
115 0.087444745
116 0.087444745
117 0.087444745
118 0.087444745
119 0.087444745
120 0.087444745
121 0.087444745
122 0.087444745
123 0.087444745
124 0.087444745
125 0.087444745
126 0.087444745
127 0.087444745
128 0.087444745
129 0.087444745
130 0.087444745
131 0.087444745
132 0.087444745
133 0.087444745
134 0.087444745
135 0.087444745
136 0.087444745
137 0.087444745
138 0.087444745
139 0.087444745
140 0.087444745
141 0.087444745
142 0.087444745
143 0.087444745
144 0.087444745
145 0.087444745
146 0.087444745
147 0.087444745
148 0.087444745
149 0.087444745
150 0.087444745
151 0.087444745
152 0.087444745
153 0.087444745
154 0.087444745
155 0.087444745
156 0.087444745
157 0.087444745
158 0.087444745
159 0.087444745
160 0.087444745
161 0.087444745
162 0.087444745
163 0.087444745
164 0.087444745
165 0.087444745
166 0.087444745
167 0.087444745
168 0.087444745
169 0.087444745
170 0.087444745
171 0.087444745
172 0.087444745
173 0.087444745
174 0.087444745
175 0.087444745
176 0.087444745
177 0.087444745
178 0.087444745
179 0.087444745
180 0.087444745
181 0.087444745
182 0.087444745
183 0.087444745
184 0.087444745
185 0.087444745
186 0.087444745
187 0.087444745
188 0.087444745
189 0.087444745
190 0.087444745
191 0.087444745
192 0.087444745
193 0.087444745
194 0.087444745
195 0.087444745
196 0.087444745
197 0.087444745
198 0.087444745
199 0.087444745
200 0.087444745
201 0.087444745
202 0.087444745
203 0.087444745
204 0.087444745
205 0.087444745
206 0.087444745
207 0.087444745
208 0.087444745
209 0.087444745
210 0.087444745
211 0.087444745
212 0.087444745
213 0.087444745
214 0.087444745
215 0.087444745
216 0.087444745
217 0.087444745
218 0.087444745
219 0.087444745
220 0.087444745
221 0.087444745
222 0.087444745
223 0.087444745
224 0.087444745
225 0.087444745
226 0.087444745
227 0.087444745
228 0.087444745
229 0.087444745
230 0.087444745
231 0.087444745
232 0.087444745
233 0.087444745
234 0.087444745
235 0.087444745
236 0.087444745
237 0.087444745
238 0.087444745
239 0.087444745
240 0.087444745
241 0.087444745
242 0.087444745
243 0.087444745
244 0.087444745
245 0.087444745
246 0.087444745
247 0.087444745
248 0.087444745
249 0.087444745
250 0.087444745
251 0.087444745
252 0.087444745
253 0.087444745
254 0.087444745
255 0.087444745
256 0.087444745
257 0.087444745
258 0.087444745
259 0.087444745
260 0.087444745
261 0.087444745
262 0.087444745
263 0.087444745
264 0.087444745
265 0.087444745
266 0.087444745
267 0.087444745
268 0.087444745
269 0.087444745
270 0.087444745
271 0.087444745
272 0.087444745
273 0.087444745
274 0.087444745
275 0.087444745
276 0.087444745
277 0.087444745
278 0.087444745
279 0.087444745
280 0.087444745
281 0.087444745
282 0.087444745
283 0.087444745
284 0.087444745
285 0.087444745
286 0.087444745
287 0.087444745
288 0.087444745
289 0.087444745
290 0.087444745
291 0.087444745
292 0.087444745
293 0.087444745
294 0.087444745
295 0.087444745
296 0.087444745
297 0.087444745
298 0.087444745
299 0.087444745
300 0.087444745
301 0.087444745
302 0.087444745
303 0.087444745
304 0.087444745
305 0.087444745
306 0.087444745
307 0.087444745
308 0.087444745
309 0.087444745
310 0.087444745
311 0.087444745
312 0.087444745
313 0.087444745
314 0.087444745
315 0.087444745
316 0.087444745
317 0.087444745
318 0.087444745
319 0.087444745
320 0.087444745
321 0.087444745
322 0.087444745
323 0.087444745
324 0.087444745
325 0.087444745
326 0.087444745
327 0.087444745
328 0.087444745
329 0.087444745
330 0.087444745
331 0.087444745
332 0.087444745
333 0.087444745
334 0.087444745
335 0.087444745
336 0.087444745
337 0.087444745
338 0.087444745
339 0.087444745
340 0.087444745
341 0.087444745
342 0.087444745
343 0.087444745
344 0.087444745
345 0.087444745
346 0.087444745
347 0.087444745
348 0.087444745
349 0.087444745
350 0.087444745
351 0.087444745
352 0.087444745
353 0.087444745
354 0.087444745
355 0.087444745
356 0.087444745
357 0.087444745
358 0.087444745
359 0.087444745
360 0.087444745
361 0.087444745
362 0.087444745
363 0.087444745
364 0.087444745
365 0.087444745
366 0.087444745
367 0.087444745
368 0.087444745
369 0.087444745
370 0.087444745
371 0.087444745
372 0.087444745
373 0.087444745
374 0.087444745
375 0.087444745
376 0.087444745
377 0.087444745
378 0.087444745
379 0.087444745
380 0.087444745
381 0.087444745
382 0.087444745
383 0.087444745
384 0.087444745
385 0.087444745
386 0.087444745
387 0.087444745
388 0.087444745
389 0.087444745
390 0.087444745
391 0.087444745
392 0.087444745
393 0.087444745
394 0.087444745
395 0.087444745
396 0.087444745
397 0.087444745
398 0.087444745
399 0.087444745
400 0.087444745
401 0.087444745
402 0.087444745
403 0.087444745
404 0.087444745
405 0.08744474501
406 0.08744474501
407 0.08744474501
408 0.08744474501
409 0.08744474501
410 0.08744474501
411 0.08744474501
412 0.08744474501
413 0.08744474501
414 0.08744474502
415 0.08744474502
416 0.08744474503
417 0.08744474503
418 0.08744474504
419 0.08744474505
420 0.08744474506
421 0.08744474508
422 0.0874447451
423 0.08744474512
424 0.08744474516
425 0.0874447452
426 0.08744474525
427 0.08744474531
428 0.08744474539
429 0.08744474548
430 0.08744474561
431 0.08744474576
432 0.08744474595
433 0.08744474619
434 0.08744474648
435 0.08744474685
436 0.0874447473
437 0.08744474787
438 0.08744474857
439 0.08744474943
440 0.0874447505
441 0.08744475182
442 0.08744475345
443 0.08744475545
444 0.08744475793
445 0.08744476096
446 0.0874447647
447 0.08744476928
448 0.08744477489
449 0.08744478177
450 0.08744479018
451 0.08744480046
452 0.08744481302
453 0.08744482832
454 0.08744484697
455 0.08744486967
456 0.08744489726
457 0.08744493077
458 0.08744497142
459 0.08744502068
460 0.08744508032
461 0.08744515245
462 0.08744523958
463 0.08744534473
464 0.0874454715
465 0.08744562416
466 0.08744580782
467 0.08744602853
468 0.08744629348
469 0.08744661122
470 0.08744699187
471 0.08744744738
472 0.08744799193
473 0.08744864221
474 0.08744941795
475 0.08745034238
476 0.08745144283
477 0.08745275144
478 0.08745430594
479 0.08745615059
480 0.08745833724
481 0.08746092655
482 0.08746398944
483 0.0874676087
484 0.08747188085
485 0.08747691836
486 0.08748285206
487 0.08748983397
488 0.08749804057
489 0.08750767648
490 0.08751897863
491 0.0875322211
492 0.08754772053
493 0.08756584236
494 0.08758700776
495 0.08761170167
496 0.08764048169
497 0.08767398831
498 0.08771295629
499 0.08775822756
500 0.08781076572
501 0.08787167229
502 0.08794220493
503 0.08802379792
504 0.08811808491
505 0.08822692447
506 0.08835242845
507 0.08849699365
508 0.08866333691
509 0.08885453413
510 0.08907406346
511 0.08932585308
512 0.08961433403
513 0.08994449832
514 0.09032196311
515 0.09075304108
516 0.09124481773
517 0.09180523605
518 0.09244318914
519 0.09316862131
520 0.09399263825
521 0.09492762694
522 0.09598738588
523 0.09718726618
524 0.09854432437
525 0.1000774873
526 0.1018077299
527 0.1037582667
528 0.105954757
529 0.1084255249
530 0.1112017948
531 0.1143179424
532 0.1178117617
533 0.1217247494
534 0.1261024049
535 0.1309945493
536 0.1364556595
537 0.142545222
538 0.1493281018
539 0.1568749298
540 0.1652625063
541 0.17457422
542 0.184900483
543 0.1963391798
544 0.2089961291
545 0.2229855577
546 0.2384305835
547 0.2554637073
548 0.2742273096
549 0.2948741509
550 0.3175678715
551 0.3424834893
552 0.3698078899
553 0.3997403069
554 0.4324927874
555 0.4682906379
556 0.5073728464
557 0.5499924748
558 0.5964170161
559 0.646928711
560 0.7018248171
561 0.7614178246
562 0.8260356118
563 0.896021533
564 0.9717344327
565 1.053548578
566 1.141853501
567 1.23705375
568 1.339568527
569 1.449831229
570 1.568288858
571 1.695401317
572 1.831640569
573 1.977489662
574 2.133441612
575 2.299998137
576 2.477668245
577 2.666966658
578 2.86841209
579 3.082525355
580 3.309827327
581 3.550836729
582 3.806067776
583 4.076027659
584 4.361213876
585 4.662111429
586 4.979189877
587 5.312900263
588 5.663671931
589 6.031909228
590 6.417988127
591 6.822252768
592 7.24501194
593 7.686535529
594 8.147050943
595 8.626739537
596 9.125733068
597 9.644110197
598 10.18189306
599 10.73904394
600 11.31546209
601 11.91098066
602 12.52536383
603 13.15830422
604 13.80942039
605 14.47825476
606 15.16427173
607 15.86685615
608 16.58531212
609 17.31886221
610 18.06664699
611 18.82772508
612 19.60107352
613 20.38558868
614 21.18008759
615 21.98330976
616 22.7939195
617 23.61050871
618 24.43160016
619 25.25565129
620 26.08105847
621 26.9061618
622 27.72925027
623 28.5485675
624 29.36231783
625 30.16867285
626 30.96577835
627 31.75176156
628 32.52473879
629 33.28282329
630 34.02413344
631 34.74680109
632 35.4489801
633 36.12885498
634 36.78464964
635 37.41463615
636 38.01714345
637 38.59056606
638 39.13337261
639 39.64411422
640 40.12143266
641 40.56406823
642 40.97086738
643 41.34078985
644 41.67291557
645 41.96645096
646 42.22073484
647 42.43524378
648 42.60959694
649 42.74356024
650 42.83705006
651 42.89013618
652 42.90304411
653 42.87615683
654 42.81001576
655 42.70532109
656 42.56293145
657 42.38386285
658 42.16928696
659 41.92052876
660 41.63906345
661 41.32651281
662 40.98464078
663 40.61534864
664 40.22066937
665 39.80276162
666 39.36390304
667 38.90648311
668 38.4329955
669 37.94602991
670 37.44826358
671 36.94245225
672 36.43142085
673 35.91805383
674 35.40528511
675 34.89608777
676 34.39346354
677 33.90043191
678 33.4200192
679 32.95524733
680 32.50912248
681 32.08462365
682 31.6846911
683 31.31221469
684 30.97002227
685 30.66086797
686 30.38742056
687 30.15225186
688 29.95782521
689 29.80648409
690 29.70044089
691 29.64176583
692 29.63237621
693 29.67402579
694 29.76829468
695 29.9165794
696 30.12008352
697 30.37980865
698 30.69654606
699 31.07086876
700 31.50312432
701 31.9934283
702 32.54165852
703 33.14745005
704 33.81019113
705 34.52902001
706 35.30282274
707 36.13023209
708 37.00962743
709 37.93913588
710 38.91663459
711 39.93975422
712 41.00588375
713 42.11217649
714 43.25555748
715 44.43273213
716 45.64019622
717 46.87424722
718 48.13099682
719 49.40638486
720 50.69619435
721 51.99606774
722 53.30152429
723 54.60797848
724 55.91075937
725 57.20513087
726 58.4863127
727 59.74950207
728 60.9898959
729 62.20271333
730 63.38321865
731 64.52674421
732 65.62871344
733 66.68466354
734 67.69026797
735 68.64135838
736 69.53394592
737 70.36424178
738 71.1286767
739 71.82391954
740 72.44689444
741 72.99479682
742 73.46510774
743 73.85560675
744 74.16438307
745 74.38984496
746 74.53072723
747 74.58609691
748 74.55535691
749 74.43824775
750 74.23484725
751 73.94556834
752 73.57115478
753 73.11267508
754 72.57151443
755 71.94936497
756 71.24821415
757 70.47033168
758 69.61825476
759 68.69477209
760 67.70290642
761 66.64589619
762 65.52717596
763 64.35035619
764 63.11920224
765 61.83761291
766 60.50959858
767 59.13925916
768 57.73076211
769 56.28832039
770 54.8161709
771 53.31855318
772 51.79968872
773 50.26376103
774 48.7148964
775 47.15714573
776 45.59446721
777 44.03071032
778 42.46960084
779 40.91472723
780 39.36952828
781 37.83728211
782 36.32109659
783 34.82390104
784 33.34843948
785 31.89726515
786 30.47273642
787 29.07701409
788 27.71205991
789 26.37963639
790 25.08130783
791 23.81844237
792 22.59221526
793 21.40361294
794 20.25343815
795 19.1423158
796 18.07069959
797 17.03887927
798 16.04698848
799 15.09501302
800 14.18279957
801 13.31006465
802 12.47640387
803 11.68130125
804 10.92413868
805 10.2042053
806 9.520706902
807 8.872775151
808 8.259476603
809 7.679821538
810 7.132772474
811 6.617252381
812 6.132152527
813 5.676339943
814 5.248664483
815 4.847965446
816 4.47307777
817 4.122837764
818 3.79608839
819 3.491684083
820 3.208495127
821 2.94541157
822 2.701346714
823 2.475240169
824 2.266060506
825 2.072807503
826 1.894514029
827 1.730247563
828 1.579111379
829 1.440245421
830 1.312826888
831 1.196070546
832 1.089228797
833 0.9915915312
834 0.9024857688
835 0.8212751309
836 0.7473591497
837 0.6801724414
838 0.619183762
839 0.5638949632
840 0.5138398653
841 0.468583065
842 0.4277186916
843 0.3908691257
844 0.357683694
845 0.3278373506
846 0.3010293563
847 0.2769819644
848 0.2554391212
849 0.2361651892
850 0.2189436983
851 0.2035761312
852 0.1898807459
853 0.1776914413
854 0.1668566658
855 0.1572383739
856 0.1487110305
857 0.1411606643
858 0.1344839708
859 0.1285874658
860 0.1233866874
861 0.1188054465
862 0.114775126
863 0.1112340247
864 0.1081267477
865 0.1054036386
866 0.1030202543
867 0.1009368784
868 0.09911807295
869 0.09753226566
870 0.09615137078
871 0.09495044168
872 0.09390735327
873 0.09300251211
874 0.09221859257
875 0.09154029696
876 0.09095413815
877 0.09044824266
878 0.09001217294
879 0.08963676704
880 0.08931399445
881 0.08903682651
882 0.0887991203
883 0.08859551476
884 0.08842133786
885 0.08827252388
886 0.08814553973
887 0.08803731957
888 0.08794520673
889 0.08786690243
890 0.08780042028
891 0.08774404631
892 0.08769630365
893 0.08765592149
894 0.0876218079
895 0.08759302592
896 0.08756877269
897 0.08754836122
898 0.08753120446
899 0.08751680147
900 0.08750472537
901 0.08749461289
902 0.08748615531
903 0.08747909065
904 0.08747319686
905 0.08746828602
906 0.0874641993
907 0.08746080264
908 0.08745798303
909 0.08745564536
910 0.08745370966
911 0.08745210881
912 0.08745078653
913 0.08744969571
914 0.08744879694
915 0.08744805734
916 0.08744744947
917 0.08744695049
918 0.0874465414
919 0.08744620643
920 0.08744593249
921 0.08744570873
922 0.08744552619
923 0.08744537746
924 0.08744525643
925 0.08744515806
926 0.08744507821
927 0.08744501347
928 0.08744496105
929 0.08744491866
930 0.08744488441
931 0.08744485679
932 0.08744483453
933 0.08744481661
934 0.08744480221
935 0.08744479066
936 0.08744478139
937 0.08744477397
938 0.08744476803
939 0.08744476329
940 0.08744475951
941 0.08744475649
942 0.0874447541
943 0.08744475219
944 0.08744475068
945 0.08744474948
946 0.08744474853
947 0.08744474777
948 0.08744474718
949 0.08744474671
950 0.08744474634
951 0.08744474605
952 0.08744474582
953 0.08744474564
954 0.0874447455
955 0.08744474539
956 0.08744474531
957 0.08744474524
958 0.08744474519
959 0.08744474514
960 0.08744474511
961 0.08744474509
962 0.08744474507
963 0.08744474505
964 0.08744474504
965 0.08744474503
966 0.08744474503
967 0.08744474502
968 0.08744474502
969 0.08744474501
970 0.08744474501
971 0.08744474501
972 0.08744474501
973 0.08744474501
974 0.08744474501
975 0.08744474501
976 0.08744474501
977 0.087444745
978 0.087444745
979 0.087444745
980 0.087444745
981 0.087444745
982 0.087444745
983 0.087444745
984 0.087444745
985 0.087444745
986 0.087444745
987 0.087444745
988 0.087444745
989 0.087444745
990 0.087444745
991 0.087444745
992 0.087444745
993 0.087444745
994 0.087444745
995 0.087444745
996 0.087444745
997 0.087444745
998 0.087444745
999 0.087444745
1000 0.087444745
1001 0.087444745
1002 0.087444745
1003 0.087444745
1004 0.087444745
1005 0.087444745
1006 0.087444745
1007 0.087444745
1008 0.087444745
1009 0.087444745
1010 0.087444745
1011 0.087444745
1012 0.087444745
1013 0.087444745
1014 0.087444745
1015 0.087444745
1016 0.087444745
1017 0.087444745
1018 0.087444745
1019 0.087444745
1020 0.087444745
1021 0.087444745
1022 0.087444745
1023 0.087444745
