#53474 2909.9985261329685069 0.0045698295491898516599 1 1261 16.000049430220818044 1024 7 1 J1713+0747 0.0000000 
0 0.4535847604
1 0.4535847604
2 0.4535847604
3 0.4535847604
4 0.4535847604
5 0.4535847604
6 0.4535847604
7 0.4535847604
8 0.4535847604
9 0.4535847604
10 0.4535847604
11 0.4535847604
12 0.4535847604
13 0.4535847604
14 0.4535847604
15 0.4535847604
16 0.4535847604
17 0.4535847604
18 0.4535847604
19 0.4535847604
20 0.4535847604
21 0.4535847604
22 0.4535847604
23 0.4535847604
24 0.4535847604
25 0.4535847604
26 0.4535847604
27 0.4535847604
28 0.4535847604
29 0.4535847604
30 0.4535847604
31 0.4535847604
32 0.4535847604
33 0.4535847604
34 0.4535847604
35 0.4535847604
36 0.4535847604
37 0.4535847604
38 0.4535847604
39 0.4535847604
40 0.4535847604
41 0.4535847604
42 0.4535847604
43 0.4535847604
44 0.4535847604
45 0.4535847604
46 0.4535847604
47 0.4535847604
48 0.4535847604
49 0.4535847604
50 0.4535847604
51 0.4535847604
52 0.4535847604
53 0.4535847604
54 0.4535847604
55 0.4535847604
56 0.4535847604
57 0.4535847604
58 0.4535847604
59 0.4535847604
60 0.4535847604
61 0.4535847604
62 0.4535847604
63 0.4535847604
64 0.4535847604
65 0.4535847604
66 0.4535847604
67 0.4535847604
68 0.4535847604
69 0.4535847604
70 0.4535847604
71 0.4535847604
72 0.4535847604
73 0.4535847604
74 0.4535847604
75 0.4535847604
76 0.4535847604
77 0.4535847604
78 0.4535847604
79 0.4535847604
80 0.4535847604
81 0.4535847604
82 0.4535847604
83 0.4535847604
84 0.4535847604
85 0.4535847604
86 0.4535847604
87 0.4535847604
88 0.4535847604
89 0.4535847604
90 0.4535847604
91 0.4535847604
92 0.4535847604
93 0.4535847604
94 0.4535847604
95 0.4535847604
96 0.4535847604
97 0.4535847604
98 0.4535847604
99 0.4535847604
100 0.4535847604
101 0.4535847604
102 0.4535847604
103 0.4535847604
104 0.4535847604
105 0.4535847604
106 0.4535847604
107 0.4535847604
108 0.4535847604
109 0.4535847604
110 0.4535847604
111 0.4535847604
112 0.4535847604
113 0.4535847604
114 0.4535847604
115 0.4535847604
116 0.4535847604
117 0.4535847604
118 0.4535847604
119 0.4535847604
120 0.4535847604
121 0.4535847604
122 0.4535847604
123 0.4535847604
124 0.4535847604
125 0.4535847604
126 0.4535847604
127 0.4535847604
128 0.4535847604
129 0.4535847604
130 0.4535847604
131 0.4535847604
132 0.4535847604
133 0.4535847604
134 0.4535847604
135 0.4535847604
136 0.4535847604
137 0.4535847604
138 0.4535847604
139 0.4535847604
140 0.4535847604
141 0.4535847604
142 0.4535847604
143 0.4535847604
144 0.4535847604
145 0.4535847604
146 0.4535847604
147 0.4535847604
148 0.4535847604
149 0.4535847604
150 0.4535847604
151 0.4535847604
152 0.4535847604
153 0.4535847604
154 0.4535847604
155 0.4535847604
156 0.4535847604
157 0.4535847604
158 0.4535847604
159 0.4535847604
160 0.4535847604
161 0.4535847604
162 0.4535847604
163 0.4535847604
164 0.4535847604
165 0.4535847604
166 0.4535847604
167 0.4535847604
168 0.4535847604
169 0.4535847604
170 0.4535847604
171 0.4535847604
172 0.4535847604
173 0.4535847604
174 0.4535847604
175 0.4535847604
176 0.4535847604
177 0.4535847604
178 0.4535847604
179 0.4535847604
180 0.4535847604
181 0.4535847604
182 0.4535847604
183 0.4535847604
184 0.4535847604
185 0.4535847604
186 0.4535847604
187 0.4535847604
188 0.4535847604
189 0.4535847604
190 0.4535847604
191 0.4535847604
192 0.4535847604
193 0.4535847604
194 0.4535847604
195 0.4535847604
196 0.4535847604
197 0.4535847604
198 0.4535847604
199 0.4535847604
200 0.4535847604
201 0.4535847604
202 0.4535847604
203 0.4535847604
204 0.4535847604
205 0.4535847604
206 0.4535847604
207 0.4535847604
208 0.4535847604
209 0.4535847604
210 0.4535847604
211 0.4535847604
212 0.4535847604
213 0.4535847604
214 0.4535847604
215 0.4535847604
216 0.4535847604
217 0.4535847604
218 0.4535847604
219 0.4535847604
220 0.4535847604
221 0.4535847604
222 0.4535847604
223 0.4535847604
224 0.4535847604
225 0.4535847604
226 0.4535847604
227 0.4535847604
228 0.4535847604
229 0.4535847604
230 0.4535847604
231 0.4535847604
232 0.4535847604
233 0.4535847604
234 0.4535847604
235 0.4535847604
236 0.4535847604
237 0.4535847604
238 0.4535847604
239 0.4535847604
240 0.4535847604
241 0.4535847604
242 0.4535847604
243 0.4535847604
244 0.4535847604
245 0.4535847604
246 0.4535847604
247 0.4535847604
248 0.4535847604
249 0.4535847604
250 0.4535847604
251 0.4535847604
252 0.4535847604
253 0.4535847604
254 0.4535847604
255 0.4535847604
256 0.4535847604
257 0.4535847604
258 0.4535847604
259 0.4535847604
260 0.4535847604
261 0.4535847604
262 0.4535847604
263 0.4535847604
264 0.4535847604
265 0.4535847604
266 0.4535847604
267 0.4535847604
268 0.4535847604
269 0.4535847604
270 0.4535847604
271 0.4535847604
272 0.4535847604
273 0.4535847604
274 0.4535847604
275 0.4535847604
276 0.4535847604
277 0.4535847604
278 0.4535847604
279 0.4535847604
280 0.4535847604
281 0.4535847605
282 0.4535847605
283 0.4535847605
284 0.4535847605
285 0.4535847605
286 0.4535847605
287 0.4535847606
288 0.4535847606
289 0.4535847606
290 0.4535847607
291 0.4535847608
292 0.4535847608
293 0.453584761
294 0.4535847611
295 0.4535847613
296 0.4535847615
297 0.4535847617
298 0.4535847621
299 0.4535847625
300 0.453584763
301 0.4535847636
302 0.4535847644
303 0.4535847653
304 0.4535847665
305 0.453584768
306 0.4535847698
307 0.453584772
308 0.4535847748
309 0.4535847782
310 0.4535847823
311 0.4535847874
312 0.4535847937
313 0.4535848013
314 0.4535848107
315 0.4535848222
316 0.4535848362
317 0.4535848532
318 0.453584874
319 0.4535848994
320 0.4535849301
321 0.4535849675
322 0.4535850129
323 0.4535850679
324 0.4535851345
325 0.4535852151
326 0.4535853124
327 0.4535854299
328 0.4535855716
329 0.4535857423
330 0.4535859476
331 0.4535861945
332 0.4535864909
333 0.4535868464
334 0.4535872724
335 0.4535877823
336 0.453588392
337 0.4535891203
338 0.4535899892
339 0.4535910249
340 0.4535922581
341 0.4535937249
342 0.4535954677
343 0.4535975362
344 0.4535999887
345 0.4536028936
346 0.4536063304
347 0.4536103925
348 0.4536151883
349 0.4536208446
350 0.4536275086
351 0.4536353516
352 0.4536445723
353 0.4536554013
354 0.4536681057
355 0.4536829944
356 0.4537004244
357 0.453720808
358 0.4537446202
359 0.4537724083
360 0.4538048017
361 0.4538425233
362 0.453886403
363 0.4539373918
364 0.4539965783
365 0.4540652072
366 0.4541447003
367 0.4542366792
368 0.4543429913
369 0.4544657392
370 0.4546073124
371 0.4547704234
372 0.4549581479
373 0.4551739688
374 0.4554218257
375 0.4557061688
376 0.4560320193
377 0.4564050357
378 0.4568315867
379 0.4573188312
380 0.4578748069
381 0.4585085264
382 0.459230083
383 0.4600507659
384 0.4609831864
385 0.4620414142
386 0.4632411264
387 0.464599769
388 0.4661367311
389 0.4678735337
390 0.4698340331
391 0.4720446398
392 0.474534554
393 0.4773360168
394 0.4804845809
395 0.4840193975
396 0.4879835236
397 0.492424247
398 0.4973934322
399 0.5029478853
400 0.5091497397
401 0.516066861
402 0.5237732731
403 0.5323496032
404 0.5418835469
405 0.5524703511
406 0.5642133161
407 0.5772243133
408 0.5916243191
409 0.6075439626
410 0.6251240846
411 0.6445163071
412 0.6658836094
413 0.6894009089
414 0.7152556418
415 0.7436483424
416 0.7747932147
417 0.8089186931
418 0.8462679869
419 0.8870996039
420 0.9316878466
421 0.9803232758
422 1.033313135
423 1.090981727
424 1.153670741
425 1.221739515
426 1.295565232
427 1.375543039
428 1.462086082
429 1.555625448
430 1.656610005
431 1.76550613
432 1.882797328
433 2.008983709
434 2.144581345
435 2.290121475
436 2.446149564
437 2.6132242
438 2.791915835
439 2.982805351
440 3.186482448
441 3.403543861
442 3.634591391
443 3.880229748
444 4.141064219
445 4.417698137
446 4.710730182
447 5.02075149
448 5.348342597
449 5.694070206
450 6.058483802
451 6.442112112
452 6.84545943
453 7.269001814
454 7.71318318
455 8.1784113
456 8.66505373
457 9.173433691
458 9.703825917
459 10.2564525
460 10.83147876
461 11.42900919
462 12.04908339
463 12.69167228
464 13.35667425
465 14.04391164
466 14.75312739
467 15.48398181
468 16.23604985
469 17.00881842
470 17.80168423
471 18.61395193
472 19.4448326
473 20.29344277
474 21.15880378
475 22.03984171
476 22.93538775
477 23.8441791
478 24.76486044
479 25.6959859
480 26.63602167
481 27.58334906
482 28.53626826
483 29.49300263
484 30.45170348
485 31.41045556
486 32.36728297
487 33.32015567
488 34.2669965
489 35.20568864
490 36.13408357
491 37.05000946
492 37.95127993
493 38.83570311
494 39.70109112
495 40.54526969
496 41.36608805
497 42.16142896
498 42.92921885
499 43.66743796
500 44.37413053
501 45.0474149
502 45.68549345
503 46.2866624
504 46.84932135
505 47.37198249
506 47.85327951
507 48.29197605
508 48.68697373
509 49.03731966
510 49.34221339
511 49.60101326
512 49.81324211
513 49.97859237
514 50.09693042
515 50.16830015
516 50.19292595
517 50.1712147
518 50.10375723
519 49.99132878
520 49.83488877
521 49.63557979
522 49.39472574
523 49.11382926
524 48.79456827
525 48.43879191
526 48.04851563
527 47.62591561
528 47.17332243
529 46.69321419
530 46.18820886
531 45.66105612
532 45.11462854
533 44.55191229
534 43.97599727
535 43.39006681
536 42.79738691
537 42.20129504
538 41.60518858
539 41.01251295
540 40.42674934
541 39.85140227
542 39.28998681
543 38.74601563
544 38.22298589
545 37.72436589
546 37.25358174
547 36.81400381
548 36.40893321
549 36.04158824
550 35.71509083
551 35.43245307
552 35.19656377
553 35.01017524
554 34.87589019
555 34.79614881
556 34.77321619
557 34.80916999
558 34.90588851
559 35.06503915
560 35.28806735
561 35.57618608
562 35.93036589
563 36.35132563
564 36.83952395
565 37.39515146
566 38.01812389
567 38.7080761
568 39.46435711
569 40.28602618
570 41.17185005
571 42.12030135
572 43.12955827
573 44.1975056
574 45.32173705
575 46.49955903
576 47.72799592
577 49.00379677
578 50.32344351
579 51.68316075
580 53.07892704
581 54.50648771
582 55.96136914
583 57.43889458
584 58.93420138
585 60.4422596
586 61.95789189
587 63.47579466
588 64.99056035
589 66.49670075
590 67.98867124
591 69.46089576
592 70.90779251
593 72.3238001
594 73.70340402
595 75.04116335
596 76.33173743
597 77.56991232
598 78.75062704
599 79.86899915
600 80.92034967
601 81.90022715
602 82.80443061
603 83.62903132
604 84.37039314
605 85.02519131
606 85.59042963
607 86.06345573
608 86.44197443
609 86.7240591
610 86.90816086
611 86.99311556
612 86.97814856
613 86.86287719
614 86.6473109
615 86.33184912
616 85.91727684
617 85.40475795
618 84.79582634
619 84.09237496
620 83.29664283
621 82.41120012
622 81.43893146
623 80.38301756
624 79.24691541
625 78.03433701
626 76.74922705
627 75.39573943
628 73.97821316
629 72.50114741
630 70.96917629
631 69.38704323
632 67.75957538
633 66.09165807
634 64.38820956
635 62.65415625
636 60.89440851
637 59.11383729
638 57.31725161
639 55.50937718
640 53.6948361
641 51.87812788
642 50.06361184
643 48.25549091
644 46.45779702
645 44.67437794
646 42.90888583
647 41.16476731
648 39.44525523
649 37.75336198
650 36.09187444
651 34.46335048
652 32.87011699
653 31.31426934
654 29.79767225
655 28.32196199
656 26.88854987
657 25.49862677
658 24.15316887
659 22.8529443
660 21.59852061
661 20.3902731
662 19.22839377
663 18.11290086
664 17.04364887
665 16.02033893
666 15.04252941
667 14.10964687
668 13.22099688
669 12.37577506
670 11.57307796
671 10.81191376
672 10.09121291
673 9.409838363
674 8.766595566
675 8.16024209
676 7.589496823
677 7.053048741
678 6.549565207
679 6.077699773
680 5.636099478
681 5.223411617
682 4.83828999
683 4.479400607
684 4.145426882
685 3.835074288
686 3.547074516
687 3.280189124
688 3.033212711
689 2.80497563
690 2.594346254
691 2.400232831
692 2.221584938
693 2.057394568
694 1.906696881
695 1.768570625
696 1.642138277
697 1.526565919
698 1.421062869
699 1.324881109
700 1.237314518
701 1.157697943
702 1.085406127
703 1.01985252
704 0.9604879888
705 0.9067994445
706 0.8583084086
707 0.8145695335
708 0.77516909
709 0.7397234379
710 0.7078774912
711 0.6793031889
712 0.6536979815
713 0.6307833411
714 0.6103033041
715 0.5920230508
716 0.5757275288
717 0.561220124
718 0.5483213828
719 0.5368677876
720 0.5267105889
721 0.5177146936
722 0.5097576114
723 0.5027284588
724 0.4965270205
725 0.4910628677
726 0.4862545316
727 0.4820287313
728 0.4783196542
729 0.4750682865
730 0.4722217932
731 0.4697329435
732 0.4675595814
733 0.4656641372
734 0.46401318
735 0.4625770059
736 0.4613292625
737 0.4602466057
738 0.4593083867
739 0.4584963683
740 0.4577944668
741 0.4571885183
742 0.4566660683
743 0.456216181
744 0.4558292684
745 0.4554969357
746 0.4552118444
747 0.4549675876
748 0.4547585805
749 0.4545799615
750 0.4544275048
751 0.4542975422
752 0.4541868942
753 0.4540928088
754 0.4540129073
755 0.4539451368
756 0.4538877275
757 0.4538391564
758 0.4537981144
759 0.4537634779
760 0.4537342838
761 0.4537097076
762 0.4536890449
763 0.4536716943
764 0.4536571429
765 0.4536449545
766 0.4536347581
767 0.4536262388
768 0.4536191296
769 0.4536132045
770 0.4536082725
771 0.4536041722
772 0.4536007676
773 0.4535979443
774 0.4535956058
775 0.4535936713
776 0.4535920731
777 0.4535907542
778 0.4535896673
779 0.4535887727
780 0.4535880372
781 0.4535874333
782 0.453586938
783 0.4535865324
784 0.4535862006
785 0.4535859295
786 0.4535857083
787 0.4535855281
788 0.4535853813
789 0.453585262
790 0.4535851651
791 0.4535850866
792 0.453585023
793 0.4535849715
794 0.4535849299
795 0.4535848964
796 0.4535848693
797 0.4535848476
798 0.4535848301
799 0.453584816
800 0.4535848047
801 0.4535847957
802 0.4535847885
803 0.4535847827
804 0.4535847781
805 0.4535847744
806 0.4535847715
807 0.4535847692
808 0.4535847673
809 0.4535847659
810 0.4535847647
811 0.4535847638
812 0.4535847631
813 0.4535847625
814 0.4535847621
815 0.4535847617
816 0.4535847614
817 0.4535847612
818 0.453584761
819 0.4535847609
820 0.4535847608
821 0.4535847607
822 0.4535847606
823 0.4535847606
824 0.4535847606
825 0.4535847605
826 0.4535847605
827 0.4535847605
828 0.4535847605
829 0.4535847605
830 0.4535847605
831 0.4535847604
832 0.4535847604
833 0.4535847604
834 0.4535847604
835 0.4535847604
836 0.4535847604
837 0.4535847604
838 0.4535847604
839 0.4535847604
840 0.4535847604
841 0.4535847604
842 0.4535847604
843 0.4535847604
844 0.4535847604
845 0.4535847604
846 0.4535847604
847 0.4535847604
848 0.4535847604
849 0.4535847604
850 0.4535847604
851 0.4535847604
852 0.4535847604
853 0.4535847604
854 0.4535847604
855 0.4535847604
856 0.4535847604
857 0.4535847604
858 0.4535847604
859 0.4535847604
860 0.4535847604
861 0.4535847604
862 0.4535847604
863 0.4535847604
864 0.4535847604
865 0.4535847604
866 0.4535847604
867 0.4535847604
868 0.4535847604
869 0.4535847604
870 0.4535847604
871 0.4535847604
872 0.4535847604
873 0.4535847604
874 0.4535847604
875 0.4535847604
876 0.4535847604
877 0.4535847604
878 0.4535847604
879 0.4535847604
880 0.4535847604
881 0.4535847604
882 0.4535847604
883 0.4535847604
884 0.4535847604
885 0.4535847604
886 0.4535847604
887 0.4535847604
888 0.4535847604
889 0.4535847604
890 0.4535847604
891 0.4535847604
892 0.4535847604
893 0.4535847604
894 0.4535847604
895 0.4535847604
896 0.4535847604
897 0.4535847604
898 0.4535847604
899 0.4535847604
900 0.4535847604
901 0.4535847604
902 0.4535847604
903 0.4535847604
904 0.4535847604
905 0.4535847604
906 0.4535847604
907 0.4535847604
908 0.4535847604
909 0.4535847604
910 0.4535847604
911 0.4535847604
912 0.4535847604
913 0.4535847604
914 0.4535847604
915 0.4535847604
916 0.4535847604
917 0.4535847604
918 0.4535847604
919 0.4535847604
920 0.4535847604
921 0.4535847604
922 0.4535847604
923 0.4535847604
924 0.4535847604
925 0.4535847604
926 0.4535847604
927 0.4535847604
928 0.4535847604
929 0.4535847604
930 0.4535847604
931 0.4535847604
932 0.4535847604
933 0.4535847604
934 0.4535847604
935 0.4535847604
936 0.4535847604
937 0.4535847604
938 0.4535847604
939 0.4535847604
940 0.4535847604
941 0.4535847604
942 0.4535847604
943 0.4535847604
944 0.4535847604
945 0.4535847604
946 0.4535847604
947 0.4535847604
948 0.4535847604
949 0.4535847604
950 0.4535847604
951 0.4535847604
952 0.4535847604
953 0.4535847604
954 0.4535847604
955 0.4535847604
956 0.4535847604
957 0.4535847604
958 0.4535847604
959 0.4535847604
960 0.4535847604
961 0.4535847604
962 0.4535847604
963 0.4535847604
964 0.4535847604
965 0.4535847604
966 0.4535847604
967 0.4535847604
968 0.4535847604
969 0.4535847604
970 0.4535847604
971 0.4535847604
972 0.4535847604
973 0.4535847604
974 0.4535847604
975 0.4535847604
976 0.4535847604
977 0.4535847604
978 0.4535847604
979 0.4535847604
980 0.4535847604
981 0.4535847604
982 0.4535847604
983 0.4535847604
984 0.4535847604
985 0.4535847604
986 0.4535847604
987 0.4535847604
988 0.4535847604
989 0.4535847604
990 0.4535847604
991 0.4535847604
992 0.4535847604
993 0.4535847604
994 0.4535847604
995 0.4535847604
996 0.4535847604
997 0.4535847604
998 0.4535847604
999 0.4535847604
1000 0.4535847604
1001 0.4535847604
1002 0.4535847604
1003 0.4535847604
1004 0.4535847604
1005 0.4535847604
1006 0.4535847604
1007 0.4535847604
1008 0.4535847604
1009 0.4535847604
1010 0.4535847604
1011 0.4535847604
1012 0.4535847604
1013 0.4535847604
1014 0.4535847604
1015 0.4535847604
1016 0.4535847604
1017 0.4535847604
1018 0.4535847604
1019 0.4535847604
1020 0.4535847604
1021 0.4535847604
1022 0.4535847604
1023 0.4535847604
