#53781 2910.0006426102228629 0.0045697726277535337738 1 1325 16.000049430220818044 1024 7 1 J1713+0747 0.0000000 
0 -0.09100319781
1 -0.0910031978
2 -0.09100319779
3 -0.09100319777
4 -0.09100319775
5 -0.09100319773
6 -0.09100319769
7 -0.09100319765
8 -0.0910031976
9 -0.09100319754
10 -0.09100319745
11 -0.09100319735
12 -0.09100319722
13 -0.09100319706
14 -0.09100319687
15 -0.09100319662
16 -0.09100319631
17 -0.09100319593
18 -0.09100319545
19 -0.09100319486
20 -0.09100319413
21 -0.09100319323
22 -0.09100319211
23 -0.09100319073
24 -0.09100318902
25 -0.09100318692
26 -0.09100318433
27 -0.09100318115
28 -0.09100317723
29 -0.09100317243
30 -0.09100316654
31 -0.09100315932
32 -0.09100315049
33 -0.0910031397
34 -0.09100312652
35 -0.09100311044
36 -0.09100309084
37 -0.09100306699
38 -0.09100303798
39 -0.09100300274
40 -0.09100295998
41 -0.09100290814
42 -0.09100284537
43 -0.09100276943
44 -0.09100267766
45 -0.09100256689
46 -0.0910024333
47 -0.09100227238
48 -0.09100207874
49 -0.09100184596
50 -0.09100156643
51 -0.09100123111
52 -0.0910008293
53 -0.09100034831
54 -0.09099977314
55 -0.0909990861
56 -0.09099826626
57 -0.090997289
58 -0.09099612532
59 -0.09099474112
60 -0.09099309634
61 -0.090991144
62 -0.09098882902
63 -0.09098608694
64 -0.09098284241
65 -0.0909790074
66 -0.09097447925
67 -0.09096913832
68 -0.09096284539
69 -0.09095543863
70 -0.0909467301
71 -0.09093650188
72 -0.09092450148
73 -0.09091043677
74 -0.09089397015
75 -0.09087471186
76 -0.09085221254
77 -0.09082595465
78 -0.09079534288
79 -0.09075969324
80 -0.09071822077
81 -0.09067002576
82 -0.09061407812
83 -0.09054919994
84 -0.0904740459
85 -0.09038708127
86 -0.09028655735
87 -0.09017048406
88 -0.09003659935
89 -0.08988233512
90 -0.08970477935
91 -0.08950063408
92 -0.08926616879
93 -0.08899716884
94 -0.0886888785
95 -0.08833593807
96 -0.08793231464
97 -0.08747122598
98 -0.08694505691
99 -0.08634526773
100 -0.08566229394
101 -0.08488543676
102 -0.08400274372
103 -0.08300087868
104 -0.08186498063
105 -0.08057851052
106 -0.07912308538
107 -0.07747829921
108 -0.07562152965
109 -0.07352772997
110 -0.07116920565
111 -0.06851537469
112 -0.0655325114
113 -0.06218347269
114 -0.05842740661
115 -0.05421944257
116 -0.04951036285
117 -0.0442462551
118 -0.03836814575
119 -0.03181161402
120 -0.02450638696
121 -0.01637591536
122 -0.007336931234
123 0.002701012702
124 0.01383602071
125 0.02617434782
126 0.03983090855
127 0.05492979891
128 0.07160482989
129 0.09000007049
130 0.1102703976
131 0.1325820501
132 0.1571131841
133 0.1840544259
134 0.2136094188
135 0.2459953589
136 0.2814435169
137 0.3201997393
138 0.3625249242
139 0.4086954664
140 0.4590036654
141 0.5137580892
142 0.5732838885
143 0.637923053
144 0.7080346028
145 0.7839947079
146 0.8661967266
147 0.9550511566
148 1.05098549
149 1.15444396
150 1.265887186
151 1.385791682
152 1.514649251
153 1.652966236
154 1.801262633
155 1.960071046
156 2.129935497
157 2.311410065
158 2.505057364
159 2.711446846
160 2.931152936
161 3.164752985
162 3.41282505
163 3.675945496
164 3.954686427
165 4.249612937
166 4.561280202
167 4.890230404
168 5.236989512
169 5.602063905
170 5.985936875
171 6.389065003
172 6.811874433
173 7.254757059
174 7.71806664
175 8.202114864
176 8.70716739
177 9.23343988
178 9.781094051
179 10.35023378
180 10.94090128
181 11.55307335
182 12.18665786
183 12.84149021
184 13.51733022
185 14.21385901
186 14.93067633
187 15.66729804
188 16.42315401
189 17.19758626
190 17.98984758
191 18.79910052
192 19.62441672
193 20.46477689
194 21.31907103
195 22.18609935
196 23.06457359
197 23.95311886
198 24.8502761
199 25.75450499
200 26.66418747
201 27.57763182
202 28.49307717
203 29.40869874
204 30.3226134
205 31.2328859
206 32.1375355
207 33.03454307
208 33.92185873
209 34.79740973
210 35.65910883
211 36.504863
212 37.33258234
213 38.14018934
214 38.92562826
215 39.68687474
216 40.42194542
217 41.12890771
218 41.80588945
219 42.45108856
220 43.06278262
221 43.63933814
222 44.17921976
223 44.68099905
224 45.14336302
225 45.56512225
226 45.94521858
227 46.28273228
228 46.57688879
229 46.82706477
230 47.03279363
231 47.19377041
232 47.309856
233 47.38108062
234 47.40764662
235 47.3899306
236 47.32848468
237 47.22403711
238 47.07749208
239 46.88992875
240 46.66259961
241 46.39692797
242 46.09450485
243 45.75708501
244 45.3865824
245 44.98506481
246 44.55474798
247 44.09798892
248 43.61727878
249 43.11523502
250 42.59459303
251 42.05819734
252 41.50899219
253 40.95001173
254 40.38436976
255 39.81524907
256 39.24589047
257 38.67958138
258 38.11964424
259 37.56942456
260 37.03227877
261 36.51156189
262 36.01061494
263 35.53275231
264 35.08124895
265 34.65932746
266 34.27014522
267 33.91678138
268 33.60222398
269 33.32935701
270 33.10094764
271 32.91963356
272 32.78791039
273 32.70811946
274 32.68243565
275 32.71285569
276 32.80118666
277 32.94903502
278 33.15779594
279 33.42864329
280 33.76252005
281 34.16012946
282 34.62192675
283 35.14811174
284 35.73862213
285 36.39312778
286 37.11102587
287 37.89143711
288 38.733203
289 39.63488423
290 40.59476034
291 41.61083053
292 42.68081585
293 43.80216272
294 44.97204783
295 46.18738444
296 47.44483017
297 48.74079621
298 50.07145798
299 51.43276731
300 52.82046595
301 54.23010062
302 55.65703933
303 57.09648903
304 58.54351464
305 59.99305904
306 61.43996437
307 62.87899419
308 64.30485657
309 65.71222789
310 67.09577739
311 68.45019203
312 69.77020183
313 71.05060531
314 72.28629501
315 73.47228277
316 74.60372477
317 75.67594603
318 76.68446428
319 77.62501298
320 78.49356332
321 79.28634505
322 79.9998661
323 80.63093054
324 81.17665515
325 81.63448408
326 82.0022018
327 82.27794403
328 82.46020668
329 82.54785271
330 82.54011676
331 82.43660772
332 82.23730897
333 81.94257654
334 81.55313501
335 81.07007126
336 80.4948262
337 79.82918438
338 79.07526174
339 78.23549149
340 77.31260827
341 76.30963075
342 75.22984272
343 74.07677298
344 72.85417397
345 71.56599954
346 70.21638187
347 68.80960777
348 67.35009452
349 65.84236553
350 64.29102581
351 62.70073759
352 61.0761962
353 59.42210634
354 57.74315897
355 56.04400889
356 54.32925324
357 52.60341094
358 50.87090325
359 49.13603559
360 47.4029806
361 45.6757626
362 43.95824349
363 42.25411016
364 40.56686337
365 38.89980824
366 37.25604617
367 35.63846849
368 34.04975142
369 32.49235269
370 30.96850951
371 29.48023802
372 28.02933398
373 26.61737484
374 25.2457229
375 23.9155297
376 22.62774129
377 21.3831046
378 20.1821745
379 19.02532171
380 17.91274129
381 16.84446174
382 15.82035451
383 14.8401439
384 13.90341721
385 13.00963512
386 12.15814206
387 11.34817676
388 10.5788826
389 9.849317925
390 9.158466111
391 8.505245443
392 7.88851865
393 7.307102115
394 6.759774692
395 6.245286113
396 5.762364938
397 5.309726049
398 4.88607764
399 4.490127727
400 4.120590143
401 3.776190025
402 3.455668804
403 3.15778869
404 2.881336671
405 2.625128033
406 2.388009422
407 2.168861463
408 1.966600953
409 1.78018266
410 1.608600733
411 1.45088977
412 1.306125547
413 1.17342545
414 1.051948624
415 0.9408958663
416 0.8395092984
417 0.7470718245
418 0.6629064143
419 0.5863752256
420 0.5168785902
421 0.4538538839
422 0.3967743002
423 0.3451475459
424 0.2985144746
425 0.2564476764
426 0.218550035
427 0.1844532686
428 0.1538164633
429 0.126324613
430 0.101687172
431 0.07963663121
432 0.05992712333
433 0.04233306446
434 0.0266478363
435 0.01268251375
436 0.0002646411479
437 -0.01076294032
438 -0.02054321204
439 -0.02920604308
440 -0.03686920022
441 -0.04363930279
442 -0.04961272273
443 -0.05487643036
444 -0.0595087871
445 -0.06358028641
446 -0.06715424441
447 -0.07028744214
448 -0.07303072125
449 -0.07542953519
450 -0.07752445803
451 -0.07935165309
452 -0.08094330359
453 -0.08232800747
454 -0.08353113866
455 -0.08457517691
456 -0.08548000824
457 -0.08626319816
458 -0.08694023956
459 -0.08752477717
460 -0.08802881043
461 -0.08846287651
462 -0.08883621502
463 -0.08915691612
464 -0.08943205322
465 -0.08966780192
466 -0.08986954621
467 -0.09004197324
468 -0.09018915768
469 -0.09031463676
470 -0.09042147675
471 -0.09051233198
472 -0.09058949687
473 -0.09065495199
474 -0.09071040461
475 -0.09075732429
476 -0.09079697427
477 -0.09083043893
478 -0.09085864777
479 -0.09088239648
480 -0.09090236522
481 -0.09091913463
482 -0.09093319969
483 -0.09094498177
484 -0.09095483911
485 -0.09096307584
486 -0.09096994981
487 -0.09097567933
488 -0.09098044898
489 -0.09098441462
490 -0.09098770767
491 -0.0909904388
492 -0.09099270108
493 -0.09099457266
494 -0.09099611908
495 -0.09099739525
496 -0.0909984471
497 -0.09099931296
498 -0.09100002485
499 -0.09100060941
500 -0.09100108883
501 -0.09100148153
502 -0.09100180279
503 -0.09100206529
504 -0.0910022795
505 -0.0910024541
506 -0.09100259622
507 -0.09100271178
508 -0.09100280561
509 -0.09100288172
510 -0.09100294336
511 -0.09100299323
512 -0.09100303353
513 -0.09100306605
514 -0.09100309226
515 -0.09100311336
516 -0.09100313033
517 -0.09100314395
518 -0.09100315488
519 -0.09100316363
520 -0.09100317064
521 -0.09100317623
522 -0.0910031807
523 -0.09100318426
524 -0.09100318709
525 -0.09100318935
526 -0.09100319114
527 -0.09100319256
528 -0.09100319368
529 -0.09100319457
530 -0.09100319527
531 -0.09100319583
532 -0.09100319627
533 -0.09100319661
534 -0.09100319688
535 -0.09100319709
536 -0.09100319726
537 -0.09100319739
538 -0.09100319749
539 -0.09100319757
540 -0.09100319764
541 -0.09100319768
542 -0.09100319772
543 -0.09100319775
544 -0.09100319777
545 -0.09100319779
546 -0.09100319781
547 -0.09100319782
548 -0.09100319783
549 -0.09100319783
550 -0.09100319784
551 -0.09100319784
552 -0.09100319784
553 -0.09100319785
554 -0.09100319785
555 -0.09100319785
556 -0.09100319785
557 -0.09100319785
558 -0.09100319785
559 -0.09100319785
560 -0.09100319785
561 -0.09100319785
562 -0.09100319785
563 -0.09100319785
564 -0.09100319785
565 -0.09100319785
566 -0.09100319785
567 -0.09100319785
568 -0.09100319785
569 -0.09100319785
570 -0.09100319785
571 -0.09100319785
572 -0.09100319785
573 -0.09100319785
574 -0.09100319785
575 -0.09100319785
576 -0.09100319785
577 -0.09100319785
578 -0.09100319785
579 -0.09100319785
580 -0.09100319785
581 -0.09100319785
582 -0.09100319785
583 -0.09100319785
584 -0.09100319785
585 -0.09100319785
586 -0.09100319785
587 -0.09100319785
588 -0.09100319785
589 -0.09100319785
590 -0.09100319785
591 -0.09100319785
592 -0.09100319785
593 -0.09100319785
594 -0.09100319785
595 -0.09100319785
596 -0.09100319785
597 -0.09100319785
598 -0.09100319785
599 -0.09100319785
600 -0.09100319785
601 -0.09100319785
602 -0.09100319785
603 -0.09100319785
604 -0.09100319785
605 -0.09100319785
606 -0.09100319785
607 -0.09100319785
608 -0.09100319785
609 -0.09100319785
610 -0.09100319785
611 -0.09100319785
612 -0.09100319785
613 -0.09100319785
614 -0.09100319785
615 -0.09100319785
616 -0.09100319785
617 -0.09100319785
618 -0.09100319785
619 -0.09100319785
620 -0.09100319785
621 -0.09100319785
622 -0.09100319785
623 -0.09100319785
624 -0.09100319785
625 -0.09100319785
626 -0.09100319785
627 -0.09100319785
628 -0.09100319785
629 -0.09100319785
630 -0.09100319785
631 -0.09100319785
632 -0.09100319785
633 -0.09100319785
634 -0.09100319785
635 -0.09100319785
636 -0.09100319785
637 -0.09100319785
638 -0.09100319785
639 -0.09100319785
640 -0.09100319785
641 -0.09100319785
642 -0.09100319785
643 -0.09100319785
644 -0.09100319785
645 -0.09100319785
646 -0.09100319785
647 -0.09100319785
648 -0.09100319785
649 -0.09100319785
650 -0.09100319785
651 -0.09100319785
652 -0.09100319785
653 -0.09100319785
654 -0.09100319785
655 -0.09100319785
656 -0.09100319785
657 -0.09100319785
658 -0.09100319785
659 -0.09100319785
660 -0.09100319785
661 -0.09100319785
662 -0.09100319785
663 -0.09100319785
664 -0.09100319785
665 -0.09100319785
666 -0.09100319785
667 -0.09100319785
668 -0.09100319785
669 -0.09100319785
670 -0.09100319785
671 -0.09100319785
672 -0.09100319785
673 -0.09100319785
674 -0.09100319785
675 -0.09100319785
676 -0.09100319785
677 -0.09100319785
678 -0.09100319785
679 -0.09100319785
680 -0.09100319785
681 -0.09100319785
682 -0.09100319785
683 -0.09100319785
684 -0.09100319785
685 -0.09100319785
686 -0.09100319785
687 -0.09100319785
688 -0.09100319785
689 -0.09100319785
690 -0.09100319785
691 -0.09100319785
692 -0.09100319785
693 -0.09100319785
694 -0.09100319785
695 -0.09100319785
696 -0.09100319785
697 -0.09100319785
698 -0.09100319785
699 -0.09100319785
700 -0.09100319785
701 -0.09100319785
702 -0.09100319785
703 -0.09100319785
704 -0.09100319785
705 -0.09100319785
706 -0.09100319785
707 -0.09100319785
708 -0.09100319785
709 -0.09100319785
710 -0.09100319785
711 -0.09100319785
712 -0.09100319785
713 -0.09100319785
714 -0.09100319785
715 -0.09100319785
716 -0.09100319785
717 -0.09100319785
718 -0.09100319785
719 -0.09100319785
720 -0.09100319785
721 -0.09100319785
722 -0.09100319785
723 -0.09100319785
724 -0.09100319785
725 -0.09100319785
726 -0.09100319785
727 -0.09100319785
728 -0.09100319785
729 -0.09100319785
730 -0.09100319785
731 -0.09100319785
732 -0.09100319785
733 -0.09100319785
734 -0.09100319785
735 -0.09100319785
736 -0.09100319785
737 -0.09100319785
738 -0.09100319785
739 -0.09100319785
740 -0.09100319785
741 -0.09100319785
742 -0.09100319785
743 -0.09100319785
744 -0.09100319785
745 -0.09100319785
746 -0.09100319785
747 -0.09100319785
748 -0.09100319785
749 -0.09100319785
750 -0.09100319785
751 -0.09100319785
752 -0.09100319785
753 -0.09100319785
754 -0.09100319785
755 -0.09100319785
756 -0.09100319785
757 -0.09100319785
758 -0.09100319785
759 -0.09100319785
760 -0.09100319785
761 -0.09100319785
762 -0.09100319785
763 -0.09100319785
764 -0.09100319785
765 -0.09100319785
766 -0.09100319785
767 -0.09100319785
768 -0.09100319785
769 -0.09100319785
770 -0.09100319785
771 -0.09100319785
772 -0.09100319785
773 -0.09100319785
774 -0.09100319785
775 -0.09100319785
776 -0.09100319785
777 -0.09100319785
778 -0.09100319785
779 -0.09100319785
780 -0.09100319785
781 -0.09100319785
782 -0.09100319785
783 -0.09100319785
784 -0.09100319785
785 -0.09100319785
786 -0.09100319785
787 -0.09100319785
788 -0.09100319785
789 -0.09100319785
790 -0.09100319785
791 -0.09100319785
792 -0.09100319785
793 -0.09100319785
794 -0.09100319785
795 -0.09100319785
796 -0.09100319785
797 -0.09100319785
798 -0.09100319785
799 -0.09100319785
800 -0.09100319785
801 -0.09100319785
802 -0.09100319785
803 -0.09100319785
804 -0.09100319785
805 -0.09100319785
806 -0.09100319785
807 -0.09100319785
808 -0.09100319785
809 -0.09100319785
810 -0.09100319785
811 -0.09100319785
812 -0.09100319785
813 -0.09100319785
814 -0.09100319785
815 -0.09100319785
816 -0.09100319785
817 -0.09100319785
818 -0.09100319785
819 -0.09100319785
820 -0.09100319785
821 -0.09100319785
822 -0.09100319785
823 -0.09100319785
824 -0.09100319785
825 -0.09100319785
826 -0.09100319785
827 -0.09100319785
828 -0.09100319785
829 -0.09100319785
830 -0.09100319785
831 -0.09100319785
832 -0.09100319785
833 -0.09100319785
834 -0.09100319785
835 -0.09100319785
836 -0.09100319785
837 -0.09100319785
838 -0.09100319785
839 -0.09100319785
840 -0.09100319785
841 -0.09100319785
842 -0.09100319785
843 -0.09100319785
844 -0.09100319785
845 -0.09100319785
846 -0.09100319785
847 -0.09100319785
848 -0.09100319785
849 -0.09100319785
850 -0.09100319785
851 -0.09100319785
852 -0.09100319785
853 -0.09100319785
854 -0.09100319785
855 -0.09100319785
856 -0.09100319785
857 -0.09100319785
858 -0.09100319785
859 -0.09100319785
860 -0.09100319785
861 -0.09100319785
862 -0.09100319785
863 -0.09100319785
864 -0.09100319785
865 -0.09100319785
866 -0.09100319785
867 -0.09100319785
868 -0.09100319785
869 -0.09100319785
870 -0.09100319785
871 -0.09100319785
872 -0.09100319785
873 -0.09100319785
874 -0.09100319785
875 -0.09100319785
876 -0.09100319785
877 -0.09100319785
878 -0.09100319785
879 -0.09100319785
880 -0.09100319785
881 -0.09100319785
882 -0.09100319785
883 -0.09100319785
884 -0.09100319785
885 -0.09100319785
886 -0.09100319785
887 -0.09100319785
888 -0.09100319785
889 -0.09100319785
890 -0.09100319785
891 -0.09100319785
892 -0.09100319785
893 -0.09100319785
894 -0.09100319785
895 -0.09100319785
896 -0.09100319785
897 -0.09100319785
898 -0.09100319785
899 -0.09100319785
900 -0.09100319785
901 -0.09100319785
902 -0.09100319785
903 -0.09100319785
904 -0.09100319785
905 -0.09100319785
906 -0.09100319785
907 -0.09100319785
908 -0.09100319785
909 -0.09100319785
910 -0.09100319785
911 -0.09100319785
912 -0.09100319785
913 -0.09100319785
914 -0.09100319785
915 -0.09100319785
916 -0.09100319785
917 -0.09100319785
918 -0.09100319785
919 -0.09100319785
920 -0.09100319785
921 -0.09100319785
922 -0.09100319785
923 -0.09100319785
924 -0.09100319785
925 -0.09100319785
926 -0.09100319785
927 -0.09100319785
928 -0.09100319785
929 -0.09100319785
930 -0.09100319785
931 -0.09100319785
932 -0.09100319785
933 -0.09100319785
934 -0.09100319785
935 -0.09100319785
936 -0.09100319785
937 -0.09100319785
938 -0.09100319785
939 -0.09100319785
940 -0.09100319785
941 -0.09100319785
942 -0.09100319785
943 -0.09100319785
944 -0.09100319785
945 -0.09100319785
946 -0.09100319785
947 -0.09100319785
948 -0.09100319785
949 -0.09100319785
950 -0.09100319785
951 -0.09100319785
952 -0.09100319785
953 -0.09100319785
954 -0.09100319785
955 -0.09100319785
956 -0.09100319785
957 -0.09100319785
958 -0.09100319785
959 -0.09100319785
960 -0.09100319785
961 -0.09100319785
962 -0.09100319785
963 -0.09100319785
964 -0.09100319785
965 -0.09100319785
966 -0.09100319785
967 -0.09100319785
968 -0.09100319785
969 -0.09100319785
970 -0.09100319785
971 -0.09100319785
972 -0.09100319785
973 -0.09100319785
974 -0.09100319785
975 -0.09100319785
976 -0.09100319785
977 -0.09100319785
978 -0.09100319785
979 -0.09100319785
980 -0.09100319785
981 -0.09100319785
982 -0.09100319785
983 -0.09100319785
984 -0.09100319785
985 -0.09100319785
986 -0.09100319785
987 -0.09100319785
988 -0.09100319785
989 -0.09100319785
990 -0.09100319785
991 -0.09100319785
992 -0.09100319785
993 -0.09100319785
994 -0.09100319785
995 -0.09100319785
996 -0.09100319785
997 -0.09100319785
998 -0.09100319785
999 -0.09100319785
1000 -0.09100319785
1001 -0.09100319785
1002 -0.09100319785
1003 -0.09100319785
1004 -0.09100319785
1005 -0.09100319785
1006 -0.09100319785
1007 -0.09100319785
1008 -0.09100319785
1009 -0.09100319785
1010 -0.09100319785
1011 -0.09100319785
1012 -0.09100319785
1013 -0.09100319785
1014 -0.09100319785
1015 -0.09100319785
1016 -0.09100319785
1017 -0.09100319785
1018 -0.09100319784
1019 -0.09100319784
1020 -0.09100319784
1021 -0.09100319783
1022 -0.09100319783
1023 -0.09100319782
