#53781 2910.0010272003331029 0.0045697726277535337738 1 1405 16.000049430220818044 1024 7 1 J1713+0747 0.0000000 
0 0.4299535391
1 0.4299535391
2 0.4299535391
3 0.4299535391
4 0.4299535391
5 0.4299535391
6 0.4299535391
7 0.4299535391
8 0.4299535391
9 0.4299535391
10 0.4299535391
11 0.4299535391
12 0.4299535391
13 0.4299535391
14 0.4299535391
15 0.4299535391
16 0.4299535391
17 0.4299535391
18 0.4299535391
19 0.4299535391
20 0.4299535391
21 0.4299535391
22 0.4299535391
23 0.4299535391
24 0.4299535391
25 0.4299535391
26 0.4299535391
27 0.4299535391
28 0.4299535391
29 0.4299535391
30 0.4299535391
31 0.4299535391
32 0.4299535391
33 0.4299535391
34 0.4299535391
35 0.4299535391
36 0.4299535391
37 0.4299535391
38 0.4299535391
39 0.4299535391
40 0.4299535391
41 0.4299535391
42 0.4299535391
43 0.4299535391
44 0.4299535391
45 0.4299535391
46 0.4299535391
47 0.4299535391
48 0.4299535391
49 0.4299535391
50 0.4299535391
51 0.4299535391
52 0.4299535391
53 0.4299535391
54 0.4299535391
55 0.4299535391
56 0.4299535391
57 0.4299535391
58 0.4299535391
59 0.4299535391
60 0.4299535391
61 0.4299535391
62 0.4299535391
63 0.4299535391
64 0.4299535391
65 0.4299535391
66 0.4299535391
67 0.4299535391
68 0.4299535391
69 0.4299535391
70 0.4299535391
71 0.4299535391
72 0.4299535391
73 0.4299535391
74 0.4299535391
75 0.4299535391
76 0.4299535391
77 0.4299535391
78 0.4299535391
79 0.4299535391
80 0.4299535391
81 0.4299535391
82 0.4299535391
83 0.4299535391
84 0.4299535391
85 0.4299535391
86 0.4299535391
87 0.4299535391
88 0.4299535392
89 0.4299535392
90 0.4299535392
91 0.4299535392
92 0.4299535392
93 0.4299535393
94 0.4299535393
95 0.4299535394
96 0.4299535394
97 0.4299535395
98 0.4299535396
99 0.4299535398
100 0.42995354
101 0.4299535402
102 0.4299535404
103 0.4299535408
104 0.4299535412
105 0.4299535417
106 0.4299535423
107 0.4299535431
108 0.4299535441
109 0.4299535453
110 0.4299535467
111 0.4299535486
112 0.4299535508
113 0.4299535536
114 0.429953557
115 0.4299535611
116 0.4299535663
117 0.4299535725
118 0.4299535802
119 0.4299535896
120 0.429953601
121 0.429953615
122 0.4299536321
123 0.4299536529
124 0.4299536782
125 0.4299537089
126 0.4299537462
127 0.4299537914
128 0.4299538462
129 0.4299539125
130 0.4299539927
131 0.4299540895
132 0.4299542063
133 0.4299543471
134 0.4299545166
135 0.4299547204
136 0.4299549653
137 0.4299552591
138 0.4299556114
139 0.4299560332
140 0.4299565379
141 0.429957141
142 0.429957861
143 0.4299587196
144 0.4299597425
145 0.4299609597
146 0.4299624066
147 0.4299641249
148 0.4299661632
149 0.4299685786
150 0.4299714378
151 0.4299748188
152 0.4299788127
153 0.4299835255
154 0.4299890807
155 0.4299956219
156 0.4300033162
157 0.4300123571
158 0.4300229691
159 0.4300354119
160 0.4300499859
161 0.4300670382
162 0.4300869688
163 0.4301102391
164 0.4301373796
165 0.4301690005
166 0.4302058021
167 0.4302485878
168 0.4302982776
169 0.4303559241
170 0.4304227302
171 0.4305000687
172 0.4305895047
173 0.43069282
174 0.430812041
175 0.4309494695
176 0.4311077169
177 0.4312897419
178 0.4314988931
179 0.4317389556
180 0.4320142025
181 0.432329452
182 0.4326901304
183 0.4331023409
184 0.4335729397
185 0.4341096194
186 0.4347210003
187 0.4354167297
188 0.4362075912
189 0.4371056227
190 0.438124246
191 0.4392784058
192 0.4405847218
193 0.4420616527
194 0.4437296727
195 0.4456114623
196 0.4477321131
197 0.4501193477
198 0.4528037552
199 0.4558190425
200 0.4592023027
201 0.4629943001
202 0.4672397735
203 0.471987756
204 0.4772919146
205 0.4832109062
206 0.4898087531
207 0.4971552354
208 0.5053263023
209 0.5144044993
210 0.5244794126
211 0.5356481295
212 0.5480157124
213 0.5616956872
214 0.5768105419
215 0.5934922362
216 0.6118827181
217 0.6321344455
218 0.65441091
219 0.6788871607
220 0.7057503222
221 0.7352001062
222 0.767449309
223 0.8027242934
224 0.8412654484
225 0.8833276217
226 0.9291805195
227 0.9791090682
228 1.033413731
229 1.092410771
230 1.156432461
231 1.225827223
232 1.300959696
233 1.382210726
234 1.469977266
235 1.564672181
236 1.66672395
237 1.776576259
238 1.894687474
239 2.021529988
240 2.157589439
241 2.303363785
242 2.459362241
243 2.626104054
244 2.804117134
245 2.99393652
246 3.196102683
247 3.411159666
248 3.639653054
249 3.882127781
250 4.139125768
251 4.411183401
252 4.698828844
253 5.002579202
254 5.322937534
255 5.66038973
256 6.01540125
257 6.388413755
258 6.779841626
259 7.190068396
260 7.619443111
261 8.068276631
262 8.536837899
263 9.025350198
264 9.533987417
265 10.06287034
266 10.61206303
267 11.18156924
268 11.77132897
269 12.38121522
270 13.01103078
271 13.66050538
272 14.3292929
273 15.01696903
274 15.72302903
275 16.44688594
276 17.18786906
277 17.94522287
278 18.71810623
279 19.50559217
280 20.30666793
281 21.1202356
282 21.94511321
283 22.78003624
284 23.62365972
285 24.47456081
286 25.33124187
287 26.19213409
288 27.0556016
289 27.91994614
290 28.78341215
291 29.64419244
292 30.50043425
293 31.35024582
294 32.19170336
295 33.0228584
296 33.84174556
297 34.64639056
298 35.43481862
299 36.20506307
300 36.95517413
301 37.68322793
302 38.38733558
303 39.06565233
304 39.71638675
305 40.33780984
306 40.92826412
307 41.48617249
308 42.01004693
309 42.49849701
310 42.95023802
311 43.36409876
312 43.73902904
313 44.0741066
314 44.36854367
315 44.62169294
316 44.83305296
317 45.00227308
318 45.12915758
319 45.21366932
320 45.25593263
321 45.25623559
322 45.21503149
323 45.13293975
324 45.010746
325 44.84940145
326 44.65002167
327 44.41388446
328 44.14242723
329 43.83724354
330 43.50007901
331 43.13282664
332 42.73752138
333 42.31633419
334 41.87156545
335 41.40563781
336 40.92108857
337 40.42056146
338 39.90679801
339 39.38262845
340 38.85096218
341 38.31477789
342 37.77711328
343 37.24105449
344 36.70972521
345 36.18627555
346 35.67387063
347 35.17567902
348 34.69486095
349 34.23455639
350 33.79787305
351 33.38787421
352 33.00756658
353 32.65988801
354 32.34769535
355 32.07375221
356 31.84071689
357 31.6511303
358 31.50740412
359 31.41180908
360 31.36646347
361 31.37332192
362 31.43416445
363 31.55058589
364 31.72398573
365 31.95555839
366 32.24628396
367 32.59691965
368 33.00799164
369 33.47978783
370 34.01235124
371 34.60547414
372 35.25869322
373 35.97128557
374 36.74226566
375 37.57038343
376 38.45412343
377 39.39170517
378 40.38108461
379 41.41995703
380 42.50576103
381 43.63568401
382 44.80666893
383 46.0154224
384 47.25842427
385 48.53193845
386 49.83202523
387 51.15455483
388 52.49522237
389 53.84956401
390 55.21297434
391 56.58072496
392 57.94798406
393 59.30983697
394 60.66130767
395 61.99738098
396 63.31302546
397 64.60321672
398 65.86296125
399 67.08732035
400 68.27143424
401 69.41054601
402 70.50002536
403 71.53539199
404 72.51233837
405 73.42675179
406 74.27473557
407 75.05262919
408 75.75702725
409 76.38479715
410 76.93309519
411 77.39938125
412 77.78143162
413 78.07735012
414 78.28557733
415 78.40489786
416 78.43444559
417 78.37370689
418 78.22252174
419 77.98108283
420 77.64993249
421 77.22995769
422 76.72238295
423 76.12876137
424 75.45096378
425 74.6911661
426 73.85183505
427 72.93571231
428 71.94579724
429 70.88532836
430 69.7577636
431 68.5667597
432 67.31615067
433 66.00992567
434 64.65220636
435 63.247224
436 61.79929628
437 60.31280432
438 58.79216972
439 57.24183203
440 55.66622666
441 54.06976345
442 52.456806
443 50.8316519
444 49.19851391
445 47.56150235
446 45.92460857
447 44.29168977
448 42.66645513
449 41.05245332
450 39.45306148
451 37.87147552
452 36.31070208
453 34.77355177
454 33.26263393
455 31.78035285
456 30.32890527
457 28.91027936
458 27.52625485
459 26.17840449
460 24.86809662
461 23.59649882
462 22.3645826
463 21.17312897
464 20.02273483
465 18.91382017
466 17.84663584
467 16.82127189
468 15.83766647
469 14.89561496
470 13.99477949
471 13.13469868
472 12.31479741
473 11.53439674
474 10.79272374
475 10.08892128
476 9.422057596
477 8.791135724
478 8.195102616
479 7.63285797
480 7.103262714
481 6.605147091
482 6.137318353
483 5.698568003
484 5.287678592
485 4.903430052
486 4.544605549
487 4.209996861
488 3.898409278
489 3.608666028
490 3.339612238
491 3.090118441
492 2.859083638
493 2.645437941
494 2.448144805
495 2.26620287
496 2.098647448
497 1.944551652
498 1.803027219
499 1.673225021
500 1.554335321
501 1.44558776
502 1.346251138
503 1.255632974
504 1.1730789
505 1.097971891
506 1.029731356
507 0.9678121168
508 0.9117032841
509 0.860927054
510 0.815037441
511 0.7736189621
512 0.7362852857
513 0.7026778595
514 0.6724645276
515 0.645338149
516 0.6210152254
517 0.5992345472
518 0.5797558659
519 0.5623585963
520 0.546840557
521 0.5330167518
522 0.5207181948
523 0.5097907846
524 0.5000942262
525 0.4915010053
526 0.4838954133
527 0.4771726251
528 0.4712378283
529 0.4660054042
530 0.4613981594
531 0.4573466063
532 0.4537882924
533 0.4506671756
534 0.4479330441
535 0.4455409793
536 0.4434508596
537 0.4416269027
538 0.4400372446
539 0.4386535538
540 0.4374506772
541 0.4364063171
542 0.4355007366
543 0.4347164913
544 0.4340381859
545 0.4334522534
546 0.4329467557
547 0.4325112032
548 0.4321363924
549 0.4318142602
550 0.4315377526
551 0.4313007073
552 0.4310977488
553 0.4309241946
554 0.4307759717
555 0.4306495422
556 0.4305418376
557 0.4304502001
558 0.4303723307
559 0.4303062441
560 0.4302502278
561 0.4302028068
562 0.4301627126
563 0.4301288557
564 0.4301003016
565 0.43007625
566 0.4300560161
567 0.4300390154
568 0.430024749
569 0.4300127922
570 0.4300027835
571 0.4299944161
572 0.4299874295
573 0.4299816031
574 0.4299767504
575 0.4299727136
576 0.4299693597
577 0.4299665768
578 0.4299642704
579 0.4299623614
580 0.4299607832
581 0.4299594801
582 0.4299584056
583 0.4299575206
584 0.4299567926
585 0.4299561945
586 0.4299557038
587 0.4299553016
588 0.4299549724
589 0.4299547033
590 0.4299544836
591 0.4299543044
592 0.4299541584
593 0.4299540397
594 0.4299539433
595 0.429953865
596 0.4299538016
597 0.4299537503
598 0.4299537088
599 0.4299536753
600 0.4299536482
601 0.4299536265
602 0.429953609
603 0.4299535949
604 0.4299535836
605 0.4299535746
606 0.4299535673
607 0.4299535615
608 0.4299535569
609 0.4299535532
610 0.4299535503
611 0.4299535479
612 0.4299535461
613 0.4299535446
614 0.4299535434
615 0.4299535425
616 0.4299535418
617 0.4299535412
618 0.4299535408
619 0.4299535404
620 0.4299535401
621 0.4299535399
622 0.4299535397
623 0.4299535396
624 0.4299535395
625 0.4299535394
626 0.4299535393
627 0.4299535393
628 0.4299535392
629 0.4299535392
630 0.4299535392
631 0.4299535392
632 0.4299535392
633 0.4299535391
634 0.4299535391
635 0.4299535391
636 0.4299535391
637 0.4299535391
638 0.4299535391
639 0.4299535391
640 0.4299535391
641 0.4299535391
642 0.4299535391
643 0.4299535391
644 0.4299535391
645 0.4299535391
646 0.4299535391
647 0.4299535391
648 0.4299535391
649 0.4299535391
650 0.4299535391
651 0.4299535391
652 0.4299535391
653 0.4299535391
654 0.4299535391
655 0.4299535391
656 0.4299535391
657 0.4299535391
658 0.4299535391
659 0.4299535391
660 0.4299535391
661 0.4299535391
662 0.4299535391
663 0.4299535391
664 0.4299535391
665 0.4299535391
666 0.4299535391
667 0.4299535391
668 0.4299535391
669 0.4299535391
670 0.4299535391
671 0.4299535391
672 0.4299535391
673 0.4299535391
674 0.4299535391
675 0.4299535391
676 0.4299535391
677 0.4299535391
678 0.4299535391
679 0.4299535391
680 0.4299535391
681 0.4299535391
682 0.4299535391
683 0.4299535391
684 0.4299535391
685 0.4299535391
686 0.4299535391
687 0.4299535391
688 0.4299535391
689 0.4299535391
690 0.4299535391
691 0.4299535391
692 0.4299535391
693 0.4299535391
694 0.4299535391
695 0.4299535391
696 0.4299535391
697 0.4299535391
698 0.4299535391
699 0.4299535391
700 0.4299535391
701 0.4299535391
702 0.4299535391
703 0.4299535391
704 0.4299535391
705 0.4299535391
706 0.4299535391
707 0.4299535391
708 0.4299535391
709 0.4299535391
710 0.4299535391
711 0.4299535391
712 0.4299535391
713 0.4299535391
714 0.4299535391
715 0.4299535391
716 0.4299535391
717 0.4299535391
718 0.4299535391
719 0.4299535391
720 0.4299535391
721 0.4299535391
722 0.4299535391
723 0.4299535391
724 0.4299535391
725 0.4299535391
726 0.4299535391
727 0.4299535391
728 0.4299535391
729 0.4299535391
730 0.4299535391
731 0.4299535391
732 0.4299535391
733 0.4299535391
734 0.4299535391
735 0.4299535391
736 0.4299535391
737 0.4299535391
738 0.4299535391
739 0.4299535391
740 0.4299535391
741 0.4299535391
742 0.4299535391
743 0.4299535391
744 0.4299535391
745 0.4299535391
746 0.4299535391
747 0.4299535391
748 0.4299535391
749 0.4299535391
750 0.4299535391
751 0.4299535391
752 0.4299535391
753 0.4299535391
754 0.4299535391
755 0.4299535391
756 0.4299535391
757 0.4299535391
758 0.4299535391
759 0.4299535391
760 0.4299535391
761 0.4299535391
762 0.4299535391
763 0.4299535391
764 0.4299535391
765 0.4299535391
766 0.4299535391
767 0.4299535391
768 0.4299535391
769 0.4299535391
770 0.4299535391
771 0.4299535391
772 0.4299535391
773 0.4299535391
774 0.4299535391
775 0.4299535391
776 0.4299535391
777 0.4299535391
778 0.4299535391
779 0.4299535391
780 0.4299535391
781 0.4299535391
782 0.4299535391
783 0.4299535391
784 0.4299535391
785 0.4299535391
786 0.4299535391
787 0.4299535391
788 0.4299535391
789 0.4299535391
790 0.4299535391
791 0.4299535391
792 0.4299535391
793 0.4299535391
794 0.4299535391
795 0.4299535391
796 0.4299535391
797 0.4299535391
798 0.4299535391
799 0.4299535391
800 0.4299535391
801 0.4299535391
802 0.4299535391
803 0.4299535391
804 0.4299535391
805 0.4299535391
806 0.4299535391
807 0.4299535391
808 0.4299535391
809 0.4299535391
810 0.4299535391
811 0.4299535391
812 0.4299535391
813 0.4299535391
814 0.4299535391
815 0.4299535391
816 0.4299535391
817 0.4299535391
818 0.4299535391
819 0.4299535391
820 0.4299535391
821 0.4299535391
822 0.4299535391
823 0.4299535391
824 0.4299535391
825 0.4299535391
826 0.4299535391
827 0.4299535391
828 0.4299535391
829 0.4299535391
830 0.4299535391
831 0.4299535391
832 0.4299535391
833 0.4299535391
834 0.4299535391
835 0.4299535391
836 0.4299535391
837 0.4299535391
838 0.4299535391
839 0.4299535391
840 0.4299535391
841 0.4299535391
842 0.4299535391
843 0.4299535391
844 0.4299535391
845 0.4299535391
846 0.4299535391
847 0.4299535391
848 0.4299535391
849 0.4299535391
850 0.4299535391
851 0.4299535391
852 0.4299535391
853 0.4299535391
854 0.4299535391
855 0.4299535391
856 0.4299535391
857 0.4299535391
858 0.4299535391
859 0.4299535391
860 0.4299535391
861 0.4299535391
862 0.4299535391
863 0.4299535391
864 0.4299535391
865 0.4299535391
866 0.4299535391
867 0.4299535391
868 0.4299535391
869 0.4299535391
870 0.4299535391
871 0.4299535391
872 0.4299535391
873 0.4299535391
874 0.4299535391
875 0.4299535391
876 0.4299535391
877 0.4299535391
878 0.4299535391
879 0.4299535391
880 0.4299535391
881 0.4299535391
882 0.4299535391
883 0.4299535391
884 0.4299535391
885 0.4299535391
886 0.4299535391
887 0.4299535391
888 0.4299535391
889 0.4299535391
890 0.4299535391
891 0.4299535391
892 0.4299535391
893 0.4299535391
894 0.4299535391
895 0.4299535391
896 0.4299535391
897 0.4299535391
898 0.4299535391
899 0.4299535391
900 0.4299535391
901 0.4299535391
902 0.4299535391
903 0.4299535391
904 0.4299535391
905 0.4299535391
906 0.4299535391
907 0.4299535391
908 0.4299535391
909 0.4299535391
910 0.4299535391
911 0.4299535391
912 0.4299535391
913 0.4299535391
914 0.4299535391
915 0.4299535391
916 0.4299535391
917 0.4299535391
918 0.4299535391
919 0.4299535391
920 0.4299535391
921 0.4299535391
922 0.4299535391
923 0.4299535391
924 0.4299535391
925 0.4299535391
926 0.4299535391
927 0.4299535391
928 0.4299535391
929 0.4299535391
930 0.4299535391
931 0.4299535391
932 0.4299535391
933 0.4299535391
934 0.4299535391
935 0.4299535391
936 0.4299535391
937 0.4299535391
938 0.4299535391
939 0.4299535391
940 0.4299535391
941 0.4299535391
942 0.4299535391
943 0.4299535391
944 0.4299535391
945 0.4299535391
946 0.4299535391
947 0.4299535391
948 0.4299535391
949 0.4299535391
950 0.4299535391
951 0.4299535391
952 0.4299535391
953 0.4299535391
954 0.4299535391
955 0.4299535391
956 0.4299535391
957 0.4299535391
958 0.4299535391
959 0.4299535391
960 0.4299535391
961 0.4299535391
962 0.4299535391
963 0.4299535391
964 0.4299535391
965 0.4299535391
966 0.4299535391
967 0.4299535391
968 0.4299535391
969 0.4299535391
970 0.4299535391
971 0.4299535391
972 0.4299535391
973 0.4299535391
974 0.4299535391
975 0.4299535391
976 0.4299535391
977 0.4299535391
978 0.4299535391
979 0.4299535391
980 0.4299535391
981 0.4299535391
982 0.4299535391
983 0.4299535391
984 0.4299535391
985 0.4299535391
986 0.4299535391
987 0.4299535391
988 0.4299535391
989 0.4299535391
990 0.4299535391
991 0.4299535391
992 0.4299535391
993 0.4299535391
994 0.4299535391
995 0.4299535391
996 0.4299535391
997 0.4299535391
998 0.4299535391
999 0.4299535391
1000 0.4299535391
1001 0.4299535391
1002 0.4299535391
1003 0.4299535391
1004 0.4299535391
1005 0.4299535391
1006 0.4299535391
1007 0.4299535391
1008 0.4299535391
1009 0.4299535391
1010 0.4299535391
1011 0.4299535391
1012 0.4299535391
1013 0.4299535391
1014 0.4299535391
1015 0.4299535391
1016 0.4299535391
1017 0.4299535391
1018 0.4299535391
1019 0.4299535391
1020 0.4299535391
1021 0.4299535391
1022 0.4299535391
1023 0.4299535391
