#53869 2910.0006950049533396 0.0045699814513248089923 1 1429 16.000049430220818044 1024 7 1 J1713+0747 0.0000000 
0 43.63110419
1 43.52635413
2 43.38322709
3 43.20274929
4 42.9861053
5 42.73463574
6 42.44983416
7 42.13334332
8 41.78695082
9 41.4125841
10 41.01230487
11 40.58830288
12 40.14288922
13 39.67848905
14 39.19763383
15 38.7029531
16 38.19716575
17 37.68307098
18 37.16353875
19 36.6415
20 36.11993643
21 35.60187007
22 35.09035252
23 34.58845397
24 34.09925204
25 33.62582039
26 33.17121719
27 32.73847347
28 32.33058139
29 31.95048242
30 31.60105543
31 31.28510489
32 31.00534896
33 30.76440776
34 30.56479156
35 30.4088893
36 30.29895704
37 30.23710682
38 30.22529559
39 30.2653145
40 30.35877851
41 30.50711635
42 30.7115609
43 30.9731401
44 31.29266828
45 31.67073819
46 32.10771362
47 32.6037227
48 33.158652
49 33.77214144
50 34.44358009
51 35.1721029
52 35.95658843
53 36.79565765
54 37.68767386
55 38.63074372
56 39.62271955
57 40.66120283
58 41.74354898
59 42.86687349
60 44.02805931
61 45.22376563
62 46.45043798
63 47.70431964
64 48.98146443
65 50.27775067
66 51.58889653
67 52.91047647
68 54.23793886
69 55.56662465
70 56.89178705
71 58.20861206
72 59.51223978
73 60.79778646
74 62.06036699
75 63.29511788
76 64.49722049
77 65.6619244
78 66.78457072
79 67.86061529
80 68.88565151
81 69.85543267
82 70.76589368
83 71.61317194
84 72.39362731
85 73.10386096
86 73.74073298
87 74.3013786
88 74.78322296
89 75.1839942
90 75.50173493
91 75.73481181
92 75.88192331
93 75.94210555
94 75.91473609
95 75.79953581
96 75.59656869
97 75.3062396
98 74.92929015
99 74.46679247
100 73.9201412
101 73.29104357
102 72.58150773
103 71.7938295
104 70.93057741
105 69.9945765
106 68.98889069
107 67.91680406
108 66.78180105
109 65.58754594
110 64.33786147
111 63.03670705
112 61.68815659
113 60.29637604
114 58.86560102
115 57.40011442
116 55.90422444
117 54.38224292
118 52.83846425
119 51.27714509
120 49.70248477
121 48.11860671
122 46.52954084
123 44.9392072
124 43.35140072
125 41.76977722
126 40.19784088
127 38.63893293
128 37.09622184
129 35.57269489
130 34.07115115
131 32.59419591
132 31.14423643
133 29.72347914
134 28.33392809
135 26.97738467
136 25.65544864
137 24.36952016
138 23.12080303
139 21.91030887
140 20.73886219
141 19.60710641
142 18.5155105
143 17.46437635
144 16.45384674
145 15.4839137
146 14.55442741
147 13.66510525
148 12.81554121
149 12.00521538
150 11.23350356
151 10.49968682
152 9.802961032
153 9.142446249
154 8.517195938
155 7.926205928
156 7.368423104
157 6.842753765
158 6.348071625
159 5.883225421
160 5.447046112
161 5.038353636
162 4.655963222
163 4.298691248
164 3.965360627
165 3.654805736
166 3.365876877
167 3.097444289
168 2.848401708
169 2.6176695
170 2.404197368
171 2.206966662
172 2.024992306
173 1.85732436
174 1.703049242
175 1.561290627
176 1.431210059
177 1.312007275
178 1.202920295
179 1.103225266
180 1.012236124
181 0.9293040475
182 0.8538167746
183 0.7851977611
184 0.7229052271
185 0.6664310992
186 0.6152998679
187 0.5690673774
188 0.5273195625
189 0.4896711477
190 0.45576432
191 0.4252673885
192 0.3978734411
193 0.3732990074
194 0.3512827365
195 0.3315840973
196 0.3139821071
197 0.2982740945
198 0.284274501
199 0.2718137239
200 0.260737006
201 0.250903371
202 0.2421846093
203 0.234464313
204 0.2276369617
205 0.2216070588
206 0.2162883183
207 0.2116029002
208 0.2074806954
209 0.203858657
210 0.2006801778
211 0.1978945113
212 0.1954562357
213 0.193324757
214 0.191463852
215 0.1898412465
216 0.1884282284
217 0.1871992931
218 0.1861318192
219 0.1852057722
220 0.1844034356
221 0.1837091653
222 0.1831091679
223 0.1825912997
224 0.1821448847
225 0.1817605511
226 0.181430084
227 0.1811462928
228 0.1809028926
229 0.1806943983
230 0.1805160293
231 0.1803636251
232 0.1802335701
233 0.1801227267
234 0.1800283758
235 0.1799481644
236 0.1798800593
237 0.179822306
238 0.1797733924
239 0.1797320175
240 0.1796970634
241 0.1796675706
242 0.179642717
243 0.1796217991
244 0.1796042157
245 0.1795894537
246 0.179577076
247 0.1795667103
248 0.1795580405
249 0.1795507981
250 0.1795447558
251 0.1795397208
252 0.1795355306
253 0.1795320478
254 0.1795291564
255 0.1795267592
256 0.179524774
257 0.1795231322
258 0.179521776
259 0.1795206571
260 0.1795197352
261 0.1795189765
262 0.1795183529
263 0.1795178409
264 0.1795174212
265 0.1795170775
266 0.1795167964
267 0.1795165668
268 0.1795163795
269 0.1795162268
270 0.1795161026
271 0.1795160016
272 0.1795159197
273 0.1795158532
274 0.1795157994
275 0.1795157559
276 0.1795157207
277 0.1795156924
278 0.1795156695
279 0.1795156511
280 0.1795156363
281 0.1795156245
282 0.1795156149
283 0.1795156073
284 0.1795156012
285 0.1795155964
286 0.1795155925
287 0.1795155894
288 0.1795155869
289 0.1795155849
290 0.1795155834
291 0.1795155822
292 0.1795155812
293 0.1795155804
294 0.1795155798
295 0.1795155793
296 0.1795155789
297 0.1795155786
298 0.1795155784
299 0.1795155782
300 0.1795155781
301 0.179515578
302 0.1795155779
303 0.1795155778
304 0.1795155778
305 0.1795155777
306 0.1795155777
307 0.1795155777
308 0.1795155776
309 0.1795155776
310 0.1795155776
311 0.1795155776
312 0.1795155776
313 0.1795155776
314 0.1795155776
315 0.1795155776
316 0.1795155776
317 0.1795155776
318 0.1795155776
319 0.1795155776
320 0.1795155776
321 0.1795155776
322 0.1795155776
323 0.1795155776
324 0.1795155776
325 0.1795155776
326 0.1795155776
327 0.1795155776
328 0.1795155776
329 0.1795155776
330 0.1795155776
331 0.1795155776
332 0.1795155776
333 0.1795155776
334 0.1795155776
335 0.1795155776
336 0.1795155776
337 0.1795155776
338 0.1795155776
339 0.1795155776
340 0.1795155776
341 0.1795155776
342 0.1795155776
343 0.1795155776
344 0.1795155776
345 0.1795155776
346 0.1795155776
347 0.1795155776
348 0.1795155776
349 0.1795155776
350 0.1795155776
351 0.1795155776
352 0.1795155776
353 0.1795155776
354 0.1795155776
355 0.1795155776
356 0.1795155776
357 0.1795155776
358 0.1795155776
359 0.1795155776
360 0.1795155776
361 0.1795155776
362 0.1795155776
363 0.1795155776
364 0.1795155776
365 0.1795155776
366 0.1795155776
367 0.1795155776
368 0.1795155776
369 0.1795155776
370 0.1795155776
371 0.1795155776
372 0.1795155776
373 0.1795155776
374 0.1795155776
375 0.1795155776
376 0.1795155776
377 0.1795155776
378 0.1795155776
379 0.1795155776
380 0.1795155776
381 0.1795155776
382 0.1795155776
383 0.1795155776
384 0.1795155776
385 0.1795155776
386 0.1795155776
387 0.1795155776
388 0.1795155776
389 0.1795155776
390 0.1795155776
391 0.1795155776
392 0.1795155776
393 0.1795155776
394 0.1795155776
395 0.1795155776
396 0.1795155776
397 0.1795155776
398 0.1795155776
399 0.1795155776
400 0.1795155776
401 0.1795155776
402 0.1795155776
403 0.1795155776
404 0.1795155776
405 0.1795155776
406 0.1795155776
407 0.1795155776
408 0.1795155776
409 0.1795155776
410 0.1795155776
411 0.1795155776
412 0.1795155776
413 0.1795155776
414 0.1795155776
415 0.1795155776
416 0.1795155776
417 0.1795155776
418 0.1795155776
419 0.1795155776
420 0.1795155776
421 0.1795155776
422 0.1795155776
423 0.1795155776
424 0.1795155776
425 0.1795155776
426 0.1795155776
427 0.1795155776
428 0.1795155776
429 0.1795155776
430 0.1795155776
431 0.1795155776
432 0.1795155776
433 0.1795155776
434 0.1795155776
435 0.1795155776
436 0.1795155776
437 0.1795155776
438 0.1795155776
439 0.1795155776
440 0.1795155776
441 0.1795155776
442 0.1795155776
443 0.1795155776
444 0.1795155776
445 0.1795155776
446 0.1795155776
447 0.1795155776
448 0.1795155776
449 0.1795155776
450 0.1795155776
451 0.1795155776
452 0.1795155776
453 0.1795155776
454 0.1795155776
455 0.1795155776
456 0.1795155776
457 0.1795155776
458 0.1795155776
459 0.1795155776
460 0.1795155776
461 0.1795155776
462 0.1795155776
463 0.1795155776
464 0.1795155776
465 0.1795155776
466 0.1795155776
467 0.1795155776
468 0.1795155776
469 0.1795155776
470 0.1795155776
471 0.1795155776
472 0.1795155776
473 0.1795155776
474 0.1795155776
475 0.1795155776
476 0.1795155776
477 0.1795155776
478 0.1795155776
479 0.1795155776
480 0.1795155776
481 0.1795155776
482 0.1795155776
483 0.1795155776
484 0.1795155776
485 0.1795155776
486 0.1795155776
487 0.1795155776
488 0.1795155776
489 0.1795155776
490 0.1795155776
491 0.1795155776
492 0.1795155776
493 0.1795155776
494 0.1795155776
495 0.1795155776
496 0.1795155776
497 0.1795155776
498 0.1795155776
499 0.1795155776
500 0.1795155776
501 0.1795155776
502 0.1795155776
503 0.1795155776
504 0.1795155776
505 0.1795155776
506 0.1795155776
507 0.1795155776
508 0.1795155776
509 0.1795155776
510 0.1795155776
511 0.1795155776
512 0.1795155776
513 0.1795155776
514 0.1795155776
515 0.1795155776
516 0.1795155776
517 0.1795155776
518 0.1795155776
519 0.1795155776
520 0.1795155776
521 0.1795155776
522 0.1795155776
523 0.1795155776
524 0.1795155776
525 0.1795155776
526 0.1795155776
527 0.1795155776
528 0.1795155776
529 0.1795155776
530 0.1795155776
531 0.1795155776
532 0.1795155776
533 0.1795155776
534 0.1795155776
535 0.1795155776
536 0.1795155776
537 0.1795155776
538 0.1795155776
539 0.1795155776
540 0.1795155776
541 0.1795155776
542 0.1795155776
543 0.1795155776
544 0.1795155776
545 0.1795155776
546 0.1795155776
547 0.1795155776
548 0.1795155776
549 0.1795155776
550 0.1795155776
551 0.1795155776
552 0.1795155776
553 0.1795155776
554 0.1795155776
555 0.1795155776
556 0.1795155776
557 0.1795155776
558 0.1795155776
559 0.1795155776
560 0.1795155776
561 0.1795155776
562 0.1795155776
563 0.1795155776
564 0.1795155776
565 0.1795155776
566 0.1795155776
567 0.1795155776
568 0.1795155776
569 0.1795155776
570 0.1795155776
571 0.1795155776
572 0.1795155776
573 0.1795155776
574 0.1795155776
575 0.1795155776
576 0.1795155776
577 0.1795155776
578 0.1795155776
579 0.1795155776
580 0.1795155776
581 0.1795155776
582 0.1795155776
583 0.1795155776
584 0.1795155776
585 0.1795155776
586 0.1795155776
587 0.1795155776
588 0.1795155776
589 0.1795155776
590 0.1795155776
591 0.1795155776
592 0.1795155776
593 0.1795155776
594 0.1795155776
595 0.1795155776
596 0.1795155776
597 0.1795155776
598 0.1795155776
599 0.1795155776
600 0.1795155776
601 0.1795155776
602 0.1795155776
603 0.1795155776
604 0.1795155776
605 0.1795155776
606 0.1795155776
607 0.1795155776
608 0.1795155776
609 0.1795155776
610 0.1795155776
611 0.1795155776
612 0.1795155776
613 0.1795155776
614 0.1795155776
615 0.1795155776
616 0.1795155776
617 0.1795155776
618 0.1795155776
619 0.1795155776
620 0.1795155776
621 0.1795155776
622 0.1795155776
623 0.1795155776
624 0.1795155776
625 0.1795155776
626 0.1795155776
627 0.1795155776
628 0.1795155776
629 0.1795155776
630 0.1795155776
631 0.1795155776
632 0.1795155776
633 0.1795155776
634 0.1795155776
635 0.1795155776
636 0.1795155776
637 0.1795155776
638 0.1795155776
639 0.1795155776
640 0.1795155776
641 0.1795155776
642 0.1795155776
643 0.1795155776
644 0.1795155776
645 0.1795155776
646 0.1795155776
647 0.1795155776
648 0.1795155776
649 0.1795155776
650 0.1795155776
651 0.1795155776
652 0.1795155776
653 0.1795155776
654 0.1795155776
655 0.1795155776
656 0.1795155776
657 0.1795155776
658 0.1795155776
659 0.1795155776
660 0.1795155776
661 0.1795155776
662 0.1795155776
663 0.1795155776
664 0.1795155776
665 0.1795155776
666 0.1795155776
667 0.1795155776
668 0.1795155776
669 0.1795155776
670 0.1795155776
671 0.1795155776
672 0.1795155776
673 0.1795155776
674 0.1795155776
675 0.1795155776
676 0.1795155776
677 0.1795155776
678 0.1795155776
679 0.1795155776
680 0.1795155776
681 0.1795155776
682 0.1795155776
683 0.1795155776
684 0.1795155776
685 0.1795155776
686 0.1795155776
687 0.1795155776
688 0.1795155776
689 0.1795155776
690 0.1795155776
691 0.1795155776
692 0.1795155776
693 0.1795155776
694 0.1795155776
695 0.1795155776
696 0.1795155776
697 0.1795155776
698 0.1795155776
699 0.1795155776
700 0.1795155776
701 0.1795155776
702 0.1795155776
703 0.1795155776
704 0.1795155776
705 0.1795155776
706 0.1795155776
707 0.1795155776
708 0.1795155776
709 0.1795155776
710 0.1795155776
711 0.1795155776
712 0.1795155776
713 0.1795155776
714 0.1795155776
715 0.1795155776
716 0.1795155776
717 0.1795155776
718 0.1795155776
719 0.1795155776
720 0.1795155776
721 0.1795155776
722 0.1795155776
723 0.1795155776
724 0.1795155776
725 0.1795155776
726 0.1795155776
727 0.1795155776
728 0.1795155776
729 0.1795155776
730 0.1795155776
731 0.1795155776
732 0.1795155776
733 0.1795155776
734 0.1795155776
735 0.1795155776
736 0.1795155776
737 0.1795155776
738 0.1795155776
739 0.1795155776
740 0.1795155776
741 0.1795155776
742 0.1795155776
743 0.1795155776
744 0.1795155776
745 0.1795155776
746 0.1795155776
747 0.1795155776
748 0.1795155776
749 0.1795155776
750 0.1795155776
751 0.1795155776
752 0.1795155776
753 0.1795155776
754 0.1795155776
755 0.1795155776
756 0.1795155776
757 0.1795155776
758 0.1795155776
759 0.1795155776
760 0.1795155776
761 0.1795155776
762 0.1795155776
763 0.1795155776
764 0.1795155776
765 0.1795155776
766 0.1795155776
767 0.1795155776
768 0.1795155776
769 0.1795155776
770 0.1795155776
771 0.1795155776
772 0.1795155776
773 0.1795155776
774 0.1795155776
775 0.1795155776
776 0.1795155776
777 0.1795155776
778 0.1795155776
779 0.1795155776
780 0.1795155776
781 0.1795155776
782 0.1795155776
783 0.1795155776
784 0.1795155776
785 0.1795155776
786 0.1795155776
787 0.1795155776
788 0.1795155776
789 0.1795155776
790 0.1795155776
791 0.1795155776
792 0.1795155777
793 0.1795155777
794 0.1795155777
795 0.1795155778
796 0.1795155778
797 0.1795155779
798 0.179515578
799 0.179515578
800 0.1795155782
801 0.1795155783
802 0.1795155785
803 0.1795155788
804 0.1795155791
805 0.1795155794
806 0.1795155799
807 0.1795155804
808 0.1795155812
809 0.179515582
810 0.1795155831
811 0.1795155844
812 0.1795155861
813 0.1795155881
814 0.1795155906
815 0.1795155936
816 0.1795155974
817 0.179515602
818 0.1795156077
819 0.1795156146
820 0.1795156231
821 0.1795156335
822 0.1795156461
823 0.1795156615
824 0.1795156803
825 0.1795157032
826 0.179515731
827 0.1795157648
828 0.1795158058
829 0.1795158555
830 0.1795159156
831 0.1795159884
832 0.1795160762
833 0.1795161823
834 0.1795163102
835 0.1795164641
836 0.1795166494
837 0.179516872
838 0.1795171393
839 0.1795174599
840 0.1795178439
841 0.1795183035
842 0.1795188529
843 0.179519509
844 0.1795202918
845 0.1795212247
846 0.1795223352
847 0.1795236559
848 0.1795252248
849 0.1795270866
850 0.1795292937
851 0.1795319074
852 0.1795349992
853 0.1795386528
854 0.1795429657
855 0.1795480516
856 0.1795540424
857 0.179561092
858 0.1795693785
859 0.1795791086
860 0.1795905218
861 0.1796038951
862 0.1796195483
863 0.1796378508
864 0.1796592283
865 0.1796841708
866 0.1797132419
867 0.1797470889
868 0.1797864547
869 0.1798321904
870 0.1798852699
871 0.179946807
872 0.1800180732
873 0.1801005186
874 0.1801957952
875 0.1803057823
876 0.1804326156
877 0.1805787189
878 0.18074684
879 0.1809400898
880 0.1811619864
881 0.1814165034
882 0.1817081229
883 0.1820418953
884 0.1824235032
885 0.1828593335
886 0.1833565554
887 0.1839232061
888 0.1845682847
889 0.1853018546
890 0.186135155
891 0.1870807228
892 0.1881525239
893 0.1893660968
894 0.1907387073
895 0.1922895152
896 0.1940397554
897 0.1960129308
898 0.1982350215
899 0.2007347073
900 0.2035436064
901 0.2066965302
902 0.2102317541
903 0.2141913058
904 0.2186212699
905 0.2235721109
906 0.2290990131
907 0.2352622389
908 0.2421275036
909 0.2497663684
910 0.2582566498
911 0.2676828456
912 0.2781365765
913 0.2897170414
914 0.3025314872
915 0.3166956901
916 0.3323344462
917 0.3495820717
918 0.3685829073
919 0.3894918276
920 0.4124747493
921 0.4377091371
922 0.4653845031
923 0.4957028957
924 0.5288793737
925 0.5651424607
926 0.6047345756
927 0.647912433
928 0.6949474084
929 0.746125862
930 0.8017494148
931 0.8621351704
932 0.9276158761
933 0.9985400157
934 1.075271827
935 1.158191237
936 1.247693706
937 1.344189978
938 1.448105721
939 1.559881059
940 1.679969983
941 1.808839636
942 1.94696947
943 2.094850254
944 2.252982951
945 2.421877432
946 2.602051048
947 2.794027037
948 2.998332777
949 3.215497872
950 3.446052079
951 3.690523075
952 3.94943406
953 4.223301206
954 4.512630953
955 4.817917163
956 5.139638126
957 5.478253445
958 5.8342008
959 6.207892603
960 6.599712563
961 7.010012172
962 7.439107131
963 7.88727374
964 8.354745259
965 8.841708278
966 9.348299102
967 9.874600196
968 10.42063669
969 10.98637302
970 11.5717096
971 12.17647982
972 12.80044702
973 13.44330188
974 14.10465989
975 14.78405916
976 15.48095857
977 16.19473612
978 16.92468779
979 17.67002662
980 18.42988231
981 19.20330118
982 19.98924658
983 20.78659975
984 21.59416118
985 22.41065245
986 23.23471853
987 24.06493061
988 24.89978942
989 25.73772907
990 26.5771214
991 27.41628072
992 28.25346919
993 29.08690252
994 29.91475621
995 30.73517215
996 31.54626565
997 32.34613284
998 33.13285836
999 33.90452342
1000 34.65921405
1001 35.39502958
1002 36.11009137
1003 36.80255153
1004 37.47060187
1005 38.11248275
1006 38.726492
1007 39.31099375
1008 39.86442711
1009 40.3853147
1010 40.87227098
1011 41.32401025
1012 41.73935443
1013 42.11724037
1014 42.45672678
1015 42.7570008
1016 43.01738391
1017 43.23733751
1018 43.41646773
1019 43.55452984
1020 43.65143194
1021 43.707238
1022 43.72217032
1023 43.69661123
