#53715 2910.0001462415040936 0.0045701159392930301023 1 1357 16.000049430220818044 1024 7 1 J1713+0747 0.0000000 
0 0.3184870437
1 0.3184870437
2 0.3184870437
3 0.3184870437
4 0.3184870437
5 0.3184870437
6 0.3184870437
7 0.3184870437
8 0.3184870437
9 0.3184870437
10 0.3184870437
11 0.3184870437
12 0.3184870437
13 0.3184870437
14 0.3184870437
15 0.3184870437
16 0.3184870437
17 0.3184870437
18 0.3184870437
19 0.3184870437
20 0.3184870437
21 0.3184870437
22 0.3184870437
23 0.3184870437
24 0.3184870437
25 0.3184870437
26 0.3184870437
27 0.3184870437
28 0.3184870437
29 0.3184870437
30 0.3184870437
31 0.3184870437
32 0.3184870437
33 0.3184870437
34 0.3184870437
35 0.3184870437
36 0.3184870437
37 0.3184870437
38 0.3184870437
39 0.3184870437
40 0.3184870437
41 0.3184870437
42 0.3184870437
43 0.3184870437
44 0.3184870437
45 0.3184870437
46 0.3184870437
47 0.3184870437
48 0.3184870437
49 0.3184870437
50 0.3184870437
51 0.3184870437
52 0.3184870437
53 0.3184870437
54 0.3184870437
55 0.3184870437
56 0.3184870437
57 0.3184870437
58 0.3184870437
59 0.3184870437
60 0.3184870437
61 0.3184870437
62 0.3184870437
63 0.3184870437
64 0.3184870437
65 0.3184870437
66 0.3184870437
67 0.3184870437
68 0.3184870437
69 0.3184870437
70 0.3184870437
71 0.3184870437
72 0.3184870437
73 0.3184870437
74 0.3184870437
75 0.3184870437
76 0.3184870437
77 0.3184870437
78 0.3184870437
79 0.3184870437
80 0.3184870437
81 0.3184870437
82 0.3184870437
83 0.3184870437
84 0.3184870437
85 0.3184870437
86 0.3184870437
87 0.3184870437
88 0.3184870437
89 0.3184870437
90 0.3184870437
91 0.3184870437
92 0.3184870437
93 0.3184870437
94 0.3184870437
95 0.3184870437
96 0.3184870437
97 0.3184870437
98 0.3184870437
99 0.3184870437
100 0.3184870437
101 0.3184870437
102 0.3184870437
103 0.3184870437
104 0.3184870437
105 0.3184870437
106 0.3184870437
107 0.3184870437
108 0.3184870437
109 0.3184870437
110 0.3184870437
111 0.3184870437
112 0.3184870437
113 0.3184870437
114 0.3184870437
115 0.3184870437
116 0.3184870437
117 0.3184870437
118 0.3184870437
119 0.3184870437
120 0.3184870437
121 0.3184870437
122 0.3184870437
123 0.3184870437
124 0.3184870437
125 0.3184870437
126 0.3184870437
127 0.3184870437
128 0.3184870437
129 0.3184870437
130 0.3184870437
131 0.3184870437
132 0.3184870437
133 0.3184870437
134 0.3184870437
135 0.3184870437
136 0.3184870437
137 0.3184870437
138 0.3184870437
139 0.3184870437
140 0.3184870437
141 0.3184870437
142 0.3184870437
143 0.3184870437
144 0.3184870437
145 0.3184870437
146 0.3184870437
147 0.3184870437
148 0.3184870437
149 0.3184870437
150 0.3184870437
151 0.3184870437
152 0.3184870437
153 0.3184870437
154 0.3184870437
155 0.3184870437
156 0.3184870437
157 0.3184870437
158 0.3184870437
159 0.3184870437
160 0.3184870437
161 0.3184870437
162 0.3184870437
163 0.3184870437
164 0.3184870437
165 0.3184870437
166 0.3184870437
167 0.3184870437
168 0.3184870437
169 0.3184870437
170 0.3184870437
171 0.3184870437
172 0.3184870437
173 0.3184870437
174 0.3184870437
175 0.3184870437
176 0.3184870437
177 0.3184870437
178 0.3184870437
179 0.3184870437
180 0.3184870437
181 0.3184870437
182 0.3184870437
183 0.3184870437
184 0.3184870437
185 0.3184870437
186 0.3184870437
187 0.3184870437
188 0.3184870437
189 0.3184870437
190 0.3184870437
191 0.3184870437
192 0.3184870437
193 0.3184870437
194 0.3184870437
195 0.3184870437
196 0.3184870437
197 0.3184870437
198 0.3184870437
199 0.3184870437
200 0.3184870437
201 0.3184870437
202 0.3184870437
203 0.3184870437
204 0.3184870437
205 0.3184870437
206 0.3184870437
207 0.3184870437
208 0.3184870437
209 0.3184870437
210 0.3184870437
211 0.3184870437
212 0.3184870437
213 0.3184870437
214 0.3184870437
215 0.3184870437
216 0.3184870437
217 0.3184870437
218 0.3184870437
219 0.3184870437
220 0.3184870437
221 0.3184870437
222 0.3184870437
223 0.3184870437
224 0.3184870437
225 0.3184870437
226 0.3184870437
227 0.3184870437
228 0.3184870437
229 0.3184870437
230 0.3184870437
231 0.3184870437
232 0.3184870437
233 0.3184870437
234 0.3184870437
235 0.3184870437
236 0.3184870437
237 0.3184870437
238 0.3184870437
239 0.3184870437
240 0.3184870437
241 0.3184870437
242 0.3184870437
243 0.3184870437
244 0.3184870437
245 0.3184870437
246 0.3184870437
247 0.3184870437
248 0.3184870437
249 0.3184870437
250 0.3184870437
251 0.3184870437
252 0.3184870437
253 0.3184870437
254 0.3184870437
255 0.3184870437
256 0.3184870437
257 0.3184870437
258 0.3184870437
259 0.3184870437
260 0.3184870437
261 0.3184870437
262 0.3184870437
263 0.3184870437
264 0.3184870437
265 0.3184870437
266 0.3184870437
267 0.3184870437
268 0.3184870437
269 0.3184870437
270 0.3184870437
271 0.3184870437
272 0.3184870437
273 0.3184870437
274 0.3184870437
275 0.3184870437
276 0.3184870437
277 0.3184870437
278 0.3184870437
279 0.3184870437
280 0.3184870437
281 0.3184870437
282 0.3184870437
283 0.3184870437
284 0.3184870437
285 0.3184870437
286 0.3184870437
287 0.3184870437
288 0.3184870437
289 0.3184870437
290 0.3184870437
291 0.3184870437
292 0.3184870437
293 0.3184870437
294 0.3184870437
295 0.3184870437
296 0.3184870437
297 0.3184870437
298 0.3184870437
299 0.3184870437
300 0.3184870437
301 0.3184870437
302 0.3184870437
303 0.3184870437
304 0.3184870437
305 0.3184870437
306 0.3184870437
307 0.3184870437
308 0.3184870437
309 0.3184870437
310 0.3184870437
311 0.3184870437
312 0.3184870437
313 0.3184870437
314 0.3184870437
315 0.3184870437
316 0.3184870437
317 0.3184870437
318 0.3184870437
319 0.3184870437
320 0.3184870437
321 0.3184870437
322 0.3184870437
323 0.3184870437
324 0.3184870437
325 0.3184870437
326 0.3184870437
327 0.3184870437
328 0.3184870437
329 0.3184870437
330 0.3184870437
331 0.3184870437
332 0.3184870437
333 0.3184870437
334 0.3184870437
335 0.3184870437
336 0.3184870437
337 0.3184870437
338 0.3184870437
339 0.3184870437
340 0.3184870437
341 0.3184870437
342 0.3184870438
343 0.3184870438
344 0.3184870438
345 0.3184870438
346 0.3184870438
347 0.3184870439
348 0.3184870439
349 0.318487044
350 0.318487044
351 0.3184870441
352 0.3184870442
353 0.3184870444
354 0.3184870446
355 0.3184870448
356 0.318487045
357 0.3184870454
358 0.3184870458
359 0.3184870463
360 0.3184870469
361 0.3184870477
362 0.3184870487
363 0.3184870499
364 0.3184870514
365 0.3184870532
366 0.3184870555
367 0.3184870583
368 0.3184870617
369 0.3184870659
370 0.318487071
371 0.3184870774
372 0.3184870851
373 0.3184870946
374 0.3184871062
375 0.3184871203
376 0.3184871375
377 0.3184871585
378 0.318487184
379 0.318487215
380 0.3184872527
381 0.3184872984
382 0.3184873538
383 0.3184874208
384 0.3184875018
385 0.3184875997
386 0.3184877178
387 0.3184878601
388 0.3184880316
389 0.3184882377
390 0.3184884855
391 0.3184887828
392 0.3184891393
393 0.3184895664
394 0.3184900773
395 0.3184906881
396 0.3184914173
397 0.318492287
398 0.3184933233
399 0.3184945567
400 0.3184960232
401 0.318497765
402 0.3184998315
403 0.3185022808
404 0.3185051806
405 0.3185086102
406 0.3185126622
407 0.3185174443
408 0.3185230823
409 0.3185297222
410 0.3185375339
411 0.3185467142
412 0.3185574918
413 0.3185701309
414 0.3185849375
415 0.3186022649
416 0.3186225206
417 0.3186461745
418 0.3186737673
419 0.3187059206
420 0.3187433485
421 0.3187868698
422 0.3188374228
423 0.3188960809
424 0.3189640712
425 0.3190427943
426 0.3191338474
427 0.3192390491
428 0.3193604682
429 0.3195004549
430 0.3196616763
431 0.3198471546
432 0.3200603111
433 0.3203050137
434 0.3205856301
435 0.3209070858
436 0.3212749294
437 0.3216954027
438 0.3221755192
439 0.3227231495
440 0.3233471151
441 0.3240572906
442 0.324864716
443 0.3257817181
444 0.3268220431
445 0.3280010008
446 0.3293356202
447 0.3308448185
448 0.332549583
449 0.3344731677
450 0.336641304
451 0.3390824275
452 0.341827921
453 0.3449123734
454 0.3483738568
455 0.3522542205
456 0.3565994044
457 0.3614597694
458 0.3668904478
459 0.372951712
460 0.3797093624
461 0.3872351338
462 0.3956071206
463 0.4049102199
464 0.415236592
465 0.4266861372
466 0.4393669879
467 0.4533960157
468 0.4688993492
469 0.4860129039
470 0.5048829191
471 0.5256665016
472 0.5485321718
473 0.5736604089
474 0.6012441934
475 0.6314895409
476 0.6646160241
477 0.7008572778
478 0.7404614823
479 0.7836918194
480 0.8308268955
481 0.8821611249
482 0.9380050681
483 0.9986857172
484 1.064546722
485 1.135948548
486 1.213268563
487 1.296901036
488 1.387257052
489 1.484764324
490 1.589866902
491 1.703024767
492 1.8247133
493 1.955422627
494 2.095656826
495 2.245932985
496 2.406780117
497 2.578737918
498 2.762355356
499 2.958189105
500 3.166801804
501 3.388760142
502 3.624632776
503 3.87498807
504 4.140391659
505 4.421403851
506 4.718576853
507 5.032451835
508 5.363555845
509 5.712398575
510 6.079468983
511 6.465231798
512 6.870123911
513 7.29455067
514 7.738882091
515 8.203449019
516 8.688539238
517 9.19439357
518 9.721201975
519 10.26909969
520 10.83816342
521 11.4284076
522 12.03978082
523 12.6721623
524 13.32535865
525 13.99910077
526 14.69304095
527 15.40675033
528 16.13971658
529 16.89134193
530 17.66094156
531 18.44774236
532 19.25088209
533 20.06940902
534 20.90228195
535 21.74837079
536 22.60645755
537 23.47523795
538 24.3533234
539 25.23924368
540 26.13145002
541 27.0283188
542 27.92815577
543 28.82920078
544 29.72963306
545 30.62757701
546 31.52110847
547 32.40826145
548 33.28703537
549 34.15540263
550 35.01131666
551 35.85272021
552 36.67755409
553 37.48376604
554 38.26931992
555 39.03220507
556 39.77044571
557 40.48211052
558 41.16532221
559 41.81826705
560 42.43920427
561 43.02647543
562 43.57851351
563 44.09385176
564 44.57113227
565 45.00911422
566 45.40668163
567 45.76285079
568 46.07677706
569 46.34776128
570 46.57525549
571 46.75886809
572 46.89836837
573 46.99369034
574 47.04493592
575 47.05237736
576 47.016459
577 46.93779821
578 46.81718569
579 46.65558492
580 46.45413097
581 46.21412846
582 45.93704888
583 45.62452715
584 45.27835747
585 44.90048851
586 44.4930179
587 44.0581861
588 43.59836967
589 43.1160739
590 42.6139249
591 42.09466122
592 41.56112482
593 41.01625174
594 40.4630622
595 39.90465038
596 39.34417371
597 38.784842
598 38.22990604
599 37.6826461
600 37.14636003
601 36.62435129
602 36.11991665
603 35.63633383
604 35.17684893
605 34.74466385
606 34.34292354
607 33.97470332
608 33.6429961
609 33.35069968
610 33.10060411
611 32.89537914
612 32.73756179
613 32.62954414
614 32.57356128
615 32.57167958
616 32.62578522
617 32.7375731
618 32.9085362
619 33.1399553
620 33.43288934
621 33.78816625
622 34.20637452
623 34.68785541
624 35.23269591
625 35.84072262
626 36.51149642
627 37.24430818
628 38.03817542
629 38.89184017
630 39.80376784
631 40.77214738
632 41.79489268
633 42.86964526
634 43.99377831
635 45.1644021
636 46.37837081
637 47.63229079
638 48.92253021
639 50.24523022
640 51.59631749
641 52.97151815
642 54.36637312
643 55.77625478
644 57.1963849
645 58.62185375
646 60.04764039
647 61.46863396
648 62.8796559
649 64.275483
650 65.65087113
651 67.00057954
652 68.31939558
653 69.60215963
654 70.84379025
655 72.03930916
656 73.18386607
657 74.2727631
658 75.30147862
659 76.26569044
660 77.16129801
661 77.98444361
662 78.73153237
663 79.39925087
664 79.98458427
665 80.48483177
666 80.89762039
667 81.22091685
668 81.45303749
669 81.59265618
670 81.63881017
671 81.59090378
672 81.44870992
673 81.21236949
674 80.88238856
675 80.45963349
676 79.94532388
677 79.34102351
678 78.6486294
679 77.87035889
680 77.00873501
681 76.06657027
682 75.04694884
683 73.95320742
684 72.78891495
685 71.55785114
686 70.26398425
687 68.9114481
688 67.50451852
689 66.04758952
690 64.54514917
691 63.00175556
692 61.42201289
693 59.81054787
694 58.17198664
695 56.51093226
696 54.83194307
697 53.13951187
698 51.4380462
699 49.73184968
700 48.02510466
701 46.32185614
702 44.62599707
703 42.94125509
704 41.27118079
705 39.61913741
706 37.98829213
707 36.3816088
708 34.80184227
709 33.25153414
710 31.73301002
711 30.2483781
712 28.79952922
713 27.38813807
714 26.01566577
715 24.68336342
716 23.39227686
717 22.14325232
718 20.93694298
719 19.77381628
720 18.65416197
721 17.57810076
722 16.54559338
723 15.55645019
724 14.61034102
725 13.70680522
726 12.84526193
727 12.02502036
728 11.24529005
729 10.50519111
730 9.803764254
731 9.139980594
732 8.512751267
733 7.92093666
734 7.363355321
735 6.838792463
736 6.346008047
737 5.883744414
738 5.450733448
739 5.045703254
740 4.667384348
741 4.314515339
742 3.98584812
743 3.680152565
744 3.396220735
745 3.132870609
746 2.888949354
747 2.663336147
748 2.454944573
749 2.262724613
750 2.085664244
751 1.922790686
752 1.773171303
753 1.635914191
754 1.510168485
755 1.395124391
756 1.290012989
757 1.194105813
758 1.106714243
759 1.027188732
760 0.9549178783
761 0.8893273793
762 0.8298788758
763 0.7760687101
764 0.7274266151
765 0.6835143494
766 0.6439242936
767 0.6082780231
768 0.5762248671
769 0.5474404678
770 0.5216253474
771 0.4985034934
772 0.4778209688
773 0.4593445545
774 0.442860429
775 0.4281728907
776 0.4151031258
777 0.4034880256
778 0.393179055
779 0.3840411736
780 0.3759518108
781 0.3687998957
782 0.36248494
783 0.356916176
784 0.3520117465
785 0.3476979468
786 0.3439085174
787 0.3405839846
788 0.3376710485
789 0.3351220161
790 0.3328942769
791 0.3309498194
792 0.3292547862
793 0.3277790658
794 0.3264959184
795 0.3253816338
796 0.3244152198
797 0.323578118
798 0.3228539458
799 0.3222282631
800 0.3216883599
801 0.3212230663
802 0.3208225791
803 0.3204783081
804 0.3201827362
805 0.3199292951
806 0.3197122536
807 0.3195266185
808 0.3193680453
809 0.3192327594
810 0.3191174864
811 0.3190193892
812 0.3189360137
813 0.3188652395
814 0.3188052375
815 0.3187544321
816 0.3187114675
817 0.3186751793
818 0.3186445685
819 0.3186187791
820 0.3185970789
821 0.3185788424
822 0.3185635359
823 0.3185507047
824 0.3185399619
825 0.3185309789
826 0.3185234768
827 0.3185172193
828 0.3185120063
829 0.318507669
830 0.3185040648
831 0.3185010734
832 0.3184985938
833 0.318496541
834 0.3184948436
835 0.3184934418
836 0.3184922857
837 0.3184913332
838 0.3184905496
839 0.3184899057
840 0.3184893772
841 0.318488944
842 0.3184885894
843 0.3184882994
844 0.3184880626
845 0.3184878695
846 0.3184877121
847 0.3184875841
848 0.3184874801
849 0.3184873957
850 0.3184873272
851 0.3184872718
852 0.318487227
853 0.3184871908
854 0.3184871617
855 0.3184871382
856 0.3184871192
857 0.318487104
858 0.3184870918
859 0.3184870821
860 0.3184870742
861 0.318487068
862 0.318487063
863 0.318487059
864 0.3184870558
865 0.3184870533
866 0.3184870513
867 0.3184870497
868 0.3184870484
869 0.3184870474
870 0.3184870466
871 0.318487046
872 0.3184870455
873 0.3184870451
874 0.3184870448
875 0.3184870446
876 0.3184870444
877 0.3184870442
878 0.3184870441
879 0.318487044
880 0.3184870439
881 0.3184870439
882 0.3184870438
883 0.3184870438
884 0.3184870438
885 0.3184870438
886 0.3184870438
887 0.3184870437
888 0.3184870437
889 0.3184870437
890 0.3184870437
891 0.3184870437
892 0.3184870437
893 0.3184870437
894 0.3184870437
895 0.3184870437
896 0.3184870437
897 0.3184870437
898 0.3184870437
899 0.3184870437
900 0.3184870437
901 0.3184870437
902 0.3184870437
903 0.3184870437
904 0.3184870437
905 0.3184870437
906 0.3184870437
907 0.3184870437
908 0.3184870437
909 0.3184870437
910 0.3184870437
911 0.3184870437
912 0.3184870437
913 0.3184870437
914 0.3184870437
915 0.3184870437
916 0.3184870437
917 0.3184870437
918 0.3184870437
919 0.3184870437
920 0.3184870437
921 0.3184870437
922 0.3184870437
923 0.3184870437
924 0.3184870437
925 0.3184870437
926 0.3184870437
927 0.3184870437
928 0.3184870437
929 0.3184870437
930 0.3184870437
931 0.3184870437
932 0.3184870437
933 0.3184870437
934 0.3184870437
935 0.3184870437
936 0.3184870437
937 0.3184870437
938 0.3184870437
939 0.3184870437
940 0.3184870437
941 0.3184870437
942 0.3184870437
943 0.3184870437
944 0.3184870437
945 0.3184870437
946 0.3184870437
947 0.3184870437
948 0.3184870437
949 0.3184870437
950 0.3184870437
951 0.3184870437
952 0.3184870437
953 0.3184870437
954 0.3184870437
955 0.3184870437
956 0.3184870437
957 0.3184870437
958 0.3184870437
959 0.3184870437
960 0.3184870437
961 0.3184870437
962 0.3184870437
963 0.3184870437
964 0.3184870437
965 0.3184870437
966 0.3184870437
967 0.3184870437
968 0.3184870437
969 0.3184870437
970 0.3184870437
971 0.3184870437
972 0.3184870437
973 0.3184870437
974 0.3184870437
975 0.3184870437
976 0.3184870437
977 0.3184870437
978 0.3184870437
979 0.3184870437
980 0.3184870437
981 0.3184870437
982 0.3184870437
983 0.3184870437
984 0.3184870437
985 0.3184870437
986 0.3184870437
987 0.3184870437
988 0.3184870437
989 0.3184870437
990 0.3184870437
991 0.3184870437
992 0.3184870437
993 0.3184870437
994 0.3184870437
995 0.3184870437
996 0.3184870437
997 0.3184870437
998 0.3184870437
999 0.3184870437
1000 0.3184870437
1001 0.3184870437
1002 0.3184870437
1003 0.3184870437
1004 0.3184870437
1005 0.3184870437
1006 0.3184870437
1007 0.3184870437
1008 0.3184870437
1009 0.3184870437
1010 0.3184870437
1011 0.3184870437
1012 0.3184870437
1013 0.3184870437
1014 0.3184870437
1015 0.3184870437
1016 0.3184870437
1017 0.3184870437
1018 0.3184870437
1019 0.3184870437
1020 0.3184870437
1021 0.3184870437
1022 0.3184870437
1023 0.3184870437
