#53803 2910.0038486072461801 0.0045697490098462441657 1 1325 16.000049430220818044 1024 7 1 J1713+0747 0.0000000 
0 1.069405914
1 1.120211285
2 1.175503356
3 1.235609878
4 1.300875542
5 1.371662164
6 1.448348804
7 1.531331797
8 1.621024701
9 1.717858146
10 1.822279572
11 1.934752862
12 2.055757851
13 2.1857897
14 2.325358142
15 2.474986578
16 2.635211019
17 2.806578886
18 2.989647623
19 3.184983168
20 3.393158232
21 3.614750415
22 3.850340141
23 4.100508415
24 4.365834405
25 4.646892844
26 4.944251267
27 5.25846707
28 5.590084417
29 5.939630988
30 6.307614587
31 6.694519609
32 7.100803401
33 7.526892504
34 7.973178821
35 8.440015705
36 8.927714005
37 9.436538083
38 9.966701824
39 10.51836468
40 11.09162774
41 11.68652991
42 12.30304416
43 12.94107392
44 13.60044969
45 14.28092572
46 14.98217708
47 15.70379687
48 16.44529375
49 17.20608981
50 17.98551879
51 18.78282466
52 19.59716061
53 20.42758849
54 21.2730787
55 22.13251053
56 23.00467308
57 23.88826658
58 24.78190435
59 25.68411522
60 26.59334653
61 27.50796771
62 28.42627436
63 29.34649287
64 30.26678566
65 31.18525686
66 32.09995855
67 33.00889747
68 33.9100422
69 34.8013308
70 35.68067883
71 36.54598775
72 37.39515369
73 38.22607643
74 39.0366687
75 39.82486568
76 40.58863458
77 41.32598441
78 42.03497569
79 42.71373026
80 43.36044093
81 43.97338108
82 44.55091402
83 45.09150216
84 45.59371589
85 46.0562421
86 46.47789232
87 46.85761041
88 47.1944798
89 47.48773014
90 47.73674342
91 47.9410595
92 48.10038092
93 48.21457714
94 48.28368801
95 48.30792654
96 48.28768094
97 48.22351594
98 48.11617329
99 47.96657156
100 47.77580513
101 47.54514246
102 47.27602359
103 46.97005688
104 46.62901511
105 46.25483073
106 45.84959055
107 45.41552972
108 44.95502501
109 44.47058762
110 43.96485522
111 43.44058361
112 42.90063772
113 42.3479822
114 41.7856715
115 41.21683958
116 40.64468912
117 40.0724805
118 39.50352033
119 38.94114975
120 38.38873242
121 37.84964232
122 37.32725128
123 36.8249164
124 36.3459673
125 35.89369322
126 35.4713301
127 35.08204758
128 34.72893596
129 34.41499324
130 34.14311213
131 33.91606722
132 33.73650223
133 33.60691742
134 33.52965725
135 33.50689827
136 33.54063726
137 33.6326798
138 33.78462917
139 33.99787575
140 34.2735869
141 34.6126974
142 35.01590058
143 35.48364008
144 36.01610236
145 36.61321014
146 37.27461657
147 37.99970052
148 38.78756274
149 39.63702325
150 40.54661977
151 41.51460739
152 42.53895955
153 43.61737024
154 44.74725763
155 45.92576912
156 47.14978768
157 48.41593981
158 49.72060487
159 51.05992587
160 52.42982177
161 53.8260012
162 55.24397758
163 56.67908567
164 58.12649938
165 59.58125089
166 61.0382509
167 62.49231005
168 63.93816124
169 65.37048287
170 66.78392291
171 68.17312342
172 69.53274575
173 70.85749588
174 72.1421501
175 73.38158058
176 74.57078082
177 75.70489075
178 76.77922139
179 77.78927873
180 78.73078686
181 79.59970999
182 80.3922734
183 81.10498293
184 81.73464314
185 82.27837369
186 82.73362411
187 83.09818665
188 83.37020716
189 83.54819398
190 83.63102469
191 83.61795068
192 83.50859958
193 83.30297539
194 83.00145653
195 82.60479154
196 82.11409277
197 81.53082785
198 80.85680923
199 80.09418172
200 79.24540816
201 78.3132535
202 77.30076714
203 76.21126391
204 75.04830371
205 73.81567008
206 72.51734772
207 71.15749927
208 69.74044148
209 68.27062092
210 66.75258945
211 65.1909796
212 63.59048008
213 61.95581154
214 60.29170274
215 58.60286738
216 56.89398161
217 55.16966243
218 53.43444711
219 51.69277377
220 49.94896304
221 48.20720125
222 46.4715248
223 44.74580611
224 43.03374103
225 41.33883774
226 39.66440728
227 38.01355557
228 36.38917702
229 34.79394961
230 33.23033155
231 31.70055933
232 30.20664724
233 28.75038813
234 27.33335556
235 25.95690706
236 24.62218855
237 23.33013978
238 22.08150067
239 20.87681854
240 19.71645606
241 18.60059983
242 17.52926955
243 16.50232759
244 15.51948897
245 14.58033159
246 13.68430662
247 12.83074901
248 12.018888
249 11.24785757
250 10.51670682
251 9.824410021
252 9.169876563
253 8.551960512
254 7.969469849
255 7.421175309
256 6.905818808
257 6.42212141
258 5.968790825
259 5.544528422
260 5.148035731
261 4.778020446
262 4.433201916
263 4.112316128
264 3.814120189
265 3.537396318
266 3.28095536
267 3.043639839
268 2.824326565
269 2.621928815
270 2.43539812
271 2.263725666
272 2.105943342
273 1.961124462
274 1.828384175
275 1.706879608
276 1.595809744
277 1.494415072
278 1.401977045
279 1.31781734
280 1.241296972
281 1.171815266
282 1.108808717
283 1.051749752
284 1.000145414
285 0.9535359868
286 0.9114935758
287 0.8736206546
288 0.8395485985
289 0.8089362113
290 0.7814682567
291 0.7568540057
292 0.7348258064
293 0.7151376838
294 0.6975639767
295 0.6818980155
296 0.6679508459
297 0.6555500016
298 0.6445383282
299 0.6347728618
300 0.6261237606
301 0.6184732932
302 0.6117148818
303 0.6057522005
304 0.6004983281
305 0.5958749544
306 0.591811638
307 0.5882451151
308 0.5851186562
309 0.5823814704
310 0.5799881533
311 0.5778981781
312 0.5760754266
313 0.5744877584
314 0.573106616
315 0.5719066634
316 0.5708654565
317 0.5699631422
318 0.5691821856
319 0.568507122
320 0.5679243327
321 0.5674218421
322 0.5669891347
323 0.5666169907
324 0.566297338
325 0.5660231194
326 0.5657881741
327 0.5655871313
328 0.5654153158
329 0.5652686635
330 0.5651436468
331 0.5650372078
332 0.5649466999
333 0.5648698353
334 0.5648046395
335 0.5647494103
336 0.564702683
337 0.5646631982
338 0.5646298753
339 0.5646017879
340 0.5645781431
341 0.5645582631
342 0.5645415693
343 0.5645275687
344 0.5645158414
345 0.5645060305
346 0.5644978332
347 0.5644909926
348 0.5644852913
349 0.5644805454
350 0.5644765999
351 0.5644733237
352 0.5644706067
353 0.5644683564
354 0.5644664948
355 0.5644649567
356 0.5644636875
357 0.5644626415
358 0.5644617805
359 0.5644610726
360 0.5644604914
361 0.5644600148
362 0.5644596244
363 0.5644593051
364 0.5644590441
365 0.5644588312
366 0.5644586577
367 0.5644585165
368 0.5644584016
369 0.5644583084
370 0.5644582328
371 0.5644581715
372 0.564458122
373 0.564458082
374 0.5644580497
375 0.5644580236
376 0.5644580027
377 0.5644579858
378 0.5644579723
379 0.5644579614
380 0.5644579527
381 0.5644579458
382 0.5644579402
383 0.5644579358
384 0.5644579323
385 0.5644579295
386 0.5644579272
387 0.5644579254
388 0.564457924
389 0.5644579229
390 0.564457922
391 0.5644579213
392 0.5644579208
393 0.5644579204
394 0.56445792
395 0.5644579197
396 0.5644579195
397 0.5644579194
398 0.5644579192
399 0.5644579191
400 0.5644579191
401 0.564457919
402 0.5644579189
403 0.5644579189
404 0.5644579189
405 0.5644579189
406 0.5644579188
407 0.5644579188
408 0.5644579188
409 0.5644579188
410 0.5644579188
411 0.5644579188
412 0.5644579188
413 0.5644579188
414 0.5644579188
415 0.5644579188
416 0.5644579188
417 0.5644579188
418 0.5644579188
419 0.5644579188
420 0.5644579188
421 0.5644579188
422 0.5644579188
423 0.5644579188
424 0.5644579188
425 0.5644579188
426 0.5644579188
427 0.5644579188
428 0.5644579188
429 0.5644579188
430 0.5644579188
431 0.5644579188
432 0.5644579188
433 0.5644579188
434 0.5644579188
435 0.5644579188
436 0.5644579188
437 0.5644579188
438 0.5644579188
439 0.5644579188
440 0.5644579188
441 0.5644579188
442 0.5644579188
443 0.5644579188
444 0.5644579188
445 0.5644579188
446 0.5644579188
447 0.5644579188
448 0.5644579188
449 0.5644579188
450 0.5644579188
451 0.5644579188
452 0.5644579188
453 0.5644579188
454 0.5644579188
455 0.5644579188
456 0.5644579188
457 0.5644579188
458 0.5644579188
459 0.5644579188
460 0.5644579188
461 0.5644579188
462 0.5644579188
463 0.5644579188
464 0.5644579188
465 0.5644579188
466 0.5644579188
467 0.5644579188
468 0.5644579188
469 0.5644579188
470 0.5644579188
471 0.5644579188
472 0.5644579188
473 0.5644579188
474 0.5644579188
475 0.5644579188
476 0.5644579188
477 0.5644579188
478 0.5644579188
479 0.5644579188
480 0.5644579188
481 0.5644579188
482 0.5644579188
483 0.5644579188
484 0.5644579188
485 0.5644579188
486 0.5644579188
487 0.5644579188
488 0.5644579188
489 0.5644579188
490 0.5644579188
491 0.5644579188
492 0.5644579188
493 0.5644579188
494 0.5644579188
495 0.5644579188
496 0.5644579188
497 0.5644579188
498 0.5644579188
499 0.5644579188
500 0.5644579188
501 0.5644579188
502 0.5644579188
503 0.5644579188
504 0.5644579188
505 0.5644579188
506 0.5644579188
507 0.5644579188
508 0.5644579188
509 0.5644579188
510 0.5644579188
511 0.5644579188
512 0.5644579188
513 0.5644579188
514 0.5644579188
515 0.5644579188
516 0.5644579188
517 0.5644579188
518 0.5644579188
519 0.5644579188
520 0.5644579188
521 0.5644579188
522 0.5644579188
523 0.5644579188
524 0.5644579188
525 0.5644579188
526 0.5644579188
527 0.5644579188
528 0.5644579188
529 0.5644579188
530 0.5644579188
531 0.5644579188
532 0.5644579188
533 0.5644579188
534 0.5644579188
535 0.5644579188
536 0.5644579188
537 0.5644579188
538 0.5644579188
539 0.5644579188
540 0.5644579188
541 0.5644579188
542 0.5644579188
543 0.5644579188
544 0.5644579188
545 0.5644579188
546 0.5644579188
547 0.5644579188
548 0.5644579188
549 0.5644579188
550 0.5644579188
551 0.5644579188
552 0.5644579188
553 0.5644579188
554 0.5644579188
555 0.5644579188
556 0.5644579188
557 0.5644579188
558 0.5644579188
559 0.5644579188
560 0.5644579188
561 0.5644579188
562 0.5644579188
563 0.5644579188
564 0.5644579188
565 0.5644579188
566 0.5644579188
567 0.5644579188
568 0.5644579188
569 0.5644579188
570 0.5644579188
571 0.5644579188
572 0.5644579188
573 0.5644579188
574 0.5644579188
575 0.5644579188
576 0.5644579188
577 0.5644579188
578 0.5644579188
579 0.5644579188
580 0.5644579188
581 0.5644579188
582 0.5644579188
583 0.5644579188
584 0.5644579188
585 0.5644579188
586 0.5644579188
587 0.5644579188
588 0.5644579188
589 0.5644579188
590 0.5644579188
591 0.5644579188
592 0.5644579188
593 0.5644579188
594 0.5644579188
595 0.5644579188
596 0.5644579188
597 0.5644579188
598 0.5644579188
599 0.5644579188
600 0.5644579188
601 0.5644579188
602 0.5644579188
603 0.5644579188
604 0.5644579188
605 0.5644579188
606 0.5644579188
607 0.5644579188
608 0.5644579188
609 0.5644579188
610 0.5644579188
611 0.5644579188
612 0.5644579188
613 0.5644579188
614 0.5644579188
615 0.5644579188
616 0.5644579188
617 0.5644579188
618 0.5644579188
619 0.5644579188
620 0.5644579188
621 0.5644579188
622 0.5644579188
623 0.5644579188
624 0.5644579188
625 0.5644579188
626 0.5644579188
627 0.5644579188
628 0.5644579188
629 0.5644579188
630 0.5644579188
631 0.5644579188
632 0.5644579188
633 0.5644579188
634 0.5644579188
635 0.5644579188
636 0.5644579188
637 0.5644579188
638 0.5644579188
639 0.5644579188
640 0.5644579188
641 0.5644579188
642 0.5644579188
643 0.5644579188
644 0.5644579188
645 0.5644579188
646 0.5644579188
647 0.5644579188
648 0.5644579188
649 0.5644579188
650 0.5644579188
651 0.5644579188
652 0.5644579188
653 0.5644579188
654 0.5644579188
655 0.5644579188
656 0.5644579188
657 0.5644579188
658 0.5644579188
659 0.5644579188
660 0.5644579188
661 0.5644579188
662 0.5644579188
663 0.5644579188
664 0.5644579188
665 0.5644579188
666 0.5644579188
667 0.5644579188
668 0.5644579188
669 0.5644579188
670 0.5644579188
671 0.5644579188
672 0.5644579188
673 0.5644579188
674 0.5644579188
675 0.5644579188
676 0.5644579188
677 0.5644579188
678 0.5644579188
679 0.5644579188
680 0.5644579188
681 0.5644579188
682 0.5644579188
683 0.5644579188
684 0.5644579188
685 0.5644579188
686 0.5644579188
687 0.5644579188
688 0.5644579188
689 0.5644579188
690 0.5644579188
691 0.5644579188
692 0.5644579188
693 0.5644579188
694 0.5644579188
695 0.5644579188
696 0.5644579188
697 0.5644579188
698 0.5644579188
699 0.5644579188
700 0.5644579188
701 0.5644579188
702 0.5644579188
703 0.5644579188
704 0.5644579188
705 0.5644579188
706 0.5644579188
707 0.5644579188
708 0.5644579188
709 0.5644579188
710 0.5644579188
711 0.5644579188
712 0.5644579188
713 0.5644579188
714 0.5644579188
715 0.5644579188
716 0.5644579188
717 0.5644579188
718 0.5644579188
719 0.5644579188
720 0.5644579188
721 0.5644579188
722 0.5644579188
723 0.5644579188
724 0.5644579188
725 0.5644579188
726 0.5644579188
727 0.5644579188
728 0.5644579188
729 0.5644579188
730 0.5644579188
731 0.5644579188
732 0.5644579188
733 0.5644579188
734 0.5644579188
735 0.5644579188
736 0.5644579188
737 0.5644579188
738 0.5644579188
739 0.5644579188
740 0.5644579188
741 0.5644579188
742 0.5644579188
743 0.5644579188
744 0.5644579188
745 0.5644579188
746 0.5644579188
747 0.5644579188
748 0.5644579188
749 0.5644579188
750 0.5644579188
751 0.5644579188
752 0.5644579188
753 0.5644579188
754 0.5644579188
755 0.5644579188
756 0.5644579188
757 0.5644579188
758 0.5644579188
759 0.5644579188
760 0.5644579188
761 0.5644579188
762 0.5644579188
763 0.5644579188
764 0.5644579188
765 0.5644579188
766 0.5644579188
767 0.5644579188
768 0.5644579188
769 0.5644579188
770 0.5644579188
771 0.5644579188
772 0.5644579188
773 0.5644579188
774 0.5644579188
775 0.5644579188
776 0.5644579188
777 0.5644579188
778 0.5644579188
779 0.5644579188
780 0.5644579188
781 0.5644579188
782 0.5644579188
783 0.5644579188
784 0.5644579188
785 0.5644579188
786 0.5644579188
787 0.5644579188
788 0.5644579188
789 0.5644579188
790 0.5644579188
791 0.5644579188
792 0.5644579188
793 0.5644579188
794 0.5644579188
795 0.5644579188
796 0.5644579188
797 0.5644579188
798 0.5644579188
799 0.5644579188
800 0.5644579188
801 0.5644579188
802 0.5644579188
803 0.5644579188
804 0.5644579188
805 0.5644579188
806 0.5644579188
807 0.5644579188
808 0.5644579188
809 0.5644579188
810 0.5644579188
811 0.5644579188
812 0.5644579188
813 0.5644579188
814 0.5644579188
815 0.5644579188
816 0.5644579188
817 0.5644579188
818 0.5644579188
819 0.5644579188
820 0.5644579188
821 0.5644579188
822 0.5644579188
823 0.5644579188
824 0.5644579188
825 0.5644579188
826 0.5644579188
827 0.5644579188
828 0.5644579188
829 0.5644579188
830 0.5644579188
831 0.5644579188
832 0.5644579188
833 0.5644579188
834 0.5644579188
835 0.5644579188
836 0.5644579188
837 0.5644579188
838 0.5644579188
839 0.5644579188
840 0.5644579188
841 0.5644579188
842 0.5644579188
843 0.5644579188
844 0.5644579188
845 0.5644579188
846 0.5644579188
847 0.5644579188
848 0.5644579188
849 0.5644579188
850 0.5644579188
851 0.5644579188
852 0.5644579188
853 0.5644579188
854 0.5644579188
855 0.5644579188
856 0.5644579188
857 0.5644579188
858 0.5644579188
859 0.5644579188
860 0.5644579188
861 0.5644579188
862 0.5644579188
863 0.5644579188
864 0.5644579188
865 0.5644579188
866 0.5644579188
867 0.5644579188
868 0.5644579188
869 0.5644579188
870 0.5644579188
871 0.5644579188
872 0.5644579188
873 0.5644579188
874 0.5644579188
875 0.5644579188
876 0.5644579188
877 0.5644579188
878 0.5644579188
879 0.5644579188
880 0.5644579188
881 0.5644579188
882 0.5644579188
883 0.5644579188
884 0.5644579188
885 0.5644579188
886 0.5644579188
887 0.5644579188
888 0.5644579189
889 0.5644579189
890 0.5644579189
891 0.5644579189
892 0.564457919
893 0.564457919
894 0.5644579191
895 0.5644579192
896 0.5644579193
897 0.5644579194
898 0.5644579196
899 0.5644579198
900 0.56445792
901 0.5644579204
902 0.5644579207
903 0.5644579212
904 0.5644579218
905 0.5644579226
906 0.5644579235
907 0.5644579246
908 0.564457926
909 0.5644579278
910 0.5644579299
911 0.5644579325
912 0.5644579358
913 0.5644579397
914 0.5644579446
915 0.5644579506
916 0.564457958
917 0.5644579669
918 0.5644579779
919 0.5644579913
920 0.5644580076
921 0.5644580275
922 0.5644580518
923 0.5644580813
924 0.5644581171
925 0.5644581605
926 0.5644582132
927 0.5644582769
928 0.5644583541
929 0.5644584473
930 0.5644585598
931 0.5644586954
932 0.5644588588
933 0.5644590555
934 0.5644592918
935 0.5644595756
936 0.5644599161
937 0.564460324
938 0.5644608123
939 0.5644613961
940 0.5644620934
941 0.5644629255
942 0.5644639174
943 0.5644650983
944 0.564466503
945 0.5644681719
946 0.5644701529
947 0.5644725017
948 0.5644752836
949 0.5644785752
950 0.5644824655
951 0.5644870587
952 0.564492476
953 0.5644988586
954 0.5645063704
955 0.564515202
956 0.5645255741
957 0.5645377426
958 0.5645520035
959 0.5645686989
960 0.5645882236
961 0.5646110327
962 0.5646376507
963 0.5646686804
964 0.5647048147
965 0.5647468485
966 0.5647956929
967 0.5648523911
968 0.5649181358
969 0.5649942891
970 0.5650824049
971 0.5651842534
972 0.5653018493
973 0.5654374822
974 0.5655937516
975 0.5657736046
976 0.565980379
977 0.5662178498
978 0.5664902819
979 0.5668024872
980 0.5671598885
981 0.5675685891
982 0.5680354502
983 0.5685681748
984 0.5691754007
985 0.5698668016
986 0.5706531975
987 0.5715466756
988 0.5725607215
989 0.5737103614
990 0.5750123174
991 0.5764851743
992 0.5781495607
993 0.5800283443
994 0.5821468415
995 0.584533043
996 0.5872178555
997 0.5902353604
998 0.5936230898
999 0.5974223203
1000 0.6016783856
1001 0.6064410078
1002 0.6117646475
1003 0.6177088734
1004 0.6243387515
1005 0.631725253
1006 0.6399456819
1007 0.6490841206
1008 0.6592318935
1009 0.6704880487
1010 0.6829598547
1011 0.6967633127
1012 0.7120236819
1013 0.7288760165
1014 0.7474657118
1015 0.767949057
1016 0.790493793
1017 0.8152796697
1018 0.8424990022
1019 0.8723572193
1020 0.905073402
1021 0.9408808067
1022 0.9800273675
1023 1.022776173
