#53869 2909.9996680774350359 0.0045699814513248089923 1 1357 16.000049430220818044 1024 7 1 J1713+0747 0.0000000 
0 -0.2613641224
1 -0.2615152501
2 -0.2616441488
3 -0.2617539495
4 -0.2618473643
5 -0.2619267386
6 -0.261994098
7 -0.2620511893
8 -0.2620995172
9 -0.2621403754
10 -0.2621748752
11 -0.2622039695
12 -0.2622284746
13 -0.2622490886
14 -0.2622664076
15 -0.26228094
16 -0.262293119
17 -0.262303313
18 -0.2623118348
19 -0.2623189498
20 -0.2623248829
21 -0.2623298242
22 -0.2623339344
23 -0.262337349
24 -0.2623401822
25 -0.26234253
26 -0.2623444733
27 -0.2623460796
28 -0.2623474058
29 -0.2623484994
30 -0.2623494
31 -0.2623501408
32 -0.2623507493
33 -0.2623512486
34 -0.2623516578
35 -0.2623519927
36 -0.2623522665
37 -0.26235249
38 -0.2623526722
39 -0.2623528206
40 -0.2623529414
41 -0.2623530394
42 -0.262353119
43 -0.2623531835
44 -0.2623532357
45 -0.2623532779
46 -0.2623533119
47 -0.2623533394
48 -0.2623533615
49 -0.2623533793
50 -0.2623533936
51 -0.2623534051
52 -0.2623534143
53 -0.2623534217
54 -0.2623534275
55 -0.2623534322
56 -0.262353436
57 -0.262353439
58 -0.2623534413
59 -0.2623534432
60 -0.2623534447
61 -0.2623534459
62 -0.2623534468
63 -0.2623534476
64 -0.2623534482
65 -0.2623534486
66 -0.262353449
67 -0.2623534493
68 -0.2623534495
69 -0.2623534497
70 -0.2623534498
71 -0.2623534499
72 -0.26235345
73 -0.2623534501
74 -0.2623534501
75 -0.2623534502
76 -0.2623534502
77 -0.2623534502
78 -0.2623534502
79 -0.2623534503
80 -0.2623534503
81 -0.2623534503
82 -0.2623534503
83 -0.2623534503
84 -0.2623534503
85 -0.2623534503
86 -0.2623534503
87 -0.2623534503
88 -0.2623534503
89 -0.2623534503
90 -0.2623534503
91 -0.2623534503
92 -0.2623534503
93 -0.2623534503
94 -0.2623534503
95 -0.2623534503
96 -0.2623534503
97 -0.2623534503
98 -0.2623534503
99 -0.2623534503
100 -0.2623534503
101 -0.2623534503
102 -0.2623534503
103 -0.2623534503
104 -0.2623534503
105 -0.2623534503
106 -0.2623534503
107 -0.2623534503
108 -0.2623534503
109 -0.2623534503
110 -0.2623534503
111 -0.2623534503
112 -0.2623534503
113 -0.2623534503
114 -0.2623534503
115 -0.2623534503
116 -0.2623534503
117 -0.2623534503
118 -0.2623534503
119 -0.2623534503
120 -0.2623534503
121 -0.2623534503
122 -0.2623534503
123 -0.2623534503
124 -0.2623534503
125 -0.2623534503
126 -0.2623534503
127 -0.2623534503
128 -0.2623534503
129 -0.2623534503
130 -0.2623534503
131 -0.2623534503
132 -0.2623534503
133 -0.2623534503
134 -0.2623534503
135 -0.2623534503
136 -0.2623534503
137 -0.2623534503
138 -0.2623534503
139 -0.2623534503
140 -0.2623534503
141 -0.2623534503
142 -0.2623534503
143 -0.2623534503
144 -0.2623534503
145 -0.2623534503
146 -0.2623534503
147 -0.2623534503
148 -0.2623534503
149 -0.2623534503
150 -0.2623534503
151 -0.2623534503
152 -0.2623534503
153 -0.2623534503
154 -0.2623534503
155 -0.2623534503
156 -0.2623534503
157 -0.2623534503
158 -0.2623534503
159 -0.2623534503
160 -0.2623534503
161 -0.2623534503
162 -0.2623534503
163 -0.2623534503
164 -0.2623534503
165 -0.2623534503
166 -0.2623534503
167 -0.2623534503
168 -0.2623534503
169 -0.2623534503
170 -0.2623534503
171 -0.2623534503
172 -0.2623534503
173 -0.2623534503
174 -0.2623534503
175 -0.2623534503
176 -0.2623534503
177 -0.2623534503
178 -0.2623534503
179 -0.2623534503
180 -0.2623534503
181 -0.2623534503
182 -0.2623534503
183 -0.2623534503
184 -0.2623534503
185 -0.2623534503
186 -0.2623534503
187 -0.2623534503
188 -0.2623534503
189 -0.2623534503
190 -0.2623534503
191 -0.2623534503
192 -0.2623534503
193 -0.2623534503
194 -0.2623534503
195 -0.2623534503
196 -0.2623534503
197 -0.2623534503
198 -0.2623534503
199 -0.2623534503
200 -0.2623534503
201 -0.2623534503
202 -0.2623534503
203 -0.2623534503
204 -0.2623534503
205 -0.2623534503
206 -0.2623534503
207 -0.2623534503
208 -0.2623534503
209 -0.2623534503
210 -0.2623534503
211 -0.2623534503
212 -0.2623534503
213 -0.2623534503
214 -0.2623534503
215 -0.2623534503
216 -0.2623534503
217 -0.2623534503
218 -0.2623534503
219 -0.2623534503
220 -0.2623534503
221 -0.2623534503
222 -0.2623534503
223 -0.2623534503
224 -0.2623534503
225 -0.2623534503
226 -0.2623534503
227 -0.2623534503
228 -0.2623534503
229 -0.2623534503
230 -0.2623534503
231 -0.2623534503
232 -0.2623534503
233 -0.2623534503
234 -0.2623534503
235 -0.2623534503
236 -0.2623534503
237 -0.2623534503
238 -0.2623534503
239 -0.2623534503
240 -0.2623534503
241 -0.2623534503
242 -0.2623534503
243 -0.2623534503
244 -0.2623534503
245 -0.2623534503
246 -0.2623534503
247 -0.2623534503
248 -0.2623534503
249 -0.2623534503
250 -0.2623534503
251 -0.2623534503
252 -0.2623534503
253 -0.2623534503
254 -0.2623534503
255 -0.2623534503
256 -0.2623534503
257 -0.2623534503
258 -0.2623534503
259 -0.2623534503
260 -0.2623534503
261 -0.2623534503
262 -0.2623534503
263 -0.2623534503
264 -0.2623534503
265 -0.2623534503
266 -0.2623534503
267 -0.2623534503
268 -0.2623534503
269 -0.2623534503
270 -0.2623534503
271 -0.2623534503
272 -0.2623534503
273 -0.2623534503
274 -0.2623534503
275 -0.2623534503
276 -0.2623534503
277 -0.2623534503
278 -0.2623534503
279 -0.2623534503
280 -0.2623534503
281 -0.2623534503
282 -0.2623534503
283 -0.2623534503
284 -0.2623534503
285 -0.2623534503
286 -0.2623534503
287 -0.2623534503
288 -0.2623534503
289 -0.2623534503
290 -0.2623534503
291 -0.2623534503
292 -0.2623534503
293 -0.2623534503
294 -0.2623534503
295 -0.2623534503
296 -0.2623534503
297 -0.2623534503
298 -0.2623534503
299 -0.2623534503
300 -0.2623534503
301 -0.2623534503
302 -0.2623534503
303 -0.2623534503
304 -0.2623534503
305 -0.2623534503
306 -0.2623534503
307 -0.2623534503
308 -0.2623534503
309 -0.2623534503
310 -0.2623534503
311 -0.2623534503
312 -0.2623534503
313 -0.2623534503
314 -0.2623534503
315 -0.2623534503
316 -0.2623534503
317 -0.2623534503
318 -0.2623534503
319 -0.2623534503
320 -0.2623534503
321 -0.2623534503
322 -0.2623534503
323 -0.2623534503
324 -0.2623534503
325 -0.2623534503
326 -0.2623534503
327 -0.2623534503
328 -0.2623534503
329 -0.2623534503
330 -0.2623534503
331 -0.2623534503
332 -0.2623534503
333 -0.2623534503
334 -0.2623534503
335 -0.2623534503
336 -0.2623534503
337 -0.2623534503
338 -0.2623534503
339 -0.2623534503
340 -0.2623534503
341 -0.2623534503
342 -0.2623534503
343 -0.2623534503
344 -0.2623534503
345 -0.2623534503
346 -0.2623534503
347 -0.2623534503
348 -0.2623534503
349 -0.2623534503
350 -0.2623534503
351 -0.2623534503
352 -0.2623534503
353 -0.2623534503
354 -0.2623534503
355 -0.2623534503
356 -0.2623534503
357 -0.2623534503
358 -0.2623534503
359 -0.2623534503
360 -0.2623534503
361 -0.2623534503
362 -0.2623534503
363 -0.2623534503
364 -0.2623534503
365 -0.2623534503
366 -0.2623534503
367 -0.2623534503
368 -0.2623534503
369 -0.2623534503
370 -0.2623534503
371 -0.2623534503
372 -0.2623534503
373 -0.2623534503
374 -0.2623534503
375 -0.2623534503
376 -0.2623534503
377 -0.2623534503
378 -0.2623534503
379 -0.2623534503
380 -0.2623534503
381 -0.2623534503
382 -0.2623534503
383 -0.2623534503
384 -0.2623534503
385 -0.2623534503
386 -0.2623534503
387 -0.2623534503
388 -0.2623534503
389 -0.2623534503
390 -0.2623534503
391 -0.2623534503
392 -0.2623534503
393 -0.2623534503
394 -0.2623534503
395 -0.2623534503
396 -0.2623534503
397 -0.2623534503
398 -0.2623534503
399 -0.2623534503
400 -0.2623534503
401 -0.2623534503
402 -0.2623534503
403 -0.2623534503
404 -0.2623534503
405 -0.2623534503
406 -0.2623534503
407 -0.2623534503
408 -0.2623534503
409 -0.2623534503
410 -0.2623534503
411 -0.2623534503
412 -0.2623534503
413 -0.2623534503
414 -0.2623534503
415 -0.2623534503
416 -0.2623534503
417 -0.2623534503
418 -0.2623534503
419 -0.2623534503
420 -0.2623534503
421 -0.2623534503
422 -0.2623534503
423 -0.2623534503
424 -0.2623534503
425 -0.2623534503
426 -0.2623534503
427 -0.2623534503
428 -0.2623534503
429 -0.2623534503
430 -0.2623534503
431 -0.2623534503
432 -0.2623534503
433 -0.2623534503
434 -0.2623534503
435 -0.2623534503
436 -0.2623534503
437 -0.2623534503
438 -0.2623534503
439 -0.2623534503
440 -0.2623534503
441 -0.2623534503
442 -0.2623534503
443 -0.2623534503
444 -0.2623534503
445 -0.2623534503
446 -0.2623534503
447 -0.2623534503
448 -0.2623534503
449 -0.2623534503
450 -0.2623534503
451 -0.2623534503
452 -0.2623534503
453 -0.2623534503
454 -0.2623534503
455 -0.2623534503
456 -0.2623534503
457 -0.2623534503
458 -0.2623534503
459 -0.2623534503
460 -0.2623534503
461 -0.2623534503
462 -0.2623534503
463 -0.2623534503
464 -0.2623534503
465 -0.2623534503
466 -0.2623534503
467 -0.2623534503
468 -0.2623534503
469 -0.2623534503
470 -0.2623534503
471 -0.2623534503
472 -0.2623534503
473 -0.2623534503
474 -0.2623534503
475 -0.2623534503
476 -0.2623534503
477 -0.2623534503
478 -0.2623534503
479 -0.2623534503
480 -0.2623534503
481 -0.2623534503
482 -0.2623534503
483 -0.2623534503
484 -0.2623534503
485 -0.2623534503
486 -0.2623534503
487 -0.2623534503
488 -0.2623534503
489 -0.2623534503
490 -0.2623534503
491 -0.2623534503
492 -0.2623534503
493 -0.2623534503
494 -0.2623534503
495 -0.2623534503
496 -0.2623534503
497 -0.2623534503
498 -0.2623534503
499 -0.2623534503
500 -0.2623534503
501 -0.2623534503
502 -0.2623534503
503 -0.2623534503
504 -0.2623534503
505 -0.2623534503
506 -0.2623534503
507 -0.2623534503
508 -0.2623534503
509 -0.2623534503
510 -0.2623534503
511 -0.2623534503
512 -0.2623534503
513 -0.2623534503
514 -0.2623534503
515 -0.2623534503
516 -0.2623534503
517 -0.2623534503
518 -0.2623534503
519 -0.2623534503
520 -0.2623534503
521 -0.2623534503
522 -0.2623534503
523 -0.2623534503
524 -0.2623534503
525 -0.2623534503
526 -0.2623534503
527 -0.2623534503
528 -0.2623534503
529 -0.2623534503
530 -0.2623534503
531 -0.2623534503
532 -0.2623534503
533 -0.2623534503
534 -0.2623534503
535 -0.2623534503
536 -0.2623534503
537 -0.2623534503
538 -0.2623534503
539 -0.2623534503
540 -0.2623534503
541 -0.2623534503
542 -0.2623534503
543 -0.2623534503
544 -0.2623534503
545 -0.2623534503
546 -0.2623534503
547 -0.2623534503
548 -0.2623534503
549 -0.2623534503
550 -0.2623534503
551 -0.2623534503
552 -0.2623534503
553 -0.2623534503
554 -0.2623534503
555 -0.2623534503
556 -0.2623534503
557 -0.2623534503
558 -0.2623534503
559 -0.2623534503
560 -0.2623534502
561 -0.2623534502
562 -0.2623534502
563 -0.2623534502
564 -0.2623534501
565 -0.2623534501
566 -0.26235345
567 -0.26235345
568 -0.2623534499
569 -0.2623534497
570 -0.2623534496
571 -0.2623534494
572 -0.2623534492
573 -0.2623534489
574 -0.2623534486
575 -0.2623534482
576 -0.2623534476
577 -0.262353447
578 -0.2623534462
579 -0.2623534452
580 -0.2623534439
581 -0.2623534424
582 -0.2623534405
583 -0.2623534381
584 -0.2623534353
585 -0.2623534317
586 -0.2623534274
587 -0.2623534221
588 -0.2623534156
589 -0.2623534076
590 -0.2623533978
591 -0.2623533859
592 -0.2623533714
593 -0.2623533537
594 -0.2623533321
595 -0.2623533058
596 -0.2623532739
597 -0.2623532352
598 -0.2623531882
599 -0.2623531313
600 -0.2623530624
601 -0.2623529791
602 -0.2623528786
603 -0.2623527573
604 -0.2623526111
605 -0.2623524351
606 -0.2623522235
607 -0.2623519693
608 -0.2623516643
609 -0.2623512986
610 -0.2623508607
611 -0.2623503369
612 -0.262349711
613 -0.2623489637
614 -0.2623480727
615 -0.2623470113
616 -0.2623457483
617 -0.262344247
618 -0.2623424642
619 -0.2623403495
620 -0.2623378438
621 -0.2623348778
622 -0.2623313706
623 -0.262327228
624 -0.2623223401
625 -0.2623165786
626 -0.2623097949
627 -0.2623018159
628 -0.262292441
629 -0.2622814375
630 -0.2622685365
631 -0.2622534265
632 -0.2622357482
633 -0.2622150869
634 -0.262190965
635 -0.2621628327
636 -0.2621300583
637 -0.2620919162
638 -0.2620475746
639 -0.2619960807
640 -0.2619363445
641 -0.2618671207
642 -0.2617869878
643 -0.2616943256
644 -0.2615872895
645 -0.2614637817
646 -0.2613214197
647 -0.261157501
648 -0.260968963
649 -0.2607523406
650 -0.2605037167
651 -0.2602186698
652 -0.2598922145
653 -0.2595187368
654 -0.2590919226
655 -0.2586046792
656 -0.2580490493
657 -0.2574161165
658 -0.2566959029
659 -0.2558772561
660 -0.254947727
661 -0.2538934369
662 -0.2526989328
663 -0.251347031
664 -0.2498186482
665 -0.2480926183
666 -0.2461454961
667 -0.2439513459
668 -0.2414815144
669 -0.2387043879
670 -0.2355851328
671 -0.2320854188
672 -0.2281631251
673 -0.2237720276
674 -0.2188614684
675 -0.2133760068
676 -0.2072550514
677 -0.2004324735
678 -0.1928362023
679 -0.1843878015
680 -0.1750020289
681 -0.1645863785
682 -0.1530406064
683 -0.1402562428
684 -0.1261160893
685 -0.1104937051
686 -0.09325288308
687 -0.07424711827
688 -0.05331907119
689 -0.03030002907
690 -0.005009368064
691 0.02274597981
692 0.05317205125
693 0.08648836319
694 0.1229284068
695 0.1627401189
696 0.2061863248
697 0.253545148
698 0.305110379
699 0.3611917986
700 0.4221154467
701 0.4882238317
702 0.5598760722
703 0.637447963
704 0.7213319589
705 0.8119370671
706 0.9096886421
707 1.015028074
708 1.12841236
709 1.250313562
710 1.381218123
711 1.521626059
712 1.672049997
713 1.833014077
714 2.005052682
715 2.188709026
716 2.384533561
717 2.593082229
718 2.814914538
719 3.050591468
720 3.300673205
721 3.565716702
722 3.84627308
723 4.142884859
724 4.456083026
725 4.786383964
726 5.134286224
727 5.500267175
728 5.884779529
729 6.288247758
730 6.711064421
731 7.153586416
732 7.61613118
733 8.098972848
734 8.602338404
735 9.126403845
736 9.671290372
737 10.23706065
738 10.82371518
739 11.4311887
740 12.0593469
741 12.70798312
742 13.3768154
743 14.06548371
744 14.77354744
745 15.50048321
746 16.24568301
747 17.00845267
748 17.78801072
749 18.58348769
750 19.39392579
751 20.2182791
752 21.05541418
753 21.9041112
754 22.76306561
755 23.63089024
756 24.50611801
757 25.3872051
758 26.27253477
759 27.16042155
760 28.04911605
761 28.93681032
762 29.8216436
763 30.70170865
764 31.57505849
765 32.43971358
766 33.29366945
767 34.13490462
768 34.96138898
769 35.77109232
770 36.56199324
771 37.33208821
772 38.07940082
773 38.80199112
774 39.49796507
775 40.1654839
776 40.80277358
777 41.40813405
778 41.9799484
779 42.5166918
780 43.01694016
781 43.47937854
782 43.90280916
783 44.28615901
784 44.62848699
785 44.92899062
786 45.18701214
787 45.40204408
788 45.57373419
789 45.70188979
790 45.7864814
791 45.8276457
792 45.82568783
793 45.78108288
794 45.69447675
795 45.56668621
796 45.39869828
797 45.1916688
798 44.94692036
799 44.66593941
800 44.35037281
801 44.0020235
802 43.62284565
803 43.21493912
804 42.78054324
805 42.32203002
806 41.84189681
807 41.3427584
808 40.82733855
809 40.29846107
810 39.7590405
811 39.21207223
812 38.66062234
813 38.10781703
814 37.5568317
815 37.0108798
816 36.47320127
817 35.94705091
818 35.4356864
819 34.94235622
820 34.47028737
821 34.02267301
822 33.60265996
823 33.21333621
824 32.8577183
825 32.53873881
826 32.2592338
827 32.02193039
828 31.82943435
829 31.68421796
830 31.58860793
831 31.54477363
832 31.55471552
833 31.62025398
834 31.74301844
835 31.92443689
836 32.16572598
837 32.46788155
838 32.83166974
839 33.25761882
840 33.74601165
841 34.29687895
842 34.90999339
843 35.58486458
844 36.32073503
845 37.11657711
846 37.97109112
847 38.8827045
848 39.8495722
849 40.86957837
850 41.94033925
851 43.05920749
852 44.22327779
853 45.42939387
854 46.67415701
855 47.95393583
856 49.26487758
857 50.60292087
858 51.96380966
859 53.34310871
860 54.73622025
861 56.13840196
862 57.54478608
863 58.95039962
864 60.35018556
865 61.73902498
866 63.11175993
867 64.46321697
868 65.78823123
869 67.08167087
870 68.33846174
871 69.55361208
872 70.72223724
873 71.83958405
874 72.90105477
875 73.90223055
876 74.838894
877 75.70705099
878 76.50295126
879 77.22310786
880 77.86431521
881 78.42366567
882 78.89856441
883 79.28674261
884 79.58626875
885 79.79555802
886 79.91337964
887 79.93886219
888 79.87149677
889 79.71113809
890 79.45800334
891 79.11266904
892 78.67606568
893 78.1494704
894 77.53449761
895 76.83308779
896 76.04749433
897 75.18026883
898 74.23424468
899 73.21251924
900 72.11843469
901 70.95555775
902 69.72765837
903 68.4386876
904 67.09275476
905 65.69410421
906 64.24709168
907 62.75616059
908 61.22581825
909 59.66061239
910 58.06510799
911 56.44386457
912 54.80141422
913 53.14224041
914 51.47075765
915 49.79129229
916 48.10806438
917 46.42517082
918 44.74656978
919 43.07606653
920 41.41730067
921 39.77373485
922 38.14864495
923 36.54511182
924 34.96601443
925 33.41402458
926 31.89160307
927 30.40099721
928 28.94423983
929 27.52314952
930 26.13933213
931 24.79418355
932 23.48889346
933 22.22445025
934 21.00164674
935 19.82108686
936 18.68319301
937 17.58821415
938 16.53623439
939 15.52718213
940 14.5608395
941 13.63685214
942 12.75473924
943 11.91390357
944 11.11364171
945 10.35315413
946 9.631555235
947 8.947883233
948 8.301109788
949 7.690149392
950 7.113868422
951 6.571093839
952 6.060621487
953 5.581223974
954 5.131658097
955 4.710671807
956 4.317010691
957 3.949423965
958 3.60666998
959 3.28752123
960 2.990768883
961 2.715226824
962 2.459735234
963 2.223163724
964 2.004414021
965 1.802422243
966 1.616160779
967 1.444639788
968 1.286908352
969 1.142055296
970 1.00920971
971 0.8875411817
972 0.7762597878
973 0.6746158424
974 0.5818994448
975 0.4974398419
976 0.420604629
977 0.3507988105
978 0.2874637416
979 0.230075969
980 0.1781459898
981 0.1312169458
982 0.08886326781
983 0.05068928516
984 0.01632781406
985 -0.01456126421
986 -0.04229242377
987 -0.06715590404
988 -0.08941910039
989 -0.1093279285
990 -0.1271081556
991 -0.1429666944
992 -0.1570928531
993 -0.1696595408
994 -0.180824423
995 -0.1907310267
996 -0.1995097923
997 -0.2072790736
998 -0.2141460828
999 -0.2202077831
1000 -0.2255517283
1001 -0.2302568497
1002 -0.2343941932
1003 -0.2380276069
1004 -0.2412143803
1005 -0.2440058387
1006 -0.246447893
1007 -0.248581548
1008 -0.2504433707
1009 -0.2520659209
1010 -0.253478147
1011 -0.2547057474
1012 -0.2557715015
1013 -0.2566955709
1014 -0.2574957741
1015 -0.2581878353
1016 -0.2587856102
1017 -0.2593012901
1018 -0.2597455862
1019 -0.2601278955
1020 -0.2604564504
1021 -0.2607384522
1022 -0.2609801914
1023 -0.2611871551
