#53847 2910.0003203409183372 0.0045698630665646899213 1 1285 16.000049430220818044 1024 7 1 J1713+0747 0.0000000 
0 0.3314372498
1 0.3043941322
2 0.2801734045
3 0.2585088362
4 0.239155931
5 0.2218905407
6 0.206507523
7 0.1928194485
8 0.1806553584
9 0.169859577
10 0.1602905798
11 0.1518199175
12 0.1443311976
13 0.1377191231
14 0.1318885875
15 0.1267538248
16 0.1222376151
17 0.1182705418
18 0.1147903008
19 0.1117410583
20 0.1090728565
21 0.1067410635
22 0.1047058663
23 0.1029318051
24 0.1013873444
25 0.1000444813
26 0.09887838684
27 0.09786707928
28 0.0969911263
29 0.09623337487
30 0.09557870612
31 0.0950138137
32 0.09452700361
33 0.09410801378
34 0.09374785178
35 0.09343864916
36 0.09317353089
37 0.09294649852
38 0.09275232598
39 0.09258646654
40 0.0924449702
41 0.09232441021
42 0.09222181797
43 0.09213462542
44 0.09206061408
45 0.0919978702
46 0.09194474519
47 0.09189982088
48 0.09186187898
49 0.0918298744
50 0.09180291186
51 0.09178022548
52 0.09176116094
53 0.09174516007
54 0.09173174733
55 0.09172051814
56 0.09171112876
57 0.09170328756
58 0.09169674744
59 0.09169129931
60 0.09168676651
61 0.09168299995
62 0.09167987401
63 0.09167728296
64 0.09167513794
65 0.09167336439
66 0.0916718998
67 0.09167069185
68 0.09166969681
69 0.09166887816
70 0.09166820549
71 0.09166765344
72 0.09166720094
73 0.09166683051
74 0.09166652764
75 0.09166628031
76 0.09166607858
77 0.09166591426
78 0.09166578057
79 0.09166567194
80 0.09166558378
81 0.09166551232
82 0.09166545447
83 0.09166540769
84 0.09166536992
85 0.09166533945
86 0.09166531491
87 0.09166529516
88 0.09166527929
89 0.09166526656
90 0.09166525635
91 0.09166524817
92 0.09166524164
93 0.09166523642
94 0.09166523226
95 0.09166522894
96 0.0916652263
97 0.09166522421
98 0.09166522254
99 0.09166522122
100 0.09166522018
101 0.09166521935
102 0.0916652187
103 0.09166521818
104 0.09166521778
105 0.09166521746
106 0.09166521721
107 0.09166521701
108 0.09166521686
109 0.09166521674
110 0.09166521664
111 0.09166521657
112 0.09166521651
113 0.09166521647
114 0.09166521643
115 0.0916652164
116 0.09166521638
117 0.09166521637
118 0.09166521635
119 0.09166521634
120 0.09166521634
121 0.09166521633
122 0.09166521633
123 0.09166521632
124 0.09166521632
125 0.09166521632
126 0.09166521632
127 0.09166521631
128 0.09166521631
129 0.09166521631
130 0.09166521631
131 0.09166521631
132 0.09166521631
133 0.09166521631
134 0.09166521631
135 0.09166521631
136 0.09166521631
137 0.09166521631
138 0.09166521631
139 0.09166521631
140 0.09166521631
141 0.09166521631
142 0.09166521631
143 0.09166521631
144 0.09166521631
145 0.09166521631
146 0.09166521631
147 0.09166521631
148 0.09166521631
149 0.09166521631
150 0.09166521631
151 0.09166521631
152 0.09166521631
153 0.09166521631
154 0.09166521631
155 0.09166521631
156 0.09166521631
157 0.09166521631
158 0.09166521631
159 0.09166521631
160 0.09166521631
161 0.09166521631
162 0.09166521631
163 0.09166521631
164 0.09166521631
165 0.09166521631
166 0.09166521631
167 0.09166521631
168 0.09166521631
169 0.09166521631
170 0.09166521631
171 0.09166521631
172 0.09166521631
173 0.09166521631
174 0.09166521631
175 0.09166521631
176 0.09166521631
177 0.09166521631
178 0.09166521631
179 0.09166521631
180 0.09166521631
181 0.09166521631
182 0.09166521631
183 0.09166521631
184 0.09166521631
185 0.09166521631
186 0.09166521631
187 0.09166521631
188 0.09166521631
189 0.09166521631
190 0.09166521631
191 0.09166521631
192 0.09166521631
193 0.09166521631
194 0.09166521631
195 0.09166521631
196 0.09166521631
197 0.09166521631
198 0.09166521631
199 0.09166521631
200 0.09166521631
201 0.09166521631
202 0.09166521631
203 0.09166521631
204 0.09166521631
205 0.09166521631
206 0.09166521631
207 0.09166521631
208 0.09166521631
209 0.09166521631
210 0.09166521631
211 0.09166521631
212 0.09166521631
213 0.09166521631
214 0.09166521631
215 0.09166521631
216 0.09166521631
217 0.09166521631
218 0.09166521631
219 0.09166521631
220 0.09166521631
221 0.09166521631
222 0.09166521631
223 0.09166521631
224 0.09166521631
225 0.09166521631
226 0.09166521631
227 0.09166521631
228 0.09166521631
229 0.09166521631
230 0.09166521631
231 0.09166521631
232 0.09166521631
233 0.09166521631
234 0.09166521631
235 0.09166521631
236 0.09166521631
237 0.09166521631
238 0.09166521631
239 0.09166521631
240 0.09166521631
241 0.09166521631
242 0.09166521631
243 0.09166521631
244 0.09166521631
245 0.09166521631
246 0.09166521631
247 0.09166521631
248 0.09166521631
249 0.09166521631
250 0.09166521631
251 0.09166521631
252 0.09166521631
253 0.09166521631
254 0.09166521631
255 0.09166521631
256 0.09166521631
257 0.09166521631
258 0.09166521631
259 0.09166521631
260 0.09166521631
261 0.09166521631
262 0.09166521631
263 0.09166521631
264 0.09166521631
265 0.09166521631
266 0.09166521631
267 0.09166521631
268 0.09166521631
269 0.09166521631
270 0.09166521631
271 0.09166521631
272 0.09166521631
273 0.09166521631
274 0.09166521631
275 0.09166521631
276 0.09166521631
277 0.09166521631
278 0.09166521631
279 0.09166521631
280 0.09166521631
281 0.09166521631
282 0.09166521631
283 0.09166521631
284 0.09166521631
285 0.09166521631
286 0.09166521631
287 0.09166521631
288 0.09166521631
289 0.09166521631
290 0.09166521631
291 0.09166521631
292 0.09166521631
293 0.09166521631
294 0.09166521631
295 0.09166521631
296 0.09166521631
297 0.09166521631
298 0.09166521631
299 0.09166521631
300 0.09166521631
301 0.09166521631
302 0.09166521631
303 0.09166521631
304 0.09166521631
305 0.09166521631
306 0.09166521631
307 0.09166521631
308 0.09166521631
309 0.09166521631
310 0.09166521631
311 0.09166521631
312 0.09166521631
313 0.09166521631
314 0.09166521631
315 0.09166521631
316 0.09166521631
317 0.09166521631
318 0.09166521631
319 0.09166521631
320 0.09166521631
321 0.09166521631
322 0.09166521631
323 0.09166521631
324 0.09166521631
325 0.09166521631
326 0.09166521631
327 0.09166521631
328 0.09166521631
329 0.09166521631
330 0.09166521631
331 0.09166521631
332 0.09166521631
333 0.09166521631
334 0.09166521631
335 0.09166521631
336 0.09166521631
337 0.09166521631
338 0.09166521631
339 0.09166521631
340 0.09166521631
341 0.09166521631
342 0.09166521631
343 0.09166521631
344 0.09166521631
345 0.09166521631
346 0.09166521631
347 0.09166521631
348 0.09166521631
349 0.09166521631
350 0.09166521631
351 0.09166521631
352 0.09166521631
353 0.09166521631
354 0.09166521631
355 0.09166521631
356 0.09166521631
357 0.09166521631
358 0.09166521631
359 0.09166521631
360 0.09166521631
361 0.09166521631
362 0.09166521631
363 0.09166521631
364 0.09166521631
365 0.09166521631
366 0.09166521631
367 0.09166521631
368 0.09166521631
369 0.09166521631
370 0.09166521631
371 0.09166521631
372 0.09166521631
373 0.09166521631
374 0.09166521631
375 0.09166521631
376 0.09166521631
377 0.09166521631
378 0.09166521631
379 0.09166521631
380 0.09166521631
381 0.09166521631
382 0.09166521631
383 0.09166521631
384 0.09166521631
385 0.09166521631
386 0.09166521631
387 0.09166521631
388 0.09166521631
389 0.09166521631
390 0.09166521631
391 0.09166521631
392 0.09166521631
393 0.09166521631
394 0.09166521631
395 0.09166521631
396 0.09166521631
397 0.09166521631
398 0.09166521631
399 0.09166521631
400 0.09166521631
401 0.09166521631
402 0.09166521631
403 0.09166521631
404 0.09166521631
405 0.09166521631
406 0.09166521631
407 0.09166521631
408 0.09166521631
409 0.09166521631
410 0.09166521631
411 0.09166521631
412 0.09166521631
413 0.09166521631
414 0.09166521631
415 0.09166521631
416 0.09166521631
417 0.09166521631
418 0.09166521631
419 0.09166521631
420 0.09166521631
421 0.09166521631
422 0.09166521631
423 0.09166521631
424 0.09166521631
425 0.09166521631
426 0.09166521631
427 0.09166521631
428 0.09166521631
429 0.09166521631
430 0.09166521631
431 0.09166521631
432 0.09166521631
433 0.09166521631
434 0.09166521631
435 0.09166521631
436 0.09166521631
437 0.09166521631
438 0.09166521631
439 0.09166521631
440 0.09166521631
441 0.09166521631
442 0.09166521631
443 0.09166521631
444 0.09166521631
445 0.09166521631
446 0.09166521631
447 0.09166521631
448 0.09166521631
449 0.09166521631
450 0.09166521631
451 0.09166521631
452 0.09166521631
453 0.09166521631
454 0.09166521631
455 0.09166521631
456 0.09166521631
457 0.09166521631
458 0.09166521631
459 0.09166521631
460 0.09166521631
461 0.09166521631
462 0.09166521631
463 0.09166521631
464 0.09166521631
465 0.09166521631
466 0.09166521631
467 0.09166521631
468 0.09166521631
469 0.09166521631
470 0.09166521631
471 0.09166521631
472 0.09166521631
473 0.09166521631
474 0.09166521631
475 0.09166521631
476 0.09166521631
477 0.09166521631
478 0.09166521631
479 0.09166521631
480 0.09166521631
481 0.09166521631
482 0.09166521631
483 0.09166521631
484 0.09166521631
485 0.09166521631
486 0.09166521631
487 0.09166521631
488 0.09166521631
489 0.09166521631
490 0.09166521631
491 0.09166521631
492 0.09166521631
493 0.09166521631
494 0.09166521631
495 0.09166521631
496 0.09166521631
497 0.09166521631
498 0.09166521631
499 0.09166521631
500 0.09166521631
501 0.09166521631
502 0.09166521631
503 0.09166521631
504 0.09166521631
505 0.09166521631
506 0.09166521631
507 0.09166521631
508 0.09166521631
509 0.09166521631
510 0.09166521631
511 0.09166521631
512 0.09166521631
513 0.09166521631
514 0.09166521631
515 0.09166521631
516 0.09166521631
517 0.09166521631
518 0.09166521631
519 0.09166521631
520 0.09166521631
521 0.09166521631
522 0.09166521631
523 0.09166521631
524 0.09166521631
525 0.09166521631
526 0.09166521631
527 0.09166521631
528 0.09166521631
529 0.09166521631
530 0.09166521631
531 0.09166521631
532 0.09166521631
533 0.09166521631
534 0.09166521631
535 0.09166521631
536 0.09166521631
537 0.09166521631
538 0.09166521631
539 0.09166521631
540 0.09166521631
541 0.09166521631
542 0.09166521631
543 0.09166521631
544 0.09166521631
545 0.09166521631
546 0.09166521631
547 0.09166521631
548 0.09166521631
549 0.09166521631
550 0.09166521631
551 0.09166521631
552 0.09166521631
553 0.09166521631
554 0.09166521631
555 0.09166521631
556 0.09166521631
557 0.09166521631
558 0.09166521631
559 0.09166521631
560 0.09166521631
561 0.09166521631
562 0.09166521631
563 0.09166521631
564 0.09166521631
565 0.09166521631
566 0.09166521631
567 0.09166521631
568 0.09166521631
569 0.09166521631
570 0.09166521631
571 0.09166521631
572 0.09166521631
573 0.09166521631
574 0.09166521631
575 0.09166521631
576 0.09166521631
577 0.09166521631
578 0.09166521631
579 0.09166521631
580 0.09166521631
581 0.09166521631
582 0.09166521631
583 0.09166521631
584 0.09166521631
585 0.09166521631
586 0.09166521631
587 0.09166521632
588 0.09166521632
589 0.09166521632
590 0.09166521632
591 0.09166521632
592 0.09166521633
593 0.09166521633
594 0.09166521634
595 0.09166521635
596 0.09166521636
597 0.09166521637
598 0.09166521638
599 0.0916652164
600 0.09166521643
601 0.09166521646
602 0.09166521649
603 0.09166521654
604 0.0916652166
605 0.09166521668
606 0.09166521677
607 0.09166521689
608 0.09166521703
609 0.09166521721
610 0.09166521744
611 0.09166521773
612 0.09166521808
613 0.09166521851
614 0.09166521906
615 0.09166521973
616 0.09166522056
617 0.0916652216
618 0.09166522287
619 0.09166522445
620 0.09166522639
621 0.09166522878
622 0.09166523173
623 0.09166523535
624 0.0916652398
625 0.09166524525
626 0.09166525194
627 0.09166526013
628 0.09166527015
629 0.09166528239
630 0.09166529733
631 0.09166531555
632 0.09166533774
633 0.09166536474
634 0.09166539755
635 0.0916654374
636 0.09166548573
637 0.09166554428
638 0.09166561516
639 0.09166570086
640 0.09166580438
641 0.09166592927
642 0.09166607981
643 0.09166626106
644 0.09166647907
645 0.09166674102
646 0.09166705541
647 0.09166743237
648 0.09166788387
649 0.09166842407
650 0.09166906972
651 0.0916698406
652 0.09167076003
653 0.09167185547
654 0.09167315924
655 0.09167470932
656 0.09167655032
657 0.09167873452
658 0.09168132316
659 0.09168438789
660 0.09168801245
661 0.09169229457
662 0.09169734818
663 0.09170330598
664 0.09171032232
665 0.09171857652
666 0.09172827669
667 0.09173966407
668 0.09175301795
669 0.09176866133
670 0.09178696729
671 0.0918083663
672 0.09183335441
673 0.09186250259
674 0.0918964673
675 0.09193600234
676 0.09198197233
677 0.09203536775
678 0.09209732198
679 0.09216913033
680 0.09225227141
681 0.09234843108
682 0.09245952915
683 0.09258774922
684 0.09273557197
685 0.0929058121
686 0.09310165949
687 0.09332672475
688 0.09358508977
689 0.09388136354
690 0.09422074387
691 0.09460908532
692 0.09505297405
693 0.09555981008
694 0.09613789742
695 0.09679654293
696 0.09754616428
697 0.09839840782
698 0.09936627708
699 0.1004642724
700 0.1017085427
701 0.1031170496
702 0.1047097457
703 0.1065087657
704 0.1085386343
705 0.1108264876
706 0.1134023125
707 0.1162992022
708 0.1195536294
709 0.1232057377
710 0.1272996523
711 0.1318838083
712 0.1370113003
713 0.1427402506
714 0.1491341977
715 0.1562625042
716 0.1642007855
717 0.1730313565
718 0.1828436986
719 0.1937349441
720 0.2058103779
721 0.2191839558
722 0.233978837
723 0.25032793
724 0.268374449
725 0.2882724793
726 0.3101875485
727 0.3342972003
728 0.3607915687
729 0.389873947
730 0.421761349
731 0.4566850574
732 0.4948911539
733 0.5366410264
734 0.5822118477
735 0.6318970184
736 0.6860065693
737 0.7448675147
738 0.8088241509
739 0.8782382914
740 0.9534894316
741 1.034974835
742 1.123109532
743 1.218326226
744 1.321075092
745 1.431823465
746 1.551055414
747 1.679271176
748 1.816986465
749 1.964731631
750 2.123050667
751 2.292500066
752 2.473647501
753 2.667070347
754 2.873354023
755 3.093090155
756 3.326874563
757 3.575305062
758 3.838979079
759 4.118491091
760 4.414429881
761 4.727375622
762 5.057896787
763 5.406546895
764 5.773861107
765 6.160352676
766 6.566509267
767 6.992789156
768 7.439617334
769 7.907381527
770 8.396428148
771 8.907058217
772 9.439523253
773 9.994021183
774 10.57069227
775 11.16961513
776 11.7908028
777 12.43419895
778 13.09967426
779 13.78702295
780 14.49595953
781 15.22611582
782 15.97703824
783 16.74818538
784 17.53892596
785 18.34853716
786 19.17620328
787 20.02101493
788 20.88196863
789 21.75796686
790 22.64781868
791 23.55024081
792 24.46385927
793 25.38721159
794 26.31874954
795 27.25684246
796 28.19978112
797 29.1457822
798 30.09299326
799 31.03949835
800 31.98332404
801 32.92244611
802 33.85479657
803 34.77827134
804 35.6907382
805 36.59004521
806 37.47402957
807 38.34052667
808 39.18737952
809 40.01244838
810 40.81362059
811 41.5888205
812 42.33601951
813 43.05324614
814 43.73859602
815 44.39024184
816 45.00644309
817 45.58555569
818 46.12604127
819 46.62647615
820 47.08555998
821 47.50212393
822 47.87513843
823 48.20372035
824 48.48713969
825 48.72482554
826 48.91637158
827 49.0615407
828 49.16026913
829 49.21266966
830 49.21903421
831 49.17983566
832 49.0957288
833 48.96755062
834 48.79631973
835 48.58323503
836 48.32967362
837 48.03718788
838 47.70750189
839 47.34250699
840 46.94425676
841 46.51496115
842 46.05698006
843 45.57281622
844 45.06510742
845 44.5366182
846 43.99023099
847 43.42893665
848 42.85582458
849 42.27407237
850 41.68693496
851 41.09773351
852 40.50984375
853 39.92668421
854 39.35170394
855 38.78837015
856 38.24015547
857 37.71052513
858 37.20292387
859 36.72076284
860 36.26740623
861 35.84615799
862 35.46024842
863 35.11282076
864 34.80691787
865 34.5454689
866 34.33127611
867 34.16700184
868 34.05515564
869 33.99808166
870 33.99794626
871 34.05672602
872 34.17619611
873 34.35791902
874 34.60323391
875 34.91324634
876 35.28881882
877 35.73056183
878 36.2388257
879 36.81369328
880 37.45497348
881 38.16219572
882 38.93460544
883 39.77116067
884 40.67052975
885 41.63109021
886 42.65092902
887 43.72784405
888 44.85934696
889 46.04266747
890 47.27475916
891 48.55230663
892 49.87173425
893 51.22921638
894 52.62068911
895 54.0418635
896 55.48824031
897 56.95512613
898 58.43765094
899 59.93078704
900 61.42936913
901 62.92811572
902 64.42165152
903 65.90453081
904 67.37126174
905 68.81633126
906 70.23423069
907 71.61948172
908 72.96666265
909 74.27043478
910 75.52556869
911 76.72697034
912 77.86970669
913 78.94903081
914 79.96040614
915 80.89952986
916 81.76235512
917 82.54511202
918 83.24432711
919 83.85684137
920 84.37982642
921 84.81079889
922 85.14763288
923 85.38857031
924 85.53222921
925 85.57760974
926 85.52409799
927 85.3714676
928 85.11987893
929 84.76987614
930 84.32238188
931 83.77868989
932 83.14045541
933 82.40968356
934 81.58871571
935 80.68021413
936 79.68714475
937 78.61275849
938 77.4605711
939 76.23434171
940 74.93805035
941 73.57587445
942 72.15216472
943 70.67142038
944 69.13826404
945 67.55741642
946 65.93367102
947 64.27186904
948 62.57687454
949 60.85355021
950 59.10673378
951 57.34121523
952 55.56171496
953 53.77286312
954 51.97918
955 50.18505786
956 48.39474404
957 46.61232559
958 44.84171538
959 43.08663976
960 41.35062785
961 39.63700234
962 37.94887204
963 36.28912584
964 34.66042835
965 33.06521704
966 31.50570083
967 29.98386017
968 28.50144834
969 27.05999422
970 25.66080605
971 24.30497648
972 22.99338852
973 21.72672247
974 20.50546365
975 19.32991085
976 18.20018546
977 17.11624103
978 16.07787333
979 15.08473075
980 14.13632486
981 13.2320412
982 12.3711501
983 11.55281745
984 10.77611548
985 10.04003325
986 9.343487037
987 8.685330343
988 8.064363639
989 7.479343701
990 6.928992541
991 6.412005886
992 5.927061192
993 5.472825149
994 5.047960694
995 4.651133492
996 4.281017899
997 3.936302402
998 3.615694537
999 3.317925295
1000 3.041753032
1001 2.785966886
1002 2.549389735
1003 2.330880698
1004 2.129337214
1005 1.943696712
1006 1.772937912
1007 1.616081754
1008 1.472192019
1009 1.340375626
1010 1.219782672
1011 1.109606208
1012 1.009081795
1013 0.9174868596
1014 0.8341398708
1015 0.7583993664
1016 0.6896628454
1017 0.6273655517
1018 0.5709791658
1019 0.5200104238
1020 0.4739996819
1021 0.4325194397
1022 0.3951728387
1023 0.3615921482
