#53715 2910.0004588765479605 0.0045701159392930301023 1 1445 16.000049430220818044 1024 7 1 J1713+0747 0.0000000 
0 -0.1636632879
1 -0.1636632879
2 -0.1636632879
3 -0.1636632879
4 -0.1636632879
5 -0.1636632879
6 -0.1636632879
7 -0.1636632879
8 -0.1636632879
9 -0.1636632879
10 -0.1636632879
11 -0.1636632879
12 -0.1636632879
13 -0.1636632879
14 -0.1636632879
15 -0.1636632879
16 -0.1636632879
17 -0.1636632879
18 -0.1636632879
19 -0.1636632879
20 -0.1636632879
21 -0.1636632879
22 -0.1636632879
23 -0.1636632879
24 -0.1636632879
25 -0.1636632879
26 -0.1636632879
27 -0.1636632879
28 -0.1636632879
29 -0.1636632879
30 -0.1636632879
31 -0.1636632879
32 -0.1636632879
33 -0.1636632879
34 -0.1636632879
35 -0.1636632879
36 -0.1636632879
37 -0.1636632879
38 -0.1636632879
39 -0.1636632879
40 -0.1636632879
41 -0.1636632879
42 -0.1636632879
43 -0.1636632879
44 -0.1636632879
45 -0.1636632879
46 -0.1636632879
47 -0.1636632879
48 -0.1636632879
49 -0.1636632879
50 -0.1636632879
51 -0.1636632879
52 -0.1636632879
53 -0.1636632879
54 -0.1636632879
55 -0.1636632879
56 -0.1636632879
57 -0.1636632879
58 -0.1636632879
59 -0.1636632879
60 -0.1636632879
61 -0.1636632879
62 -0.1636632879
63 -0.1636632879
64 -0.1636632879
65 -0.1636632879
66 -0.1636632879
67 -0.1636632879
68 -0.1636632879
69 -0.1636632879
70 -0.1636632879
71 -0.1636632879
72 -0.1636632879
73 -0.1636632879
74 -0.1636632879
75 -0.1636632879
76 -0.1636632879
77 -0.1636632879
78 -0.1636632879
79 -0.1636632879
80 -0.1636632879
81 -0.1636632879
82 -0.1636632879
83 -0.1636632879
84 -0.1636632879
85 -0.1636632879
86 -0.1636632879
87 -0.1636632879
88 -0.1636632879
89 -0.1636632879
90 -0.1636632879
91 -0.1636632879
92 -0.1636632879
93 -0.1636632879
94 -0.1636632879
95 -0.1636632879
96 -0.1636632879
97 -0.1636632879
98 -0.1636632879
99 -0.1636632879
100 -0.1636632879
101 -0.1636632879
102 -0.1636632879
103 -0.1636632879
104 -0.1636632879
105 -0.1636632879
106 -0.1636632879
107 -0.1636632879
108 -0.1636632879
109 -0.1636632879
110 -0.1636632879
111 -0.1636632879
112 -0.1636632879
113 -0.1636632879
114 -0.1636632879
115 -0.1636632879
116 -0.1636632879
117 -0.1636632879
118 -0.1636632879
119 -0.1636632879
120 -0.1636632879
121 -0.1636632879
122 -0.1636632879
123 -0.1636632879
124 -0.1636632879
125 -0.1636632879
126 -0.1636632879
127 -0.1636632879
128 -0.1636632879
129 -0.1636632879
130 -0.1636632879
131 -0.1636632879
132 -0.1636632879
133 -0.1636632879
134 -0.1636632879
135 -0.1636632879
136 -0.1636632879
137 -0.1636632879
138 -0.1636632879
139 -0.1636632879
140 -0.1636632879
141 -0.1636632879
142 -0.1636632879
143 -0.1636632879
144 -0.1636632879
145 -0.1636632879
146 -0.1636632879
147 -0.1636632879
148 -0.1636632879
149 -0.1636632879
150 -0.1636632879
151 -0.1636632879
152 -0.1636632879
153 -0.1636632879
154 -0.1636632879
155 -0.1636632879
156 -0.1636632879
157 -0.1636632879
158 -0.1636632879
159 -0.1636632879
160 -0.1636632879
161 -0.1636632879
162 -0.1636632879
163 -0.1636632879
164 -0.1636632879
165 -0.1636632879
166 -0.1636632879
167 -0.1636632879
168 -0.1636632879
169 -0.1636632879
170 -0.1636632879
171 -0.1636632879
172 -0.1636632879
173 -0.1636632879
174 -0.1636632879
175 -0.1636632879
176 -0.1636632879
177 -0.1636632879
178 -0.1636632879
179 -0.1636632879
180 -0.1636632879
181 -0.1636632879
182 -0.1636632879
183 -0.1636632879
184 -0.1636632879
185 -0.1636632879
186 -0.1636632879
187 -0.1636632879
188 -0.1636632879
189 -0.1636632879
190 -0.1636632879
191 -0.1636632879
192 -0.1636632879
193 -0.1636632879
194 -0.1636632879
195 -0.1636632879
196 -0.1636632879
197 -0.1636632879
198 -0.1636632879
199 -0.1636632879
200 -0.1636632879
201 -0.1636632879
202 -0.1636632879
203 -0.1636632879
204 -0.1636632879
205 -0.1636632879
206 -0.1636632879
207 -0.1636632879
208 -0.1636632879
209 -0.1636632879
210 -0.1636632879
211 -0.1636632879
212 -0.1636632879
213 -0.1636632879
214 -0.1636632879
215 -0.1636632879
216 -0.1636632879
217 -0.1636632879
218 -0.1636632879
219 -0.1636632879
220 -0.1636632879
221 -0.1636632879
222 -0.1636632879
223 -0.1636632879
224 -0.1636632879
225 -0.1636632879
226 -0.1636632879
227 -0.1636632879
228 -0.1636632879
229 -0.1636632879
230 -0.1636632879
231 -0.1636632879
232 -0.1636632879
233 -0.1636632879
234 -0.1636632879
235 -0.1636632879
236 -0.1636632879
237 -0.1636632879
238 -0.1636632879
239 -0.1636632879
240 -0.1636632879
241 -0.1636632879
242 -0.1636632879
243 -0.1636632879
244 -0.1636632879
245 -0.1636632879
246 -0.1636632879
247 -0.1636632879
248 -0.1636632879
249 -0.1636632879
250 -0.1636632879
251 -0.1636632879
252 -0.1636632879
253 -0.1636632879
254 -0.1636632879
255 -0.1636632879
256 -0.1636632879
257 -0.1636632879
258 -0.1636632879
259 -0.1636632879
260 -0.1636632879
261 -0.1636632879
262 -0.1636632879
263 -0.1636632879
264 -0.1636632879
265 -0.1636632879
266 -0.1636632879
267 -0.1636632879
268 -0.1636632879
269 -0.1636632879
270 -0.1636632879
271 -0.1636632879
272 -0.1636632879
273 -0.1636632879
274 -0.1636632879
275 -0.1636632879
276 -0.1636632879
277 -0.1636632879
278 -0.1636632879
279 -0.1636632879
280 -0.1636632879
281 -0.1636632879
282 -0.1636632879
283 -0.1636632879
284 -0.1636632879
285 -0.1636632879
286 -0.1636632879
287 -0.1636632879
288 -0.1636632879
289 -0.1636632879
290 -0.1636632879
291 -0.1636632879
292 -0.1636632879
293 -0.1636632879
294 -0.1636632879
295 -0.1636632879
296 -0.1636632879
297 -0.1636632879
298 -0.1636632879
299 -0.1636632879
300 -0.1636632879
301 -0.1636632879
302 -0.1636632879
303 -0.1636632879
304 -0.1636632879
305 -0.1636632879
306 -0.1636632879
307 -0.1636632879
308 -0.1636632879
309 -0.1636632879
310 -0.1636632879
311 -0.1636632879
312 -0.1636632879
313 -0.1636632879
314 -0.1636632879
315 -0.1636632879
316 -0.1636632879
317 -0.1636632879
318 -0.1636632879
319 -0.1636632879
320 -0.1636632879
321 -0.1636632879
322 -0.1636632879
323 -0.1636632879
324 -0.1636632879
325 -0.1636632879
326 -0.1636632879
327 -0.1636632879
328 -0.1636632879
329 -0.1636632879
330 -0.1636632879
331 -0.1636632879
332 -0.1636632879
333 -0.1636632879
334 -0.1636632879
335 -0.1636632879
336 -0.1636632879
337 -0.1636632879
338 -0.1636632879
339 -0.1636632879
340 -0.1636632879
341 -0.1636632879
342 -0.1636632879
343 -0.1636632879
344 -0.1636632879
345 -0.1636632879
346 -0.1636632879
347 -0.1636632879
348 -0.1636632879
349 -0.1636632879
350 -0.1636632879
351 -0.1636632879
352 -0.1636632879
353 -0.1636632879
354 -0.1636632879
355 -0.1636632879
356 -0.1636632879
357 -0.1636632879
358 -0.1636632879
359 -0.1636632879
360 -0.1636632879
361 -0.1636632879
362 -0.1636632879
363 -0.1636632879
364 -0.1636632879
365 -0.1636632879
366 -0.1636632879
367 -0.1636632879
368 -0.1636632879
369 -0.1636632879
370 -0.1636632879
371 -0.1636632879
372 -0.1636632879
373 -0.1636632879
374 -0.1636632879
375 -0.1636632879
376 -0.1636632879
377 -0.1636632879
378 -0.1636632879
379 -0.1636632879
380 -0.1636632879
381 -0.1636632879
382 -0.1636632879
383 -0.1636632879
384 -0.1636632879
385 -0.1636632879
386 -0.1636632879
387 -0.1636632879
388 -0.1636632879
389 -0.1636632879
390 -0.1636632879
391 -0.1636632879
392 -0.1636632879
393 -0.1636632879
394 -0.1636632879
395 -0.1636632879
396 -0.1636632879
397 -0.1636632879
398 -0.1636632879
399 -0.1636632879
400 -0.1636632879
401 -0.1636632879
402 -0.1636632879
403 -0.1636632879
404 -0.1636632879
405 -0.1636632879
406 -0.1636632879
407 -0.1636632879
408 -0.1636632878
409 -0.1636632878
410 -0.1636632878
411 -0.1636632878
412 -0.1636632878
413 -0.1636632878
414 -0.1636632878
415 -0.1636632878
416 -0.1636632877
417 -0.1636632877
418 -0.1636632877
419 -0.1636632876
420 -0.1636632876
421 -0.1636632875
422 -0.1636632874
423 -0.1636632872
424 -0.1636632871
425 -0.1636632869
426 -0.1636632866
427 -0.1636632863
428 -0.163663286
429 -0.1636632855
430 -0.1636632849
431 -0.1636632842
432 -0.1636632833
433 -0.1636632822
434 -0.1636632809
435 -0.1636632792
436 -0.1636632771
437 -0.1636632746
438 -0.1636632715
439 -0.1636632676
440 -0.1636632629
441 -0.1636632572
442 -0.1636632501
443 -0.1636632415
444 -0.1636632309
445 -0.163663218
446 -0.1636632023
447 -0.1636631832
448 -0.1636631599
449 -0.1636631316
450 -0.1636630973
451 -0.1636630556
452 -0.1636630051
453 -0.163662944
454 -0.1636628701
455 -0.1636627808
456 -0.1636626731
457 -0.1636625432
458 -0.1636623869
459 -0.1636621988
460 -0.1636619728
461 -0.1636617016
462 -0.1636613763
463 -0.1636609867
464 -0.1636605205
465 -0.1636599633
466 -0.163659298
467 -0.1636585045
468 -0.1636575589
469 -0.1636564335
470 -0.1636550954
471 -0.163653506
472 -0.1636516203
473 -0.1636493852
474 -0.1636467389
475 -0.1636436091
476 -0.1636399112
477 -0.1636355468
478 -0.1636304012
479 -0.163624341
480 -0.1636172112
481 -0.1636088319
482 -0.1635989946
483 -0.1635874577
484 -0.1635739421
485 -0.163558125
486 -0.1635396344
487 -0.1635180411
488 -0.1634928514
489 -0.1634634975
490 -0.1634293274
491 -0.1633895932
492 -0.163343438
493 -0.1632898813
494 -0.1632278024
495 -0.1631559219
496 -0.1630727809
497 -0.1629767182
498 -0.1628658439
499 -0.162738011
500 -0.1625907833
501 -0.1624213995
502 -0.162226734
503 -0.1620032529
504 -0.1617469657
505 -0.161453372
506 -0.1611174021
507 -0.1607333525
508 -0.1602948144
509 -0.1597945957
510 -0.1592246352
511 -0.1585759088
512 -0.1578383272
513 -0.1570006248
514 -0.1560502384
515 -0.1549731752
516 -0.1537538706
517 -0.1523750338
518 -0.1508174809
519 -0.1490599559
520 -0.1470789369
521 -0.1448484295
522 -0.1423397442
523 -0.1395212592
524 -0.1363581676
525 -0.1328122073
526 -0.1288413754
527 -0.1243996251
528 -0.119436545
529 -0.1138970221
530 -0.1077208863
531 -0.1008425388
532 -0.09319056232
533 -0.08468731602
534 -0.07524851357
535 -0.06478278659
536 -0.05319123376
537 -0.04036695713
538 -0.026194587
539 -0.01054979718
540 0.006701187445
541 0.02570208859
542 0.04660707504
543 0.06958126284
544 0.09480121203
545 0.1224554163
546 0.1527447816
547 0.1858830897
548 0.2220974412
549 0.2616286747
550 0.3047317549
551 0.351676125
552 0.402746018
553 0.4582407194
554 0.5184747758
555 0.583778142
556 0.65449626
557 0.7309900635
558 0.8136358987
559 0.9028253566
560 0.9989650071
561 1.10247603
562 1.213793733
563 1.333366953
564 1.461657331
565 1.599138458
566 1.746294877
567 1.90362095
568 2.071619576
569 2.250800748
570 2.441679971
571 2.644776507
572 2.860611471
573 3.089705762
574 3.33257784
575 3.58974134
576 3.861702541
577 4.148957677
578 4.451990113
579 4.771267382
580 5.107238096
581 5.460328747
582 5.830940395
583 6.219445282
584 6.626183359
585 7.051458766
586 7.495536272
587 7.958637695
588 8.440938338
589 8.942563435
590 9.463584667
591 10.00401674
592 10.56381409
593 11.14286766
594 11.74100194
595 12.35797207
596 12.99346125
597 13.64707836
598 14.31835581
599 15.00674777
600 15.71162868
601 16.43229206
602 17.16794979
603 17.91773173
604 18.68068575
605 19.45577822
606 20.24189496
607 21.03784263
608 21.84235061
609 22.65407337
610 23.47159334
611 24.29342427
612 25.11801506
613 25.9437541
614 26.76897412
615 27.59195745
616 28.41094176
617 29.22412626
618 30.02967825
619 30.8257401
620 31.61043662
621 32.38188263
622 33.13819096
623 33.8774806
624 34.5978851
625 35.2975611
626 35.97469705
627 36.6275219
628 37.25431389
629 37.85340927
630 38.42321099
631 38.96219719
632 39.46892959
633 39.94206163
634 40.38034628
635 40.78264361
636 41.14792797
637 41.47529472
638 41.76396655
639 42.0132993
640 42.22278727
641 42.39206794
642 42.52092613
643 42.60929754
644 42.65727169
645 42.66509414
646 42.63316811
647 42.56205541
648 42.45247667
649 42.3053109
650 42.12159438
651 41.90251884
652 41.649429
653 41.36381944
654 41.04733082
655 40.70174546
656 40.32898233
657 39.93109147
658 39.51024777
659 39.06874429
660 38.608985
661 38.13347709
662 37.64482278
663 37.14571068
664 36.6389068
665 36.12724514
666 35.61361798
667 35.10096578
668 34.59226687
669 34.09052683
670 33.59876768
671 33.1200168
672 32.65729576
673 32.21360894
674 31.79193203
675 31.39520052
676 31.02629801
677 30.68804454
678 30.38318496
679 30.11437724
680 29.88418089
681 29.69504545
682 29.54929913
683 29.44913757
684 29.39661282
685 29.39362257
686 29.44189965
687 29.54300186
688 29.69830214
689 29.90897926
690 30.17600884
691 30.50015506
692 30.88196281
693 31.3217506
694 31.81960408
695 32.37537038
696 32.98865324
697 33.65880903
698 34.38494371
699 35.16591077
700 36.00031022
701 36.88648872
702 37.82254079
703 38.80631125
704 39.83539893
705 40.90716157
706 42.01872203
707 43.16697585
708 44.34860008
709 45.56006341
710 46.79763771
711 48.05741069
712 49.3353
713 50.62706842
714 51.92834027
715 53.23461891
716 54.54130533
717 55.84371758
718 57.13711118
719 58.41670015
720 59.67767883
721 60.91524407
722 62.12461789
723 63.30107037
724 64.43994263
725 65.53666977
726 66.58680359
727 67.58603504
728 68.53021604
729 69.41538074
730 70.23776594
731 70.9938305
732 71.68027369
733 72.29405233
734 72.83239646
735 73.29282361
736 73.67315143
737 73.97150862
738 74.18634408
739 74.31643422
740 74.36088833
741 74.31915206
742 74.1910088
743 73.97657925
744 73.67631884
745 73.29101331
746 72.82177231
747 72.27002116
748 71.6374908
749 70.92620608
750 70.13847233
751 69.27686056
752 68.34419117
753 67.34351643
754 66.27810193
755 65.15140692
756 63.96706397
757 62.72885788
758 61.44070418
759 60.10662722
760 58.73073812
761 57.31721273
762 55.87026968
763 54.39414879
764 52.89308987
765 51.37131208
766 49.8329941
767 48.28225501
768 46.7231362
769 45.15958422
770 43.5954349
771 42.03439853
772 40.48004638
773 38.93579852
774 37.40491302
775 35.89047648
776 34.39539598
777 32.92239245
778 31.47399538
779 30.05253891
780 28.66015928
781 27.29879352
782 25.97017945
783 24.67585675
784 23.4171693
785 22.19526844
786 21.01111728
787 19.86549583
788 18.75900706
789 17.69208353
790 16.66499476
791 15.67785516
792 14.73063232
793 13.8231558
794 12.95512612
795 12.12612403
796 11.33561985
797 10.58298293
798 9.867491062
799 9.188339816
800 8.544651775
801 7.935485541
802 7.359844512
803 6.816685377
804 6.304926282
805 5.823454629
806 5.3711345
807 4.94681366
808 4.549330129
809 4.177518319
810 3.830214711
811 3.50626308
812 3.204519262
813 2.923855467
814 2.663164146
815 2.421361423
816 2.197390101
817 1.990222257
818 1.798861451
819 1.622344554
820 1.459743228
821 1.310165072
822 1.172754456
823 1.046693073
824 0.9312002148
825 0.8255328191
826 0.7289852858
827 0.6408891012
828 0.5606122848
829 0.4875586812
830 0.421167117
831 0.3609104421
832 0.306294474
833 0.2568568613
834 0.2121658835
835 0.1718192011
836 0.1354425707
837 0.1026885363
838 0.07323511028
839 0.04678445163
840 0.02306155322
841 0.001812944418
842 -0.01719458304
843 -0.03417522008
844 -0.04932535106
845 -0.06282472593
846 -0.07483759018
847 -0.0855137701
848 -0.0949897109
849 -0.1033894665
850 -0.1108256402
851 -0.1174002748
852 -0.1232056945
853 -0.128325296
854 -0.132834292
855 -0.1368004073
856 -0.1402845277
857 -0.143341306
858 -0.1460197231
859 -0.1483636095
860 -0.1504121261
861 -0.1522002084
862 -0.1537589752
863 -0.1551161036
864 -0.1562961722
865 -0.157320976
866 -0.158209812
867 -0.1589797408
868 -0.1596458232
869 -0.1602213349
870 -0.160717961
871 -0.1611459718
872 -0.1615143805
873 -0.161831086
874 -0.1621030003
875 -0.1623361634
876 -0.1625358455
877 -0.1627066386
878 -0.1628525381
879 -0.1629770153
880 -0.1630830821
881 -0.1631733475
882 -0.1632500691
883 -0.163315197
884 -0.1633704139
885 -0.1634171691
886 -0.1634567097
887 -0.1634901071
888 -0.1635182803
889 -0.1635420168
890 -0.1635619901
891 -0.163578776
892 -0.1635928654
893 -0.1636046766
894 -0.1636145658
895 -0.1636228352
896 -0.1636297417
897 -0.1636355025
898 -0.1636403019
899 -0.1636442952
900 -0.1636476136
901 -0.1636503679
902 -0.163652651
903 -0.1636545413
904 -0.1636561043
905 -0.1636573951
906 -0.1636584598
907 -0.1636593369
908 -0.1636600586
909 -0.1636606516
910 -0.1636611383
911 -0.1636615373
912 -0.163661864
913 -0.163662131
914 -0.1636623492
915 -0.1636625271
916 -0.163662672
917 -0.16366279
918 -0.1636628858
919 -0.1636629636
920 -0.1636630266
921 -0.1636630777
922 -0.1636631189
923 -0.1636631523
924 -0.1636631792
925 -0.1636632008
926 -0.1636632182
927 -0.1636632323
928 -0.1636632435
929 -0.1636632525
930 -0.1636632597
931 -0.1636632655
932 -0.1636632701
933 -0.1636632738
934 -0.1636632767
935 -0.163663279
936 -0.1636632809
937 -0.1636632824
938 -0.1636632835
939 -0.1636632844
940 -0.1636632852
941 -0.1636632858
942 -0.1636632862
943 -0.1636632866
944 -0.1636632869
945 -0.1636632871
946 -0.1636632872
947 -0.1636632874
948 -0.1636632875
949 -0.1636632876
950 -0.1636632876
951 -0.1636632877
952 -0.1636632877
953 -0.1636632878
954 -0.1636632878
955 -0.1636632878
956 -0.1636632878
957 -0.1636632878
958 -0.1636632878
959 -0.1636632878
960 -0.1636632878
961 -0.1636632879
962 -0.1636632879
963 -0.1636632879
964 -0.1636632879
965 -0.1636632879
966 -0.1636632879
967 -0.1636632879
968 -0.1636632879
969 -0.1636632879
970 -0.1636632879
971 -0.1636632879
972 -0.1636632879
973 -0.1636632879
974 -0.1636632879
975 -0.1636632879
976 -0.1636632879
977 -0.1636632879
978 -0.1636632879
979 -0.1636632879
980 -0.1636632879
981 -0.1636632879
982 -0.1636632879
983 -0.1636632879
984 -0.1636632879
985 -0.1636632879
986 -0.1636632879
987 -0.1636632879
988 -0.1636632879
989 -0.1636632879
990 -0.1636632879
991 -0.1636632879
992 -0.1636632879
993 -0.1636632879
994 -0.1636632879
995 -0.1636632879
996 -0.1636632879
997 -0.1636632879
998 -0.1636632879
999 -0.1636632879
1000 -0.1636632879
1001 -0.1636632879
1002 -0.1636632879
1003 -0.1636632879
1004 -0.1636632879
1005 -0.1636632879
1006 -0.1636632879
1007 -0.1636632879
1008 -0.1636632879
1009 -0.1636632879
1010 -0.1636632879
1011 -0.1636632879
1012 -0.1636632879
1013 -0.1636632879
1014 -0.1636632879
1015 -0.1636632879
1016 -0.1636632879
1017 -0.1636632879
1018 -0.1636632879
1019 -0.1636632879
1020 -0.1636632879
1021 -0.1636632879
1022 -0.1636632879
1023 -0.1636632879
