#53737 2910.0021463456995936 0.0045699706602460180363 1 1373 16.000049430220818044 1024 7 1 J1713+0747 0.0000000 
0 -0.1848381724
1 -0.1848381724
2 -0.1848381724
3 -0.1848381724
4 -0.1848381724
5 -0.1848381724
6 -0.1848381724
7 -0.1848381724
8 -0.1848381724
9 -0.1848381724
10 -0.1848381724
11 -0.1848381724
12 -0.1848381724
13 -0.1848381724
14 -0.1848381724
15 -0.1848381724
16 -0.1848381724
17 -0.1848381724
18 -0.1848381724
19 -0.1848381724
20 -0.1848381724
21 -0.1848381724
22 -0.1848381724
23 -0.1848381724
24 -0.1848381724
25 -0.1848381724
26 -0.1848381724
27 -0.1848381724
28 -0.1848381724
29 -0.1848381724
30 -0.1848381724
31 -0.1848381724
32 -0.1848381724
33 -0.1848381724
34 -0.1848381724
35 -0.1848381724
36 -0.1848381724
37 -0.1848381724
38 -0.1848381724
39 -0.1848381724
40 -0.1848381724
41 -0.1848381724
42 -0.1848381724
43 -0.1848381724
44 -0.1848381724
45 -0.1848381724
46 -0.1848381724
47 -0.1848381724
48 -0.1848381724
49 -0.1848381724
50 -0.1848381724
51 -0.1848381724
52 -0.1848381724
53 -0.1848381724
54 -0.1848381724
55 -0.1848381724
56 -0.1848381724
57 -0.1848381724
58 -0.1848381724
59 -0.1848381724
60 -0.1848381724
61 -0.1848381724
62 -0.1848381724
63 -0.1848381724
64 -0.1848381724
65 -0.1848381724
66 -0.1848381724
67 -0.1848381724
68 -0.1848381724
69 -0.1848381724
70 -0.1848381724
71 -0.1848381724
72 -0.1848381724
73 -0.1848381724
74 -0.1848381724
75 -0.1848381724
76 -0.1848381724
77 -0.1848381724
78 -0.1848381724
79 -0.1848381724
80 -0.1848381724
81 -0.1848381724
82 -0.1848381724
83 -0.1848381724
84 -0.1848381724
85 -0.1848381724
86 -0.1848381724
87 -0.1848381724
88 -0.1848381724
89 -0.1848381724
90 -0.1848381724
91 -0.1848381724
92 -0.1848381724
93 -0.1848381724
94 -0.1848381724
95 -0.1848381724
96 -0.1848381724
97 -0.1848381724
98 -0.1848381724
99 -0.1848381724
100 -0.1848381724
101 -0.1848381724
102 -0.1848381724
103 -0.1848381724
104 -0.1848381724
105 -0.1848381724
106 -0.1848381724
107 -0.1848381724
108 -0.1848381724
109 -0.1848381724
110 -0.1848381724
111 -0.1848381724
112 -0.1848381724
113 -0.1848381724
114 -0.1848381724
115 -0.1848381724
116 -0.1848381724
117 -0.1848381724
118 -0.1848381724
119 -0.1848381724
120 -0.1848381724
121 -0.1848381724
122 -0.1848381724
123 -0.1848381724
124 -0.1848381724
125 -0.1848381724
126 -0.1848381724
127 -0.1848381724
128 -0.1848381724
129 -0.1848381724
130 -0.1848381724
131 -0.1848381724
132 -0.1848381724
133 -0.1848381724
134 -0.1848381724
135 -0.1848381723
136 -0.1848381723
137 -0.1848381723
138 -0.1848381723
139 -0.1848381722
140 -0.1848381722
141 -0.1848381721
142 -0.1848381721
143 -0.184838172
144 -0.1848381718
145 -0.1848381717
146 -0.1848381715
147 -0.1848381713
148 -0.184838171
149 -0.1848381707
150 -0.1848381702
151 -0.1848381697
152 -0.184838169
153 -0.1848381682
154 -0.1848381672
155 -0.1848381659
156 -0.1848381644
157 -0.1848381624
158 -0.1848381601
159 -0.1848381572
160 -0.1848381536
161 -0.1848381492
162 -0.1848381438
163 -0.1848381372
164 -0.1848381291
165 -0.1848381193
166 -0.1848381072
167 -0.1848380925
168 -0.1848380745
169 -0.1848380527
170 -0.1848380261
171 -0.1848379938
172 -0.1848379546
173 -0.1848379071
174 -0.1848378495
175 -0.1848377799
176 -0.1848376956
177 -0.184837594
178 -0.1848374713
179 -0.1848373235
180 -0.1848371456
181 -0.1848369318
182 -0.1848366748
183 -0.1848363666
184 -0.1848359971
185 -0.1848355546
186 -0.1848350254
187 -0.1848343931
188 -0.1848336384
189 -0.1848327385
190 -0.1848316667
191 -0.1848303914
192 -0.1848288756
193 -0.1848270759
194 -0.1848249414
195 -0.1848224124
196 -0.1848194191
197 -0.1848158802
198 -0.1848117005
199 -0.1848067693
200 -0.1848009576
201 -0.1847941153
202 -0.1847860684
203 -0.1847766146
204 -0.1847655199
205 -0.1847525132
206 -0.1847372812
207 -0.184719462
208 -0.1846986383
209 -0.1846743295
210 -0.1846459824
211 -0.1846129612
212 -0.1845745362
213 -0.1845298705
214 -0.184478006
215 -0.1844178464
216 -0.1843481396
217 -0.1842674563
218 -0.184174168
219 -0.1840664204
220 -0.1839421053
221 -0.1837988286
222 -0.1836338745
223 -0.1834441667
224 -0.1832262241
225 -0.1829761125
226 -0.1826893916
227 -0.1823610552
228 -0.1819854668
229 -0.1815562879
230 -0.1810663991
231 -0.1805078141
232 -0.1798715856
233 -0.1791477018
234 -0.1783249743
235 -0.1773909153
236 -0.1763316047
237 -0.1751315457
238 -0.173773508
239 -0.1722383589
240 -0.1705048806
241 -0.1685495739
242 -0.1663464464
243 -0.1638667865
244 -0.1610789201
245 -0.1579479522
246 -0.1544354901
247 -0.15049935
248 -0.1460932455
249 -0.1411664573
250 -0.1356634855
251 -0.1295236826
252 -0.122680868
253 -0.1150629248
254 -0.1065913781
255 -0.09718095626
256 -0.08673913465
257 -0.0751656647
258 -0.06235208743
259 -0.04818123419
260 -0.03252671561
261 -0.01525240113
262 0.003788108938
263 0.02475201606
264 0.04780785795
265 0.07313604172
266 0.100929372
267 0.1313935699
268 0.1647477794
269 0.2012250547
270 0.2410728254
271 0.2845533328
272 0.3319440321
273 0.3835379545
274 0.4396440216
275 0.5005873076
276 0.5667092395
277 0.6383677306
278 0.7159372381
279 0.7998087377
280 0.8903896079
281 0.9881034155
282 1.093389595
283 1.206703014
284 1.328513415
285 1.459304736
286 1.599574281
287 1.749831764
288 1.910598192
289 2.082404599
290 2.265790622
291 2.46130291
292 2.669493367
293 2.890917231
294 3.126130976
295 3.375690047
296 3.640146428
297 3.920046043
298 4.21592599
299 4.528311626
300 4.857713496
301 5.204624126
302 5.569514679
303 5.952831501
304 6.354992558
305 6.776383781
306 7.217355343
307 7.678217886
308 8.159238709
309 8.660637948
310 9.182584774
311 9.725193622
312 10.28852049
313 10.87255934
314 11.47723856
315 12.10241771
316 12.74788427
317 13.41335073
318 14.09845187
319 14.80274232
320 15.5256944
321 16.2666963
322 17.02505061
323 17.79997325
324 18.59059278
325 19.39595018
326 20.21499902
327 21.04660618
328 21.88955296
329 22.74253684
330 23.60417358
331 24.47299999
332 25.34747713
333 26.22599411
334 27.10687234
335 27.98837037
336 28.86868917
337 29.74597801
338 30.61834069
339 31.4838423
340 32.3405164
341 33.18637262
342 34.01940454
343 34.83759803
344 35.63893978
345 36.4214261
346 37.183072
347 37.92192031
348 38.63605099
349 39.32359048
350 39.98272104
351 40.61169006
352 41.20881928
353 41.77251381
354 42.30127097
355 42.79368894
356 43.24847496
357 43.66445326
358 44.04057262
359 44.37591335
360 44.6696939
361 44.92127689
362 45.13017451
363 45.29605343
364 45.41873896
365 45.49821866
366 45.53464516
367 45.52833836
368 45.47978688
369 45.38964879
370 45.25875164
371 45.08809174
372 44.87883266
373 44.63230312
374 44.34999409
375 44.03355518
376 43.68479042
377 43.30565329
378 42.89824115
379 42.46478908
380 42.00766303
381 41.52935251
382 41.03246266
383 40.51970584
384 39.99389273
385 39.457923
386 38.91477551
387 38.36749819
388 37.8191975
389 37.27302758
390 36.73217914
391 36.19986801
392 35.67932353
393 35.1737767
394 34.68644813
395 34.22053588
396 33.77920317
397 33.365566
398 32.98268069
399 32.63353148
400 32.32101799
401 32.04794287
402 31.8169994
403 31.6307593
404 31.49166058
405 31.40199571
406 31.36389984
407 31.37933948
408 31.45010135
409 31.57778167
410 31.76377587
411 32.0092687
412 32.31522498
413 32.68238082
414 33.11123557
415 33.60204445
416 34.15481191
417 34.76928591
418 35.44495301
419 36.18103445
420 36.9764833
421 37.8299826
422 38.73994471
423 39.70451185
424 40.72155781
425 41.78869107
426 42.90325912
427 44.06235422
428 45.26282054
429 46.50126262
430 47.77405537
431 49.07735532
432 50.40711341
433 51.75908901
434 53.12886537
435 54.51186632
436 55.9033742
437 57.29854889
438 58.69244805
439 60.08004818
440 61.45626667
441 62.81598457
442 64.15407001
443 65.46540207
444 66.74489509
445 67.98752317
446 69.18834465
447 70.34252662
448 71.445369
449 72.49232836
450 73.47904101
451 74.40134539
452 75.25530351
453 76.03722134
454 76.74366793
455 77.37149319
456 77.91784413
457 78.38017949
458 78.75628263
459 79.04427252
460 79.24261287
461 79.35011922
462 79.36596395
463 79.28967928
464 79.12115806
465 78.86065249
466 78.50877072
467 78.06647138
468 77.53505606
469 76.91615989
470 76.21174013
471 75.42406302
472 74.55568901
473 73.60945629
474 72.58846302
475 71.49604818
476 70.33577136
477 69.11139151
478 67.82684492
479 66.48622253
480 65.09374683
481 63.65374839
482 62.17064231
483 60.64890469
484 59.09304933
485 57.50760479
486 55.89709198
487 54.26600239
488 52.61877715
489 50.95978703
490 49.29331339
491 47.62353044
492 45.95448854
493 44.29009896
494 42.63411993
495 40.99014414
496 39.36158767
497 37.75168047
498 36.16345822
499 34.59975579
500 33.06320207
501 31.55621634
502 30.08100597
503 28.63956551
504 27.23367714
505 25.86491222
506 24.53463419
507 23.2440024
508 21.99397706
509 20.78532506
510 19.61862663
511 18.49428272
512 17.4125231
513 16.37341495
514 15.37687189
515 14.42266349
516 13.51042493
517 12.63966696
518 11.80978592
519 11.02007381
520 10.26972834
521 9.557862888
522 8.883516208
523 8.245662031
524 7.643218313
525 7.075056185
526 6.540008543
527 6.036878242
528 5.564445861
529 5.121477031
530 4.706729286
531 4.318958449
532 3.956924527
533 3.619397116
534 3.30516033
535 3.013017234
536 2.741793813
537 2.490342479
538 2.257545123
539 2.042315747
540 1.843602675
541 1.660390377
542 1.491700922
543 1.336595084
544 1.194173127
545 1.063575291
546 0.9439819967
547 0.8346138107
548 0.7347311755
549 0.6436339404
550 0.560660712
551 0.4851880455
552 0.4166295012
553 0.3544345823
554 0.2980875765
555 0.2471063177
556 0.2010408846
557 0.1594722522
558 0.1220109095
559 0.0882954581
560 0.05799120096
561 0.03078873456
562 0.006402551762
563 -0.01543033521
564 -0.03495174501
565 -0.05238364418
566 -0.06792942598
567 -0.08177514656
568 -0.09409071507
569 -0.105031035
570 -0.1147370951
571 -0.1233370074
572 -0.1309469936
573 -0.137672317
574 -0.1436081625
575 -0.1488404642
576 -0.1534466804
577 -0.1574965203
578 -0.1610526202
579 -0.1641711735
580 -0.1669025157
581 -0.1692916649
582 -0.1713788223
583 -0.1731998327
584 -0.174786608
585 -0.1761675159
586 -0.1773677357
587 -0.178409583
588 -0.179312806
589 -0.1800948552
590 -0.1807711278
591 -0.181355189
592 -0.1818589731
593 -0.1822929637
594 -0.1826663569
595 -0.1829872076
596 -0.1832625612
597 -0.1834985708
598 -0.1837006028
599 -0.183873331
600 -0.1840208195
601 -0.1841465979
602 -0.1842537269
603 -0.1843448569
604 -0.1844222798
605 -0.1844879747
606 -0.1845436481
607 -0.1845907696
608 -0.1846306028
609 -0.1846642327
610 -0.1846925899
611 -0.184716471
612 -0.1847365575
613 -0.1847534311
614 -0.184767588
615 -0.1847794509
616 -0.1847893789
617 -0.1847976773
618 -0.1848046049
619 -0.184810381
620 -0.1848151909
621 -0.1848191913
622 -0.1848225143
623 -0.1848252711
624 -0.1848275553
625 -0.1848294457
626 -0.1848310081
627 -0.1848322979
628 -0.1848333613
629 -0.184834237
630 -0.1848349572
631 -0.1848355487
632 -0.184836034
633 -0.1848364316
634 -0.184836757
635 -0.184837023
636 -0.1848372401
637 -0.1848374171
638 -0.1848375613
639 -0.1848376785
640 -0.1848377737
641 -0.184837851
642 -0.1848379136
643 -0.1848379642
644 -0.1848380052
645 -0.1848380382
646 -0.1848380649
647 -0.1848380864
648 -0.1848381036
649 -0.1848381175
650 -0.1848381286
651 -0.1848381375
652 -0.1848381447
653 -0.1848381504
654 -0.1848381549
655 -0.1848381585
656 -0.1848381614
657 -0.1848381637
658 -0.1848381656
659 -0.184838167
660 -0.1848381682
661 -0.1848381691
662 -0.1848381698
663 -0.1848381703
664 -0.1848381708
665 -0.1848381711
666 -0.1848381714
667 -0.1848381716
668 -0.1848381718
669 -0.1848381719
670 -0.1848381721
671 -0.1848381721
672 -0.1848381722
673 -0.1848381722
674 -0.1848381723
675 -0.1848381723
676 -0.1848381723
677 -0.1848381724
678 -0.1848381724
679 -0.1848381724
680 -0.1848381724
681 -0.1848381724
682 -0.1848381724
683 -0.1848381724
684 -0.1848381724
685 -0.1848381724
686 -0.1848381724
687 -0.1848381724
688 -0.1848381724
689 -0.1848381724
690 -0.1848381724
691 -0.1848381724
692 -0.1848381724
693 -0.1848381724
694 -0.1848381724
695 -0.1848381724
696 -0.1848381724
697 -0.1848381724
698 -0.1848381724
699 -0.1848381724
700 -0.1848381724
701 -0.1848381724
702 -0.1848381724
703 -0.1848381724
704 -0.1848381724
705 -0.1848381724
706 -0.1848381724
707 -0.1848381724
708 -0.1848381724
709 -0.1848381724
710 -0.1848381724
711 -0.1848381724
712 -0.1848381724
713 -0.1848381724
714 -0.1848381724
715 -0.1848381724
716 -0.1848381724
717 -0.1848381724
718 -0.1848381724
719 -0.1848381724
720 -0.1848381724
721 -0.1848381724
722 -0.1848381724
723 -0.1848381724
724 -0.1848381724
725 -0.1848381724
726 -0.1848381724
727 -0.1848381724
728 -0.1848381724
729 -0.1848381724
730 -0.1848381724
731 -0.1848381724
732 -0.1848381724
733 -0.1848381724
734 -0.1848381724
735 -0.1848381724
736 -0.1848381724
737 -0.1848381724
738 -0.1848381724
739 -0.1848381724
740 -0.1848381724
741 -0.1848381724
742 -0.1848381724
743 -0.1848381724
744 -0.1848381724
745 -0.1848381724
746 -0.1848381724
747 -0.1848381724
748 -0.1848381724
749 -0.1848381724
750 -0.1848381724
751 -0.1848381724
752 -0.1848381724
753 -0.1848381724
754 -0.1848381724
755 -0.1848381724
756 -0.1848381724
757 -0.1848381724
758 -0.1848381724
759 -0.1848381724
760 -0.1848381724
761 -0.1848381724
762 -0.1848381724
763 -0.1848381724
764 -0.1848381724
765 -0.1848381724
766 -0.1848381724
767 -0.1848381724
768 -0.1848381724
769 -0.1848381724
770 -0.1848381724
771 -0.1848381724
772 -0.1848381724
773 -0.1848381724
774 -0.1848381724
775 -0.1848381724
776 -0.1848381724
777 -0.1848381724
778 -0.1848381724
779 -0.1848381724
780 -0.1848381724
781 -0.1848381724
782 -0.1848381724
783 -0.1848381724
784 -0.1848381724
785 -0.1848381724
786 -0.1848381724
787 -0.1848381724
788 -0.1848381724
789 -0.1848381724
790 -0.1848381724
791 -0.1848381724
792 -0.1848381724
793 -0.1848381724
794 -0.1848381724
795 -0.1848381724
796 -0.1848381724
797 -0.1848381724
798 -0.1848381724
799 -0.1848381724
800 -0.1848381724
801 -0.1848381724
802 -0.1848381724
803 -0.1848381724
804 -0.1848381724
805 -0.1848381724
806 -0.1848381724
807 -0.1848381724
808 -0.1848381724
809 -0.1848381724
810 -0.1848381724
811 -0.1848381724
812 -0.1848381724
813 -0.1848381724
814 -0.1848381724
815 -0.1848381724
816 -0.1848381724
817 -0.1848381724
818 -0.1848381724
819 -0.1848381724
820 -0.1848381724
821 -0.1848381724
822 -0.1848381724
823 -0.1848381724
824 -0.1848381724
825 -0.1848381724
826 -0.1848381724
827 -0.1848381724
828 -0.1848381724
829 -0.1848381724
830 -0.1848381724
831 -0.1848381724
832 -0.1848381724
833 -0.1848381724
834 -0.1848381724
835 -0.1848381724
836 -0.1848381724
837 -0.1848381724
838 -0.1848381724
839 -0.1848381724
840 -0.1848381724
841 -0.1848381724
842 -0.1848381724
843 -0.1848381724
844 -0.1848381724
845 -0.1848381724
846 -0.1848381724
847 -0.1848381724
848 -0.1848381724
849 -0.1848381724
850 -0.1848381724
851 -0.1848381724
852 -0.1848381724
853 -0.1848381724
854 -0.1848381724
855 -0.1848381724
856 -0.1848381724
857 -0.1848381724
858 -0.1848381724
859 -0.1848381724
860 -0.1848381724
861 -0.1848381724
862 -0.1848381724
863 -0.1848381724
864 -0.1848381724
865 -0.1848381724
866 -0.1848381724
867 -0.1848381724
868 -0.1848381724
869 -0.1848381724
870 -0.1848381724
871 -0.1848381724
872 -0.1848381724
873 -0.1848381724
874 -0.1848381724
875 -0.1848381724
876 -0.1848381724
877 -0.1848381724
878 -0.1848381724
879 -0.1848381724
880 -0.1848381724
881 -0.1848381724
882 -0.1848381724
883 -0.1848381724
884 -0.1848381724
885 -0.1848381724
886 -0.1848381724
887 -0.1848381724
888 -0.1848381724
889 -0.1848381724
890 -0.1848381724
891 -0.1848381724
892 -0.1848381724
893 -0.1848381724
894 -0.1848381724
895 -0.1848381724
896 -0.1848381724
897 -0.1848381724
898 -0.1848381724
899 -0.1848381724
900 -0.1848381724
901 -0.1848381724
902 -0.1848381724
903 -0.1848381724
904 -0.1848381724
905 -0.1848381724
906 -0.1848381724
907 -0.1848381724
908 -0.1848381724
909 -0.1848381724
910 -0.1848381724
911 -0.1848381724
912 -0.1848381724
913 -0.1848381724
914 -0.1848381724
915 -0.1848381724
916 -0.1848381724
917 -0.1848381724
918 -0.1848381724
919 -0.1848381724
920 -0.1848381724
921 -0.1848381724
922 -0.1848381724
923 -0.1848381724
924 -0.1848381724
925 -0.1848381724
926 -0.1848381724
927 -0.1848381724
928 -0.1848381724
929 -0.1848381724
930 -0.1848381724
931 -0.1848381724
932 -0.1848381724
933 -0.1848381724
934 -0.1848381724
935 -0.1848381724
936 -0.1848381724
937 -0.1848381724
938 -0.1848381724
939 -0.1848381724
940 -0.1848381724
941 -0.1848381724
942 -0.1848381724
943 -0.1848381724
944 -0.1848381724
945 -0.1848381724
946 -0.1848381724
947 -0.1848381724
948 -0.1848381724
949 -0.1848381724
950 -0.1848381724
951 -0.1848381724
952 -0.1848381724
953 -0.1848381724
954 -0.1848381724
955 -0.1848381724
956 -0.1848381724
957 -0.1848381724
958 -0.1848381724
959 -0.1848381724
960 -0.1848381724
961 -0.1848381724
962 -0.1848381724
963 -0.1848381724
964 -0.1848381724
965 -0.1848381724
966 -0.1848381724
967 -0.1848381724
968 -0.1848381724
969 -0.1848381724
970 -0.1848381724
971 -0.1848381724
972 -0.1848381724
973 -0.1848381724
974 -0.1848381724
975 -0.1848381724
976 -0.1848381724
977 -0.1848381724
978 -0.1848381724
979 -0.1848381724
980 -0.1848381724
981 -0.1848381724
982 -0.1848381724
983 -0.1848381724
984 -0.1848381724
985 -0.1848381724
986 -0.1848381724
987 -0.1848381724
988 -0.1848381724
989 -0.1848381724
990 -0.1848381724
991 -0.1848381724
992 -0.1848381724
993 -0.1848381724
994 -0.1848381724
995 -0.1848381724
996 -0.1848381724
997 -0.1848381724
998 -0.1848381724
999 -0.1848381724
1000 -0.1848381724
1001 -0.1848381724
1002 -0.1848381724
1003 -0.1848381724
1004 -0.1848381724
1005 -0.1848381724
1006 -0.1848381724
1007 -0.1848381724
1008 -0.1848381724
1009 -0.1848381724
1010 -0.1848381724
1011 -0.1848381724
1012 -0.1848381724
1013 -0.1848381724
1014 -0.1848381724
1015 -0.1848381724
1016 -0.1848381724
1017 -0.1848381724
1018 -0.1848381724
1019 -0.1848381724
1020 -0.1848381724
1021 -0.1848381724
1022 -0.1848381724
1023 -0.1848381724
