#53781 2910.0022045127220895 0.0045697726277535337738 1 1381 16.000049430220818044 1024 7 1 J1713+0747 0.0000000 
0 -0.1858035721
1 -0.1858035721
2 -0.1858035721
3 -0.1858035721
4 -0.1858035721
5 -0.1858035721
6 -0.1858035721
7 -0.1858035721
8 -0.1858035721
9 -0.1858035721
10 -0.1858035721
11 -0.1858035721
12 -0.1858035721
13 -0.1858035721
14 -0.1858035721
15 -0.1858035721
16 -0.1858035721
17 -0.1858035721
18 -0.1858035721
19 -0.1858035721
20 -0.1858035721
21 -0.1858035721
22 -0.1858035721
23 -0.1858035721
24 -0.1858035721
25 -0.1858035721
26 -0.1858035721
27 -0.1858035721
28 -0.1858035721
29 -0.1858035721
30 -0.1858035721
31 -0.1858035721
32 -0.1858035721
33 -0.1858035721
34 -0.1858035721
35 -0.1858035721
36 -0.1858035721
37 -0.1858035721
38 -0.1858035721
39 -0.1858035721
40 -0.1858035721
41 -0.1858035721
42 -0.1858035721
43 -0.1858035721
44 -0.1858035721
45 -0.1858035721
46 -0.1858035721
47 -0.1858035721
48 -0.1858035721
49 -0.1858035721
50 -0.1858035721
51 -0.1858035721
52 -0.1858035721
53 -0.1858035721
54 -0.1858035721
55 -0.1858035721
56 -0.1858035721
57 -0.1858035721
58 -0.1858035721
59 -0.1858035721
60 -0.1858035721
61 -0.1858035721
62 -0.1858035721
63 -0.1858035721
64 -0.1858035721
65 -0.1858035721
66 -0.1858035721
67 -0.1858035721
68 -0.1858035721
69 -0.1858035721
70 -0.1858035721
71 -0.1858035721
72 -0.1858035721
73 -0.1858035721
74 -0.1858035721
75 -0.1858035721
76 -0.1858035721
77 -0.1858035721
78 -0.1858035721
79 -0.1858035721
80 -0.1858035721
81 -0.1858035721
82 -0.1858035721
83 -0.1858035721
84 -0.1858035721
85 -0.1858035721
86 -0.1858035721
87 -0.1858035721
88 -0.1858035721
89 -0.1858035721
90 -0.1858035721
91 -0.1858035721
92 -0.1858035721
93 -0.1858035721
94 -0.1858035721
95 -0.1858035721
96 -0.1858035721
97 -0.1858035721
98 -0.1858035721
99 -0.1858035721
100 -0.1858035721
101 -0.1858035721
102 -0.1858035721
103 -0.1858035721
104 -0.1858035721
105 -0.1858035721
106 -0.1858035721
107 -0.1858035721
108 -0.1858035721
109 -0.1858035721
110 -0.1858035721
111 -0.1858035721
112 -0.1858035721
113 -0.1858035721
114 -0.1858035721
115 -0.1858035721
116 -0.1858035721
117 -0.1858035721
118 -0.1858035721
119 -0.1858035721
120 -0.1858035721
121 -0.1858035721
122 -0.1858035721
123 -0.1858035721
124 -0.1858035721
125 -0.1858035721
126 -0.1858035721
127 -0.1858035721
128 -0.1858035721
129 -0.1858035721
130 -0.1858035721
131 -0.1858035721
132 -0.1858035721
133 -0.1858035721
134 -0.1858035721
135 -0.1858035721
136 -0.1858035721
137 -0.1858035721
138 -0.1858035721
139 -0.1858035721
140 -0.1858035721
141 -0.1858035721
142 -0.1858035721
143 -0.1858035721
144 -0.1858035721
145 -0.1858035721
146 -0.1858035721
147 -0.1858035721
148 -0.1858035721
149 -0.1858035721
150 -0.1858035721
151 -0.1858035721
152 -0.1858035721
153 -0.1858035721
154 -0.1858035721
155 -0.1858035721
156 -0.1858035721
157 -0.1858035721
158 -0.1858035721
159 -0.1858035721
160 -0.1858035721
161 -0.1858035721
162 -0.1858035721
163 -0.1858035721
164 -0.1858035721
165 -0.1858035721
166 -0.1858035721
167 -0.1858035721
168 -0.1858035721
169 -0.1858035721
170 -0.1858035721
171 -0.1858035721
172 -0.1858035721
173 -0.1858035721
174 -0.1858035721
175 -0.1858035721
176 -0.1858035721
177 -0.1858035721
178 -0.1858035721
179 -0.1858035721
180 -0.1858035721
181 -0.1858035721
182 -0.1858035721
183 -0.1858035721
184 -0.1858035721
185 -0.1858035721
186 -0.1858035721
187 -0.1858035721
188 -0.1858035721
189 -0.1858035721
190 -0.1858035721
191 -0.1858035721
192 -0.1858035721
193 -0.1858035721
194 -0.1858035721
195 -0.1858035721
196 -0.1858035721
197 -0.1858035721
198 -0.1858035721
199 -0.1858035721
200 -0.1858035721
201 -0.1858035721
202 -0.1858035721
203 -0.1858035721
204 -0.1858035721
205 -0.1858035721
206 -0.1858035721
207 -0.1858035721
208 -0.1858035721
209 -0.1858035721
210 -0.1858035721
211 -0.1858035721
212 -0.1858035721
213 -0.1858035721
214 -0.1858035721
215 -0.1858035721
216 -0.1858035721
217 -0.1858035721
218 -0.1858035721
219 -0.1858035721
220 -0.1858035721
221 -0.1858035721
222 -0.1858035721
223 -0.1858035721
224 -0.1858035721
225 -0.1858035721
226 -0.1858035721
227 -0.1858035721
228 -0.1858035721
229 -0.1858035721
230 -0.1858035721
231 -0.1858035721
232 -0.1858035721
233 -0.1858035721
234 -0.1858035721
235 -0.1858035721
236 -0.1858035721
237 -0.1858035721
238 -0.1858035721
239 -0.1858035721
240 -0.1858035721
241 -0.1858035721
242 -0.1858035721
243 -0.1858035721
244 -0.1858035721
245 -0.1858035721
246 -0.1858035721
247 -0.1858035721
248 -0.1858035721
249 -0.1858035721
250 -0.1858035721
251 -0.1858035721
252 -0.1858035721
253 -0.1858035721
254 -0.1858035721
255 -0.1858035721
256 -0.1858035721
257 -0.1858035721
258 -0.1858035721
259 -0.1858035721
260 -0.1858035721
261 -0.1858035721
262 -0.1858035721
263 -0.1858035721
264 -0.1858035721
265 -0.1858035721
266 -0.1858035721
267 -0.1858035721
268 -0.1858035721
269 -0.1858035721
270 -0.1858035721
271 -0.1858035721
272 -0.1858035721
273 -0.1858035721
274 -0.1858035721
275 -0.1858035721
276 -0.1858035721
277 -0.1858035721
278 -0.1858035721
279 -0.1858035721
280 -0.1858035721
281 -0.1858035721
282 -0.1858035721
283 -0.1858035721
284 -0.1858035721
285 -0.1858035721
286 -0.1858035721
287 -0.1858035721
288 -0.1858035721
289 -0.1858035721
290 -0.1858035721
291 -0.1858035721
292 -0.1858035721
293 -0.1858035721
294 -0.1858035721
295 -0.1858035721
296 -0.1858035721
297 -0.1858035721
298 -0.1858035721
299 -0.1858035721
300 -0.1858035721
301 -0.1858035721
302 -0.1858035721
303 -0.1858035721
304 -0.1858035721
305 -0.1858035721
306 -0.1858035721
307 -0.1858035721
308 -0.1858035721
309 -0.1858035721
310 -0.1858035721
311 -0.1858035721
312 -0.1858035721
313 -0.1858035721
314 -0.1858035721
315 -0.1858035721
316 -0.1858035721
317 -0.1858035721
318 -0.1858035721
319 -0.1858035721
320 -0.1858035721
321 -0.1858035721
322 -0.1858035721
323 -0.1858035721
324 -0.1858035721
325 -0.1858035721
326 -0.1858035721
327 -0.1858035721
328 -0.1858035721
329 -0.1858035721
330 -0.1858035721
331 -0.1858035721
332 -0.1858035721
333 -0.1858035721
334 -0.1858035721
335 -0.1858035721
336 -0.1858035721
337 -0.1858035721
338 -0.1858035721
339 -0.1858035721
340 -0.1858035721
341 -0.1858035721
342 -0.1858035721
343 -0.1858035721
344 -0.1858035721
345 -0.1858035721
346 -0.1858035721
347 -0.185803572
348 -0.185803572
349 -0.185803572
350 -0.185803572
351 -0.185803572
352 -0.185803572
353 -0.185803572
354 -0.185803572
355 -0.185803572
356 -0.1858035719
357 -0.1858035719
358 -0.1858035719
359 -0.1858035718
360 -0.1858035717
361 -0.1858035717
362 -0.1858035715
363 -0.1858035714
364 -0.1858035712
365 -0.185803571
366 -0.1858035708
367 -0.1858035705
368 -0.1858035701
369 -0.1858035696
370 -0.185803569
371 -0.1858035682
372 -0.1858035673
373 -0.1858035661
374 -0.1858035647
375 -0.185803563
376 -0.1858035608
377 -0.1858035582
378 -0.1858035549
379 -0.1858035509
380 -0.1858035459
381 -0.1858035399
382 -0.1858035325
383 -0.1858035234
384 -0.1858035124
385 -0.1858034989
386 -0.1858034824
387 -0.1858034623
388 -0.1858034379
389 -0.1858034083
390 -0.1858033722
391 -0.1858033285
392 -0.1858032756
393 -0.1858032114
394 -0.1858031339
395 -0.1858030402
396 -0.1858029272
397 -0.185802791
398 -0.1858026269
399 -0.1858024296
400 -0.1858021924
401 -0.1858019078
402 -0.1858015664
403 -0.1858011575
404 -0.1858006682
405 -0.1858000834
406 -0.185799385
407 -0.1857985519
408 -0.1857975593
409 -0.1857963777
410 -0.1857949728
411 -0.185793304
412 -0.1857913239
413 -0.1857889768
414 -0.1857861978
415 -0.1857829107
416 -0.1857790269
417 -0.1857744428
418 -0.1857690379
419 -0.185762672
420 -0.1857551822
421 -0.1857463792
422 -0.185736044
423 -0.1857239225
424 -0.1857097212
425 -0.1856931008
426 -0.18567367
427 -0.1856509776
428 -0.1856245043
429 -0.1855936529
430 -0.1855577376
431 -0.1855159718
432 -0.185467454
433 -0.1854111528
434 -0.1853458891
435 -0.1852703169
436 -0.1851829011
437 -0.1850818936
438 -0.1849653059
439 -0.1848308783
440 -0.1846760468
441 -0.1844979052
442 -0.1842931636
443 -0.184058102
444 -0.1837885196
445 -0.1834796783
446 -0.1831262407
447 -0.1827222014
448 -0.1822608123
449 -0.1817344996
450 -0.181134774
451 -0.1804521314
452 -0.1796759455
453 -0.17879435
454 -0.1777941108
455 -0.1766604874
456 -0.1753770821
457 -0.1739256774
458 -0.1722860601
459 -0.1704358318
460 -0.1683502054
461 -0.1660017859
462 -0.1633603363
463 -0.1603925267
464 -0.1570616674
465 -0.1533274241
466 -0.1491455161
467 -0.1444673957
468 -0.1392399102
469 -0.1334049453
470 -0.12689905
471 -0.1196530432
472 -0.1115916025
473 -0.1026328354
474 -0.09268783358
475 -0.08166021129
476 -0.06944562822
477 -0.0559312992
478 -0.04099549149
479 -0.02450701174
480 -0.006324684825
481 0.01370317318
482 0.03573928496
483 0.05995794191
484 0.08654553056
485 0.1157010517
486 0.1476366281
487 0.1825779964
488 0.2207649776
489 0.2624519225
490 0.3079081246
491 0.3574181955
492 0.4112823971
493 0.4698169223
494 0.5333541192
495 0.6022426509
496 0.6768475826
497 0.7575503902
498 0.8447488821
499 0.9388570255
500 1.040304671
501 1.149537168
502 1.267014857
503 1.393212449
504 1.528618258
505 1.673733302
506 1.829070262
507 1.995152285
508 2.172511628
509 2.361688153
510 2.563227643
511 2.777679962
512 3.005597044
513 3.247530711
514 3.504030323
515 3.775640266
516 4.062897272
517 4.366327584
518 4.686443969
519 5.023742588
520 5.378699733
521 5.751768436
522 6.143374978
523 6.553915297
524 6.983751317
525 7.433207221
526 7.902565684
527 8.39206408
528 8.901890701
529 9.432181
530 9.983013888
531 10.55440811
532 11.14631875
533 11.75863381
534 12.39117103
535 13.0436749
536 13.71581379
537 14.40717749
538 15.1172749
539 15.84553216
540 16.59129095
541 17.35380739
542 18.13225109
543 18.9257048
544 19.73316443
545 20.55353951
546 21.3856542
547 22.2282487
548 23.07998124
549 23.9394306
550 24.80509905
551 25.67541591
552 26.54874162
553 27.42337226
554 28.29754468
555 29.16944205
556 30.03719992
557 30.89891273
558 31.75264078
559 32.59641759
560 33.42825762
561 34.24616439
562 35.04813883
563 35.83218797
564 36.5963338
565 37.3386223
566 38.05713267
567 38.74998654
568 39.41535726
569 40.05147919
570 40.65665683
571 41.2292739
572 41.76780221
573 42.27081025
574 42.73697154
575 43.16507267
576 43.55402086
577 43.90285118
578 44.21073322
579 44.47697734
580 44.70104025
581 44.88253011
582 45.02121092
583 45.11700634
584 45.17000279
585 45.18045189
586 45.1487722
587 45.0755502
588 44.96154062
589 44.807666
590 44.61501553
591 44.38484317
592 44.1185651
593 43.81775642
594 43.48414715
595 43.11961766
596 42.72619334
597 42.30603871
598 41.86145091
599 41.3948526
600 40.90878435
601 40.40589649
602 39.88894043
603 39.36075961
604 38.82427992
605 38.28249981
606 37.73847996
607 37.19533268
608 36.65621094
609 36.12429714
610 35.6027917
611 35.09490132
612 34.60382715
613 34.13275275
614 33.68483194
615 33.26317654
616 32.87084407
617 32.51082535
618 32.18603219
619 31.89928499
620 31.65330049
621 31.45067958
622 31.29389521
623 31.18528055
624 31.12701725
625 31.12112402
626 31.16944553
627 31.27364155
628 31.43517662
629 31.65531004
630 31.93508646
631 32.27532695
632 32.67662074
633 33.13931762
634 33.66352106
635 34.24908218
636 34.89559452
637 35.6023898
638 36.36853463
639 37.19282828
640 38.07380156
641 39.00971687
642 39.99856946
643 41.03808993
644 42.12574805
645 43.25875795
646 44.43408461
647 45.64845174
648 46.89835115
649 48.18005335
650 49.48961969
651 50.82291578
652 52.17562627
653 53.54327091
654 54.9212219
655 56.30472233
656 57.6889058
657 59.06881702
658 60.43943331
659 61.79568691
660 63.132488
661 64.44474819
662 65.72740456
663 66.97544382
664 68.18392669
665 69.3480122
666 70.46298179
667 71.52426307
668 72.527453
669 73.46834042
670 74.34292775
671 75.1474516
672 75.87840228
673 76.53254199
674 77.10692154
675 77.59889552
676 78.00613578
677 78.3266431
678 78.55875697
679 78.70116346
680 78.75290097
681 78.71336406
682 78.58230503
683 78.35983352
684 78.04641392
685 77.6428608
686 77.15033219
687 76.57032101
688 75.9046445
689 75.15543184
690 74.32511015
691 73.41638873
692 72.43224199
693 71.37589095
694 70.25078355
695 69.06057401
696 67.80910121
697 66.50036646
698 65.1385107
699 63.72779134
700 62.2725589
701 60.77723362
702 59.24628227
703 57.68419522
704 56.09546393
705 54.48455913
706 52.8559097
707 51.21388241
708 49.56276267
709 47.90673637
710 46.24987292
711 44.59610954
712 42.94923687
713 41.31288605
714 39.69051714
715 38.08540907
716 36.50065103
717 34.93913531
718 33.40355172
719 31.8963833
720 30.41990358
721 28.97617512
722 27.56704942
723 26.19416804
724 24.85896499
725 23.56267011
726 22.30631362
727 21.0907315
728 19.91657184
729 18.78430184
730 17.69421565
731 16.6464426
732 15.6409561
733 14.67758284
734 13.75601237
735 12.87580682
736 12.03641089
737 11.23716177
738 10.4772992
739 9.755975314
740 9.072264432
741 8.425172629
742 7.813647037
743 7.23658486
744 6.692842042
745 6.181241554
746 5.70058127
747 5.249641414
748 4.827191545
749 4.431997077
750 4.062825322
751 3.718451048
752 3.397661549
753 3.099261243
754 2.822075791
755 2.564955754
756 2.326779798
757 2.106457471
758 1.902931555
759 1.71518003
760 1.542217653
761 1.383097196
762 1.236910341
763 1.10278828
764 0.9799020252
765 0.867462465
766 0.7647201856
767 0.6709650813
768 0.5855257777
769 0.5077688892
770 0.4370981334
771 0.3729533208
772 0.3148092418
773 0.2621744664
774 0.2145900764
775 0.1716283435
776 0.1328913699
777 0.09800970346
778 0.06664093988
779 0.03846832359
780 0.01319935595
781 -0.009435579809
782 -0.02968456965
783 -0.04777548922
784 -0.06391728831
785 -0.07830123459
786 -0.09110211296
787 -0.1024793774
788 -0.1125782534
789 -0.1215307888
790 -0.1294568528
791 -0.1364650821
792 -0.1426537744
793 -0.1481117299
794 -0.1529190408
795 -0.1571478314
796 -0.1608629483
797 -0.1641226038
798 -0.1669789733
799 -0.1694787493
800 -0.1716636535
801 -0.1735709084
802 -0.1752336727
803 -0.1766814399
804 -0.177940404
805 -0.1790337938
806 -0.1799821777
807 -0.1808037414
808 -0.1815145404
809 -0.1821287281
810 -0.1826587633
811 -0.1831155968
812 -0.18350884
813 -0.1838469164
814 -0.184137198
815 -0.1843861268
816 -0.1845993245
817 -0.1847816896
818 -0.1849374845
819 -0.1850704127
820 -0.1851836878
821 -0.1852800939
822 -0.1853620401
823 -0.1854316076
824 -0.1854905921
825 -0.1855405409
826 -0.185582785
827 -0.1856184681
828 -0.1856485715
829 -0.1856739357
830 -0.1856952802
831 -0.1857132194
832 -0.1857282779
833 -0.1857409024
834 -0.1857514731
835 -0.185760313
836 -0.1857676964
837 -0.1857738554
838 -0.1857789868
839 -0.1857832567
840 -0.1857868053
841 -0.1857897507
842 -0.1857921924
843 -0.1857942141
844 -0.1857958859
845 -0.1857972666
846 -0.1857984056
847 -0.1857993439
848 -0.185800116
849 -0.1858007505
850 -0.1858012713
851 -0.1858016982
852 -0.1858020478
853 -0.1858023336
854 -0.1858025671
855 -0.1858027575
856 -0.1858029126
857 -0.1858030389
858 -0.1858031415
859 -0.1858032247
860 -0.1858032923
861 -0.1858033469
862 -0.1858033911
863 -0.1858034268
864 -0.1858034556
865 -0.1858034788
866 -0.1858034975
867 -0.1858035125
868 -0.1858035245
869 -0.1858035342
870 -0.1858035419
871 -0.1858035481
872 -0.185803553
873 -0.185803557
874 -0.1858035601
875 -0.1858035626
876 -0.1858035646
877 -0.1858035662
878 -0.1858035674
879 -0.1858035684
880 -0.1858035692
881 -0.1858035698
882 -0.1858035703
883 -0.1858035707
884 -0.185803571
885 -0.1858035712
886 -0.1858035714
887 -0.1858035715
888 -0.1858035717
889 -0.1858035717
890 -0.1858035718
891 -0.1858035719
892 -0.1858035719
893 -0.185803572
894 -0.185803572
895 -0.185803572
896 -0.185803572
897 -0.185803572
898 -0.185803572
899 -0.185803572
900 -0.185803572
901 -0.185803572
902 -0.1858035721
903 -0.1858035721
904 -0.1858035721
905 -0.1858035721
906 -0.1858035721
907 -0.1858035721
908 -0.1858035721
909 -0.1858035721
910 -0.1858035721
911 -0.1858035721
912 -0.1858035721
913 -0.1858035721
914 -0.1858035721
915 -0.1858035721
916 -0.1858035721
917 -0.1858035721
918 -0.1858035721
919 -0.1858035721
920 -0.1858035721
921 -0.1858035721
922 -0.1858035721
923 -0.1858035721
924 -0.1858035721
925 -0.1858035721
926 -0.1858035721
927 -0.1858035721
928 -0.1858035721
929 -0.1858035721
930 -0.1858035721
931 -0.1858035721
932 -0.1858035721
933 -0.1858035721
934 -0.1858035721
935 -0.1858035721
936 -0.1858035721
937 -0.1858035721
938 -0.1858035721
939 -0.1858035721
940 -0.1858035721
941 -0.1858035721
942 -0.1858035721
943 -0.1858035721
944 -0.1858035721
945 -0.1858035721
946 -0.1858035721
947 -0.1858035721
948 -0.1858035721
949 -0.1858035721
950 -0.1858035721
951 -0.1858035721
952 -0.1858035721
953 -0.1858035721
954 -0.1858035721
955 -0.1858035721
956 -0.1858035721
957 -0.1858035721
958 -0.1858035721
959 -0.1858035721
960 -0.1858035721
961 -0.1858035721
962 -0.1858035721
963 -0.1858035721
964 -0.1858035721
965 -0.1858035721
966 -0.1858035721
967 -0.1858035721
968 -0.1858035721
969 -0.1858035721
970 -0.1858035721
971 -0.1858035721
972 -0.1858035721
973 -0.1858035721
974 -0.1858035721
975 -0.1858035721
976 -0.1858035721
977 -0.1858035721
978 -0.1858035721
979 -0.1858035721
980 -0.1858035721
981 -0.1858035721
982 -0.1858035721
983 -0.1858035721
984 -0.1858035721
985 -0.1858035721
986 -0.1858035721
987 -0.1858035721
988 -0.1858035721
989 -0.1858035721
990 -0.1858035721
991 -0.1858035721
992 -0.1858035721
993 -0.1858035721
994 -0.1858035721
995 -0.1858035721
996 -0.1858035721
997 -0.1858035721
998 -0.1858035721
999 -0.1858035721
1000 -0.1858035721
1001 -0.1858035721
1002 -0.1858035721
1003 -0.1858035721
1004 -0.1858035721
1005 -0.1858035721
1006 -0.1858035721
1007 -0.1858035721
1008 -0.1858035721
1009 -0.1858035721
1010 -0.1858035721
1011 -0.1858035721
1012 -0.1858035721
1013 -0.1858035721
1014 -0.1858035721
1015 -0.1858035721
1016 -0.1858035721
1017 -0.1858035721
1018 -0.1858035721
1019 -0.1858035721
1020 -0.1858035721
1021 -0.1858035721
1022 -0.1858035721
1023 -0.1858035721
