#53803 2909.9996678140330797 0.0045697490098462441657 1 1405 16.000049430220818044 1024 7 1 J1713+0747 0.0000000 
0 -0.004323534152
1 -0.004323027105
2 -0.004322421202
3 -0.004321697933
4 -0.004320835471
5 -0.004319808113
6 -0.004318585622
7 -0.00431713247
8 -0.004315406957
9 -0.004313360196
10 -0.004310934941
11 -0.004308064236
12 -0.004304669853
13 -0.004300660503
14 -0.004295929778
15 -0.00429035379
16 -0.004283788464
17 -0.004276066445
18 -0.004266993565
19 -0.004256344799
20 -0.004243859676
21 -0.004229237042
22 -0.004212129111
23 -0.004192134718
24 -0.004168791671
25 -0.004141568086
26 -0.004109852609
27 -0.004072943366
28 -0.004030035518
29 -0.003980207246
30 -0.003922404012
31 -0.003855420882
32 -0.003777882726
33 -0.003688222058
34 -0.003584654275
35 -0.003465150032
36 -0.003327404464
37 -0.003168802953
38 -0.002986383099
39 -0.002776792554
40 -0.002536242327
41 -0.002260455161
42 -0.001944608554
43 -0.001583271961
44 -0.001170337703
45 -0.0006989450708
46 -0.0001613970943
47 0.0004509305843
48 0.001147689305
49 0.001939666057
50 0.00283890184
51 0.003858820351
52 0.005014367641
53 0.006322163421
54 0.00780066465
55 0.009470342097
56 0.01135387052
57 0.01347633309
58 0.01586544077
59 0.0185517671
60 0.02156899906
61 0.02495420457
62 0.0287481169
63 0.03299543655
64 0.03774515089
65 0.0430508716
66 0.04897119028
67 0.05557005202
68 0.06291714676
69 0.0710883183
70 0.08016599024
71 0.09023960839
72 0.1014060986
73 0.1137703389
74 0.127445645
75 0.1425542666
76 0.159227894
77 0.1776081711
78 0.1978472145
79 0.2201081336
80 0.2445655502
81 0.2714061132
82 0.3008290057
83 0.3330464385
84 0.3682841273
85 0.4067817479
86 0.4487933638
87 0.494587821
88 0.5444491045
89 0.5986766496
90 0.6575856013
91 0.7215070159
92 0.7907879965
93 0.8657917566
94 0.9468976034
95 1.034500833
96 1.129012529
97 1.230859265
98 1.340482686
99 1.458338979
100 1.584898222
101 1.720643591
102 1.866070436
103 2.021685215
104 2.188004268
105 2.365552447
106 2.554861582
107 2.756468783
108 2.970914587
109 3.198740925
110 3.440488938
111 3.696696617
112 3.967896291
113 4.254611944
114 4.557356392
115 4.876628305
116 5.212909093
117 5.566659667
118 5.938317078
119 6.328291057
120 6.736960467
121 7.164669679
122 7.611724902
123 8.078390472
124 8.564885134
125 9.071378335
126 9.597986548
127 10.14476966
128 10.71172744
129 11.29879615
130 11.90584525
131 12.5326743
132 13.17901009
133 13.84450396
134 14.52872937
135 15.23117982
136 15.95126701
137 16.68831941
138 17.44158114
139 18.2102113
140 18.99328367
141 19.7897869
142 20.5986251
143 21.41861894
144 22.24850726
145 23.08694912
146 23.93252641
147 24.78374694
148 25.63904808
149 26.4968009
150 27.35531476
151 28.21284249
152 29.06758598
153 29.91770231
154 30.76131021
155 31.59649707
156 32.42132624
157 33.23384478
158 34.03209144
159 34.81410502
160 35.57793291
161 36.32163986
162 37.04331693
163 37.7410905
164 38.41313137
165 39.05766389
166 39.67297501
167 40.25742328
168 40.80944762
169 41.32757603
170 41.81043394
171 42.25675227
172 42.66537523
173 43.03526764
174 43.36552183
175 43.6553641
176 43.90416062
177 44.11142281
178 44.2768121
179 44.40014408
180 44.48139208
181 44.52068993
182 44.51833424
183 44.47478582
184 44.39067048
185 44.26677911
186 44.10406703
187 43.90365265
188 43.66681544
189 43.39499314
190 43.08977837
191 42.75291452
192 42.38629101
193 41.99193792
194 41.57202001
195 41.12883014
196 40.66478217
197 40.1824033
198 39.68432594
199 39.17327904
200 38.65207907
201 38.12362054
202 37.59086611
203 37.0568364
204 36.52459946
205 35.99725994
206 35.47794801
207 34.969808
208 34.47598695
209 33.99962284
210 33.5438328
211 33.1117011
212 32.70626714
213 32.33051332
214 31.98735292
215 31.67961795
216 31.41004704
217 31.18127345
218 30.99581308
219 30.85605275
220 30.76423851
221 30.72246428
222 30.73266072
223 30.79658438
224 30.9158072
225 31.09170648
226 31.3254552
227 31.61801294
228 31.97011729
229 32.38227596
230 32.85475952
231 33.38759488
232 33.98055961
233 34.6331771
234 35.34471268
235 36.11417068
236 36.94029259
237 37.82155629
238 38.75617645
239 39.74210616
240 40.77703974
241 41.85841692
242 42.98342828
243 44.14902209
244 45.35191245
245 46.58858885
246 47.85532705
247 49.1482014
248 50.46309837
249 51.79573148
250 53.14165744
251 54.49629352
252 55.85493602
253 57.2127798
254 58.56493878
255 59.90646734
256 61.23238238
257 62.53768612
258 63.81738933
259 65.06653491
260 66.28022179
261 67.45362876
262 68.58203835
263 69.66086035
264 70.68565497
265 71.65215548
266 72.55629002
267 73.39420262
268 74.16227312
269 74.85713595
270 75.47569753
271 76.01515225
272 76.47299687
273 76.84704321
274 77.13542906
275 77.3366272
276 77.44945253
277 77.47306712
278 77.4069833
279 77.25106463
280 77.00552485
281 76.67092475
282 76.24816702
283 75.73848912
284 75.14345425
285 74.46494043
286 73.70512785
287 72.86648459
288 71.95175078
289 70.96392133
290 69.90622749
291 68.78211716
292 67.59523434
293 66.34939773
294 65.04857871
295 63.69687882
296 62.29850695
297 60.85775644
298 59.3789821
299 57.86657753
300 56.32495275
301 54.75851225
302 53.17163382
303 51.56864802
304 49.95381858
305 48.3313239
306 46.70523945
307 45.0795216
308 43.45799252
309 41.84432651
310 40.24203774
311 38.65446928
312 37.0847837
313 35.53595508
314 34.0107624
315 32.51178447
316 31.0413962
317 29.6017663
318 28.19485621
319 26.82242047
320 25.4860081
321 24.18696534
322 22.92643927
323 21.70538254
324 20.52455899
325 19.38455001
326 18.28576176
327 17.22843291
328 16.21264298
329 15.23832115
330 14.30525543
331 13.41310208
332 12.56139529
333 11.74955693
334 10.97690635
335 10.2426702
336 9.545992078
337 8.885942083
338 8.261526134
339 7.671695016
340 7.115353133
341 6.591366899
342 6.09857276
343 5.635784793
344 5.201801885
345 4.795414443
346 4.415410664
347 4.060582308
348 3.729730021
349 3.42166816
350 3.135229169
351 2.869267479
352 2.622662962
353 2.394323949
354 2.183189824
355 1.988233218
356 1.808461817
357 1.642919812
358 1.490689003
359 1.350889592
360 1.22268068
361 1.105260496
362 0.9978663778
363 0.8997745326
364 0.8102995945
365 0.7287940084
366 0.6546472555
367 0.5872849454
368 0.5261677916
369 0.4707904912
370 0.4206805248
371 0.3753968948
372 0.3345288151
373 0.2976943676
374 0.2645391383
375 0.2347348439
376 0.2079779594
377 0.1839883562
378 0.1625079593
379 0.1432994293
380 0.1261448767
381 0.1108446125
382 0.09721594121
383 0.08509199656
384 0.07432062611
385 0.06476332423
386 0.05629421603
387 0.04879909262
388 0.04217449815
389 0.03632686841
390 0.03117172049
391 0.02663289259
392 0.02264183291
393 0.01913693606
394 0.01606292557
395 0.0133702806
396 0.01101470507
397 0.008956637193
398 0.007160797393
399 0.005595772555
400 0.004233634545
401 0.003049590913
402 0.002021665777
403 0.001130408871
404 0.0003586308259
405 -0.0003088371859
406 -0.0008853612583
407 -0.00138270173
408 -0.00181119098
409 -0.002179893606
410 -0.002496750449
411 -0.002768707853
412 -0.003001833466
413 -0.003201419785
414 -0.003372076574
415 -0.003517813211
416 -0.003642111923
417 -0.003747992807
418 -0.003838071453
419 -0.003914609934
420 -0.003979561827
421 -0.004034611924
422 -0.004081211179
423 -0.004120607416
424 -0.004153872275
425 -0.004181924808
426 -0.004205552116
427 -0.004225427355
428 -0.004242125444
429 -0.00425613672
430 -0.00426787881
431 -0.004277706922
432 -0.004285922765
433 -0.004292782251
434 -0.004298502157
435 -0.004303265853
436 -0.004307228245
437 -0.004310520014
438 -0.004313251253
439 -0.004315514589
440 -0.004317387846
441 -0.004318936324
442 -0.004320214739
443 -0.00432126888
444 -0.004322137012
445 -0.004322851067
446 -0.004323437663
447 -0.004323918952
448 -0.00432431335
449 -0.004324636141
450 -0.004324900001
451 -0.004325115419
452 -0.004325291072
453 -0.004325434122
454 -0.004325550476
455 -0.004325645
456 -0.004325721694
457 -0.004325783843
458 -0.004325834145
459 -0.004325874807
460 -0.004325907636
461 -0.004325934108
462 -0.004325955428
463 -0.004325972577
464 -0.004325986354
465 -0.004325997408
466 -0.004326006267
467 -0.004326013358
468 -0.004326019026
469 -0.004326023552
470 -0.004326027162
471 -0.004326030036
472 -0.004326032323
473 -0.004326034139
474 -0.004326035581
475 -0.004326036724
476 -0.004326037628
477 -0.004326038343
478 -0.004326038908
479 -0.004326039353
480 -0.004326039704
481 -0.00432603998
482 -0.004326040196
483 -0.004326040366
484 -0.0043260405
485 -0.004326040604
486 -0.004326040686
487 -0.00432604075
488 -0.004326040799
489 -0.004326040838
490 -0.004326040868
491 -0.004326040892
492 -0.00432604091
493 -0.004326040924
494 -0.004326040935
495 -0.004326040943
496 -0.00432604095
497 -0.004326040955
498 -0.004326040959
499 -0.004326040962
500 -0.004326040964
501 -0.004326040966
502 -0.004326040967
503 -0.004326040968
504 -0.004326040969
505 -0.004326040969
506 -0.00432604097
507 -0.00432604097
508 -0.00432604097
509 -0.004326040971
510 -0.004326040971
511 -0.004326040971
512 -0.004326040971
513 -0.004326040971
514 -0.004326040971
515 -0.004326040971
516 -0.004326040971
517 -0.004326040971
518 -0.004326040971
519 -0.004326040971
520 -0.004326040971
521 -0.004326040971
522 -0.004326040971
523 -0.004326040971
524 -0.004326040971
525 -0.004326040971
526 -0.004326040971
527 -0.004326040971
528 -0.004326040971
529 -0.004326040971
530 -0.004326040971
531 -0.004326040971
532 -0.004326040971
533 -0.004326040971
534 -0.004326040971
535 -0.004326040971
536 -0.004326040971
537 -0.004326040971
538 -0.004326040971
539 -0.004326040971
540 -0.004326040971
541 -0.004326040971
542 -0.004326040971
543 -0.004326040971
544 -0.004326040971
545 -0.004326040971
546 -0.004326040971
547 -0.004326040971
548 -0.004326040971
549 -0.004326040971
550 -0.004326040971
551 -0.004326040971
552 -0.004326040971
553 -0.004326040971
554 -0.004326040971
555 -0.004326040971
556 -0.004326040971
557 -0.004326040971
558 -0.004326040971
559 -0.004326040971
560 -0.004326040971
561 -0.004326040971
562 -0.004326040971
563 -0.004326040971
564 -0.004326040971
565 -0.004326040971
566 -0.004326040971
567 -0.004326040971
568 -0.004326040971
569 -0.004326040971
570 -0.004326040971
571 -0.004326040971
572 -0.004326040971
573 -0.004326040971
574 -0.004326040971
575 -0.004326040971
576 -0.004326040971
577 -0.004326040971
578 -0.004326040971
579 -0.004326040971
580 -0.004326040971
581 -0.004326040971
582 -0.004326040971
583 -0.004326040971
584 -0.004326040971
585 -0.004326040971
586 -0.004326040971
587 -0.004326040971
588 -0.004326040971
589 -0.004326040971
590 -0.004326040971
591 -0.004326040971
592 -0.004326040971
593 -0.004326040971
594 -0.004326040971
595 -0.004326040971
596 -0.004326040971
597 -0.004326040971
598 -0.004326040971
599 -0.004326040971
600 -0.004326040971
601 -0.004326040971
602 -0.004326040971
603 -0.004326040971
604 -0.004326040971
605 -0.004326040971
606 -0.004326040971
607 -0.004326040971
608 -0.004326040971
609 -0.004326040971
610 -0.004326040971
611 -0.004326040971
612 -0.004326040971
613 -0.004326040971
614 -0.004326040971
615 -0.004326040971
616 -0.004326040971
617 -0.004326040971
618 -0.004326040971
619 -0.004326040971
620 -0.004326040971
621 -0.004326040971
622 -0.004326040971
623 -0.004326040971
624 -0.004326040971
625 -0.004326040971
626 -0.004326040971
627 -0.004326040971
628 -0.004326040971
629 -0.004326040971
630 -0.004326040971
631 -0.004326040971
632 -0.004326040971
633 -0.004326040971
634 -0.004326040971
635 -0.004326040971
636 -0.004326040971
637 -0.004326040971
638 -0.004326040971
639 -0.004326040971
640 -0.004326040971
641 -0.004326040971
642 -0.004326040971
643 -0.004326040971
644 -0.004326040971
645 -0.004326040971
646 -0.004326040971
647 -0.004326040971
648 -0.004326040971
649 -0.004326040971
650 -0.004326040971
651 -0.004326040971
652 -0.004326040971
653 -0.004326040971
654 -0.004326040971
655 -0.004326040971
656 -0.004326040971
657 -0.004326040971
658 -0.004326040971
659 -0.004326040971
660 -0.004326040971
661 -0.004326040971
662 -0.004326040971
663 -0.004326040971
664 -0.004326040971
665 -0.004326040971
666 -0.004326040971
667 -0.004326040971
668 -0.004326040971
669 -0.004326040971
670 -0.004326040971
671 -0.004326040971
672 -0.004326040971
673 -0.004326040971
674 -0.004326040971
675 -0.004326040971
676 -0.004326040971
677 -0.004326040971
678 -0.004326040971
679 -0.004326040971
680 -0.004326040971
681 -0.004326040971
682 -0.004326040971
683 -0.004326040971
684 -0.004326040971
685 -0.004326040971
686 -0.004326040971
687 -0.004326040971
688 -0.004326040971
689 -0.004326040971
690 -0.004326040971
691 -0.004326040971
692 -0.004326040971
693 -0.004326040971
694 -0.004326040971
695 -0.004326040971
696 -0.004326040971
697 -0.004326040971
698 -0.004326040971
699 -0.004326040971
700 -0.004326040971
701 -0.004326040971
702 -0.004326040971
703 -0.004326040971
704 -0.004326040971
705 -0.004326040971
706 -0.004326040971
707 -0.004326040971
708 -0.004326040971
709 -0.004326040971
710 -0.004326040971
711 -0.004326040971
712 -0.004326040971
713 -0.004326040971
714 -0.004326040971
715 -0.004326040971
716 -0.004326040971
717 -0.004326040971
718 -0.004326040971
719 -0.004326040971
720 -0.004326040971
721 -0.004326040971
722 -0.004326040971
723 -0.004326040971
724 -0.004326040971
725 -0.004326040971
726 -0.004326040971
727 -0.004326040971
728 -0.004326040971
729 -0.004326040971
730 -0.004326040971
731 -0.004326040971
732 -0.004326040971
733 -0.004326040971
734 -0.004326040971
735 -0.004326040971
736 -0.004326040971
737 -0.004326040971
738 -0.004326040971
739 -0.004326040971
740 -0.004326040971
741 -0.004326040971
742 -0.004326040971
743 -0.004326040971
744 -0.004326040971
745 -0.004326040971
746 -0.004326040971
747 -0.004326040971
748 -0.004326040971
749 -0.004326040971
750 -0.004326040971
751 -0.004326040971
752 -0.004326040971
753 -0.004326040971
754 -0.004326040971
755 -0.004326040971
756 -0.004326040971
757 -0.004326040971
758 -0.004326040971
759 -0.004326040971
760 -0.004326040971
761 -0.004326040971
762 -0.004326040971
763 -0.004326040971
764 -0.004326040971
765 -0.004326040971
766 -0.004326040971
767 -0.004326040971
768 -0.004326040971
769 -0.004326040971
770 -0.004326040971
771 -0.004326040971
772 -0.004326040971
773 -0.004326040971
774 -0.004326040971
775 -0.004326040971
776 -0.004326040971
777 -0.004326040971
778 -0.004326040971
779 -0.004326040971
780 -0.004326040971
781 -0.004326040971
782 -0.004326040971
783 -0.004326040971
784 -0.004326040971
785 -0.004326040971
786 -0.004326040971
787 -0.004326040971
788 -0.004326040971
789 -0.004326040971
790 -0.004326040971
791 -0.004326040971
792 -0.004326040971
793 -0.004326040971
794 -0.004326040971
795 -0.004326040971
796 -0.004326040971
797 -0.004326040971
798 -0.004326040971
799 -0.004326040971
800 -0.004326040971
801 -0.004326040971
802 -0.004326040971
803 -0.004326040971
804 -0.004326040971
805 -0.004326040971
806 -0.004326040971
807 -0.004326040971
808 -0.004326040971
809 -0.004326040971
810 -0.004326040971
811 -0.004326040971
812 -0.004326040971
813 -0.004326040971
814 -0.004326040971
815 -0.004326040971
816 -0.004326040971
817 -0.004326040971
818 -0.004326040971
819 -0.004326040971
820 -0.004326040971
821 -0.004326040971
822 -0.004326040971
823 -0.004326040971
824 -0.004326040971
825 -0.004326040971
826 -0.004326040971
827 -0.004326040971
828 -0.004326040971
829 -0.004326040971
830 -0.004326040971
831 -0.004326040971
832 -0.004326040971
833 -0.004326040971
834 -0.004326040971
835 -0.004326040971
836 -0.004326040971
837 -0.004326040971
838 -0.004326040971
839 -0.004326040971
840 -0.004326040971
841 -0.004326040971
842 -0.004326040971
843 -0.004326040971
844 -0.004326040971
845 -0.004326040971
846 -0.004326040971
847 -0.004326040971
848 -0.004326040971
849 -0.004326040971
850 -0.004326040971
851 -0.004326040971
852 -0.004326040971
853 -0.004326040971
854 -0.004326040971
855 -0.004326040971
856 -0.004326040971
857 -0.004326040971
858 -0.004326040971
859 -0.004326040971
860 -0.004326040971
861 -0.004326040971
862 -0.004326040971
863 -0.004326040971
864 -0.004326040971
865 -0.004326040971
866 -0.004326040971
867 -0.004326040971
868 -0.004326040971
869 -0.004326040971
870 -0.004326040971
871 -0.004326040971
872 -0.004326040971
873 -0.004326040971
874 -0.004326040971
875 -0.004326040971
876 -0.004326040971
877 -0.004326040971
878 -0.004326040971
879 -0.004326040971
880 -0.004326040971
881 -0.004326040971
882 -0.004326040971
883 -0.004326040971
884 -0.004326040971
885 -0.004326040971
886 -0.004326040971
887 -0.004326040971
888 -0.004326040971
889 -0.004326040971
890 -0.004326040971
891 -0.004326040971
892 -0.004326040971
893 -0.004326040971
894 -0.004326040971
895 -0.004326040971
896 -0.004326040971
897 -0.004326040971
898 -0.004326040971
899 -0.004326040971
900 -0.004326040971
901 -0.004326040971
902 -0.004326040971
903 -0.004326040971
904 -0.004326040971
905 -0.004326040971
906 -0.004326040971
907 -0.004326040971
908 -0.004326040971
909 -0.004326040971
910 -0.004326040971
911 -0.004326040971
912 -0.004326040971
913 -0.004326040971
914 -0.004326040971
915 -0.004326040971
916 -0.004326040971
917 -0.004326040971
918 -0.004326040971
919 -0.004326040971
920 -0.004326040971
921 -0.004326040971
922 -0.004326040971
923 -0.004326040971
924 -0.004326040971
925 -0.004326040971
926 -0.004326040971
927 -0.004326040971
928 -0.004326040971
929 -0.004326040971
930 -0.004326040971
931 -0.004326040971
932 -0.004326040971
933 -0.004326040971
934 -0.004326040971
935 -0.004326040971
936 -0.004326040971
937 -0.004326040971
938 -0.004326040971
939 -0.004326040971
940 -0.004326040971
941 -0.004326040971
942 -0.004326040971
943 -0.004326040971
944 -0.004326040971
945 -0.004326040971
946 -0.004326040971
947 -0.004326040971
948 -0.004326040971
949 -0.004326040971
950 -0.004326040971
951 -0.004326040971
952 -0.004326040971
953 -0.004326040971
954 -0.004326040971
955 -0.004326040971
956 -0.00432604097
957 -0.00432604097
958 -0.00432604097
959 -0.004326040969
960 -0.004326040969
961 -0.004326040968
962 -0.004326040968
963 -0.004326040966
964 -0.004326040965
965 -0.004326040963
966 -0.004326040961
967 -0.004326040959
968 -0.004326040955
969 -0.004326040951
970 -0.004326040945
971 -0.004326040938
972 -0.004326040929
973 -0.004326040918
974 -0.004326040903
975 -0.004326040885
976 -0.004326040862
977 -0.004326040834
978 -0.004326040798
979 -0.004326040753
980 -0.004326040696
981 -0.004326040625
982 -0.004326040537
983 -0.004326040426
984 -0.004326040287
985 -0.004326040115
986 -0.0043260399
987 -0.004326039632
988 -0.004326039299
989 -0.004326038885
990 -0.004326038372
991 -0.004326037735
992 -0.004326036947
993 -0.004326035973
994 -0.004326034768
995 -0.004326033281
996 -0.004326031447
997 -0.004326029188
998 -0.004326026409
999 -0.004326022991
1000 -0.004326018795
1001 -0.004326013647
1002 -0.004326007339
1003 -0.004325999616
1004 -0.004325990172
1005 -0.004325978636
1006 -0.004325964557
1007 -0.004325947395
1008 -0.004325926494
1009 -0.004325901069
1010 -0.004325870172
1011 -0.004325832665
1012 -0.00432578718
1013 -0.00432573208
1014 -0.004325665401
1015 -0.004325584795
1016 -0.004325487456
1017 -0.004325370032
1018 -0.004325228529
1019 -0.004325058188
1020 -0.004324853348
1021 -0.004324607279
1022 -0.004324311995
1023 -0.004323958025
