#53474 2909.9991672055974643 0.0045698295491898516599 1 1413 16.000049430220818044 1024 7 1 J1713+0747 0.0000000 
0 0.2006427695
1 0.2006427695
2 0.2006427695
3 0.2006427695
4 0.2006427695
5 0.2006427695
6 0.2006427695
7 0.2006427695
8 0.2006427695
9 0.2006427695
10 0.2006427695
11 0.2006427695
12 0.2006427695
13 0.2006427695
14 0.2006427695
15 0.2006427695
16 0.2006427695
17 0.2006427695
18 0.2006427695
19 0.2006427695
20 0.2006427695
21 0.2006427695
22 0.2006427695
23 0.2006427695
24 0.2006427695
25 0.2006427695
26 0.2006427695
27 0.2006427695
28 0.2006427695
29 0.2006427695
30 0.2006427695
31 0.2006427695
32 0.2006427695
33 0.2006427695
34 0.2006427695
35 0.2006427695
36 0.2006427695
37 0.2006427695
38 0.2006427695
39 0.2006427695
40 0.2006427695
41 0.2006427695
42 0.2006427695
43 0.2006427695
44 0.2006427695
45 0.2006427695
46 0.2006427695
47 0.2006427695
48 0.2006427695
49 0.2006427695
50 0.2006427695
51 0.2006427695
52 0.2006427695
53 0.2006427695
54 0.2006427695
55 0.2006427695
56 0.2006427695
57 0.2006427695
58 0.2006427695
59 0.2006427695
60 0.2006427695
61 0.2006427695
62 0.2006427695
63 0.2006427695
64 0.2006427695
65 0.2006427695
66 0.2006427695
67 0.2006427695
68 0.2006427695
69 0.2006427695
70 0.2006427695
71 0.2006427695
72 0.2006427695
73 0.2006427695
74 0.2006427695
75 0.2006427695
76 0.2006427695
77 0.2006427695
78 0.2006427695
79 0.2006427695
80 0.2006427695
81 0.2006427695
82 0.2006427695
83 0.2006427695
84 0.2006427695
85 0.2006427695
86 0.2006427695
87 0.2006427695
88 0.2006427695
89 0.2006427695
90 0.2006427695
91 0.2006427695
92 0.2006427695
93 0.2006427695
94 0.2006427695
95 0.2006427695
96 0.2006427695
97 0.2006427695
98 0.2006427695
99 0.2006427695
100 0.2006427695
101 0.2006427695
102 0.2006427695
103 0.2006427695
104 0.2006427695
105 0.2006427695
106 0.2006427695
107 0.2006427695
108 0.2006427695
109 0.2006427695
110 0.2006427695
111 0.2006427695
112 0.2006427695
113 0.2006427695
114 0.2006427695
115 0.2006427695
116 0.2006427695
117 0.2006427695
118 0.2006427695
119 0.2006427695
120 0.2006427695
121 0.2006427695
122 0.2006427695
123 0.2006427695
124 0.2006427695
125 0.2006427695
126 0.2006427695
127 0.2006427695
128 0.2006427695
129 0.2006427695
130 0.2006427695
131 0.2006427695
132 0.2006427695
133 0.2006427695
134 0.2006427695
135 0.2006427695
136 0.2006427695
137 0.2006427695
138 0.2006427695
139 0.2006427695
140 0.2006427695
141 0.2006427695
142 0.2006427695
143 0.2006427695
144 0.2006427695
145 0.2006427695
146 0.2006427695
147 0.2006427695
148 0.2006427695
149 0.2006427695
150 0.2006427695
151 0.2006427695
152 0.2006427695
153 0.2006427695
154 0.2006427695
155 0.2006427695
156 0.2006427695
157 0.2006427695
158 0.2006427695
159 0.2006427695
160 0.2006427695
161 0.2006427695
162 0.2006427695
163 0.2006427695
164 0.2006427695
165 0.2006427695
166 0.2006427695
167 0.2006427695
168 0.2006427695
169 0.2006427695
170 0.2006427695
171 0.2006427695
172 0.2006427695
173 0.2006427695
174 0.2006427695
175 0.2006427695
176 0.2006427695
177 0.2006427695
178 0.2006427695
179 0.2006427695
180 0.2006427695
181 0.2006427695
182 0.2006427695
183 0.2006427695
184 0.2006427695
185 0.2006427695
186 0.2006427695
187 0.2006427695
188 0.2006427695
189 0.2006427695
190 0.2006427695
191 0.2006427695
192 0.2006427695
193 0.2006427695
194 0.2006427695
195 0.2006427695
196 0.2006427695
197 0.2006427695
198 0.2006427695
199 0.2006427695
200 0.2006427695
201 0.2006427695
202 0.2006427695
203 0.2006427695
204 0.2006427695
205 0.2006427695
206 0.2006427695
207 0.2006427695
208 0.2006427695
209 0.2006427695
210 0.2006427695
211 0.2006427695
212 0.2006427695
213 0.2006427695
214 0.2006427695
215 0.2006427695
216 0.2006427695
217 0.2006427695
218 0.2006427695
219 0.2006427695
220 0.2006427695
221 0.2006427695
222 0.2006427695
223 0.2006427695
224 0.2006427695
225 0.2006427695
226 0.2006427695
227 0.2006427695
228 0.2006427695
229 0.2006427695
230 0.2006427695
231 0.2006427695
232 0.2006427695
233 0.2006427695
234 0.2006427695
235 0.2006427695
236 0.2006427695
237 0.2006427695
238 0.2006427695
239 0.2006427695
240 0.2006427695
241 0.2006427695
242 0.2006427695
243 0.2006427695
244 0.2006427695
245 0.2006427695
246 0.2006427695
247 0.2006427695
248 0.2006427695
249 0.2006427695
250 0.2006427695
251 0.2006427695
252 0.2006427695
253 0.2006427695
254 0.2006427695
255 0.2006427695
256 0.2006427695
257 0.2006427695
258 0.2006427695
259 0.2006427695
260 0.2006427695
261 0.2006427695
262 0.2006427695
263 0.2006427695
264 0.2006427695
265 0.2006427695
266 0.2006427695
267 0.2006427695
268 0.2006427695
269 0.2006427695
270 0.2006427695
271 0.2006427695
272 0.2006427695
273 0.2006427695
274 0.2006427695
275 0.2006427695
276 0.2006427695
277 0.2006427695
278 0.2006427695
279 0.2006427695
280 0.2006427695
281 0.2006427695
282 0.2006427695
283 0.2006427695
284 0.2006427695
285 0.2006427695
286 0.2006427695
287 0.2006427695
288 0.2006427695
289 0.2006427695
290 0.2006427695
291 0.2006427695
292 0.2006427695
293 0.2006427695
294 0.2006427695
295 0.2006427695
296 0.2006427695
297 0.2006427695
298 0.2006427695
299 0.2006427695
300 0.2006427695
301 0.2006427695
302 0.2006427695
303 0.2006427695
304 0.2006427695
305 0.2006427695
306 0.2006427695
307 0.2006427695
308 0.2006427695
309 0.2006427695
310 0.2006427695
311 0.2006427695
312 0.2006427695
313 0.2006427695
314 0.2006427695
315 0.2006427695
316 0.2006427695
317 0.2006427695
318 0.2006427695
319 0.2006427695
320 0.2006427695
321 0.2006427695
322 0.2006427695
323 0.2006427695
324 0.2006427695
325 0.2006427695
326 0.2006427695
327 0.2006427695
328 0.2006427695
329 0.2006427695
330 0.2006427695
331 0.2006427695
332 0.2006427695
333 0.2006427695
334 0.2006427695
335 0.2006427695
336 0.2006427695
337 0.2006427695
338 0.2006427695
339 0.2006427695
340 0.2006427695
341 0.2006427695
342 0.2006427695
343 0.2006427695
344 0.2006427695
345 0.2006427695
346 0.2006427695
347 0.2006427695
348 0.2006427695
349 0.2006427695
350 0.2006427695
351 0.2006427695
352 0.2006427695
353 0.2006427695
354 0.2006427695
355 0.2006427695
356 0.2006427695
357 0.2006427695
358 0.2006427695
359 0.2006427695
360 0.2006427695
361 0.2006427695
362 0.2006427695
363 0.2006427695
364 0.2006427695
365 0.2006427695
366 0.2006427695
367 0.2006427695
368 0.2006427695
369 0.2006427695
370 0.2006427695
371 0.2006427695
372 0.2006427695
373 0.2006427695
374 0.2006427695
375 0.2006427695
376 0.2006427695
377 0.2006427695
378 0.2006427695
379 0.2006427695
380 0.2006427695
381 0.2006427695
382 0.2006427695
383 0.2006427695
384 0.2006427695
385 0.2006427695
386 0.2006427695
387 0.2006427695
388 0.2006427695
389 0.2006427695
390 0.2006427695
391 0.2006427695
392 0.2006427695
393 0.2006427695
394 0.2006427695
395 0.2006427695
396 0.2006427695
397 0.2006427695
398 0.2006427695
399 0.2006427695
400 0.2006427695
401 0.2006427695
402 0.2006427695
403 0.2006427695
404 0.2006427695
405 0.2006427695
406 0.2006427695
407 0.2006427695
408 0.2006427695
409 0.2006427695
410 0.2006427695
411 0.2006427695
412 0.2006427695
413 0.2006427695
414 0.2006427695
415 0.2006427695
416 0.2006427695
417 0.2006427695
418 0.2006427695
419 0.2006427695
420 0.2006427695
421 0.2006427695
422 0.2006427695
423 0.2006427695
424 0.2006427695
425 0.2006427695
426 0.2006427695
427 0.2006427696
428 0.2006427696
429 0.2006427696
430 0.2006427696
431 0.2006427696
432 0.2006427697
433 0.2006427697
434 0.2006427698
435 0.2006427698
436 0.2006427699
437 0.2006427701
438 0.2006427702
439 0.2006427704
440 0.2006427706
441 0.2006427709
442 0.2006427712
443 0.2006427716
444 0.2006427721
445 0.2006427728
446 0.2006427736
447 0.2006427746
448 0.2006427758
449 0.2006427773
450 0.2006427792
451 0.2006427815
452 0.2006427843
453 0.2006427878
454 0.200642792
455 0.2006427972
456 0.2006428036
457 0.2006428115
458 0.2006428211
459 0.2006428328
460 0.200642847
461 0.2006428644
462 0.2006428856
463 0.2006429114
464 0.2006429428
465 0.2006429808
466 0.2006430269
467 0.2006430827
468 0.2006431503
469 0.200643232
470 0.2006433306
471 0.2006434496
472 0.2006435929
473 0.2006437654
474 0.2006439729
475 0.2006442221
476 0.2006445211
477 0.2006448794
478 0.2006453085
479 0.2006458218
480 0.200646435
481 0.200647167
482 0.2006480397
483 0.2006490791
484 0.2006503158
485 0.2006517858
486 0.200653531
487 0.2006556009
488 0.2006580534
489 0.2006609559
490 0.2006643876
491 0.2006684406
492 0.2006732222
493 0.2006788576
494 0.2006854921
495 0.2006932946
496 0.2007024611
497 0.2007132185
498 0.2007258296
499 0.2007405982
500 0.2007578749
501 0.2007780644
502 0.2008016326
503 0.2008291156
504 0.2008611299
505 0.2008983827
506 0.2009416851
507 0.2009919659
508 0.2010502877
509 0.2011178642
510 0.2011960806
511 0.2012865153
512 0.2013909657
513 0.2015114748
514 0.2016503632
515 0.2018102626
516 0.2019941548
517 0.2022054133
518 0.2024478507
519 0.2027257704
520 0.2030440236
521 0.2034080726
522 0.2038240599
523 0.2042988844
524 0.204840285
525 0.205456932
526 0.2061585265
527 0.2069559101
528 0.2078611829
529 0.2088878328
530 0.2100508752
531 0.2113670049
532 0.2128547595
533 0.2145346966
534 0.2164295839
535 0.2185646041
536 0.2209675741
537 0.2236691802
538 0.2267032288
539 0.2301069143
540 0.2339211027
541 0.2381906343
542 0.2429646423
543 0.2482968905
544 0.2542461281
545 0.2608764628
546 0.2682577517
547 0.2764660091
548 0.2855838316
549 0.2957008392
550 0.3069141318
551 0.3193287599
552 0.3330582075
553 0.3482248871
554 0.3649606435
555 0.3834072641
556 0.403716995
557 0.4260530579
558 0.4505901656
559 0.4775150336
560 0.5070268815
561 0.5393379232
562 0.5746738377
563 0.6132742194
564 0.6553929998
565 0.7012988359
566 0.75127546
567 0.8056219838
568 0.8646531507
569 0.9286995293
570 0.9981076412
571 1.073240016
572 1.154475166
573 1.242207472
574 1.336846976
575 1.438819067
576 1.548564062
577 1.666536665
578 1.793205301
579 1.929051321
580 2.074568069
581 2.2302598
582 2.396640458
583 2.574232287
584 2.763564299
585 2.965170566
586 3.179588359
587 3.40735612
588 3.649011265
589 3.905087829
590 4.176113951
591 4.462609192
592 4.765081718
593 5.08402532
594 5.419916314
595 5.773210305
596 6.144338839
597 6.533705955
598 6.941684651
599 7.368613279
600 7.814791891
601 8.280478554
602 8.765885654
603 9.271176213
604 9.796460247
605 10.34179118
606 10.90716236
607 11.49250368
608 12.09767833
609 12.72247976
610 13.36662882
611 14.02977115
612 14.71147477
613 15.41122806
614 16.12843797
615 16.86242861
616 17.61244022
617 18.37762849
618 19.1570644
619 19.94973431
620 20.75454075
621 21.57030346
622 22.39576108
623 23.22957323
624 24.07032315
625 24.91652087
626 25.76660681
627 26.61895595
628 27.47188253
629 28.32364515
630 29.17245244
631 30.01646911
632 30.85382252
633 31.68260963
634 32.50090429
635 33.30676499
636 34.0982428
637 34.87338974
638 35.63026725
639 36.36695493
640 37.08155947
641 37.77222358
642 38.43713505
643 39.07453582
644 39.68273097
645 40.26009759
646 40.80509361
647 41.31626626
648 41.79226046
649 42.23182678
650 42.63382907
651 42.99725178
652 43.32120674
653 43.6049395
654 43.84783518
655 44.04942369
656 44.20938448
657 44.32755054
658 44.40391189
659 44.4386183
660 44.43198141
661 44.38447614
662 44.29674138
663 44.16957997
664 44.00395804
665 43.80100356
666 43.56200424
667 43.28840475
668 42.9818032
669 42.64394707
670 42.27672836
671 41.88217827
672 41.46246109
673 41.01986772
674 40.55680848
675 40.07580549
676 39.57948449
677 39.07056626
678 38.55185755
679 38.02624161
680 37.49666839
681 36.96614435
682 36.43772193
683 35.91448883
684 35.3995569
685 34.89605092
686 34.40709711
687 33.93581151
688 33.48528818
689 33.05858729
690 32.65872319
691 32.28865234
692 31.95126125
693 31.64935445
694 31.38564244
695 31.16272978
696 30.98310322
697 30.84912003
698 30.76299645
699 30.72679641
700 30.74242048
701 30.81159514
702 30.93586244
703 31.11656998
704 31.35486141
705 31.65166746
706 32.00769745
707 32.42343154
708 32.89911354
709 33.43474459
710 34.03007755
711 34.6846123
712 35.39759198
713 36.16800018
714 36.99455923
715 37.87572955
716 38.80971016
717 39.79444042
718 40.82760299
719 41.90662809
720 43.02869904
721 44.19075921
722 45.38952024
723 46.6214717
724 47.88289202
725 49.16986086
726 50.4782727
727 51.80385184
728 53.14216852
729 54.48865629
730 55.8386305
731 57.18730782
732 58.52982667
733 59.86126856
734 61.17668015
735 62.47109583
736 63.73956097
737 64.97715531
738 66.17901675
739 67.34036498
740 68.45652525
741 69.52295162
742 70.53525002
743 71.4892006
744 72.38077933
745 73.2061788
746 73.96182787
747 74.64441023
748 75.25088149
749 75.77848498
750 76.22476579
751 76.58758327
752 76.86512163
753 77.05589876
754 77.15877304
755 77.17294819
756 77.09797611
757 76.93375767
758 76.68054138
759 76.33892013
760 75.90982585
761 75.39452221
762 74.79459545
763 74.11194338
764 73.3487626
765 72.50753415
766 71.59100765
767 70.60218399
768 69.54429685
769 68.42079308
770 67.23531218
771 65.99166496
772 64.69381159
773 63.34583921
774 61.95193926
775 60.51638465
776 59.04350705
777 57.53767429
778 56.00326822
779 54.444663
780 52.86620405
781 51.2721878
782 49.66684236
783 48.05430913
784 46.43862554
785 44.82370905
786 43.21334234
787 41.61115982
788 40.02063559
789 38.44507276
790 36.88759419
791 35.35113469
792 33.8384347
793 32.3520353
794 30.89427471
795 29.46728608
796 28.07299666
797 26.7131282
798 25.38919851
799 24.10252424
800 22.85422464
801 21.64522633
802 20.47626896
803 19.34791163
804 18.26054013
805 17.21437468
806 16.20947826
807 15.24576546
808 14.32301155
809 13.4408619
810 12.59884162
811 11.79636524
812 11.03274647
813 10.30720789
814 9.618890601
815 8.966863649
816 8.350133263
817 7.767651821
818 7.218326506
819 6.701027612
820 6.214596463
821 5.757852925
822 5.329602488
823 4.928642895
824 4.553770306
825 4.203785002
826 3.877496609
827 3.573728855
828 3.291323862
829 3.029145975
830 2.786085148
831 2.561059897
832 2.353019839
833 2.160947824
834 1.983861698
835 1.820815704
836 1.670901547
837 1.53324915
838 1.407027121
839 1.291442947
840 1.185742958
841 1.089212064
842 1.001173295
843 0.9209871763
844 0.8480509388
845 0.7817976066
846 0.7216949686
847 0.6672444554
848 0.6179799407
849 0.5734664812
850 0.5332990114
851 0.4971010061
852 0.4645231235
853 0.4352418402
854 0.4089580891
855 0.3853959074
856 0.3643011049
857 0.3454399574
858 0.3285979333
859 0.3135784566
860 0.3002017112
861 0.28830349
862 0.2777340912
863 0.2683572636
864 0.2600492024
865 0.2526975962
866 0.2462007249
867 0.2404666096
868 0.2354122128
869 0.230962688
870 0.2270506784
871 0.2236156624
872 0.2206033447
873 0.2179650915
874 0.2156574071
875 0.2136414506
876 0.2118825911
877 0.2103499976
878 0.2090162641
879 0.2078570652
880 0.2068508427
881 0.2059785187
882 0.2052232357
883 0.2045701198
884 0.204006067
885 0.2035195494
886 0.20310044
887 0.2027398562
888 0.2024300174
889 0.2021641186
890 0.2019362167
891 0.2017411281
892 0.2015743392
893 0.2014319243
894 0.2013104747
895 0.2012070344
896 0.2011190436
897 0.2010442889
898 0.2009808591
899 0.2009271062
900 0.2008816109
901 0.200843153
902 0.2008106847
903 0.2007833075
904 0.200760252
905 0.2007408603
906 0.2007245706
907 0.2007109038
908 0.2006994519
909 0.2006898679
910 0.2006818571
911 0.2006751698
912 0.2006695941
913 0.2006649512
914 0.2006610897
915 0.2006578822
916 0.2006552213
917 0.2006530164
918 0.2006511918
919 0.2006496838
920 0.2006484389
921 0.2006474126
922 0.2006465674
923 0.2006458724
924 0.2006453015
925 0.2006448331
926 0.2006444493
927 0.2006441353
928 0.2006438786
929 0.2006436691
930 0.2006434983
931 0.2006433592
932 0.2006432461
933 0.2006431542
934 0.2006430796
935 0.2006430192
936 0.2006429704
937 0.2006429308
938 0.200642899
939 0.2006428732
940 0.2006428525
941 0.2006428359
942 0.2006428225
943 0.2006428118
944 0.2006428032
945 0.2006427963
946 0.2006427908
947 0.2006427864
948 0.2006427829
949 0.2006427801
950 0.2006427779
951 0.2006427761
952 0.2006427747
953 0.2006427736
954 0.2006427727
955 0.200642772
956 0.2006427715
957 0.2006427711
958 0.2006427707
959 0.2006427705
960 0.2006427702
961 0.2006427701
962 0.20064277
963 0.2006427699
964 0.2006427698
965 0.2006427697
966 0.2006427697
967 0.2006427696
968 0.2006427696
969 0.2006427696
970 0.2006427696
971 0.2006427695
972 0.2006427695
973 0.2006427695
974 0.2006427695
975 0.2006427695
976 0.2006427695
977 0.2006427695
978 0.2006427695
979 0.2006427695
980 0.2006427695
981 0.2006427695
982 0.2006427695
983 0.2006427695
984 0.2006427695
985 0.2006427695
986 0.2006427695
987 0.2006427695
988 0.2006427695
989 0.2006427695
990 0.2006427695
991 0.2006427695
992 0.2006427695
993 0.2006427695
994 0.2006427695
995 0.2006427695
996 0.2006427695
997 0.2006427695
998 0.2006427695
999 0.2006427695
1000 0.2006427695
1001 0.2006427695
1002 0.2006427695
1003 0.2006427695
1004 0.2006427695
1005 0.2006427695
1006 0.2006427695
1007 0.2006427695
1008 0.2006427695
1009 0.2006427695
1010 0.2006427695
1011 0.2006427695
1012 0.2006427695
1013 0.2006427695
1014 0.2006427695
1015 0.2006427695
1016 0.2006427695
1017 0.2006427695
1018 0.2006427695
1019 0.2006427695
1020 0.2006427695
1021 0.2006427695
1022 0.2006427695
1023 0.2006427695
