#53978 2909.9980652466179012 0.0045705140171573774288 1 1285 16.000049430220818044 1024 7 1 J1713+0747 0.0000000 
0 -0.2650223678
1 -0.2650223678
2 -0.2650223678
3 -0.2650223678
4 -0.2650223678
5 -0.2650223678
6 -0.2650223678
7 -0.2650223678
8 -0.2650223678
9 -0.2650223678
10 -0.2650223678
11 -0.2650223678
12 -0.2650223678
13 -0.2650223678
14 -0.2650223678
15 -0.2650223678
16 -0.2650223678
17 -0.2650223678
18 -0.2650223678
19 -0.2650223678
20 -0.2650223678
21 -0.2650223678
22 -0.2650223678
23 -0.2650223678
24 -0.2650223678
25 -0.2650223678
26 -0.2650223678
27 -0.2650223678
28 -0.2650223678
29 -0.2650223678
30 -0.2650223678
31 -0.2650223678
32 -0.2650223678
33 -0.2650223678
34 -0.2650223678
35 -0.2650223678
36 -0.2650223678
37 -0.2650223678
38 -0.2650223678
39 -0.2650223678
40 -0.2650223678
41 -0.2650223678
42 -0.2650223678
43 -0.2650223678
44 -0.2650223678
45 -0.2650223678
46 -0.2650223678
47 -0.2650223678
48 -0.2650223678
49 -0.2650223678
50 -0.2650223678
51 -0.2650223678
52 -0.2650223678
53 -0.2650223678
54 -0.2650223678
55 -0.2650223678
56 -0.2650223678
57 -0.2650223678
58 -0.2650223678
59 -0.2650223678
60 -0.2650223678
61 -0.2650223678
62 -0.2650223678
63 -0.2650223678
64 -0.2650223678
65 -0.2650223678
66 -0.2650223678
67 -0.2650223678
68 -0.2650223678
69 -0.2650223678
70 -0.2650223678
71 -0.2650223678
72 -0.2650223678
73 -0.2650223678
74 -0.2650223678
75 -0.2650223678
76 -0.2650223678
77 -0.2650223678
78 -0.2650223678
79 -0.2650223678
80 -0.2650223678
81 -0.2650223678
82 -0.2650223678
83 -0.2650223678
84 -0.2650223678
85 -0.2650223678
86 -0.2650223678
87 -0.2650223678
88 -0.2650223678
89 -0.2650223678
90 -0.2650223678
91 -0.2650223678
92 -0.2650223678
93 -0.2650223678
94 -0.2650223678
95 -0.2650223678
96 -0.2650223678
97 -0.2650223678
98 -0.2650223678
99 -0.2650223678
100 -0.2650223678
101 -0.2650223678
102 -0.2650223678
103 -0.2650223678
104 -0.2650223678
105 -0.2650223678
106 -0.2650223678
107 -0.2650223678
108 -0.2650223678
109 -0.2650223678
110 -0.2650223678
111 -0.2650223678
112 -0.2650223678
113 -0.2650223678
114 -0.2650223678
115 -0.2650223678
116 -0.2650223678
117 -0.2650223678
118 -0.2650223678
119 -0.2650223678
120 -0.2650223678
121 -0.2650223678
122 -0.2650223678
123 -0.2650223678
124 -0.2650223678
125 -0.2650223678
126 -0.2650223678
127 -0.2650223678
128 -0.2650223678
129 -0.2650223678
130 -0.2650223678
131 -0.2650223678
132 -0.2650223678
133 -0.2650223678
134 -0.2650223678
135 -0.2650223678
136 -0.2650223678
137 -0.2650223678
138 -0.2650223678
139 -0.2650223678
140 -0.2650223678
141 -0.2650223678
142 -0.2650223678
143 -0.2650223678
144 -0.2650223678
145 -0.2650223678
146 -0.2650223678
147 -0.2650223678
148 -0.2650223678
149 -0.2650223678
150 -0.2650223678
151 -0.2650223678
152 -0.2650223678
153 -0.2650223678
154 -0.2650223678
155 -0.2650223678
156 -0.2650223678
157 -0.2650223678
158 -0.2650223678
159 -0.2650223678
160 -0.2650223678
161 -0.2650223678
162 -0.2650223678
163 -0.2650223678
164 -0.2650223678
165 -0.2650223678
166 -0.2650223678
167 -0.2650223678
168 -0.2650223678
169 -0.2650223678
170 -0.2650223678
171 -0.2650223678
172 -0.2650223678
173 -0.2650223678
174 -0.2650223678
175 -0.2650223678
176 -0.2650223678
177 -0.2650223678
178 -0.2650223678
179 -0.2650223678
180 -0.2650223678
181 -0.2650223678
182 -0.2650223678
183 -0.2650223678
184 -0.2650223678
185 -0.2650223678
186 -0.2650223678
187 -0.2650223678
188 -0.2650223678
189 -0.2650223678
190 -0.2650223678
191 -0.2650223678
192 -0.2650223678
193 -0.2650223678
194 -0.2650223678
195 -0.2650223678
196 -0.2650223678
197 -0.2650223678
198 -0.2650223678
199 -0.2650223678
200 -0.2650223678
201 -0.2650223678
202 -0.2650223678
203 -0.2650223678
204 -0.2650223678
205 -0.2650223678
206 -0.2650223678
207 -0.2650223678
208 -0.2650223678
209 -0.2650223678
210 -0.2650223678
211 -0.2650223678
212 -0.2650223678
213 -0.2650223678
214 -0.2650223678
215 -0.2650223678
216 -0.2650223678
217 -0.2650223678
218 -0.2650223678
219 -0.2650223678
220 -0.2650223678
221 -0.2650223678
222 -0.2650223678
223 -0.2650223678
224 -0.2650223678
225 -0.2650223678
226 -0.2650223678
227 -0.2650223678
228 -0.2650223678
229 -0.2650223678
230 -0.2650223678
231 -0.2650223678
232 -0.2650223678
233 -0.2650223678
234 -0.2650223678
235 -0.2650223678
236 -0.2650223678
237 -0.2650223678
238 -0.2650223678
239 -0.2650223678
240 -0.2650223678
241 -0.2650223678
242 -0.2650223678
243 -0.2650223678
244 -0.2650223678
245 -0.2650223678
246 -0.2650223678
247 -0.2650223677
248 -0.2650223677
249 -0.2650223677
250 -0.2650223677
251 -0.2650223676
252 -0.2650223676
253 -0.2650223675
254 -0.2650223675
255 -0.2650223674
256 -0.2650223673
257 -0.2650223671
258 -0.2650223669
259 -0.2650223667
260 -0.2650223664
261 -0.2650223661
262 -0.2650223656
263 -0.2650223651
264 -0.2650223645
265 -0.2650223636
266 -0.2650223626
267 -0.2650223614
268 -0.2650223598
269 -0.2650223579
270 -0.2650223555
271 -0.2650223526
272 -0.2650223491
273 -0.2650223447
274 -0.2650223393
275 -0.2650223327
276 -0.2650223247
277 -0.2650223148
278 -0.2650223028
279 -0.2650222881
280 -0.2650222701
281 -0.2650222483
282 -0.2650222217
283 -0.2650221894
284 -0.2650221501
285 -0.2650221025
286 -0.2650220448
287 -0.265021975
288 -0.2650218906
289 -0.2650217886
290 -0.2650216655
291 -0.2650215172
292 -0.2650213386
293 -0.2650211238
294 -0.2650208656
295 -0.2650205558
296 -0.2650201843
297 -0.2650197392
298 -0.2650192068
299 -0.2650185703
300 -0.2650178104
301 -0.265016904
302 -0.2650158239
303 -0.2650145385
304 -0.26501301
305 -0.2650111947
306 -0.2650090408
307 -0.2650064879
308 -0.2650034653
309 -0.2649998904
310 -0.2649956667
311 -0.2649906818
312 -0.2649848046
313 -0.2649778829
314 -0.2649697395
315 -0.2649601691
316 -0.2649489334
317 -0.2649357566
318 -0.2649203199
319 -0.2649022547
320 -0.264881136
321 -0.2648564738
322 -0.2648277043
323 -0.2647941788
324 -0.264755153
325 -0.2647097725
326 -0.2646570588
327 -0.2645958923
328 -0.2645249929
329 -0.2644428996
330 -0.2643479466
331 -0.2642382364
332 -0.264111611
333 -0.2639656186
334 -0.2637974769
335 -0.2636040327
336 -0.2633817168
337 -0.2631264935
338 -0.2628338059
339 -0.2624985148
340 -0.2621148308
341 -0.261676241
342 -0.2611754271
343 -0.2606041763
344 -0.2599532832
345 -0.2592124432
346 -0.2583701356
347 -0.2574134961
348 -0.2563281788
349 -0.2550982059
350 -0.2537058044
351 -0.2521312306
352 -0.2503525791
353 -0.2483455787
354 -0.2460833711
355 -0.2435362748
356 -0.240671531
357 -0.2374530335
358 -0.2338410387
359 -0.2297918586
360 -0.2252575342
361 -0.220185489
362 -0.214518164
363 -0.2081926319
364 -0.201140192
365 -0.1932859453
366 -0.1845483504
367 -0.1748387603
368 -0.1640609413
369 -0.1521105744
370 -0.1388747406
371 -0.1242313919
372 -0.1080488084
373 -0.09018504577
374 -0.07048737253
375 -0.04879170237
376 -0.02492202282
377 0.001310175578
378 0.03010646623
379 0.06168204526
380 0.09626627776
381 0.1341032266
382 0.1754521582
383 0.2205880207
384 0.2698018864
385 0.3234013545
386 0.3817109055
387 0.4450722012
388 0.5138443218
389 0.5884039345
390 0.6691453826
391 0.7564806903
392 0.850839472
393 0.9526687402
394 1.062432602
395 1.180611837
396 1.307703346
397 1.44421947
398 1.590687157
399 1.747646989
400 1.915652044
401 2.095266602
402 2.287064676
403 2.491628371
404 2.709546071
405 2.941410443
406 3.187816256
407 3.449358021
408 3.726627455
409 4.020210755
410 4.330685709
411 4.658618627
412 5.004561114
413 5.369046693
414 5.752587274
415 6.155669503
416 6.578750986
417 7.022256417
418 7.486573619
419 7.972049525
420 8.478986113
421 9.007636325
422 9.558199988
423 10.13081977
424 10.72557721
425 11.34248879
426 11.98150217
427 12.64249258
428 13.32525933
429 14.0295226
430 14.75492045
431 15.50100608
432 16.26724544
433 17.05301515
434 17.8576008
435 18.68019568
436 19.51989984
437 20.37571976
438 21.24656831
439 22.13126537
440 23.02853889
441 23.93702645
442 24.85527747
443 25.78175589
444 26.71484342
445 27.65284341
446 28.59398522
447 29.53642919
448 30.47827213
449 31.41755335
450 32.35226126
451 33.28034035
452 34.19969877
453 35.10821625
454 36.00375248
455 36.88415584
456 37.74727244
457 38.59095548
458 39.4130748
459 40.21152669
460 40.98424373
461 41.72920479
462 42.44444505
463 43.12806595
464 43.77824507
465 44.39324589
466 44.97142729
467 45.51125289
468 46.01129993
469 46.47026797
470 46.88698698
471 47.2604251
472 47.58969584
473 47.8740647
474 48.11295521
475 48.30595436
476 48.45281733
477 48.55347151
478 48.60801986
479 48.61674346
480 48.58010331
481 48.49874145
482 48.37348116
483 48.2053265
484 47.99546099
485 47.7452456
486 47.45621587
487 47.13007837
488 46.76870636
489 46.37413478
490 45.9485545
491 45.49430595
492 45.01387202
493 44.50987044
494 43.98504548
495 43.44225921
496 42.88448205
497 42.31478303
498 41.73631947
499 41.15232623
500 40.56610462
501 39.9810109
502 39.40044451
503 38.82783592
504 38.26663431
505 37.72029494
506 37.19226634
507 36.6859774
508 36.20482421
509 35.75215689
510 35.33126628
511 34.94537064
512 34.59760233
513 34.29099451
514 34.02846789
515 33.81281763
516 33.64670033
517 33.53262123
518 33.47292166
519 33.46976668
520 33.52513316
521 33.64079815
522 33.81832766
523 34.05906603
524 34.36412572
525 34.73437781
526 35.17044305
527 35.6726838
528 36.2411966
529 36.87580575
530 37.57605773
531 38.34121667
532 39.17026088
533 40.06188053
534 41.01447646
535 42.02616037
536 43.09475618
537 44.21780287
538 45.39255865
539 46.61600659
540 47.88486176
541 49.19557979
542 50.54436699
543 51.92719194
544 53.33979862
545 54.77772092
546 56.23629867
547 57.71069506
548 59.1959153
549 60.6868267
550 62.17817975
551 63.66463045
552 65.14076347
553 66.6011163
554 68.04020401
555 69.45254471
556 70.83268531
557 72.17522771
558 73.47485501
559 74.72635766
560 75.92465947
561 77.06484314
562 78.14217521
563 79.15213033
564 80.0904145
565 80.9529873
566 81.73608278
567 82.43622901
568 83.050266
569 83.57536191
570 84.00902753
571 84.3491287
572 84.59389676
573 84.74193687
574 84.79223416
575 84.74415764
576 84.59746183
577 84.3522862
578 84.00915225
579 83.56895845
580 83.03297291
581 82.40282397
582 81.68048877
583 80.86827978
584 79.96882957
585 78.98507381
586 77.92023275
587 76.77779119
588 75.56147728
589 74.27524013
590 72.92322651
591 71.5097569
592 70.03930079
593 68.51645183
594 66.94590254
595 65.33241923
596 63.68081694
597 61.99593474
598 60.2826116
599 58.54566285
600 56.78985748
601 55.01989639
602 53.24039167
603 51.45584717
604 49.67064019
605 47.88900475
606 46.11501611
607 44.3525769
608 42.60540481
609 40.87702176
610 39.17074478
611 37.48967837
612 35.83670853
613 34.21449829
614 32.62548479
615 31.07187781
616 29.55565974
617 28.07858689
618 26.64219205
619 25.24778833
620 23.89647399
621 22.58913838
622 21.32646877
623 20.10895802
624 18.93691293
625 17.8104633
626 16.72957142
627 15.69404207
628 14.70353282
629 13.75756457
630 12.85553223
631 11.99671554
632 11.18028976
633 10.40533639
634 9.670853651
635 8.975766788
636 8.31893809
637 7.699176575
638 7.115247308
639 6.565880312
640 6.049779025
641 5.565628298
642 5.112101892
643 4.687869482
644 4.29160313
645 3.92198325
646 3.577704044
647 3.257478423
648 2.960042419
649 2.684159099
650 2.428621992
651 2.192258055
652 1.973930184
653 1.772539303
654 1.587026052
655 1.416372091
656 1.259601054
657 1.115779169
658 0.9840155843
659 0.8634624103
660 0.753314514
661 0.6528090877
662 0.5612250171
663 0.477882072
664 0.4021399439
665 0.3333971509
666 0.2710898323
667 0.2146904517
668 0.1637064259
669 0.117678699
670 0.07618027547
671 0.03881472634
672 0.005214683497
673 -0.02495966829
674 -0.05202209008
675 -0.07626176914
676 -0.09794477312
677 -0.1173154709
678 -0.1345979141
679 -0.1499971751
680 -0.163700636
681 -0.1758792273
682 -0.1866886124
683 -0.1962703172
684 -0.204752803
685 -0.212252483
686 -0.2188746819
687 -0.2247145395
688 -0.2298578584
689 -0.2343818982
690 -0.2383561169
691 -0.2418428607
692 -0.2448980057
693 -0.2475715518
694 -0.2499081719
695 -0.2519477186
696 -0.2537256902
697 -0.2552736587
698 -0.2566196616
699 -0.2577885604
700 -0.2588023677
701 -0.2596805443
702 -0.2604402699
703 -0.2610966879
704 -0.2616631273
705 -0.262151303
706 -0.262571496
707 -0.2629327163
708 -0.2632428479
709 -0.2635087804
710 -0.2637365251
711 -0.2639313197
712 -0.2640977215
713 -0.2642396899
714 -0.2643606601
715 -0.2644636082
716 -0.264551109
717 -0.2646253869
718 -0.2646883608
719 -0.2647416842
720 -0.2647867792
721 -0.2648248677
722 -0.2648569981
723 -0.2648840684
724 -0.264906847
725 -0.2649259902
726 -0.2649420582
727 -0.2649555281
728 -0.2649668059
729 -0.2649762365
730 -0.2649841127
731 -0.2649906824
732 -0.2649961555
733 -0.2650007094
734 -0.2650044937
735 -0.2650076347
736 -0.2650102383
737 -0.2650123938
738 -0.2650141762
739 -0.2650156482
740 -0.2650168623
741 -0.2650178625
742 -0.2650186855
743 -0.2650193617
744 -0.2650199167
745 -0.2650203717
746 -0.2650207442
747 -0.2650210487
748 -0.2650212975
749 -0.2650215003
750 -0.2650216656
751 -0.2650218001
752 -0.2650219093
753 -0.265021998
754 -0.2650220699
755 -0.2650221281
756 -0.2650221752
757 -0.2650222132
758 -0.2650222439
759 -0.2650222686
760 -0.2650222884
761 -0.2650223044
762 -0.2650223172
763 -0.2650223275
764 -0.2650223357
765 -0.2650223423
766 -0.2650223476
767 -0.2650223518
768 -0.2650223551
769 -0.2650223578
770 -0.2650223599
771 -0.2650223615
772 -0.2650223629
773 -0.2650223639
774 -0.2650223648
775 -0.2650223654
776 -0.2650223659
777 -0.2650223663
778 -0.2650223667
779 -0.2650223669
780 -0.2650223671
781 -0.2650223673
782 -0.2650223674
783 -0.2650223675
784 -0.2650223676
785 -0.2650223676
786 -0.2650223677
787 -0.2650223677
788 -0.2650223677
789 -0.2650223677
790 -0.2650223678
791 -0.2650223678
792 -0.2650223678
793 -0.2650223678
794 -0.2650223678
795 -0.2650223678
796 -0.2650223678
797 -0.2650223678
798 -0.2650223678
799 -0.2650223678
800 -0.2650223678
801 -0.2650223678
802 -0.2650223678
803 -0.2650223678
804 -0.2650223678
805 -0.2650223678
806 -0.2650223678
807 -0.2650223678
808 -0.2650223678
809 -0.2650223678
810 -0.2650223678
811 -0.2650223678
812 -0.2650223678
813 -0.2650223678
814 -0.2650223678
815 -0.2650223678
816 -0.2650223678
817 -0.2650223678
818 -0.2650223678
819 -0.2650223678
820 -0.2650223678
821 -0.2650223678
822 -0.2650223678
823 -0.2650223678
824 -0.2650223678
825 -0.2650223678
826 -0.2650223678
827 -0.2650223678
828 -0.2650223678
829 -0.2650223678
830 -0.2650223678
831 -0.2650223678
832 -0.2650223678
833 -0.2650223678
834 -0.2650223678
835 -0.2650223678
836 -0.2650223678
837 -0.2650223678
838 -0.2650223678
839 -0.2650223678
840 -0.2650223678
841 -0.2650223678
842 -0.2650223678
843 -0.2650223678
844 -0.2650223678
845 -0.2650223678
846 -0.2650223678
847 -0.2650223678
848 -0.2650223678
849 -0.2650223678
850 -0.2650223678
851 -0.2650223678
852 -0.2650223678
853 -0.2650223678
854 -0.2650223678
855 -0.2650223678
856 -0.2650223678
857 -0.2650223678
858 -0.2650223678
859 -0.2650223678
860 -0.2650223678
861 -0.2650223678
862 -0.2650223678
863 -0.2650223678
864 -0.2650223678
865 -0.2650223678
866 -0.2650223678
867 -0.2650223678
868 -0.2650223678
869 -0.2650223678
870 -0.2650223678
871 -0.2650223678
872 -0.2650223678
873 -0.2650223678
874 -0.2650223678
875 -0.2650223678
876 -0.2650223678
877 -0.2650223678
878 -0.2650223678
879 -0.2650223678
880 -0.2650223678
881 -0.2650223678
882 -0.2650223678
883 -0.2650223678
884 -0.2650223678
885 -0.2650223678
886 -0.2650223678
887 -0.2650223678
888 -0.2650223678
889 -0.2650223678
890 -0.2650223678
891 -0.2650223678
892 -0.2650223678
893 -0.2650223678
894 -0.2650223678
895 -0.2650223678
896 -0.2650223678
897 -0.2650223678
898 -0.2650223678
899 -0.2650223678
900 -0.2650223678
901 -0.2650223678
902 -0.2650223678
903 -0.2650223678
904 -0.2650223678
905 -0.2650223678
906 -0.2650223678
907 -0.2650223678
908 -0.2650223678
909 -0.2650223678
910 -0.2650223678
911 -0.2650223678
912 -0.2650223678
913 -0.2650223678
914 -0.2650223678
915 -0.2650223678
916 -0.2650223678
917 -0.2650223678
918 -0.2650223678
919 -0.2650223678
920 -0.2650223678
921 -0.2650223678
922 -0.2650223678
923 -0.2650223678
924 -0.2650223678
925 -0.2650223678
926 -0.2650223678
927 -0.2650223678
928 -0.2650223678
929 -0.2650223678
930 -0.2650223678
931 -0.2650223678
932 -0.2650223678
933 -0.2650223678
934 -0.2650223678
935 -0.2650223678
936 -0.2650223678
937 -0.2650223678
938 -0.2650223678
939 -0.2650223678
940 -0.2650223678
941 -0.2650223678
942 -0.2650223678
943 -0.2650223678
944 -0.2650223678
945 -0.2650223678
946 -0.2650223678
947 -0.2650223678
948 -0.2650223678
949 -0.2650223678
950 -0.2650223678
951 -0.2650223678
952 -0.2650223678
953 -0.2650223678
954 -0.2650223678
955 -0.2650223678
956 -0.2650223678
957 -0.2650223678
958 -0.2650223678
959 -0.2650223678
960 -0.2650223678
961 -0.2650223678
962 -0.2650223678
963 -0.2650223678
964 -0.2650223678
965 -0.2650223678
966 -0.2650223678
967 -0.2650223678
968 -0.2650223678
969 -0.2650223678
970 -0.2650223678
971 -0.2650223678
972 -0.2650223678
973 -0.2650223678
974 -0.2650223678
975 -0.2650223678
976 -0.2650223678
977 -0.2650223678
978 -0.2650223678
979 -0.2650223678
980 -0.2650223678
981 -0.2650223678
982 -0.2650223678
983 -0.2650223678
984 -0.2650223678
985 -0.2650223678
986 -0.2650223678
987 -0.2650223678
988 -0.2650223678
989 -0.2650223678
990 -0.2650223678
991 -0.2650223678
992 -0.2650223678
993 -0.2650223678
994 -0.2650223678
995 -0.2650223678
996 -0.2650223678
997 -0.2650223678
998 -0.2650223678
999 -0.2650223678
1000 -0.2650223678
1001 -0.2650223678
1002 -0.2650223678
1003 -0.2650223678
1004 -0.2650223678
1005 -0.2650223678
1006 -0.2650223678
1007 -0.2650223678
1008 -0.2650223678
1009 -0.2650223678
1010 -0.2650223678
1011 -0.2650223678
1012 -0.2650223678
1013 -0.2650223678
1014 -0.2650223678
1015 -0.2650223678
1016 -0.2650223678
1017 -0.2650223678
1018 -0.2650223678
1019 -0.2650223678
1020 -0.2650223678
1021 -0.2650223678
1022 -0.2650223678
1023 -0.2650223678
