#54044 2910.0004669255049192 0.0045703488574576839679 1 1453 16.000049430220818044 1024 7 1 J1713+0747 0.0000000 
0 0.084097781
1 0.08409778197
2 0.08409778318
3 0.08409778466
4 0.08409778648
5 0.08409778874
6 0.08409779151
7 0.08409779491
8 0.08409779909
9 0.08409780422
10 0.0840978105
11 0.08409781819
12 0.08409782759
13 0.08409783907
14 0.08409785308
15 0.08409787016
16 0.08409789096
17 0.08409791625
18 0.08409794698
19 0.08409798428
20 0.08409802951
21 0.08409808429
22 0.08409815058
23 0.0840982307
24 0.08409832743
25 0.08409844411
26 0.0840985847
27 0.08409875391
28 0.08409895736
29 0.08409920173
30 0.08409949493
31 0.08409984635
32 0.08410026711
33 0.08410077036
34 0.08410137163
35 0.08410208928
36 0.08410294491
37 0.08410396399
38 0.08410517645
39 0.08410661746
40 0.08410832832
41 0.08411035741
42 0.08411276137
43 0.08411560646
44 0.08411897006
45 0.08412294248
46 0.08412762895
47 0.08413315198
48 0.084139654
49 0.08414730045
50 0.08415628324
51 0.08416682473
52 0.08417918228
53 0.0841936534
54 0.0842105816
55 0.08423036306
56 0.08425345414
57 0.08428037995
58 0.08431174395
59 0.08434823883
60 0.08439065877
61 0.08443991326
62 0.08449704252
63 0.08456323497
64 0.08463984664
65 0.084728423
66 0.08483072332
67 0.08494874776
68 0.08508476771
69 0.08524135934
70 0.08542144105
71 0.08562831479
72 0.085865712
73 0.08613784424
74 0.08644945916
75 0.08680590209
76 0.08721318384
77 0.08767805518
78 0.0882080884
79 0.08881176675
80 0.08949858197
81 0.09027914085
82 0.09116528119
83 0.09217019783
84 0.09330857944
85 0.09459675664
86 0.09605286211
87 0.09769700341
88 0.09955144896
89 0.1016408281
90 0.1039923452
91 0.1066360099
92 0.1096048814
93 0.1129353303
94 0.1166673161
95 0.1208446823
96 0.1255154676
97 0.1307322358
98 0.1365524226
99 0.1430386991
100 0.1502593538
101 0.1582886911
102 0.1672074455
103 0.1771032125
104 0.1880708942
105 0.2002131581
106 0.2136409088
107 0.2284737704
108 0.2448405781
109 0.2628798759
110 0.2827404197
111 0.3045816811
112 0.3285743501
113 0.3549008334
114 0.3837557429
115 0.4153463728
116 0.4498931587
117 0.4876301148
118 0.5288052445
119 0.573680918
120 0.6225342117
121 0.6756572031
122 0.7333572151
123 0.7959570027
124 0.8637948751
125 0.9372247471
126 1.016616112
127 1.102353925
128 1.194838404
129 1.294484712
130 1.401722552
131 1.516995629
132 1.640761004
133 1.773488309
134 1.915658834
135 2.067764473
136 2.230306517
137 2.403794308
138 2.588743728
139 2.785675539
140 2.995113559
141 3.217582676
142 3.453606709
143 3.703706105
144 3.968395475
145 4.248180984
146 4.543557595
147 4.855006162
148 5.182990401
149 5.527953735
150 5.890316023
151 6.270470201
152 6.668778827
153 7.085570574
154 7.521136659
155 7.975727254
156 8.449547881
157 8.942755826
158 9.455456585
159 9.987700378
160 10.53947874
161 11.11072126
162 11.70129239
163 12.31098851
164 12.93953514
165 13.58658439
166 14.25171266
167 14.93441862
168 15.63412154
169 16.35015987
170 17.0817903
171 17.82818707
172 18.58844182
173 19.36156377
174 20.14648039
175 20.94203853
176 21.74700602
177 22.56007374
178 23.37985822
179 24.20490468
180 25.03369067
181 25.86463007
182 26.69607768
183 27.52633425
184 28.353652
185 29.17624055
186 29.99227333
187 30.79989433
188 31.59722528
189 32.38237318
190 33.15343806
191 33.90852113
192 34.64573307
193 35.36320256
194 36.05908493
195 36.73157096
196 37.37889564
197 37.99934703
198 38.59127502
199 39.15310002
200 39.68332147
201 40.18052618
202 40.6433964
203 41.07071765
204 41.46138612
205 41.81441579
206 42.12894499
207 42.40424265
208 42.63971387
209 42.83490514
210 42.98950877
211 43.10336693
212 43.17647495
213 43.20898395
214 43.20120293
215 43.15360006
216 43.06680339
217 42.94160076
218 42.77893919
219 42.57992336
220 42.34581363
221 42.07802325
222 41.77811496
223 41.4477969
224 41.08891801
225 40.70346266
226 40.29354484
227 39.86140169
228 39.40938654
229 38.93996147
230 38.45568929
231 37.95922517
232 37.4533078
233 36.94075014
234 36.42442986
235 35.90727934
236 35.39227552
237 34.88242929
238 34.38077476
239 33.89035831
240 33.4142273
241 32.95541882
242 32.51694814
243 32.10179716
244 31.71290268
245 31.35314469
246 31.02533463
247 30.73220361
248 30.47639072
249 30.26043139
250 30.08674582
251 29.95762762
252 29.87523257
253 29.84156761
254 29.85848008
255 29.92764729
256 30.05056641
257 30.22854477
258 30.46269059
259 30.75390423
260 31.10286997
261 31.51004844
262 31.9756697
263 32.499727
264 33.08197143
265 33.72190734
266 34.41878866
267 35.17161627
268 35.97913631
269 36.83983961
270 37.75196221
271 38.71348709
272 39.72214713
273 40.77542925
274 41.87057993
275 43.00461195
276 44.17431248
277 45.37625254
278 46.60679771
279 47.8621202
280 49.13821217
281 50.43090037
282 51.73586192
283 53.04864124
284 54.36466816
285 55.67927692
286 56.98772618
287 58.28521979
288 59.56692834
289 60.82801122
290 62.06363922
291 63.26901744
292 64.43940838
293 65.57015509
294 66.65670419
295 67.69462871
296 68.67965036
297 69.60766143
298 70.47474577
299 71.27719904
300 72.01154786
301 72.67456776
302 73.26329997
303 73.77506657
304 74.20748432
305 74.55847664
306 74.82628395
307 75.00947222
308 75.10693951
309 75.11792065
310 75.04198994
311 74.87906186
312 74.62938972
313 74.29356237
314 73.87249898
315 73.36744187
316 72.77994745
317 72.11187549
318 71.36537661
319 70.54287822
320 69.64706899
321 68.680882
322 67.64747664
323 66.55021946
324 65.39266416
325 64.17853071
326 62.91168401
327 61.59611199
328 60.23590353
329 58.83522623
330 57.39830421
331 55.92939616
332 54.43277371
333 52.91270031
334 51.37341077
335 49.81909148
336 48.25386164
337 46.68175534
338 45.10670482
339 43.53252485
340 41.96289836
341 40.40136335
342 38.85130119
343 37.31592622
344 35.79827681
345 34.30120782
346 32.82738439
347 31.37927724
348 29.9591592
349 28.56910319
350 27.21098138
351 25.88646564
352 24.59702912
353 23.34394897
354 22.12831006
355 20.95100961
356 19.8127628
357 18.71410903
358 17.65541897
359 16.63690213
360 15.65861508
361 14.72046994
362 13.82224335
363 12.96358565
364 12.14403021
365 11.36300293
366 10.61983174
367 9.913756047
368 9.243936132
369 8.609462325
370 8.009364017
371 7.442618383
372 6.908158813
373 6.40488299
374 5.931660606
375 5.487340669
376 5.070758388
377 4.680741625
378 4.316116887
379 3.975714873
380 3.658375552
381 3.362952782
382 3.088318481
383 2.833366347
384 2.597015142
385 2.37821156
386 2.175932683
387 1.989188057
388 1.817021389
389 1.658511907
390 1.512775388
391 1.378964884
392 1.256271165
393 1.14392291
394 1.041186653
395 0.9473665274
396 0.8618038096
397 0.7838763031
398 0.7129975675
399 0.6486160235
400 0.5902139461
401 0.5373063689
402 0.4894399122
403 0.4461915537
404 0.4071673545
405 0.3720011545
406 0.3403532495
407 0.3119090601
408 0.2863778045
409 0.2634911807
410 0.2430020691
411 0.2246832602
412 0.2083262136
413 0.1937398537
414 0.1807494059
415 0.1691952755
416 0.1589319737
417 0.149827091
418 0.1417603198
419 0.1346225267
420 0.1283148756
421 0.1227480001
422 0.1178412251
423 0.1135218374
424 0.1097244034
425 0.1063901327
426 0.1034662856
427 0.1009056241
428 0.09866590289
429 0.09670939983
430 0.09500248279
431 0.0935152118
432 0.09222097393
433 0.09109614913
434 0.09011980503
435 0.08927341871
436 0.08854062367
437 0.08790698017
438 0.0873597671
439 0.08688779388
440 0.08648123067
441 0.08613145545
442 0.08583091662
443 0.08557300961
444 0.08535196646
445 0.08516275707
446 0.08500100108
447 0.08486288936
448 0.08474511429
449 0.08464480772
450 0.08455948617
451 0.08448700222
452 0.08442550167
453 0.08437338574
454 0.08432927782
455 0.08429199424
456 0.08426051864
457 0.08423397957
458 0.08421163082
459 0.08419283433
460 0.08417704525
461 0.08416379899
462 0.08415269993
463 0.08414341162
464 0.08413564836
465 0.08412916784
466 0.08412376487
467 0.0841192659
468 0.08411552434
469 0.08411241657
470 0.08410983843
471 0.08410770233
472 0.08410593468
473 0.08410447375
474 0.08410326782
475 0.08410227362
476 0.08410145499
477 0.08410078177
478 0.08410022881
479 0.08409977519
480 0.08409940354
481 0.08409909941
482 0.08409885085
483 0.08409864796
484 0.08409848255
485 0.08409834786
486 0.08409823833
487 0.08409814936
488 0.08409807719
489 0.08409801871
490 0.08409797139
491 0.08409793315
492 0.08409790227
493 0.08409787738
494 0.08409785734
495 0.08409784122
496 0.08409782827
497 0.08409781789
498 0.08409780956
499 0.0840978029
500 0.08409779758
501 0.08409779333
502 0.08409778994
503 0.08409778724
504 0.0840977851
505 0.08409778339
506 0.08409778204
507 0.08409778097
508 0.08409778012
509 0.08409777945
510 0.08409777892
511 0.0840977785
512 0.08409777817
513 0.08409777792
514 0.08409777771
515 0.08409777755
516 0.08409777743
517 0.08409777733
518 0.08409777725
519 0.08409777719
520 0.08409777715
521 0.08409777711
522 0.08409777708
523 0.08409777706
524 0.08409777704
525 0.08409777703
526 0.08409777702
527 0.08409777701
528 0.08409777701
529 0.084097777
530 0.084097777
531 0.084097777
532 0.08409777699
533 0.08409777699
534 0.08409777699
535 0.08409777699
536 0.08409777699
537 0.08409777699
538 0.08409777699
539 0.08409777699
540 0.08409777699
541 0.08409777699
542 0.08409777699
543 0.08409777699
544 0.08409777699
545 0.08409777699
546 0.08409777699
547 0.08409777699
548 0.08409777699
549 0.08409777699
550 0.08409777699
551 0.08409777699
552 0.08409777699
553 0.08409777699
554 0.08409777699
555 0.08409777699
556 0.08409777699
557 0.08409777699
558 0.08409777699
559 0.08409777699
560 0.08409777699
561 0.08409777699
562 0.08409777699
563 0.08409777699
564 0.08409777699
565 0.08409777699
566 0.08409777699
567 0.08409777699
568 0.08409777699
569 0.08409777699
570 0.08409777699
571 0.08409777699
572 0.08409777699
573 0.08409777699
574 0.08409777699
575 0.08409777699
576 0.08409777699
577 0.08409777699
578 0.08409777699
579 0.08409777699
580 0.08409777699
581 0.08409777699
582 0.08409777699
583 0.08409777699
584 0.08409777699
585 0.08409777699
586 0.08409777699
587 0.08409777699
588 0.08409777699
589 0.08409777699
590 0.08409777699
591 0.08409777699
592 0.08409777699
593 0.08409777699
594 0.08409777699
595 0.08409777699
596 0.08409777699
597 0.08409777699
598 0.08409777699
599 0.08409777699
600 0.08409777699
601 0.08409777699
602 0.08409777699
603 0.08409777699
604 0.08409777699
605 0.08409777699
606 0.08409777699
607 0.08409777699
608 0.08409777699
609 0.08409777699
610 0.08409777699
611 0.08409777699
612 0.08409777699
613 0.08409777699
614 0.08409777699
615 0.08409777699
616 0.08409777699
617 0.08409777699
618 0.08409777699
619 0.08409777699
620 0.08409777699
621 0.08409777699
622 0.08409777699
623 0.08409777699
624 0.08409777699
625 0.08409777699
626 0.08409777699
627 0.08409777699
628 0.08409777699
629 0.08409777699
630 0.08409777699
631 0.08409777699
632 0.08409777699
633 0.08409777699
634 0.08409777699
635 0.08409777699
636 0.08409777699
637 0.08409777699
638 0.08409777699
639 0.08409777699
640 0.08409777699
641 0.08409777699
642 0.08409777699
643 0.08409777699
644 0.08409777699
645 0.08409777699
646 0.08409777699
647 0.08409777699
648 0.08409777699
649 0.08409777699
650 0.08409777699
651 0.08409777699
652 0.08409777699
653 0.08409777699
654 0.08409777699
655 0.08409777699
656 0.08409777699
657 0.08409777699
658 0.08409777699
659 0.08409777699
660 0.08409777699
661 0.08409777699
662 0.08409777699
663 0.08409777699
664 0.08409777699
665 0.08409777699
666 0.08409777699
667 0.08409777699
668 0.08409777699
669 0.08409777699
670 0.08409777699
671 0.08409777699
672 0.08409777699
673 0.08409777699
674 0.08409777699
675 0.08409777699
676 0.08409777699
677 0.08409777699
678 0.08409777699
679 0.08409777699
680 0.08409777699
681 0.08409777699
682 0.08409777699
683 0.08409777699
684 0.08409777699
685 0.08409777699
686 0.08409777699
687 0.08409777699
688 0.08409777699
689 0.08409777699
690 0.08409777699
691 0.08409777699
692 0.08409777699
693 0.08409777699
694 0.08409777699
695 0.08409777699
696 0.08409777699
697 0.08409777699
698 0.08409777699
699 0.08409777699
700 0.08409777699
701 0.08409777699
702 0.08409777699
703 0.08409777699
704 0.08409777699
705 0.08409777699
706 0.08409777699
707 0.08409777699
708 0.08409777699
709 0.08409777699
710 0.08409777699
711 0.08409777699
712 0.08409777699
713 0.08409777699
714 0.08409777699
715 0.08409777699
716 0.08409777699
717 0.08409777699
718 0.08409777699
719 0.08409777699
720 0.08409777699
721 0.08409777699
722 0.08409777699
723 0.08409777699
724 0.08409777699
725 0.08409777699
726 0.08409777699
727 0.08409777699
728 0.08409777699
729 0.08409777699
730 0.08409777699
731 0.08409777699
732 0.08409777699
733 0.08409777699
734 0.08409777699
735 0.08409777699
736 0.08409777699
737 0.08409777699
738 0.08409777699
739 0.08409777699
740 0.08409777699
741 0.08409777699
742 0.08409777699
743 0.08409777699
744 0.08409777699
745 0.08409777699
746 0.08409777699
747 0.08409777699
748 0.08409777699
749 0.08409777699
750 0.08409777699
751 0.08409777699
752 0.08409777699
753 0.08409777699
754 0.08409777699
755 0.08409777699
756 0.08409777699
757 0.08409777699
758 0.08409777699
759 0.08409777699
760 0.08409777699
761 0.08409777699
762 0.08409777699
763 0.08409777699
764 0.08409777699
765 0.08409777699
766 0.08409777699
767 0.08409777699
768 0.08409777699
769 0.08409777699
770 0.08409777699
771 0.08409777699
772 0.08409777699
773 0.08409777699
774 0.08409777699
775 0.08409777699
776 0.08409777699
777 0.08409777699
778 0.08409777699
779 0.08409777699
780 0.08409777699
781 0.08409777699
782 0.08409777699
783 0.08409777699
784 0.08409777699
785 0.08409777699
786 0.08409777699
787 0.08409777699
788 0.08409777699
789 0.08409777699
790 0.08409777699
791 0.08409777699
792 0.08409777699
793 0.08409777699
794 0.08409777699
795 0.08409777699
796 0.08409777699
797 0.08409777699
798 0.08409777699
799 0.08409777699
800 0.08409777699
801 0.08409777699
802 0.08409777699
803 0.08409777699
804 0.08409777699
805 0.08409777699
806 0.08409777699
807 0.08409777699
808 0.08409777699
809 0.08409777699
810 0.08409777699
811 0.08409777699
812 0.08409777699
813 0.08409777699
814 0.08409777699
815 0.08409777699
816 0.08409777699
817 0.08409777699
818 0.08409777699
819 0.08409777699
820 0.08409777699
821 0.08409777699
822 0.08409777699
823 0.08409777699
824 0.08409777699
825 0.08409777699
826 0.08409777699
827 0.08409777699
828 0.08409777699
829 0.08409777699
830 0.08409777699
831 0.08409777699
832 0.08409777699
833 0.08409777699
834 0.08409777699
835 0.08409777699
836 0.08409777699
837 0.08409777699
838 0.08409777699
839 0.08409777699
840 0.08409777699
841 0.08409777699
842 0.08409777699
843 0.08409777699
844 0.08409777699
845 0.08409777699
846 0.08409777699
847 0.08409777699
848 0.08409777699
849 0.08409777699
850 0.08409777699
851 0.08409777699
852 0.08409777699
853 0.08409777699
854 0.08409777699
855 0.08409777699
856 0.08409777699
857 0.08409777699
858 0.08409777699
859 0.08409777699
860 0.08409777699
861 0.08409777699
862 0.08409777699
863 0.08409777699
864 0.08409777699
865 0.08409777699
866 0.08409777699
867 0.08409777699
868 0.08409777699
869 0.08409777699
870 0.08409777699
871 0.08409777699
872 0.08409777699
873 0.08409777699
874 0.08409777699
875 0.08409777699
876 0.08409777699
877 0.08409777699
878 0.08409777699
879 0.08409777699
880 0.08409777699
881 0.08409777699
882 0.08409777699
883 0.08409777699
884 0.08409777699
885 0.08409777699
886 0.08409777699
887 0.08409777699
888 0.08409777699
889 0.08409777699
890 0.08409777699
891 0.08409777699
892 0.08409777699
893 0.08409777699
894 0.08409777699
895 0.08409777699
896 0.08409777699
897 0.08409777699
898 0.08409777699
899 0.08409777699
900 0.08409777699
901 0.08409777699
902 0.08409777699
903 0.08409777699
904 0.08409777699
905 0.08409777699
906 0.08409777699
907 0.08409777699
908 0.08409777699
909 0.08409777699
910 0.08409777699
911 0.08409777699
912 0.08409777699
913 0.08409777699
914 0.08409777699
915 0.08409777699
916 0.08409777699
917 0.08409777699
918 0.08409777699
919 0.08409777699
920 0.08409777699
921 0.08409777699
922 0.08409777699
923 0.08409777699
924 0.08409777699
925 0.08409777699
926 0.08409777699
927 0.08409777699
928 0.08409777699
929 0.08409777699
930 0.08409777699
931 0.08409777699
932 0.08409777699
933 0.08409777699
934 0.08409777699
935 0.08409777699
936 0.08409777699
937 0.08409777699
938 0.08409777699
939 0.08409777699
940 0.08409777699
941 0.08409777699
942 0.08409777699
943 0.08409777699
944 0.08409777699
945 0.08409777699
946 0.08409777699
947 0.08409777699
948 0.08409777699
949 0.08409777699
950 0.08409777699
951 0.08409777699
952 0.08409777699
953 0.08409777699
954 0.08409777699
955 0.08409777699
956 0.08409777699
957 0.08409777699
958 0.08409777699
959 0.08409777699
960 0.08409777699
961 0.08409777699
962 0.08409777699
963 0.08409777699
964 0.08409777699
965 0.08409777699
966 0.08409777699
967 0.08409777699
968 0.08409777699
969 0.08409777699
970 0.08409777699
971 0.08409777699
972 0.08409777699
973 0.08409777699
974 0.08409777699
975 0.08409777699
976 0.08409777699
977 0.08409777699
978 0.08409777699
979 0.08409777699
980 0.08409777699
981 0.08409777699
982 0.08409777699
983 0.08409777699
984 0.08409777699
985 0.08409777699
986 0.08409777699
987 0.08409777699
988 0.08409777699
989 0.08409777699
990 0.08409777699
991 0.08409777699
992 0.08409777699
993 0.08409777699
994 0.08409777699
995 0.08409777699
996 0.08409777699
997 0.084097777
998 0.084097777
999 0.084097777
1000 0.084097777
1001 0.08409777701
1002 0.08409777701
1003 0.08409777702
1004 0.08409777703
1005 0.08409777704
1006 0.08409777706
1007 0.08409777707
1008 0.0840977771
1009 0.08409777712
1010 0.08409777716
1011 0.08409777721
1012 0.08409777726
1013 0.08409777733
1014 0.08409777742
1015 0.08409777753
1016 0.08409777767
1017 0.08409777784
1018 0.08409777806
1019 0.08409777832
1020 0.08409777866
1021 0.08409777907
1022 0.08409777958
1023 0.08409778022
