#53496 2910.0004555071211665 0.0045699365722049190008 1 1293 16.000049430220818044 1024 7 1 J1713+0747 0.0000000 
0 2.353656824
1 2.551331066
2 2.762014165
3 2.986292717
4 3.224756322
5 3.477995315
6 3.746598324
7 4.031149638
8 4.332226411
9 4.650395685
10 4.986211261
11 5.340210396
12 5.712910371
13 6.104804911
14 6.516360491
15 6.948012525
16 7.400161479
17 7.873168898
18 8.367353393
19 8.882986595
20 9.420289099
21 9.979426444
22 10.56050512
23 11.16356867
24 11.78859388
25 12.43548712
26 13.10408082
27 13.79413022
28 14.50531024
29 15.23721266
30 15.98934368
31 16.76112163
32 17.55187518
33 18.36084187
34 19.18716707
35 20.02990336
36 20.88801039
37 21.76035524
38 22.64571324
39 23.54276936
40 24.45012012
41 25.36627603
42 26.2896646
43 27.21863396
44 28.15145691
45 29.08633568
46 30.02140713
47 30.95474854
48 31.88438388
49 32.80829063
50 33.72440705
51 34.63063988
52 35.5248725
53 36.40497341
54 37.26880513
55 38.11423333
56 38.93913627
57 39.74141437
58 40.51900003
59 41.26986745
60 41.99204262
61 42.68361317
62 43.34273825
63 43.96765827
64 44.55670441
65 45.10830801
66 45.62100952
67 46.09346727
68 46.52446569
69 46.91292322
70 47.25789965
71 47.55860293
72 47.81439542
73 48.02479955
74 48.18950275
75 48.3083618
76 48.38140638
77 48.40884197
78 48.39105195
79 48.32859897
80 48.22222553
81 48.07285382
82 47.88158471
83 47.64969612
84 47.37864043
85 47.07004128
86 46.72568962
87 46.34753895
88 45.93769995
89 45.4984344
90 45.03214845
91 44.54138523
92 44.02881696
93 43.49723635
94 42.9495476
95 42.38875684
96 41.81796207
97 41.24034269
98 40.65914868
99 40.07768927
100 39.49932146
101 38.92743801
102 38.36545538
103 37.81680124
104 37.28490191
105 36.77316951
106 36.28498903
107 35.82370529
108 35.39260973
109 34.99492727
110 34.63380305
111 34.31228921
112 34.03333175
113 33.79975747
114 33.61426098
115 33.47939195
116 33.39754249
117 33.37093489
118 33.40160951
119 33.49141318
120 33.64198786
121 33.85475985
122 34.1309295
123 34.47146143
124 34.87707548
125 35.3482383
126 35.8851557
127 36.48776589
128 37.15573358
129 37.88844504
130 38.68500419
131 39.54422986
132 40.46465412
133 41.44452189
134 42.48179179
135 43.57413838
136 44.71895572
137 45.91336237
138 47.15420783
139 48.43808046
140 49.76131688
141 51.12001288
142 52.51003581
143 53.92703838
144 55.36647401
145 56.82361352
146 58.29356313
147 59.77128383
148 61.25161189
149 62.72928053
150 64.19894257
151 65.65519398
152 67.09259825
153 68.50571134
154 69.88910719
155 71.23740353
156 72.54528786
157 73.8075435
158 75.01907547
159 76.174936
160 77.27034961
161 78.30073742
162 79.26174073
163 80.14924346
164 80.95939347
165 81.68862253
166 82.33366478
167 82.89157354
168 83.35973641
169 83.73588843
170 84.01812329
171 84.20490246
172 84.2950622
173 84.28781835
174 84.1827689
175 83.97989435
176 83.67955572
177 83.28249046
178 82.78980609
179 82.2029717
180 81.52380744
181 80.75447195
182 79.89744799
183 78.95552626
184 77.93178765
185 76.82958395
186 75.65251726
187 74.40441827
188 73.08932349
189 71.71145171
190 70.27517978
191 68.785018
192 67.24558519
193 65.66158367
194 64.03777438
195 62.37895222
196 60.6899218
197 58.97547389
198 57.24036246
199 55.48928274
200 53.72685022
201 51.95758079
202 50.18587217
203 48.41598655
204 46.6520348
205 44.897962
206 43.15753456
207 41.43432891
208 39.73172172
209 38.05288169
210 36.40076299
211 34.77810019
212 33.1874047
213 31.63096277
214 30.11083487
215 28.6288564
216 27.1866398
217 25.78557777
218 24.42684772
219 23.1114172
220 21.84005033
221 20.61331506
222 19.43159121
223 18.29507918
224 17.20380917
225 16.15765094
226 15.15632393
227 14.19940757
228 13.2863519
229 12.41648823
230 11.58903978
231 10.80313238
232 10.0578049
233 9.352019634
234 8.684672296
235 8.054601814
236 7.460599722
237 6.901419171
238 6.375783512
239 5.882394426
240 5.419939568
241 4.987099726
242 4.582555458
243 4.204993222
244 3.853110987
245 3.525623329
246 3.221266014
247 2.938800087
248 2.677015471
249 2.434734092
250 2.210812563
251 2.004144423
252 1.813661976
253 1.638337736
254 1.477185519
255 1.32926119
256 1.193663103
257 1.06953226
258 0.9560522021
259 0.8524486728
260 0.7579890704
261 0.6719817146
262 0.5937749518
263 0.5227561207
264 0.4583503986
265 0.4000195501
266 0.3472605949
267 0.2996044132
268 0.2566143053
269 0.2178845188
270 0.1830387577
271 0.1517286855
272 0.1236324335
273 0.09845312284
274 0.07591741007
275 0.0557740627
276 0.03779257149
277 0.02176180447
278 0.007488707221
279 -0.005202947286
280 -0.01647375649
281 -0.02646983186
282 -0.0353238869
283 -0.04315626912
284 -0.05007593547
285 -0.05618137187
286 -0.06156145738
287 -0.06629627407
288 -0.07045786399
289 -0.07411093493
290 -0.07731351654
291 -0.08011756899
292 -0.08256954622
293 -0.0847109158
294 -0.08657863781
295 -0.08820560485
296 -0.08962104553
297 -0.09085089361
298 -0.09191812503
299 -0.09284306497
300 -0.09364366702
301 -0.09433576653
302 -0.09493330995
303 -0.09544856221
304 -0.0958922937
305 -0.09627394865
306 -0.09660179643
307 -0.09688306722
308 -0.09712407356
309 -0.09733031888
310 -0.09750659434
311 -0.0976570651
312 -0.09778534694
313 -0.0978945743
314 -0.09798746049
315 -0.09806635097
316 -0.0981332704
317 -0.09818996403
318 -0.09823793416
319 -0.09827847219
320 -0.09831268664
321 -0.09834152776
322 -0.09836580898
323 -0.09838622565
324 -0.09840337136
325 -0.09841775216
326 -0.09842979884
327 -0.09843987764
328 -0.09844829948
329 -0.098455328
330 -0.09846118638
331 -0.09846606335
332 -0.09847011825
333 -0.09847348545
334 -0.09847627811
335 -0.09847859136
336 -0.09848050513
337 -0.09848208643
338 -0.09848339139
339 -0.09848446697
340 -0.09848535239
341 -0.09848608035
342 -0.09848667812
343 -0.09848716838
344 -0.09848756995
345 -0.09848789848
346 -0.09848816692
347 -0.09848838598
348 -0.09848856453
349 -0.09848870988
350 -0.09848882805
351 -0.09848892401
352 -0.09848900184
353 -0.09848906489
354 -0.09848911589
355 -0.0984891571
356 -0.09848919036
357 -0.09848921717
358 -0.09848923875
359 -0.0984892561
360 -0.09848927003
361 -0.09848928121
362 -0.09848929016
363 -0.09848929732
364 -0.09848930305
365 -0.09848930762
366 -0.09848931126
367 -0.09848931416
368 -0.09848931646
369 -0.09848931829
370 -0.09848931974
371 -0.09848932089
372 -0.0984893218
373 -0.09848932252
374 -0.09848932309
375 -0.09848932354
376 -0.09848932389
377 -0.09848932417
378 -0.09848932439
379 -0.09848932456
380 -0.09848932469
381 -0.09848932479
382 -0.09848932488
383 -0.09848932494
384 -0.09848932499
385 -0.09848932503
386 -0.09848932506
387 -0.09848932508
388 -0.0984893251
389 -0.09848932511
390 -0.09848932513
391 -0.09848932513
392 -0.09848932514
393 -0.09848932515
394 -0.09848932515
395 -0.09848932515
396 -0.09848932515
397 -0.09848932516
398 -0.09848932516
399 -0.09848932516
400 -0.09848932516
401 -0.09848932516
402 -0.09848932516
403 -0.09848932516
404 -0.09848932516
405 -0.09848932516
406 -0.09848932516
407 -0.09848932516
408 -0.09848932516
409 -0.09848932516
410 -0.09848932516
411 -0.09848932516
412 -0.09848932516
413 -0.09848932516
414 -0.09848932516
415 -0.09848932516
416 -0.09848932516
417 -0.09848932516
418 -0.09848932516
419 -0.09848932516
420 -0.09848932516
421 -0.09848932516
422 -0.09848932516
423 -0.09848932516
424 -0.09848932516
425 -0.09848932516
426 -0.09848932516
427 -0.09848932516
428 -0.09848932516
429 -0.09848932516
430 -0.09848932516
431 -0.09848932516
432 -0.09848932516
433 -0.09848932516
434 -0.09848932516
435 -0.09848932516
436 -0.09848932516
437 -0.09848932516
438 -0.09848932516
439 -0.09848932516
440 -0.09848932516
441 -0.09848932516
442 -0.09848932516
443 -0.09848932516
444 -0.09848932516
445 -0.09848932516
446 -0.09848932516
447 -0.09848932516
448 -0.09848932516
449 -0.09848932516
450 -0.09848932516
451 -0.09848932516
452 -0.09848932516
453 -0.09848932516
454 -0.09848932516
455 -0.09848932516
456 -0.09848932516
457 -0.09848932516
458 -0.09848932516
459 -0.09848932516
460 -0.09848932516
461 -0.09848932516
462 -0.09848932516
463 -0.09848932516
464 -0.09848932516
465 -0.09848932516
466 -0.09848932516
467 -0.09848932516
468 -0.09848932516
469 -0.09848932516
470 -0.09848932516
471 -0.09848932516
472 -0.09848932516
473 -0.09848932516
474 -0.09848932516
475 -0.09848932516
476 -0.09848932516
477 -0.09848932516
478 -0.09848932516
479 -0.09848932516
480 -0.09848932516
481 -0.09848932516
482 -0.09848932516
483 -0.09848932516
484 -0.09848932516
485 -0.09848932516
486 -0.09848932516
487 -0.09848932516
488 -0.09848932516
489 -0.09848932516
490 -0.09848932516
491 -0.09848932516
492 -0.09848932516
493 -0.09848932516
494 -0.09848932516
495 -0.09848932516
496 -0.09848932516
497 -0.09848932516
498 -0.09848932516
499 -0.09848932516
500 -0.09848932516
501 -0.09848932516
502 -0.09848932516
503 -0.09848932516
504 -0.09848932516
505 -0.09848932516
506 -0.09848932516
507 -0.09848932516
508 -0.09848932516
509 -0.09848932516
510 -0.09848932516
511 -0.09848932516
512 -0.09848932516
513 -0.09848932516
514 -0.09848932516
515 -0.09848932516
516 -0.09848932516
517 -0.09848932516
518 -0.09848932516
519 -0.09848932516
520 -0.09848932516
521 -0.09848932516
522 -0.09848932516
523 -0.09848932516
524 -0.09848932516
525 -0.09848932516
526 -0.09848932516
527 -0.09848932516
528 -0.09848932516
529 -0.09848932516
530 -0.09848932516
531 -0.09848932516
532 -0.09848932516
533 -0.09848932516
534 -0.09848932516
535 -0.09848932516
536 -0.09848932516
537 -0.09848932516
538 -0.09848932516
539 -0.09848932516
540 -0.09848932516
541 -0.09848932516
542 -0.09848932516
543 -0.09848932516
544 -0.09848932516
545 -0.09848932516
546 -0.09848932516
547 -0.09848932516
548 -0.09848932516
549 -0.09848932516
550 -0.09848932516
551 -0.09848932516
552 -0.09848932516
553 -0.09848932516
554 -0.09848932516
555 -0.09848932516
556 -0.09848932516
557 -0.09848932516
558 -0.09848932516
559 -0.09848932516
560 -0.09848932516
561 -0.09848932516
562 -0.09848932516
563 -0.09848932516
564 -0.09848932516
565 -0.09848932516
566 -0.09848932516
567 -0.09848932516
568 -0.09848932516
569 -0.09848932516
570 -0.09848932516
571 -0.09848932516
572 -0.09848932516
573 -0.09848932516
574 -0.09848932516
575 -0.09848932516
576 -0.09848932516
577 -0.09848932516
578 -0.09848932516
579 -0.09848932516
580 -0.09848932516
581 -0.09848932516
582 -0.09848932516
583 -0.09848932516
584 -0.09848932516
585 -0.09848932516
586 -0.09848932516
587 -0.09848932516
588 -0.09848932516
589 -0.09848932516
590 -0.09848932516
591 -0.09848932516
592 -0.09848932516
593 -0.09848932516
594 -0.09848932516
595 -0.09848932516
596 -0.09848932516
597 -0.09848932516
598 -0.09848932516
599 -0.09848932516
600 -0.09848932516
601 -0.09848932516
602 -0.09848932516
603 -0.09848932516
604 -0.09848932516
605 -0.09848932516
606 -0.09848932516
607 -0.09848932516
608 -0.09848932516
609 -0.09848932516
610 -0.09848932516
611 -0.09848932516
612 -0.09848932516
613 -0.09848932516
614 -0.09848932516
615 -0.09848932516
616 -0.09848932516
617 -0.09848932516
618 -0.09848932516
619 -0.09848932516
620 -0.09848932516
621 -0.09848932516
622 -0.09848932516
623 -0.09848932516
624 -0.09848932516
625 -0.09848932516
626 -0.09848932516
627 -0.09848932516
628 -0.09848932516
629 -0.09848932516
630 -0.09848932516
631 -0.09848932516
632 -0.09848932516
633 -0.09848932516
634 -0.09848932516
635 -0.09848932516
636 -0.09848932516
637 -0.09848932516
638 -0.09848932516
639 -0.09848932516
640 -0.09848932516
641 -0.09848932516
642 -0.09848932516
643 -0.09848932516
644 -0.09848932516
645 -0.09848932516
646 -0.09848932516
647 -0.09848932516
648 -0.09848932516
649 -0.09848932516
650 -0.09848932516
651 -0.09848932516
652 -0.09848932516
653 -0.09848932516
654 -0.09848932516
655 -0.09848932516
656 -0.09848932516
657 -0.09848932516
658 -0.09848932516
659 -0.09848932516
660 -0.09848932516
661 -0.09848932516
662 -0.09848932516
663 -0.09848932516
664 -0.09848932516
665 -0.09848932516
666 -0.09848932516
667 -0.09848932516
668 -0.09848932516
669 -0.09848932516
670 -0.09848932516
671 -0.09848932516
672 -0.09848932516
673 -0.09848932516
674 -0.09848932516
675 -0.09848932516
676 -0.09848932516
677 -0.09848932516
678 -0.09848932516
679 -0.09848932516
680 -0.09848932516
681 -0.09848932516
682 -0.09848932516
683 -0.09848932516
684 -0.09848932516
685 -0.09848932516
686 -0.09848932516
687 -0.09848932516
688 -0.09848932516
689 -0.09848932516
690 -0.09848932516
691 -0.09848932516
692 -0.09848932516
693 -0.09848932516
694 -0.09848932516
695 -0.09848932516
696 -0.09848932516
697 -0.09848932516
698 -0.09848932516
699 -0.09848932516
700 -0.09848932516
701 -0.09848932516
702 -0.09848932516
703 -0.09848932516
704 -0.09848932516
705 -0.09848932516
706 -0.09848932516
707 -0.09848932516
708 -0.09848932516
709 -0.09848932516
710 -0.09848932516
711 -0.09848932516
712 -0.09848932516
713 -0.09848932516
714 -0.09848932516
715 -0.09848932516
716 -0.09848932516
717 -0.09848932516
718 -0.09848932516
719 -0.09848932516
720 -0.09848932516
721 -0.09848932516
722 -0.09848932516
723 -0.09848932516
724 -0.09848932516
725 -0.09848932516
726 -0.09848932516
727 -0.09848932516
728 -0.09848932516
729 -0.09848932516
730 -0.09848932516
731 -0.09848932516
732 -0.09848932516
733 -0.09848932516
734 -0.09848932516
735 -0.09848932516
736 -0.09848932516
737 -0.09848932516
738 -0.09848932516
739 -0.09848932516
740 -0.09848932516
741 -0.09848932516
742 -0.09848932516
743 -0.09848932516
744 -0.09848932516
745 -0.09848932516
746 -0.09848932516
747 -0.09848932516
748 -0.09848932516
749 -0.09848932516
750 -0.09848932516
751 -0.09848932516
752 -0.09848932516
753 -0.09848932516
754 -0.09848932516
755 -0.09848932516
756 -0.09848932516
757 -0.09848932516
758 -0.09848932516
759 -0.09848932516
760 -0.09848932516
761 -0.09848932516
762 -0.09848932516
763 -0.09848932516
764 -0.09848932516
765 -0.09848932516
766 -0.09848932516
767 -0.09848932516
768 -0.09848932516
769 -0.09848932516
770 -0.09848932516
771 -0.09848932516
772 -0.09848932516
773 -0.09848932516
774 -0.09848932516
775 -0.09848932516
776 -0.09848932516
777 -0.09848932516
778 -0.09848932516
779 -0.09848932516
780 -0.09848932516
781 -0.09848932516
782 -0.09848932516
783 -0.09848932516
784 -0.09848932516
785 -0.09848932516
786 -0.09848932516
787 -0.09848932516
788 -0.09848932516
789 -0.09848932516
790 -0.09848932516
791 -0.09848932516
792 -0.09848932516
793 -0.09848932516
794 -0.09848932516
795 -0.09848932516
796 -0.09848932516
797 -0.09848932516
798 -0.09848932516
799 -0.09848932516
800 -0.09848932516
801 -0.09848932516
802 -0.09848932516
803 -0.09848932516
804 -0.09848932516
805 -0.09848932516
806 -0.09848932516
807 -0.09848932516
808 -0.09848932516
809 -0.09848932516
810 -0.09848932516
811 -0.09848932516
812 -0.09848932516
813 -0.09848932516
814 -0.09848932516
815 -0.09848932516
816 -0.09848932516
817 -0.09848932516
818 -0.09848932516
819 -0.09848932516
820 -0.09848932516
821 -0.09848932516
822 -0.09848932516
823 -0.09848932516
824 -0.09848932516
825 -0.09848932516
826 -0.09848932516
827 -0.09848932516
828 -0.09848932516
829 -0.09848932516
830 -0.09848932516
831 -0.09848932516
832 -0.09848932516
833 -0.09848932516
834 -0.09848932516
835 -0.09848932516
836 -0.09848932516
837 -0.09848932516
838 -0.09848932516
839 -0.09848932516
840 -0.09848932516
841 -0.09848932516
842 -0.09848932516
843 -0.09848932516
844 -0.09848932516
845 -0.09848932516
846 -0.09848932516
847 -0.09848932516
848 -0.09848932516
849 -0.09848932516
850 -0.09848932516
851 -0.09848932516
852 -0.09848932516
853 -0.09848932516
854 -0.09848932516
855 -0.09848932516
856 -0.09848932516
857 -0.09848932516
858 -0.09848932516
859 -0.09848932516
860 -0.09848932515
861 -0.09848932515
862 -0.09848932515
863 -0.09848932515
864 -0.09848932514
865 -0.09848932514
866 -0.09848932513
867 -0.09848932512
868 -0.09848932511
869 -0.0984893251
870 -0.09848932508
871 -0.09848932506
872 -0.09848932503
873 -0.098489325
874 -0.09848932496
875 -0.0984893249
876 -0.09848932484
877 -0.09848932475
878 -0.09848932465
879 -0.09848932452
880 -0.09848932436
881 -0.09848932416
882 -0.0984893239
883 -0.09848932359
884 -0.0984893232
885 -0.09848932271
886 -0.09848932211
887 -0.09848932137
888 -0.09848932044
889 -0.0984893193
890 -0.0984893179
891 -0.09848931616
892 -0.09848931401
893 -0.09848931137
894 -0.09848930813
895 -0.09848930414
896 -0.09848929924
897 -0.09848929323
898 -0.09848928587
899 -0.09848927687
900 -0.09848926586
901 -0.09848925241
902 -0.09848923601
903 -0.09848921603
904 -0.0984891917
905 -0.09848916211
906 -0.09848912617
907 -0.09848908256
908 -0.09848902969
909 -0.09848896566
910 -0.09848888821
911 -0.09848879462
912 -0.09848868163
913 -0.09848854538
914 -0.09848838125
915 -0.09848818373
916 -0.0984879463
917 -0.09848766119
918 -0.09848731917
919 -0.09848690932
920 -0.09848641871
921 -0.09848583203
922 -0.09848513123
923 -0.09848429497
924 -0.09848329813
925 -0.09848211113
926 -0.09848069917
927 -0.09847902141
928 -0.09847702989
929 -0.09847466845
930 -0.09847187131
931 -0.09846856161
932 -0.09846464954
933 -0.09846003037
934 -0.09845458205
935 -0.09844816254
936 -0.09844060673
937 -0.09843172291
938 -0.09842128872
939 -0.09840904658
940 -0.09839469845
941 -0.09837789987
942 -0.09835825322
943 -0.09833530002
944 -0.09830851223
945 -0.09827728248
946 -0.09824091288
947 -0.09819860257
948 -0.09814943354
949 -0.0980923548
950 -0.09802616451
951 -0.09794948998
952 -0.09786076526
953 -0.0977582061
954 -0.0976397819
955 -0.09750318455
956 -0.09734579364
957 -0.09716463781
958 -0.09695635186
959 -0.09671712918
960 -0.09644266915
961 -0.09612811895
962 -0.09576800944
963 -0.09535618446
964 -0.09488572316
965 -0.09434885468
966 -0.09373686462
967 -0.09303999276
968 -0.0922473213
969 -0.09134665297
970 -0.09032437839
971 -0.08916533193
972 -0.08785263535
973 -0.08636752855
974 -0.0846891867
975 -0.08279452291
976 -0.08065797595
977 -0.0782512821
978 -0.0755432306
979 -0.072499402
980 -0.06908188886
981 -0.06524899817
982 -0.06095493509
983 -0.0561494677
984 -0.05077757217
985 -0.04477905856
986 -0.03808817675
987 -0.03063320302
988 -0.02233600707
989 -0.01311160024
990 -0.002867665342
991 0.008495931084
992 0.02108764292
993 0.03502476388
994 0.05043396053
995 0.06745181705
996 0.08622538971
997 0.1069127684
998 0.1296836425
999 0.1547198678
1000 0.1822160316
1001 0.2123800106
1002 0.2454335185
1003 0.2816126393
1004 0.3211683386
1005 0.3643669503
1006 0.4114906311
1007 0.4628377775
1008 0.5187233978
1009 0.5794794329
1010 0.6454550189
1011 0.7170166831
1012 0.7945484658
1013 0.8784519614
1014 0.9691462679
1015 1.067067839
1016 1.172670231
1017 1.286423731
1018 1.408814867
1019 1.540345783
1020 1.68153348
1021 1.832908903
1022 1.995015888
1023 2.168409935
