#53956 2909.9981352178900063 0.0045704665467377883145 1 1389 16.000049430220818044 1024 7 1 J1713+0747 0.0000000 
0 3.965508248
1 3.636257983
2 3.329852206
3 3.045105257
4 2.780855361
5 2.535967985
6 2.309338756
7 2.099895957
8 1.906602616
9 1.72845821
10 1.564500014
11 1.413804103
12 1.275486045
13 1.148701302
14 1.032645365
15 0.9265536434
16 0.8297011396
17 0.741401927
18 0.6610084547
19 0.5879107013
20 0.5215351983
21 0.4613439438
22 0.4068332232
23 0.3575323564
24 0.3130023871
25 0.2728347283
26 0.2366497793
27 0.204095526
28 0.174846136
29 0.1486005582
30 0.1250811372
31 0.1040322485
32 0.08521896349
33 0.06842574832
34 0.05345520232
35 0.04012684008
36 0.02827592021
37 0.0177523232
38 0.008419480324
39 0.0001533546767
40 -0.007158525052
41 -0.01361797789
42 -0.01931703131
43 -0.02433873012
44 -0.02875789438
45 -0.03264182782
46 -0.03605097809
47 -0.0390395507
48 -0.04165607838
49 -0.04394394789
50 -0.04594188625
51 -0.04768440858
52 -0.04920222958
53 -0.05052264071
54 -0.05166985539
55 -0.05266532401
56 -0.05352802098
57 -0.05427470563
58 -0.05492015899
59 -0.05547739813
60 -0.05595786992
61 -0.05637162572
62 -0.0567274787
63 -0.0570331452
64 -0.05729537144
65 -0.05752004704
66 -0.05771230639
67 -0.05787661911
68 -0.05801687057
69 -0.05813643348
70 -0.05823823135
71 -0.05832479477
72 -0.05839831112
73 -0.05846066846
74 -0.05851349421
75 -0.05855818915
76 -0.05859595734
77 -0.05862783227
78 -0.05865469981
79 -0.05867731823
80 -0.0586963357
81 -0.05871230551
82 -0.0587256993
83 -0.05873691854
84 -0.05874630456
85 -0.05875414709
86 -0.05876069177
87 -0.05876614657
88 -0.05877068732
89 -0.05877446246
90 -0.05877759719
91 -0.05878019688
92 -0.05878235019
93 -0.05878413153
94 -0.05878560333
95 -0.05878681787
96 -0.05878781886
97 -0.05878864283
98 -0.05878932024
99 -0.05878987646
100 -0.05879033262
101 -0.05879070624
102 -0.05879101189
103 -0.05879126161
104 -0.0587914654
105 -0.05879163148
106 -0.05879176668
107 -0.05879187659
108 -0.05879196584
109 -0.05879203822
110 -0.05879209685
111 -0.05879214427
112 -0.05879218259
113 -0.05879221352
114 -0.05879223844
115 -0.0587922585
116 -0.05879227464
117 -0.05879228759
118 -0.05879229798
119 -0.0587923063
120 -0.05879231296
121 -0.05879231827
122 -0.05879232252
123 -0.0587923259
124 -0.0587923286
125 -0.05879233074
126 -0.05879233244
127 -0.05879233379
128 -0.05879233486
129 -0.0587923357
130 -0.05879233637
131 -0.0587923369
132 -0.05879233731
133 -0.05879233764
134 -0.0587923379
135 -0.0587923381
136 -0.05879233826
137 -0.05879233838
138 -0.05879233848
139 -0.05879233856
140 -0.05879233862
141 -0.05879233866
142 -0.0587923387
143 -0.05879233873
144 -0.05879233875
145 -0.05879233877
146 -0.05879233878
147 -0.05879233879
148 -0.0587923388
149 -0.0587923388
150 -0.05879233881
151 -0.05879233881
152 -0.05879233881
153 -0.05879233882
154 -0.05879233882
155 -0.05879233882
156 -0.05879233882
157 -0.05879233882
158 -0.05879233882
159 -0.05879233882
160 -0.05879233882
161 -0.05879233882
162 -0.05879233882
163 -0.05879233882
164 -0.05879233882
165 -0.05879233882
166 -0.05879233882
167 -0.05879233882
168 -0.05879233882
169 -0.05879233882
170 -0.05879233882
171 -0.05879233882
172 -0.05879233882
173 -0.05879233882
174 -0.05879233882
175 -0.05879233882
176 -0.05879233882
177 -0.05879233882
178 -0.05879233882
179 -0.05879233882
180 -0.05879233882
181 -0.05879233882
182 -0.05879233882
183 -0.05879233882
184 -0.05879233882
185 -0.05879233882
186 -0.05879233882
187 -0.05879233882
188 -0.05879233882
189 -0.05879233882
190 -0.05879233882
191 -0.05879233882
192 -0.05879233882
193 -0.05879233882
194 -0.05879233882
195 -0.05879233882
196 -0.05879233882
197 -0.05879233882
198 -0.05879233882
199 -0.05879233882
200 -0.05879233882
201 -0.05879233882
202 -0.05879233882
203 -0.05879233882
204 -0.05879233882
205 -0.05879233882
206 -0.05879233882
207 -0.05879233882
208 -0.05879233882
209 -0.05879233882
210 -0.05879233882
211 -0.05879233882
212 -0.05879233882
213 -0.05879233882
214 -0.05879233882
215 -0.05879233882
216 -0.05879233882
217 -0.05879233882
218 -0.05879233882
219 -0.05879233882
220 -0.05879233882
221 -0.05879233882
222 -0.05879233882
223 -0.05879233882
224 -0.05879233882
225 -0.05879233882
226 -0.05879233882
227 -0.05879233882
228 -0.05879233882
229 -0.05879233882
230 -0.05879233882
231 -0.05879233882
232 -0.05879233882
233 -0.05879233882
234 -0.05879233882
235 -0.05879233882
236 -0.05879233882
237 -0.05879233882
238 -0.05879233882
239 -0.05879233882
240 -0.05879233882
241 -0.05879233882
242 -0.05879233882
243 -0.05879233882
244 -0.05879233882
245 -0.05879233882
246 -0.05879233882
247 -0.05879233882
248 -0.05879233882
249 -0.05879233882
250 -0.05879233882
251 -0.05879233882
252 -0.05879233882
253 -0.05879233882
254 -0.05879233882
255 -0.05879233882
256 -0.05879233882
257 -0.05879233882
258 -0.05879233882
259 -0.05879233882
260 -0.05879233882
261 -0.05879233882
262 -0.05879233882
263 -0.05879233882
264 -0.05879233882
265 -0.05879233882
266 -0.05879233882
267 -0.05879233882
268 -0.05879233882
269 -0.05879233882
270 -0.05879233882
271 -0.05879233882
272 -0.05879233882
273 -0.05879233882
274 -0.05879233882
275 -0.05879233882
276 -0.05879233882
277 -0.05879233882
278 -0.05879233882
279 -0.05879233882
280 -0.05879233882
281 -0.05879233882
282 -0.05879233882
283 -0.05879233882
284 -0.05879233882
285 -0.05879233882
286 -0.05879233882
287 -0.05879233882
288 -0.05879233882
289 -0.05879233882
290 -0.05879233882
291 -0.05879233882
292 -0.05879233882
293 -0.05879233882
294 -0.05879233882
295 -0.05879233882
296 -0.05879233882
297 -0.05879233882
298 -0.05879233882
299 -0.05879233882
300 -0.05879233882
301 -0.05879233882
302 -0.05879233882
303 -0.05879233882
304 -0.05879233882
305 -0.05879233882
306 -0.05879233882
307 -0.05879233882
308 -0.05879233882
309 -0.05879233882
310 -0.05879233882
311 -0.05879233882
312 -0.05879233882
313 -0.05879233882
314 -0.05879233882
315 -0.05879233882
316 -0.05879233882
317 -0.05879233882
318 -0.05879233882
319 -0.05879233882
320 -0.05879233882
321 -0.05879233882
322 -0.05879233882
323 -0.05879233882
324 -0.05879233882
325 -0.05879233882
326 -0.05879233882
327 -0.05879233882
328 -0.05879233882
329 -0.05879233882
330 -0.05879233882
331 -0.05879233882
332 -0.05879233882
333 -0.05879233882
334 -0.05879233882
335 -0.05879233882
336 -0.05879233882
337 -0.05879233882
338 -0.05879233882
339 -0.05879233882
340 -0.05879233882
341 -0.05879233882
342 -0.05879233882
343 -0.05879233882
344 -0.05879233882
345 -0.05879233882
346 -0.05879233882
347 -0.05879233882
348 -0.05879233882
349 -0.05879233882
350 -0.05879233882
351 -0.05879233882
352 -0.05879233882
353 -0.05879233882
354 -0.05879233882
355 -0.05879233882
356 -0.05879233882
357 -0.05879233882
358 -0.05879233882
359 -0.05879233882
360 -0.05879233882
361 -0.05879233882
362 -0.05879233882
363 -0.05879233882
364 -0.05879233882
365 -0.05879233882
366 -0.05879233882
367 -0.05879233882
368 -0.05879233882
369 -0.05879233882
370 -0.05879233882
371 -0.05879233882
372 -0.05879233882
373 -0.05879233882
374 -0.05879233882
375 -0.05879233882
376 -0.05879233882
377 -0.05879233882
378 -0.05879233882
379 -0.05879233882
380 -0.05879233882
381 -0.05879233882
382 -0.05879233882
383 -0.05879233882
384 -0.05879233882
385 -0.05879233882
386 -0.05879233882
387 -0.05879233882
388 -0.05879233882
389 -0.05879233882
390 -0.05879233882
391 -0.05879233882
392 -0.05879233882
393 -0.05879233882
394 -0.05879233882
395 -0.05879233882
396 -0.05879233882
397 -0.05879233882
398 -0.05879233882
399 -0.05879233882
400 -0.05879233882
401 -0.05879233882
402 -0.05879233882
403 -0.05879233882
404 -0.05879233882
405 -0.05879233882
406 -0.05879233882
407 -0.05879233882
408 -0.05879233882
409 -0.05879233882
410 -0.05879233882
411 -0.05879233882
412 -0.05879233882
413 -0.05879233882
414 -0.05879233882
415 -0.05879233882
416 -0.05879233882
417 -0.05879233882
418 -0.05879233882
419 -0.05879233882
420 -0.05879233882
421 -0.05879233882
422 -0.05879233882
423 -0.05879233882
424 -0.05879233882
425 -0.05879233882
426 -0.05879233882
427 -0.05879233882
428 -0.05879233882
429 -0.05879233882
430 -0.05879233882
431 -0.05879233882
432 -0.05879233882
433 -0.05879233882
434 -0.05879233882
435 -0.05879233882
436 -0.05879233882
437 -0.05879233882
438 -0.05879233882
439 -0.05879233882
440 -0.05879233882
441 -0.05879233882
442 -0.05879233882
443 -0.05879233882
444 -0.05879233882
445 -0.05879233882
446 -0.05879233882
447 -0.05879233882
448 -0.05879233882
449 -0.05879233882
450 -0.05879233882
451 -0.05879233882
452 -0.05879233882
453 -0.05879233882
454 -0.05879233882
455 -0.05879233882
456 -0.05879233882
457 -0.05879233882
458 -0.05879233882
459 -0.05879233882
460 -0.05879233882
461 -0.05879233882
462 -0.05879233882
463 -0.05879233882
464 -0.05879233882
465 -0.05879233882
466 -0.05879233882
467 -0.05879233882
468 -0.05879233882
469 -0.05879233882
470 -0.05879233882
471 -0.05879233882
472 -0.05879233882
473 -0.05879233882
474 -0.05879233882
475 -0.05879233882
476 -0.05879233882
477 -0.05879233882
478 -0.05879233882
479 -0.05879233882
480 -0.05879233882
481 -0.05879233882
482 -0.05879233882
483 -0.05879233882
484 -0.05879233882
485 -0.05879233882
486 -0.05879233882
487 -0.05879233882
488 -0.05879233882
489 -0.05879233882
490 -0.05879233882
491 -0.05879233882
492 -0.05879233882
493 -0.05879233882
494 -0.05879233882
495 -0.05879233882
496 -0.05879233882
497 -0.05879233882
498 -0.05879233882
499 -0.05879233882
500 -0.05879233882
501 -0.05879233882
502 -0.05879233882
503 -0.05879233882
504 -0.05879233882
505 -0.05879233882
506 -0.05879233882
507 -0.05879233882
508 -0.05879233882
509 -0.05879233882
510 -0.05879233882
511 -0.05879233882
512 -0.05879233882
513 -0.05879233882
514 -0.05879233882
515 -0.05879233882
516 -0.05879233882
517 -0.05879233882
518 -0.05879233882
519 -0.05879233882
520 -0.05879233882
521 -0.05879233882
522 -0.05879233882
523 -0.05879233882
524 -0.05879233882
525 -0.05879233882
526 -0.05879233882
527 -0.05879233882
528 -0.05879233882
529 -0.05879233882
530 -0.05879233882
531 -0.05879233882
532 -0.05879233882
533 -0.05879233882
534 -0.05879233882
535 -0.05879233882
536 -0.05879233882
537 -0.05879233882
538 -0.05879233882
539 -0.05879233882
540 -0.05879233882
541 -0.05879233882
542 -0.05879233882
543 -0.05879233882
544 -0.05879233882
545 -0.05879233882
546 -0.05879233882
547 -0.05879233882
548 -0.05879233882
549 -0.05879233882
550 -0.05879233882
551 -0.05879233882
552 -0.05879233882
553 -0.05879233882
554 -0.05879233882
555 -0.05879233882
556 -0.05879233882
557 -0.05879233882
558 -0.05879233882
559 -0.05879233882
560 -0.05879233882
561 -0.05879233882
562 -0.05879233882
563 -0.05879233882
564 -0.05879233882
565 -0.05879233882
566 -0.05879233882
567 -0.05879233882
568 -0.05879233882
569 -0.05879233882
570 -0.05879233882
571 -0.05879233882
572 -0.05879233882
573 -0.05879233882
574 -0.05879233882
575 -0.05879233882
576 -0.05879233882
577 -0.05879233882
578 -0.05879233882
579 -0.05879233882
580 -0.05879233882
581 -0.05879233882
582 -0.05879233882
583 -0.05879233882
584 -0.05879233882
585 -0.05879233882
586 -0.05879233882
587 -0.05879233882
588 -0.05879233882
589 -0.05879233882
590 -0.05879233882
591 -0.05879233882
592 -0.05879233882
593 -0.05879233882
594 -0.05879233882
595 -0.05879233882
596 -0.05879233882
597 -0.05879233882
598 -0.05879233882
599 -0.05879233882
600 -0.05879233882
601 -0.05879233882
602 -0.05879233882
603 -0.05879233882
604 -0.05879233882
605 -0.05879233882
606 -0.05879233882
607 -0.05879233882
608 -0.05879233882
609 -0.05879233882
610 -0.05879233882
611 -0.05879233882
612 -0.05879233882
613 -0.05879233882
614 -0.05879233882
615 -0.05879233882
616 -0.05879233882
617 -0.05879233882
618 -0.05879233881
619 -0.05879233881
620 -0.05879233881
621 -0.0587923388
622 -0.0587923388
623 -0.05879233879
624 -0.05879233878
625 -0.05879233877
626 -0.05879233876
627 -0.05879233875
628 -0.05879233873
629 -0.0587923387
630 -0.05879233867
631 -0.05879233863
632 -0.05879233858
633 -0.05879233852
634 -0.05879233844
635 -0.05879233834
636 -0.05879233821
637 -0.05879233806
638 -0.05879233787
639 -0.05879233763
640 -0.05879233733
641 -0.05879233696
642 -0.0587923365
643 -0.05879233593
644 -0.05879233523
645 -0.05879233435
646 -0.05879233327
647 -0.05879233194
648 -0.05879233029
649 -0.05879232826
650 -0.05879232576
651 -0.05879232268
652 -0.0587923189
653 -0.05879231426
654 -0.05879230857
655 -0.05879230161
656 -0.05879229308
657 -0.05879228265
658 -0.05879226993
659 -0.0587922544
660 -0.05879223548
661 -0.05879221244
662 -0.05879218444
663 -0.05879215041
664 -0.05879210913
665 -0.05879205908
666 -0.05879199848
667 -0.05879192518
668 -0.0587918366
669 -0.05879172967
670 -0.05879160073
671 -0.05879144541
672 -0.05879125851
673 -0.05879103386
674 -0.05879076409
675 -0.0587904405
676 -0.05879005275
677 -0.05878958862
678 -0.05878903363
679 -0.05878837071
680 -0.05878757969
681 -0.05878663683
682 -0.05878551415
683 -0.05878417877
684 -0.05878259206
685 -0.05878070872
686 -0.05877847565
687 -0.05877583071
688 -0.05877270122
689 -0.05876900234
690 -0.05876463509
691 -0.05875948415
692 -0.05875341532
693 -0.0587462726
694 -0.05873787485
695 -0.05872801202
696 -0.05871644078
697 -0.0587028796
698 -0.05868700311
699 -0.05866843575
700 -0.05864674448
701 -0.05862143064
702 -0.05859192061
703 -0.05855755539
704 -0.05851757872
705 -0.0584711238
706 -0.0584171983
707 -0.05835466754
708 -0.05828223557
709 -0.05819842412
710 -0.05810154886
711 -0.05798969307
712 -0.05786067816
713 -0.05771203091
714 -0.05754094701
715 -0.05734425062
716 -0.05711834953
717 -0.05685918556
718 -0.0565621797
719 -0.05622217167
720 -0.0558333533
721 -0.05538919531
722 -0.05488236688
723 -0.05430464756
724 -0.05364683086
725 -0.05289861894
726 -0.0520485078
727 -0.05108366229
728 -0.04998978037
729 -0.04875094579
730 -0.04734946873
731 -0.0457657135
732 -0.04397791281
733 -0.0419619678
734 -0.03969123331
735 -0.03713628759
736 -0.03426468602
737 -0.0310406982
738 -0.02742502791
739 -0.02337451547
740 -0.01884182223
741 -0.0137750968
742 -0.008117622925
743 -0.001807448899
744 0.005223001389
745 0.01304733556
746 0.0217456176
747 0.0314048099
748 0.04211923176
749 0.05399103322
750 0.06713068324
751 0.08165747044
752 0.09770001494
753 0.1153967891
754 0.1348966447
755 0.1563593446
756 0.1799560943
757 0.2058700723
758 0.2342969538
759 0.2654454238
760 0.2995376766
761 0.3368098957
762 0.3775127085
763 0.421911612
764 0.4702873621
765 0.5229363211
766 0.5801707568
767 0.6423190855
768 0.709726054
769 0.7827528504
770 0.8617771387
771 0.947193008
772 1.03941083
773 1.138857015
774 1.245973659
775 1.361218082
776 1.485062228
777 1.617991956
778 1.760506169
779 1.913115824
780 2.076342771
781 2.250718452
782 2.436782431
783 2.635080763
784 2.846164202
785 3.070586227
786 3.308900915
787 3.561660631
788 3.82941356
789 4.112701067
790 4.412054902
791 4.727994253
792 5.061022641
793 5.411624694
794 5.780262777
795 6.167373525
796 6.57336426
797 6.998609339
798 7.443446422
799 7.908172704
800 8.393041118
801 8.898256529
802 9.423971955
803 9.970284835
804 10.53723336
805 11.12479291
806 11.73287261
807 12.3613121
808 13.00987835
809 13.67826287
810 14.36607905
811 15.0728598
812 15.79805549
813 16.54103229
814 17.30107076
815 18.07736492
816 18.86902167
817 19.67506071
818 20.49441486
819 21.32593088
820 22.16837079
821 23.02041365
822 23.88065794
823 24.74762436
824 25.61975924
825 26.49543841
826 27.37297167
827 28.25060767
828 29.1265394
829 29.9989101
830 30.86581963
831 31.72533136
832 32.57547941
833 33.41427631
834 34.23972099
835 35.04980714
836 35.84253178
837 36.61590413
838 37.36795464
839 38.09674415
840 38.80037317
841 39.47699122
842 40.12480607
843 40.74209304
844 41.3272041
845 41.87857685
846 42.39474322
847 42.87433797
848 43.31610681
849 43.71891417
850 44.08175058
851 44.40373951
852 44.68414378
853 44.92237139
854 45.11798078
855 45.27068548
856 45.38035811
857 45.44703374
858 45.47091252
859 45.45236165
860 45.39191667
861 45.29028189
862 45.14833028
863 44.96710249
864 44.74780521
865 44.49180878
866 44.20064418
867 43.87599918
868 43.51971396
869 43.13377598
870 42.72031427
871 42.28159304
872 41.82000481
873 41.33806288
874 40.83839329
875 40.32372637
876 39.79688768
877 39.26078859
878 38.71841648
879 38.17282446
880 37.62712083
881 37.0844582
882 36.54802229
883 36.02102052
884 35.50667035
885 35.00818743
886 34.52877354
887 34.0716045
888 33.63981783
889 33.23650045
890 32.86467628
891 32.5272938
892 32.22721368
893 31.96719642
894 31.74989008
895 31.57781814
896 31.45336749
897 31.37877665
898 31.35612422
899 31.38731756
900 31.47408189
901 31.6179497
902 31.82025064
903 32.08210182
904 32.40439874
905 32.78780678
906 33.23275332
907 33.73942066
908 34.30773964
909 34.93738415
910 35.62776657
911 36.37803415
912 37.18706642
913 38.05347372
914 38.9755969
915 39.95150814
916 40.97901311
917 42.05565439
918 43.17871618
919 44.34523047
920 45.55198448
921 46.79552957
922 48.07219155
923 49.37808231
924 50.70911293
925 52.06100807
926 53.4293217
927 54.80945411
928 56.19667006
929 57.58611814
930 58.97285111
931 60.35184724
932 61.71803242
933 63.06630307
934 64.3915496
935 65.68868032
936 66.95264574
937 68.17846291
938 69.36123992
939 70.49620012
940 71.57870609
941 72.60428312
942 73.56864206
943 74.46770132
944 75.29760799
945 76.05475771
946 76.73581341
947 77.33772254
948 77.85773282
949 78.29340629
950 78.64263159
951 78.90363443
952 79.07498606
953 79.15560974
954 79.14478516
955 79.04215077
956 78.84770399
957 78.56179929
958 78.18514425
959 77.71879347
960 77.16414056
961 76.52290813
962 75.79713597
963 74.98916743
964 74.10163424
965 73.13743968
966 72.09974054
967 70.99192763
968 69.81760543
969 68.58057063
970 67.28479002
971 65.93437778
972 64.53357227
973 63.0867127
974 61.59821565
975 60.07255166
976 58.51422214
977 56.92773668
978 55.31759085
979 53.68824481
980 52.04410266
981 50.38949284
982 48.72864951
983 47.06569516
984 45.4046244
985 43.74928918
986 42.10338527
987 40.47044027
988 38.85380301
989 37.25663442
990 35.68189999
991 34.13236356
992 32.61058269
993 31.11890539
994 29.65946824
995 28.23419593
996 26.84480195
997 25.49279062
998 24.17946019
999 22.90590701
1000 21.67303073
1001 20.48154033
1002 19.33196098
1003 18.22464161
1004 17.1597631
1005 16.13734702
1006 15.15726472
1007 14.21924687
1008 13.32289319
1009 12.46768239
1010 11.65298214
1011 10.87805914
1012 10.14208908
1013 9.444166491
1014 8.783314417
1015 8.158493839
1016 7.568612824
1017 7.012535334
1018 6.489089668
1019 5.997076499
1020 5.535276482
1021 5.102457418
1022 4.697380939
1023 4.318808729
