#53956 2909.9983778130737009 0.0045704665467377883145 1 1301 16.000049430220818044 1024 7 1 J1713+0747 0.0000000 
0 72.00832322
1 70.58207588
2 69.10144553
3 67.57102968
4 65.99551243
5 64.37963962
6 62.72819416
7 61.04597181
8 59.3377575
9 57.60830241
10 55.86230187
11 54.10437429
12 52.33904119
13 50.57070845
14 48.80364891
15 47.04198631
16 45.28968069
17 43.5505154
18 41.82808549
19 40.12578782
20 38.44681268
21 36.79413696
22 35.17051892
23 33.5784945
24 32.02037506
25 30.49824657
26 29.01397022
27 27.5691843
28 26.16530729
29 24.80354212
30 23.48488152
31 22.21011425
32 20.9798323
33 19.79443878
34 18.65415654
35 17.55903735
36 16.50897152
37 15.50369799
38 14.54281461
39 13.62578867
40 12.75196757
41 11.92058946
42 11.13079385
43 10.38163214
44 9.672077954
45 9.001037164
46 8.367357715
47 7.769839041
48 7.207241116
49 6.678293082
50 6.181701414
51 5.716157626
52 5.28034547
53 4.872947637
54 4.492651936
55 4.138156967
56 3.80817727
57 3.50144797
58 3.216728916
59 2.952808343
60 2.708506048
61 2.482676124
62 2.274209256
63 2.082034603
64 1.905121294
65 1.742479558
66 1.593161516
67 1.456261661
68 1.330917047
69 1.216307213
70 1.111653884
71 1.016220439
72 0.9293112092
73 0.8502706038
74 0.7784820916
75 0.7133670667
76 0.6543836094
77 0.6010251669
78 0.5528191683
79 0.5093255918
80 0.4701354981
81 0.4348695441
82 0.403176489
83 0.3747317036
84 0.3492356934
85 0.326412643
86 0.3060089902
87 0.2877920359
88 0.2715485945
89 0.2570836909
90 0.2442193057
91 0.2327931727
92 0.2226576305
93 0.213678529
94 0.2057341923
95 0.1987144375
96 0.1925196496
97 0.187059912
98 0.1822541912
99 0.1780295742
100 0.1743205574
101 0.1710683859
102 0.1682204392
103 0.1657296638
104 0.1635540485
105 0.1616561412
106 0.1600026049
107 0.1585638104
108 0.157313463
109 0.1562282629
110 0.1552875941
111 0.1544732428
112 0.1537691409
113 0.1531611344
114 0.1526367734
115 0.1521851229
116 0.1517965927
117 0.151462784
118 0.1511763519
119 0.1509308827
120 0.1507207837
121 0.150541185
122 0.1503878523
123 0.150257109
124 0.1501457676
125 0.1500510681
126 0.1499706243
127 0.1499023761
128 0.1498445473
129 0.1497956087
130 0.1497542454
131 0.1497193288
132 0.1496898909
133 0.1496651032
134 0.1496442573
135 0.1496267483
136 0.1496120604
137 0.1495997544
138 0.149589457
139 0.1495808511
140 0.1495736678
141 0.1495676794
142 0.1495626934
143 0.1495585472
144 0.1495551036
145 0.1495522471
146 0.1495498806
147 0.1495479224
148 0.1495463042
149 0.1495449686
150 0.1495438675
151 0.149542961
152 0.1495422155
153 0.1495416033
154 0.1495411011
155 0.1495406897
156 0.149540353
157 0.1495400779
158 0.1495398534
159 0.1495396704
160 0.1495395213
161 0.1495394001
162 0.1495393017
163 0.1495392219
164 0.1495391572
165 0.1495391048
166 0.1495390626
167 0.1495390284
168 0.1495390009
169 0.1495389787
170 0.1495389609
171 0.1495389466
172 0.1495389351
173 0.1495389259
174 0.1495389186
175 0.1495389127
176 0.149538908
177 0.1495389042
178 0.1495389013
179 0.1495388989
180 0.149538897
181 0.1495388955
182 0.1495388943
183 0.1495388934
184 0.1495388926
185 0.1495388921
186 0.1495388916
187 0.1495388912
188 0.1495388909
189 0.1495388907
190 0.1495388905
191 0.1495388904
192 0.1495388903
193 0.1495388902
194 0.1495388902
195 0.1495388901
196 0.1495388901
197 0.14953889
198 0.14953889
199 0.14953889
200 0.14953889
201 0.14953889
202 0.14953889
203 0.1495388899
204 0.1495388899
205 0.1495388899
206 0.1495388899
207 0.1495388899
208 0.1495388899
209 0.1495388899
210 0.1495388899
211 0.1495388899
212 0.1495388899
213 0.1495388899
214 0.1495388899
215 0.1495388899
216 0.1495388899
217 0.1495388899
218 0.1495388899
219 0.1495388899
220 0.1495388899
221 0.1495388899
222 0.1495388899
223 0.1495388899
224 0.1495388899
225 0.1495388899
226 0.1495388899
227 0.1495388899
228 0.1495388899
229 0.1495388899
230 0.1495388899
231 0.1495388899
232 0.1495388899
233 0.1495388899
234 0.1495388899
235 0.1495388899
236 0.1495388899
237 0.1495388899
238 0.1495388899
239 0.1495388899
240 0.1495388899
241 0.1495388899
242 0.1495388899
243 0.1495388899
244 0.1495388899
245 0.1495388899
246 0.1495388899
247 0.1495388899
248 0.1495388899
249 0.1495388899
250 0.1495388899
251 0.1495388899
252 0.1495388899
253 0.1495388899
254 0.1495388899
255 0.1495388899
256 0.1495388899
257 0.1495388899
258 0.1495388899
259 0.1495388899
260 0.1495388899
261 0.1495388899
262 0.1495388899
263 0.1495388899
264 0.1495388899
265 0.1495388899
266 0.1495388899
267 0.1495388899
268 0.1495388899
269 0.1495388899
270 0.1495388899
271 0.1495388899
272 0.1495388899
273 0.1495388899
274 0.1495388899
275 0.1495388899
276 0.1495388899
277 0.1495388899
278 0.1495388899
279 0.1495388899
280 0.1495388899
281 0.1495388899
282 0.1495388899
283 0.1495388899
284 0.1495388899
285 0.1495388899
286 0.1495388899
287 0.1495388899
288 0.1495388899
289 0.1495388899
290 0.1495388899
291 0.1495388899
292 0.1495388899
293 0.1495388899
294 0.1495388899
295 0.1495388899
296 0.1495388899
297 0.1495388899
298 0.1495388899
299 0.1495388899
300 0.1495388899
301 0.1495388899
302 0.1495388899
303 0.1495388899
304 0.1495388899
305 0.1495388899
306 0.1495388899
307 0.1495388899
308 0.1495388899
309 0.1495388899
310 0.1495388899
311 0.1495388899
312 0.1495388899
313 0.1495388899
314 0.1495388899
315 0.1495388899
316 0.1495388899
317 0.1495388899
318 0.1495388899
319 0.1495388899
320 0.1495388899
321 0.1495388899
322 0.1495388899
323 0.1495388899
324 0.1495388899
325 0.1495388899
326 0.1495388899
327 0.1495388899
328 0.1495388899
329 0.1495388899
330 0.1495388899
331 0.1495388899
332 0.1495388899
333 0.1495388899
334 0.1495388899
335 0.1495388899
336 0.1495388899
337 0.1495388899
338 0.1495388899
339 0.1495388899
340 0.1495388899
341 0.1495388899
342 0.1495388899
343 0.1495388899
344 0.1495388899
345 0.1495388899
346 0.1495388899
347 0.1495388899
348 0.1495388899
349 0.1495388899
350 0.1495388899
351 0.1495388899
352 0.1495388899
353 0.1495388899
354 0.1495388899
355 0.1495388899
356 0.1495388899
357 0.1495388899
358 0.1495388899
359 0.1495388899
360 0.1495388899
361 0.1495388899
362 0.1495388899
363 0.1495388899
364 0.1495388899
365 0.1495388899
366 0.1495388899
367 0.1495388899
368 0.1495388899
369 0.1495388899
370 0.1495388899
371 0.1495388899
372 0.1495388899
373 0.1495388899
374 0.1495388899
375 0.1495388899
376 0.1495388899
377 0.1495388899
378 0.1495388899
379 0.1495388899
380 0.1495388899
381 0.1495388899
382 0.1495388899
383 0.1495388899
384 0.1495388899
385 0.1495388899
386 0.1495388899
387 0.1495388899
388 0.1495388899
389 0.1495388899
390 0.1495388899
391 0.1495388899
392 0.1495388899
393 0.1495388899
394 0.1495388899
395 0.1495388899
396 0.1495388899
397 0.1495388899
398 0.1495388899
399 0.1495388899
400 0.1495388899
401 0.1495388899
402 0.1495388899
403 0.1495388899
404 0.1495388899
405 0.1495388899
406 0.1495388899
407 0.1495388899
408 0.1495388899
409 0.1495388899
410 0.1495388899
411 0.1495388899
412 0.1495388899
413 0.1495388899
414 0.1495388899
415 0.1495388899
416 0.1495388899
417 0.1495388899
418 0.1495388899
419 0.1495388899
420 0.1495388899
421 0.1495388899
422 0.1495388899
423 0.1495388899
424 0.1495388899
425 0.1495388899
426 0.1495388899
427 0.1495388899
428 0.1495388899
429 0.1495388899
430 0.1495388899
431 0.1495388899
432 0.1495388899
433 0.1495388899
434 0.1495388899
435 0.1495388899
436 0.1495388899
437 0.1495388899
438 0.1495388899
439 0.1495388899
440 0.1495388899
441 0.1495388899
442 0.1495388899
443 0.1495388899
444 0.1495388899
445 0.1495388899
446 0.1495388899
447 0.1495388899
448 0.1495388899
449 0.1495388899
450 0.1495388899
451 0.1495388899
452 0.1495388899
453 0.1495388899
454 0.1495388899
455 0.1495388899
456 0.1495388899
457 0.1495388899
458 0.1495388899
459 0.1495388899
460 0.1495388899
461 0.1495388899
462 0.1495388899
463 0.1495388899
464 0.1495388899
465 0.1495388899
466 0.1495388899
467 0.1495388899
468 0.1495388899
469 0.1495388899
470 0.1495388899
471 0.1495388899
472 0.1495388899
473 0.1495388899
474 0.1495388899
475 0.1495388899
476 0.1495388899
477 0.1495388899
478 0.1495388899
479 0.1495388899
480 0.1495388899
481 0.1495388899
482 0.1495388899
483 0.1495388899
484 0.1495388899
485 0.1495388899
486 0.1495388899
487 0.1495388899
488 0.1495388899
489 0.1495388899
490 0.1495388899
491 0.1495388899
492 0.1495388899
493 0.1495388899
494 0.1495388899
495 0.1495388899
496 0.1495388899
497 0.1495388899
498 0.1495388899
499 0.1495388899
500 0.1495388899
501 0.1495388899
502 0.1495388899
503 0.1495388899
504 0.1495388899
505 0.1495388899
506 0.1495388899
507 0.1495388899
508 0.1495388899
509 0.1495388899
510 0.1495388899
511 0.1495388899
512 0.1495388899
513 0.1495388899
514 0.1495388899
515 0.1495388899
516 0.1495388899
517 0.1495388899
518 0.1495388899
519 0.1495388899
520 0.1495388899
521 0.1495388899
522 0.1495388899
523 0.1495388899
524 0.1495388899
525 0.1495388899
526 0.1495388899
527 0.1495388899
528 0.1495388899
529 0.1495388899
530 0.1495388899
531 0.1495388899
532 0.1495388899
533 0.1495388899
534 0.1495388899
535 0.1495388899
536 0.1495388899
537 0.1495388899
538 0.1495388899
539 0.1495388899
540 0.1495388899
541 0.1495388899
542 0.1495388899
543 0.1495388899
544 0.1495388899
545 0.1495388899
546 0.1495388899
547 0.1495388899
548 0.1495388899
549 0.1495388899
550 0.1495388899
551 0.1495388899
552 0.1495388899
553 0.1495388899
554 0.1495388899
555 0.1495388899
556 0.1495388899
557 0.1495388899
558 0.1495388899
559 0.1495388899
560 0.1495388899
561 0.1495388899
562 0.1495388899
563 0.1495388899
564 0.1495388899
565 0.1495388899
566 0.1495388899
567 0.1495388899
568 0.1495388899
569 0.1495388899
570 0.1495388899
571 0.1495388899
572 0.1495388899
573 0.1495388899
574 0.1495388899
575 0.1495388899
576 0.1495388899
577 0.1495388899
578 0.1495388899
579 0.1495388899
580 0.1495388899
581 0.1495388899
582 0.1495388899
583 0.1495388899
584 0.1495388899
585 0.1495388899
586 0.1495388899
587 0.1495388899
588 0.1495388899
589 0.1495388899
590 0.1495388899
591 0.1495388899
592 0.1495388899
593 0.1495388899
594 0.1495388899
595 0.1495388899
596 0.1495388899
597 0.1495388899
598 0.1495388899
599 0.1495388899
600 0.1495388899
601 0.1495388899
602 0.1495388899
603 0.1495388899
604 0.1495388899
605 0.1495388899
606 0.1495388899
607 0.1495388899
608 0.1495388899
609 0.1495388899
610 0.1495388899
611 0.1495388899
612 0.1495388899
613 0.1495388899
614 0.1495388899
615 0.1495388899
616 0.1495388899
617 0.1495388899
618 0.1495388899
619 0.1495388899
620 0.1495388899
621 0.1495388899
622 0.1495388899
623 0.1495388899
624 0.1495388899
625 0.1495388899
626 0.1495388899
627 0.1495388899
628 0.1495388899
629 0.1495388899
630 0.1495388899
631 0.1495388899
632 0.1495388899
633 0.1495388899
634 0.1495388899
635 0.1495388899
636 0.1495388899
637 0.1495388899
638 0.1495388899
639 0.1495388899
640 0.1495388899
641 0.1495388899
642 0.1495388899
643 0.1495388899
644 0.1495388899
645 0.1495388899
646 0.1495388899
647 0.1495388899
648 0.1495388899
649 0.1495388899
650 0.1495388899
651 0.1495388899
652 0.1495388899
653 0.1495388899
654 0.1495388899
655 0.1495388899
656 0.1495388899
657 0.1495388899
658 0.1495388899
659 0.1495388899
660 0.1495388899
661 0.1495388899
662 0.1495388899
663 0.1495388899
664 0.1495388899
665 0.1495388899
666 0.1495388899
667 0.1495388899
668 0.1495388899
669 0.1495388899
670 0.1495388899
671 0.1495388899
672 0.1495388899
673 0.1495388899
674 0.1495388899
675 0.1495388899
676 0.1495388899
677 0.14953889
678 0.14953889
679 0.14953889
680 0.14953889
681 0.14953889
682 0.14953889
683 0.14953889
684 0.1495388901
685 0.1495388901
686 0.1495388902
687 0.1495388902
688 0.1495388903
689 0.1495388904
690 0.1495388905
691 0.1495388907
692 0.1495388909
693 0.1495388911
694 0.1495388915
695 0.1495388918
696 0.1495388923
697 0.1495388929
698 0.1495388936
699 0.1495388945
700 0.1495388956
701 0.149538897
702 0.1495388987
703 0.1495389007
704 0.1495389033
705 0.1495389065
706 0.1495389103
707 0.1495389151
708 0.1495389209
709 0.1495389281
710 0.1495389369
711 0.1495389476
712 0.1495389606
713 0.1495389766
714 0.149538996
715 0.1495390197
716 0.1495390485
717 0.1495390835
718 0.1495391259
719 0.1495391774
720 0.1495392397
721 0.1495393151
722 0.1495394063
723 0.1495395163
724 0.1495396491
725 0.149539809
726 0.1495400014
727 0.1495402328
728 0.1495405107
729 0.1495408441
730 0.1495412437
731 0.149541722
732 0.1495422942
733 0.1495429777
734 0.1495437934
735 0.1495447659
736 0.1495459241
737 0.149547302
738 0.1495489395
739 0.1495508835
740 0.1495531889
741 0.14955592
742 0.149559152
743 0.1495629728
744 0.1495674849
745 0.1495728076
746 0.1495790799
747 0.1495864635
748 0.1495951461
749 0.1496053453
750 0.1496173134
751 0.1496313423
752 0.1496477693
753 0.1496669842
754 0.149689436
755 0.1497156423
756 0.1497461983
757 0.1497817883
758 0.1498231973
759 0.1498713257
760 0.1499272041
761 0.1499920115
762 0.1500670945
763 0.1501539896
764 0.1502544479
765 0.1503704625
766 0.150504299
767 0.1506585303
768 0.1508360743
769 0.151040236
770 0.1512747545
771 0.1515438552
772 0.1518523063
773 0.1522054828
774 0.1526094357
775 0.1530709688
776 0.1535977227
777 0.1541982672
778 0.1548822021
779 0.1556602676
780 0.1565444644
781 0.1575481849
782 0.1586863553
783 0.1599755902
784 0.1614343598
785 0.1630831707
786 0.1649447605
787 0.1670443083
788 0.16940966
789 0.1720715703
790 0.1750639613
791 0.1784241996
792 0.1821933903
793 0.1864166906
794 0.1911436416
795 0.1964285203
796 0.2023307102
797 0.2089150924
798 0.2162524554
799 0.2244199251
800 0.2335014128
801 0.2435880828
802 0.2547788366
803 0.267180814
804 0.2809099098
805 0.2960913042
806 0.3128600049
807 0.3313613996
808 0.3517518158
809 0.3741990849
810 0.3988831085
811 0.4259964225
812 0.4557447553
813 0.4883475764
814 0.5240386301
815 0.5630664494
816 0.6056948453
817 0.6522033652
818 0.7028877137
819 0.7580601309
820 0.8180497193
821 0.8832027139
822 0.9538826869
823 1.03047068
824 1.113365254
825 1.202982456
826 1.299755679
827 1.404135426
828 1.516588955
829 1.637599807
830 1.767667197
831 1.907305278
832 2.057042247
833 2.217419314
834 2.388989499
835 2.572316277
836 2.767972044
837 2.976536414
838 3.198594341
839 3.43473406
840 3.685544845
841 3.951614592
842 4.233527222
843 4.531859905
844 4.847180117
845 5.180042531
846 5.530985749
847 5.900528886
848 6.289168019
849 6.697372512
850 7.125581229
851 7.57419866
852 8.043590968
853 8.534081986
854 9.045949179
855 9.579419604
856 10.13466588
857 10.71180221
858 11.31088046
859 11.93188636
860 12.57473582
861 13.2392714
862 13.92525901
863 14.63238479
864 15.36025228
865 16.10837984
866 16.87619843
867 17.66304974
868 18.46818467
869 19.2907622
870 20.12984877
871 20.98441807
872 21.8533513
873 22.73543793
874 23.62937706
875 24.5337792
876 25.44716867
877 26.36798654
878 27.2945941
879 28.22527693
880 29.15824952
881 30.09166039
882 31.02359781
883 31.95209599
884 32.87514184
885 33.79068214
886 34.69663117
887 35.59087883
888 36.47129903
889 37.33575854
890 38.18212609
891 39.0082817
892 39.81212627
893 40.59159133
894 41.34464887
895 42.06932125
896 42.76369109
897 43.42591111
898 44.05421387
899 44.64692133
900 45.20245419
901 45.71934093
902 46.19622656
903 46.63188091
904 47.02520658
905 47.37524631
906 47.68118988
907 47.94238042
908 48.15832012
909 48.32867526
910 48.45328062
911 48.53214317
912 48.56544498
913 48.55354548
914 48.49698288
915 48.3964749
916 48.25291864
917 48.06738978
918 47.84114092
919 47.57559919
920 47.27236315
921 46.93319888
922 46.56003537
923 46.15495925
924 45.72020878
925 45.25816724
926 44.77135565
927 44.26242489
928 43.7341473
929 43.1894077
930 42.6311939
931 42.06258674
932 41.48674973
933 40.90691821
934 40.32638822
935 39.7485049
936 39.17665075
937 38.61423347
938 38.06467358
939 37.53139192
940 37.01779682
941 36.52727123
942 36.06315971
943 35.62875526
944 35.22728618
945 34.86190288
946 34.53566466
947 34.25152659
948 34.01232645
949 33.82077174
950 33.67942696
951 33.59070099
952 33.55683473
953 33.5798891
954 33.66173332
955 33.80403357
956 34.00824215
957 34.27558714
958 34.60706256
959 35.00341926
960 35.46515641
961 35.99251379
962 36.58546491
963 37.24371099
964 37.9666759
965 38.75350219
966 39.60304809
967 40.51388578
968 41.48430078
969 42.51229271
970 43.59557723
971 44.73158952
972 45.91748903
973 47.15016571
974 48.42624779
975 49.74211088
976 51.09388873
977 52.47748536
978 53.88858867
979 55.3226856
980 56.77507854
981 58.24090318
982 59.71514767
983 61.19267295
984 62.66823418
985 64.13650331
986 65.59209242
987 67.02957796
988 68.44352558
989 69.82851555
990 71.17916846
991 72.49017115
992 73.75630274
993 74.97246045
994 76.13368515
995 77.23518644
996 78.27236705
997 79.24084646
998 80.13648344
999 80.95539754
1000 81.69398915
1001 82.34895816
1002 82.91732096
1003 83.39642574
1004 83.78396585
1005 84.07799131
1006 84.27691816
1007 84.37953573
1008 84.38501174
1009 84.29289514
1010 84.10311673
1011 83.81598753
1012 83.43219495
1013 82.95279673
1014 82.37921271
1015 81.71321463
1016 80.95691383
1017 80.11274715
1018 79.18346099
1019 78.17209378
1020 77.08195695
1021 75.91661453
1022 74.67986158
1023 73.37570162
