#53891 2910.0019775449243364 0.0045701192876786804475 1 1485 16.000049430220818044 1024 7 1 J1713+0747 0.0000000 
0 0.0153473529
1 0.0153473529
2 0.0153473529
3 0.0153473529
4 0.0153473529
5 0.0153473529
6 0.0153473529
7 0.0153473529
8 0.0153473529
9 0.0153473529
10 0.0153473529
11 0.0153473529
12 0.0153473529
13 0.0153473529
14 0.0153473529
15 0.0153473529
16 0.0153473529
17 0.0153473529
18 0.0153473529
19 0.0153473529
20 0.0153473529
21 0.0153473529
22 0.0153473529
23 0.0153473529
24 0.0153473529
25 0.0153473529
26 0.0153473529
27 0.0153473529
28 0.0153473529
29 0.0153473529
30 0.0153473529
31 0.0153473529
32 0.0153473529
33 0.0153473529
34 0.0153473529
35 0.0153473529
36 0.0153473529
37 0.0153473529
38 0.0153473529
39 0.0153473529
40 0.0153473529
41 0.0153473529
42 0.0153473529
43 0.0153473529
44 0.0153473529
45 0.0153473529
46 0.0153473529
47 0.0153473529
48 0.0153473529
49 0.0153473529
50 0.0153473529
51 0.0153473529
52 0.0153473529
53 0.0153473529
54 0.0153473529
55 0.0153473529
56 0.0153473529
57 0.0153473529
58 0.0153473529
59 0.0153473529
60 0.0153473529
61 0.0153473529
62 0.0153473529
63 0.0153473529
64 0.0153473529
65 0.0153473529
66 0.0153473529
67 0.0153473529
68 0.0153473529
69 0.0153473529
70 0.0153473529
71 0.0153473529
72 0.0153473529
73 0.0153473529
74 0.0153473529
75 0.0153473529
76 0.0153473529
77 0.0153473529
78 0.0153473529
79 0.0153473529
80 0.0153473529
81 0.0153473529
82 0.0153473529
83 0.0153473529
84 0.0153473529
85 0.0153473529
86 0.0153473529
87 0.0153473529
88 0.0153473529
89 0.0153473529
90 0.0153473529
91 0.0153473529
92 0.0153473529
93 0.0153473529
94 0.0153473529
95 0.0153473529
96 0.0153473529
97 0.0153473529
98 0.0153473529
99 0.0153473529
100 0.0153473529
101 0.0153473529
102 0.0153473529
103 0.0153473529
104 0.0153473529
105 0.0153473529
106 0.0153473529
107 0.0153473529
108 0.0153473529
109 0.0153473529
110 0.0153473529
111 0.0153473529
112 0.0153473529
113 0.0153473529
114 0.0153473529
115 0.0153473529
116 0.0153473529
117 0.0153473529
118 0.0153473529
119 0.0153473529
120 0.0153473529
121 0.0153473529
122 0.0153473529
123 0.0153473529
124 0.0153473529
125 0.0153473529
126 0.0153473529
127 0.0153473529
128 0.0153473529
129 0.0153473529
130 0.0153473529
131 0.0153473529
132 0.0153473529
133 0.0153473529
134 0.0153473529
135 0.0153473529
136 0.0153473529
137 0.0153473529
138 0.0153473529
139 0.0153473529
140 0.0153473529
141 0.0153473529
142 0.0153473529
143 0.0153473529
144 0.0153473529
145 0.0153473529
146 0.0153473529
147 0.0153473529
148 0.0153473529
149 0.0153473529
150 0.0153473529
151 0.0153473529
152 0.0153473529
153 0.0153473529
154 0.0153473529
155 0.0153473529
156 0.0153473529
157 0.0153473529
158 0.0153473529
159 0.0153473529
160 0.0153473529
161 0.0153473529
162 0.0153473529
163 0.0153473529
164 0.0153473529
165 0.0153473529
166 0.0153473529
167 0.0153473529
168 0.0153473529
169 0.0153473529
170 0.0153473529
171 0.0153473529
172 0.0153473529
173 0.0153473529
174 0.0153473529
175 0.0153473529
176 0.0153473529
177 0.0153473529
178 0.0153473529
179 0.0153473529
180 0.0153473529
181 0.0153473529
182 0.0153473529
183 0.0153473529
184 0.0153473529
185 0.0153473529
186 0.0153473529
187 0.0153473529
188 0.0153473529
189 0.0153473529
190 0.0153473529
191 0.0153473529
192 0.0153473529
193 0.0153473529
194 0.0153473529
195 0.0153473529
196 0.0153473529
197 0.0153473529
198 0.0153473529
199 0.0153473529
200 0.0153473529
201 0.0153473529
202 0.0153473529
203 0.0153473529
204 0.0153473529
205 0.0153473529
206 0.0153473529
207 0.0153473529
208 0.0153473529
209 0.0153473529
210 0.0153473529
211 0.0153473529
212 0.0153473529
213 0.0153473529
214 0.0153473529
215 0.0153473529
216 0.0153473529
217 0.0153473529
218 0.0153473529
219 0.0153473529
220 0.0153473529
221 0.0153473529
222 0.0153473529
223 0.0153473529
224 0.0153473529
225 0.0153473529
226 0.0153473529
227 0.0153473529
228 0.0153473529
229 0.0153473529
230 0.0153473529
231 0.0153473529
232 0.0153473529
233 0.0153473529
234 0.0153473529
235 0.0153473529
236 0.0153473529
237 0.0153473529
238 0.0153473529
239 0.0153473529
240 0.0153473529
241 0.0153473529
242 0.0153473529
243 0.0153473529
244 0.0153473529
245 0.0153473529
246 0.0153473529
247 0.0153473529
248 0.0153473529
249 0.0153473529
250 0.0153473529
251 0.0153473529
252 0.0153473529
253 0.0153473529
254 0.0153473529
255 0.0153473529
256 0.0153473529
257 0.0153473529
258 0.0153473529
259 0.0153473529
260 0.0153473529
261 0.0153473529
262 0.0153473529
263 0.0153473529
264 0.0153473529
265 0.0153473529
266 0.0153473529
267 0.0153473529
268 0.0153473529
269 0.0153473529
270 0.0153473529
271 0.0153473529
272 0.0153473529
273 0.0153473529
274 0.0153473529
275 0.0153473529
276 0.0153473529
277 0.0153473529
278 0.0153473529
279 0.0153473529
280 0.0153473529
281 0.0153473529
282 0.0153473529
283 0.0153473529
284 0.0153473529
285 0.0153473529
286 0.0153473529
287 0.0153473529
288 0.0153473529
289 0.0153473529
290 0.0153473529
291 0.0153473529
292 0.0153473529
293 0.0153473529
294 0.0153473529
295 0.0153473529
296 0.0153473529
297 0.0153473529
298 0.0153473529
299 0.0153473529
300 0.0153473529
301 0.0153473529
302 0.0153473529
303 0.0153473529
304 0.0153473529
305 0.0153473529
306 0.0153473529
307 0.0153473529
308 0.0153473529
309 0.0153473529
310 0.0153473529
311 0.0153473529
312 0.0153473529
313 0.0153473529
314 0.0153473529
315 0.0153473529
316 0.0153473529
317 0.0153473529
318 0.0153473529
319 0.0153473529
320 0.0153473529
321 0.0153473529
322 0.0153473529
323 0.0153473529
324 0.0153473529
325 0.0153473529
326 0.0153473529
327 0.0153473529
328 0.0153473529
329 0.0153473529
330 0.0153473529
331 0.0153473529
332 0.0153473529
333 0.0153473529
334 0.0153473529
335 0.0153473529
336 0.0153473529
337 0.0153473529
338 0.0153473529
339 0.0153473529
340 0.0153473529
341 0.0153473529
342 0.0153473529
343 0.0153473529
344 0.0153473529
345 0.0153473529
346 0.0153473529
347 0.0153473529
348 0.0153473529
349 0.0153473529
350 0.0153473529
351 0.0153473529
352 0.0153473529
353 0.0153473529
354 0.0153473529
355 0.0153473529
356 0.0153473529
357 0.0153473529
358 0.0153473529
359 0.0153473529
360 0.0153473529
361 0.0153473529
362 0.0153473529
363 0.0153473529
364 0.0153473529
365 0.0153473529
366 0.0153473529
367 0.0153473529
368 0.0153473529
369 0.01534735291
370 0.01534735291
371 0.01534735291
372 0.01534735291
373 0.01534735291
374 0.01534735291
375 0.01534735292
376 0.01534735292
377 0.01534735293
378 0.01534735293
379 0.01534735294
380 0.01534735295
381 0.01534735297
382 0.01534735298
383 0.01534735301
384 0.01534735303
385 0.01534735307
386 0.01534735311
387 0.01534735316
388 0.01534735323
389 0.01534735332
390 0.01534735342
391 0.01534735355
392 0.01534735372
393 0.01534735392
394 0.01534735418
395 0.01534735449
396 0.01534735489
397 0.01534735537
398 0.01534735598
399 0.01534735673
400 0.01534735766
401 0.0153473588
402 0.01534736022
403 0.01534736196
404 0.01534736411
405 0.01534736675
406 0.01534737
407 0.01534737399
408 0.01534737889
409 0.01534738489
410 0.01534739223
411 0.01534740122
412 0.01534741219
413 0.01534742558
414 0.0153474419
415 0.01534746178
416 0.01534748597
417 0.01534751536
418 0.01534755104
419 0.0153475943
420 0.01534764672
421 0.01534771014
422 0.01534778682
423 0.01534787942
424 0.01534799112
425 0.01534812574
426 0.01534828778
427 0.01534848266
428 0.01534871675
429 0.01534899767
430 0.01534933443
431 0.01534973769
432 0.01535022009
433 0.01535079655
434 0.01535148469
435 0.01535230526
436 0.01535328274
437 0.01535444588
438 0.01535582851
439 0.01535747031
440 0.01535941779
441 0.01536172544
442 0.01536445697
443 0.01536768684
444 0.01537150192
445 0.01537600347
446 0.01538130942
447 0.01538755688
448 0.01539490512
449 0.01540353895
450 0.01541367254
451 0.0154255538
452 0.01543946938
453 0.0154557503
454 0.0154747784
455 0.01549699362
456 0.01552290223
457 0.01555308616
458 0.01558821352
459 0.01562905044
460 0.01567647439
461 0.01573148925
462 0.01579524201
463 0.01586904176
464 0.0159543807
465 0.01605295773
466 0.0161667048
467 0.01629781616
468 0.01644878102
469 0.0166224197
470 0.01682192383
471 0.01705090081
472 0.01731342296
473 0.01761408179
474 0.01795804781
475 0.01835113634
476 0.01879987978
477 0.01931160688
478 0.01989452955
479 0.02055783771
480 0.02131180281
481 0.02216789055
482 0.02313888345
483 0.02423901394
484 0.02548410842
485 0.02689174314
486 0.02848141238
487 0.03027470963
488 0.03229552235
489 0.03457024094
490 0.03712798245
491 0.04000082961
492 0.04322408566
493 0.04683654533
494 0.05088078254
495 0.0554034549
496 0.06045562533
497 0.06609310086
498 0.07237678863
499 0.07937306893
500 0.08715418489
501 0.0957986485
502 0.1053916622
503 0.1160255554
504 0.1278002343
505 0.1408236449
506 0.1552122459
507 0.1710914917
508 0.1885963221
509 0.2078716559
510 0.2290728883
511 0.2523663851
512 0.277929975
513 0.3059534315
514 0.3366389451
515 0.3702015781
516 0.4068696985
517 0.4468853887
518 0.490504822
519 0.5379986034
520 0.5896520664
521 0.6457655217
522 0.7066544496
523 0.7726496305
524 0.8440972062
525 0.9213586647
526 1.004810742
527 1.094845231
528 1.191868699
529 1.296302088
530 1.408580219
531 1.529151159
532 1.65847548
533 1.797025374
534 1.945283636
535 2.103742502
536 2.272902338
537 2.453270187
538 2.645358148
539 2.849681605
540 3.066757304
541 3.29710126
542 3.541226517
543 3.799640746
544 4.0728437
545 4.361324513
546 4.665558869
547 4.986006032
548 5.323105758
549 5.677275094
550 6.048905077
551 6.438357354
552 6.845960729
553 7.272007658
554 7.716750715
555 8.180399048
556 8.663114841
557 9.165009808
558 9.686141752
559 10.2265112
560 10.78605814
561 11.36465892
562 11.96212328
563 12.57819158
564 13.21253229
565 13.86473963
566 14.5343316
567 15.22074825
568 15.92335023
569 16.64141782
570 17.37415021
571 18.12066525
572 18.87999959
573 19.65110929
574 20.43287081
575 21.22408255
576 22.02346685
577 22.82967238
578 23.64127718
579 24.45679206
580 25.27466454
581 26.09328326
582 26.91098289
583 27.72604946
584 28.53672618
585 29.34121962
586 30.1377064
587 30.9243401
588 31.69925869
589 32.4605921
590 33.20647024
591 33.93503107
592 34.64442902
593 35.33284349
594 35.99848745
595 36.63961613
596 37.25453569
597 37.8416119
598 38.39927867
599 38.92604645
600 39.42051055
601 39.88135904
602 40.30738052
603 40.69747152
604 41.05064346
605 41.3660293
606 41.64288965
607 41.88061844
608 42.07874802
609 42.23695373
610 42.35505787
611 42.4330331
612 42.47100511
613 42.46925475
614 42.42821945
615 42.34849397
616 42.23083047
617 42.07613792
618 41.88548081
619 41.66007723
620 41.40129625
621 41.11065463
622 40.78981299
623 40.44057121
624 40.06486339
625 39.66475212
626 39.24242221
627 38.80017394
628 38.34041577
629 37.86565655
630 37.37849733
631 36.8816227
632 36.37779177
633 35.86982877
634 35.36061333
635 34.85307041
636 34.35016002
637 33.85486659
638 33.37018828
639 32.89912589
640 32.44467175
641 32.00979847
642 31.59744743
643 31.21051742
644 30.85185298
645 30.52423292
646 30.23035866
647 29.97284277
648 29.75419747
649 29.57682321
650 29.44299751
651 29.35486379
652 29.31442056
653 29.32351076
654 29.38381146
655 29.49682384
656 29.66386355
657 29.88605158
658 30.16430551
659 30.49933137
660 30.89161606
661 31.34142045
662 31.84877316
663 32.4134651
664 33.03504488
665 33.71281507
666 34.44582942
667 35.23289103
668 36.0725517
669 36.96311219
670 37.90262383
671 38.88889115
672 39.91947589
673 40.99170212
674 42.10266279
675 43.24922745
676 44.42805133
677 45.63558578
678 46.86808989
679 48.12164346
680 49.39216118
681 50.67540802
682 51.96701579
683 53.26250069
684 54.55728199
685 55.84670151
686 57.12604404
687 58.39055838
688 59.63547903
689 60.85604837
690 62.04753915
691 63.20527724
692 64.32466439
693 65.40120097
694 66.43050842
695 67.40835135
696 68.33065909
697 69.19354657
698 69.99333429
699 70.72656741
700 71.3900336
701 71.98077968
702 72.49612691
703 72.93368467
704 73.29136263
705 73.56738117
706 73.76027999
707 73.86892492
708 73.89251282
709 73.83057446
710 73.68297556
711 73.44991573
712 73.1319256
713 72.72986184
714 72.24490046
715 71.67852818
716 71.03253204
717 70.3089874
718 69.51024428
719 68.63891231
720 67.6978443
721 66.69011861
722 65.61902044
723 64.48802225
724 63.3007633
725 62.06102871
726 60.77272802
727 59.43987337
728 58.06655769
729 56.65693285
730 55.21518792
731 53.74552791
732 52.25215283
733 50.73923748
734 49.21091183
735 47.67124241
736 46.12421454
737 44.57371566
738 43.02351977
739 41.47727312
740 39.93848111
741 38.41049658
742 36.89650934
743 35.39953722
744 33.92241836
745 32.46780499
746 31.03815848
747 29.63574585
748 28.26263748
749 26.92070616
750 25.61162734
751 24.33688053
752 23.09775178
753 21.89533724
754 20.73054759
755 19.60411337
756 18.51659113
757 17.46837017
758 16.45968005
759 15.49059843
760 14.56105954
761 13.67086286
762 12.81968216
763 12.00707467
764 11.23249041
765 10.49528154
766 9.79471168
767 9.129965179
768 8.500156171
769 7.904337483
770 7.341509266
771 6.810627342
772 6.310611211
773 5.840351703
774 5.398718232
775 4.98456564
776 4.596740613
777 4.23408765
778 3.895454588
779 3.579697669
780 3.285686161
781 3.012306523
782 2.758466139
783 2.523096611
784 2.305156645
785 2.103634529
786 1.917550227
787 1.745957112
788 1.587943346
789 1.442632946
790 1.309186535
791 1.186801826
792 1.074713838
793 0.9721948854
794 0.8785543463
795 0.793138249
796 0.7153286831
797 0.6445430636
798 0.5802332665
799 0.521884653
800 0.4690150026
801 0.4211733701
802 0.3779388819
803 0.3389194883
804 0.303750682
805 0.2720941983
806 0.2436367052
807 0.2180884947
808 0.1951821844
809 0.1746714363
810 0.1563297001
811 0.1399489867
812 0.1253386765
813 0.1123243677
814 0.100746766
815 0.09046061993
816 0.08133370332
817 0.07324584554
818 0.0660880111
819 0.05976142843
820 0.05417676794
821 0.0492533687
822 0.04491851303
823 0.04110674778
824 0.03775925109
825 0.03482324304
826 0.03225143844
827 0.0300015402
828 0.02803577112
829 0.02632044242
830 0.02482555687
831 0.02352444461
832 0.02239342978
833 0.02141152582
834 0.02056015775
835 0.01982290943
836 0.0191852941
837 0.01863454647
838 0.01815943457
839 0.01775009009
840 0.0173978554
841 0.01709514602
842 0.01683532723
843 0.01661260347
844 0.01642191949
845 0.01625887209
846 0.01611963148
847 0.01600087135
848 0.01589970678
849 0.0158136392
850 0.01574050771
851 0.01567844606
852 0.01562584478
853 0.01558131771
854 0.01554367276
855 0.01551188613
856 0.01548507978
857 0.01546250171
858 0.0154435088
859 0.01542755174
860 0.01541416204
861 0.01540294069
862 0.01539354829
863 0.01538569656
864 0.01537914097
865 0.01537367439
866 0.0153691216
867 0.01536533457
868 0.01536218844
869 0.015359578
870 0.01535741474
871 0.01535562428
872 0.01535414422
873 0.01535292227
874 0.01535191467
875 0.01535108486
876 0.01535040231
877 0.01534984159
878 0.01534938152
879 0.01534900451
880 0.01534869594
881 0.0153484437
882 0.01534823777
883 0.01534806985
884 0.01534793309
885 0.01534782186
886 0.01534773149
887 0.01534765817
888 0.01534759875
889 0.01534755066
890 0.01534751178
891 0.01534748039
892 0.01534745508
893 0.0153474347
894 0.0153474183
895 0.01534740513
896 0.01534739456
897 0.01534738609
898 0.01534737931
899 0.01534737389
900 0.01534736956
901 0.01534736611
902 0.01534736336
903 0.01534736117
904 0.01534735944
905 0.01534735806
906 0.01534735696
907 0.0153473561
908 0.01534735542
909 0.01534735488
910 0.01534735445
911 0.01534735411
912 0.01534735385
913 0.01534735364
914 0.01534735348
915 0.01534735335
916 0.01534735325
917 0.01534735318
918 0.01534735311
919 0.01534735307
920 0.01534735303
921 0.015347353
922 0.01534735298
923 0.01534735296
924 0.01534735295
925 0.01534735294
926 0.01534735293
927 0.01534735292
928 0.01534735292
929 0.01534735291
930 0.01534735291
931 0.01534735291
932 0.01534735291
933 0.01534735291
934 0.01534735291
935 0.0153473529
936 0.0153473529
937 0.0153473529
938 0.0153473529
939 0.0153473529
940 0.0153473529
941 0.0153473529
942 0.0153473529
943 0.0153473529
944 0.0153473529
945 0.0153473529
946 0.0153473529
947 0.0153473529
948 0.0153473529
949 0.0153473529
950 0.0153473529
951 0.0153473529
952 0.0153473529
953 0.0153473529
954 0.0153473529
955 0.0153473529
956 0.0153473529
957 0.0153473529
958 0.0153473529
959 0.0153473529
960 0.0153473529
961 0.0153473529
962 0.0153473529
963 0.0153473529
964 0.0153473529
965 0.0153473529
966 0.0153473529
967 0.0153473529
968 0.0153473529
969 0.0153473529
970 0.0153473529
971 0.0153473529
972 0.0153473529
973 0.0153473529
974 0.0153473529
975 0.0153473529
976 0.0153473529
977 0.0153473529
978 0.0153473529
979 0.0153473529
980 0.0153473529
981 0.0153473529
982 0.0153473529
983 0.0153473529
984 0.0153473529
985 0.0153473529
986 0.0153473529
987 0.0153473529
988 0.0153473529
989 0.0153473529
990 0.0153473529
991 0.0153473529
992 0.0153473529
993 0.0153473529
994 0.0153473529
995 0.0153473529
996 0.0153473529
997 0.0153473529
998 0.0153473529
999 0.0153473529
1000 0.0153473529
1001 0.0153473529
1002 0.0153473529
1003 0.0153473529
1004 0.0153473529
1005 0.0153473529
1006 0.0153473529
1007 0.0153473529
1008 0.0153473529
1009 0.0153473529
1010 0.0153473529
1011 0.0153473529
1012 0.0153473529
1013 0.0153473529
1014 0.0153473529
1015 0.0153473529
1016 0.0153473529
1017 0.0153473529
1018 0.0153473529
1019 0.0153473529
1020 0.0153473529
1021 0.0153473529
1022 0.0153473529
1023 0.0153473529
