#53912 2909.999964649298819 0.0045702519850575407459 1 1357 16.000049430220818044 1024 7 1 J1713+0747 0.0000000 
0 32.88085429
1 33.17916979
2 33.53990385
3 33.96362421
4 34.45065072
5 35.00104835
6 35.61462109
7 36.29090676
8 37.02917275
9 37.82841285
10 38.68734509
11 39.60441082
12 40.57777491
13 41.60532729
14 42.68468573
15 43.81320001
16 44.98795748
17 46.20578995
18 47.46328212
19 48.75678137
20 50.08240899
21 51.43607288
22 52.81348162
23 54.21015991
24 55.62146533
25 57.04260643
26 58.4686619
27 59.89460099
28 61.31530487
29 62.72558892
30 64.12022588
31 65.49396962
32 66.84157951
33 68.15784511
34 69.43761122
35 70.67580297
36 71.86745079
37 73.00771527
38 74.09191148
39 75.11553285
40 76.07427418
41 76.96405386
42 77.78103494
43 78.52164501
44 79.18259473
45 79.76089476
46 80.2538712
47 80.6591791
48 80.97481421
49 81.19912278
50 81.33080925
51 81.36894193
52 81.3129565
53 81.16265737
54 80.91821688
55 80.5801723
56 80.14942072
57 79.62721189
58 79.01513901
59 78.31512749
60 77.529422
61 76.66057166
62 75.71141366
63 74.68505532
64 73.58485489
65 72.41440109
66 71.17749164
67 69.87811086
68 68.52040671
69 67.10866717
70 65.64729633
71 64.14079035
72 62.59371336
73 61.01067357
74 59.39629971
75 57.75521797
76 56.0920296
77 54.41128929
78 52.71748443
79 51.0150155
80 49.30817749
81 47.60114268
82 45.89794461
83 44.20246358
84 42.51841346
85 40.84933008
86 39.19856107
87 37.56925728
88 35.96436562
89 34.38662352
90 32.83855485
91 31.32246721
92 29.84045071
93 28.3943781
94 26.9859061
95 25.61647807
96 24.28732765
97 22.99948363
98 21.75377567
99 20.55084091
100 19.39113137
101 18.27492208
102 17.2023197
103 16.17327172
104 15.18757602
105 14.24489079
106 13.34474456
107 12.48654652
108 11.66959677
109 10.8930966
110 10.15615871
111 9.457817217
112 8.797037487
113 8.172725671
114 7.583737944
115 7.028889375
116 6.506962396
117 6.016714853
118 5.5568876
119 5.126211621
120 4.723414672
121 4.347227421
122 3.9963891
123 3.669652647
124 3.365789366
125 3.08359309
126 2.821883876
127 2.579511233
128 2.355356912
129 2.148337266
130 1.957405203
131 1.78155176
132 1.619807316
133 1.471242464
134 1.33496858
135 1.210138102
136 1.095944538
137 0.9916222565
138 0.8964460426
139 0.8097304801
140 0.7308291591
141 0.6591337418
142 0.5940729027
143 0.535111166
144 0.4817476568
145 0.433514784
146 0.3899768714
147 0.3507287513
148 0.3153943351
149 0.2836251719
150 0.255099007
151 0.2295183503
152 0.2066090627
153 0.1861189689
154 0.167816502
155 0.1514893867
156 0.1369433648
157 0.124000967
158 0.1125003343
159 0.1022940903
160 0.09324826713
161 0.08524128475
162 0.07816298481
163 0.07191371873
164 0.06640348935
165 0.06155114546
166 0.05728362803
167 0.05353526657
168 0.05024712407
169 0.04736638872
170 0.04484581034
171 0.04264317958
172 0.04072084775
173 0.03904528504
174 0.03758667505
175 0.03631854344
176 0.03521741851
177 0.03426252171
178 0.03343548591
179 0.03272009958
180 0.03210207483
181 0.03156883767
182 0.03110933859
183 0.03071388181
184 0.03037397185
185 0.03008217564
186 0.02983199906
187 0.02961777646
188 0.02943457207
189 0.02927809207
190 0.02914460647
191 0.02903087962
192 0.02893410869
193 0.02885186919
194 0.02878206685
195 0.0287228952
196 0.02867279816
197 0.02863043725
198 0.02859466275
199 0.02856448845
200 0.02853906955
201 0.02851768343
202 0.02849971278
203 0.02848463103
204 0.02847198959
205 0.02846140684
206 0.02845255859
207 0.02844516979
208 0.02843900741
209 0.0284338743
210 0.02842960388
211 0.02842605559
212 0.02842311098
213 0.0284206704
214 0.02841865009
215 0.02841697976
216 0.0284156005
217 0.02841446301
218 0.02841352606
219 0.02841275527
220 0.02841212196
221 0.02841160224
222 0.02841117629
223 0.0284108276
224 0.02841054252
225 0.02841030974
226 0.0284101199
227 0.02840996527
228 0.02840983947
229 0.02840973725
230 0.02840965431
231 0.02840958708
232 0.02840953265
233 0.02840948865
234 0.02840945312
235 0.02840942446
236 0.02840940138
237 0.02840938281
238 0.02840936789
239 0.02840935592
240 0.02840934632
241 0.02840933863
242 0.02840933249
243 0.02840932758
244 0.02840932367
245 0.02840932055
246 0.02840931807
247 0.0284093161
248 0.02840931454
249 0.0284093133
250 0.02840931232
251 0.02840931154
252 0.02840931093
253 0.02840931044
254 0.02840931006
255 0.02840930976
256 0.02840930953
257 0.02840930934
258 0.0284093092
259 0.02840930908
260 0.028409309
261 0.02840930893
262 0.02840930887
263 0.02840930883
264 0.0284093088
265 0.02840930877
266 0.02840930875
267 0.02840930874
268 0.02840930873
269 0.02840930872
270 0.02840930871
271 0.0284093087
272 0.0284093087
273 0.0284093087
274 0.02840930869
275 0.02840930869
276 0.02840930869
277 0.02840930869
278 0.02840930869
279 0.02840930869
280 0.02840930869
281 0.02840930869
282 0.02840930869
283 0.02840930869
284 0.02840930869
285 0.02840930869
286 0.02840930869
287 0.02840930869
288 0.02840930869
289 0.02840930869
290 0.02840930869
291 0.02840930869
292 0.02840930869
293 0.02840930869
294 0.02840930869
295 0.02840930869
296 0.02840930869
297 0.02840930869
298 0.02840930869
299 0.02840930869
300 0.02840930869
301 0.02840930869
302 0.02840930869
303 0.02840930869
304 0.02840930869
305 0.02840930869
306 0.02840930869
307 0.02840930869
308 0.02840930869
309 0.02840930869
310 0.02840930869
311 0.02840930869
312 0.02840930869
313 0.02840930869
314 0.02840930869
315 0.02840930869
316 0.02840930869
317 0.02840930869
318 0.02840930869
319 0.02840930869
320 0.02840930869
321 0.02840930869
322 0.02840930869
323 0.02840930869
324 0.02840930869
325 0.02840930869
326 0.02840930869
327 0.02840930869
328 0.02840930869
329 0.02840930869
330 0.02840930869
331 0.02840930869
332 0.02840930869
333 0.02840930869
334 0.02840930869
335 0.02840930869
336 0.02840930869
337 0.02840930869
338 0.02840930869
339 0.02840930869
340 0.02840930869
341 0.02840930869
342 0.02840930869
343 0.02840930869
344 0.02840930869
345 0.02840930869
346 0.02840930869
347 0.02840930869
348 0.02840930869
349 0.02840930869
350 0.02840930869
351 0.02840930869
352 0.02840930869
353 0.02840930869
354 0.02840930869
355 0.02840930869
356 0.02840930869
357 0.02840930869
358 0.02840930869
359 0.02840930869
360 0.02840930869
361 0.02840930869
362 0.02840930869
363 0.02840930869
364 0.02840930869
365 0.02840930869
366 0.02840930869
367 0.02840930869
368 0.02840930869
369 0.02840930869
370 0.02840930869
371 0.02840930869
372 0.02840930869
373 0.02840930869
374 0.02840930869
375 0.02840930869
376 0.02840930869
377 0.02840930869
378 0.02840930869
379 0.02840930869
380 0.02840930869
381 0.02840930869
382 0.02840930869
383 0.02840930869
384 0.02840930869
385 0.02840930869
386 0.02840930869
387 0.02840930869
388 0.02840930869
389 0.02840930869
390 0.02840930869
391 0.02840930869
392 0.02840930869
393 0.02840930869
394 0.02840930869
395 0.02840930869
396 0.02840930869
397 0.02840930869
398 0.02840930869
399 0.02840930869
400 0.02840930869
401 0.02840930869
402 0.02840930869
403 0.02840930869
404 0.02840930869
405 0.02840930869
406 0.02840930869
407 0.02840930869
408 0.02840930869
409 0.02840930869
410 0.02840930869
411 0.02840930869
412 0.02840930869
413 0.02840930869
414 0.02840930869
415 0.02840930869
416 0.02840930869
417 0.02840930869
418 0.02840930869
419 0.02840930869
420 0.02840930869
421 0.02840930869
422 0.02840930869
423 0.02840930869
424 0.02840930869
425 0.02840930869
426 0.02840930869
427 0.02840930869
428 0.02840930869
429 0.02840930869
430 0.02840930869
431 0.02840930869
432 0.02840930869
433 0.02840930869
434 0.02840930869
435 0.02840930869
436 0.02840930869
437 0.02840930869
438 0.02840930869
439 0.02840930869
440 0.02840930869
441 0.02840930869
442 0.02840930869
443 0.02840930869
444 0.02840930869
445 0.02840930869
446 0.02840930869
447 0.02840930869
448 0.02840930869
449 0.02840930869
450 0.02840930869
451 0.02840930869
452 0.02840930869
453 0.02840930869
454 0.02840930869
455 0.02840930869
456 0.02840930869
457 0.02840930869
458 0.02840930869
459 0.02840930869
460 0.02840930869
461 0.02840930869
462 0.02840930869
463 0.02840930869
464 0.02840930869
465 0.02840930869
466 0.02840930869
467 0.02840930869
468 0.02840930869
469 0.02840930869
470 0.02840930869
471 0.02840930869
472 0.02840930869
473 0.02840930869
474 0.02840930869
475 0.02840930869
476 0.02840930869
477 0.02840930869
478 0.02840930869
479 0.02840930869
480 0.02840930869
481 0.02840930869
482 0.02840930869
483 0.02840930869
484 0.02840930869
485 0.02840930869
486 0.02840930869
487 0.02840930869
488 0.02840930869
489 0.02840930869
490 0.02840930869
491 0.02840930869
492 0.02840930869
493 0.02840930869
494 0.02840930869
495 0.02840930869
496 0.02840930869
497 0.02840930869
498 0.02840930869
499 0.02840930869
500 0.02840930869
501 0.02840930869
502 0.02840930869
503 0.02840930869
504 0.02840930869
505 0.02840930869
506 0.02840930869
507 0.02840930869
508 0.02840930869
509 0.02840930869
510 0.02840930869
511 0.02840930869
512 0.02840930869
513 0.02840930869
514 0.02840930869
515 0.02840930869
516 0.02840930869
517 0.02840930869
518 0.02840930869
519 0.02840930869
520 0.02840930869
521 0.02840930869
522 0.02840930869
523 0.02840930869
524 0.02840930869
525 0.02840930869
526 0.02840930869
527 0.02840930869
528 0.02840930869
529 0.02840930869
530 0.02840930869
531 0.02840930869
532 0.02840930869
533 0.02840930869
534 0.02840930869
535 0.02840930869
536 0.02840930869
537 0.02840930869
538 0.02840930869
539 0.02840930869
540 0.02840930869
541 0.02840930869
542 0.02840930869
543 0.02840930869
544 0.02840930869
545 0.02840930869
546 0.02840930869
547 0.02840930869
548 0.02840930869
549 0.02840930869
550 0.02840930869
551 0.02840930869
552 0.02840930869
553 0.02840930869
554 0.02840930869
555 0.02840930869
556 0.02840930869
557 0.02840930869
558 0.02840930869
559 0.02840930869
560 0.02840930869
561 0.02840930869
562 0.02840930869
563 0.02840930869
564 0.02840930869
565 0.02840930869
566 0.02840930869
567 0.02840930869
568 0.02840930869
569 0.02840930869
570 0.02840930869
571 0.02840930869
572 0.02840930869
573 0.02840930869
574 0.02840930869
575 0.02840930869
576 0.02840930869
577 0.02840930869
578 0.02840930869
579 0.02840930869
580 0.02840930869
581 0.02840930869
582 0.02840930869
583 0.02840930869
584 0.02840930869
585 0.02840930869
586 0.02840930869
587 0.02840930869
588 0.02840930869
589 0.02840930869
590 0.02840930869
591 0.02840930869
592 0.02840930869
593 0.02840930869
594 0.02840930869
595 0.02840930869
596 0.02840930869
597 0.02840930869
598 0.02840930869
599 0.02840930869
600 0.02840930869
601 0.02840930869
602 0.02840930869
603 0.02840930869
604 0.02840930869
605 0.02840930869
606 0.02840930869
607 0.02840930869
608 0.02840930869
609 0.02840930869
610 0.02840930869
611 0.02840930869
612 0.02840930869
613 0.02840930869
614 0.02840930869
615 0.02840930869
616 0.02840930869
617 0.02840930869
618 0.02840930869
619 0.02840930869
620 0.02840930869
621 0.02840930869
622 0.02840930869
623 0.02840930869
624 0.02840930869
625 0.02840930869
626 0.02840930869
627 0.02840930869
628 0.02840930869
629 0.02840930869
630 0.02840930869
631 0.02840930869
632 0.02840930869
633 0.02840930869
634 0.02840930869
635 0.02840930869
636 0.02840930869
637 0.02840930869
638 0.02840930869
639 0.02840930869
640 0.02840930869
641 0.02840930869
642 0.02840930869
643 0.02840930869
644 0.02840930869
645 0.02840930869
646 0.02840930869
647 0.02840930869
648 0.02840930869
649 0.02840930869
650 0.02840930869
651 0.02840930869
652 0.02840930869
653 0.02840930869
654 0.02840930869
655 0.02840930869
656 0.02840930869
657 0.02840930869
658 0.02840930869
659 0.02840930869
660 0.02840930869
661 0.02840930869
662 0.02840930869
663 0.02840930869
664 0.02840930869
665 0.02840930869
666 0.02840930869
667 0.02840930869
668 0.02840930869
669 0.02840930869
670 0.02840930869
671 0.02840930869
672 0.02840930869
673 0.02840930869
674 0.02840930869
675 0.02840930869
676 0.02840930869
677 0.02840930869
678 0.02840930869
679 0.02840930869
680 0.02840930869
681 0.02840930869
682 0.02840930869
683 0.02840930869
684 0.02840930869
685 0.02840930869
686 0.02840930869
687 0.02840930869
688 0.02840930869
689 0.02840930869
690 0.02840930869
691 0.02840930869
692 0.02840930869
693 0.02840930869
694 0.02840930869
695 0.02840930869
696 0.02840930869
697 0.02840930869
698 0.02840930869
699 0.02840930869
700 0.02840930869
701 0.02840930869
702 0.02840930869
703 0.02840930869
704 0.02840930869
705 0.02840930869
706 0.02840930869
707 0.02840930869
708 0.02840930869
709 0.02840930869
710 0.02840930869
711 0.02840930869
712 0.02840930869
713 0.02840930869
714 0.02840930869
715 0.02840930869
716 0.02840930869
717 0.02840930869
718 0.02840930869
719 0.02840930869
720 0.02840930869
721 0.02840930869
722 0.02840930869
723 0.02840930869
724 0.02840930869
725 0.02840930869
726 0.02840930869
727 0.02840930869
728 0.02840930869
729 0.02840930869
730 0.02840930869
731 0.02840930869
732 0.02840930869
733 0.02840930869
734 0.02840930869
735 0.02840930869
736 0.02840930869
737 0.02840930869
738 0.02840930869
739 0.02840930869
740 0.0284093087
741 0.0284093087
742 0.0284093087
743 0.02840930871
744 0.02840930871
745 0.02840930872
746 0.02840930873
747 0.02840930874
748 0.02840930875
749 0.02840930877
750 0.0284093088
751 0.02840930883
752 0.02840930886
753 0.02840930891
754 0.02840930897
755 0.02840930904
756 0.02840930913
757 0.02840930924
758 0.02840930938
759 0.02840930956
760 0.02840930978
761 0.02840931005
762 0.02840931039
763 0.02840931081
764 0.02840931133
765 0.02840931198
766 0.02840931278
767 0.02840931377
768 0.028409315
769 0.02840931652
770 0.02840931839
771 0.02840932069
772 0.02840932352
773 0.02840932701
774 0.02840933128
775 0.02840933653
776 0.02840934297
777 0.02840935085
778 0.02840936048
779 0.02840937226
780 0.02840938663
781 0.02840940414
782 0.02840942548
783 0.02840945144
784 0.028409483
785 0.02840952131
786 0.02840956777
787 0.02840962407
788 0.0284096922
789 0.02840977458
790 0.02840987407
791 0.02840999412
792 0.0284101388
793 0.02841031299
794 0.02841052249
795 0.0284107742
796 0.02841107629
797 0.02841143848
798 0.02841187225
799 0.02841239123
800 0.02841301148
801 0.02841375198
802 0.02841463512
803 0.02841568728
804 0.02841693946
805 0.02841842813
806 0.02842019608
807 0.02842229349
808 0.02842477914
809 0.02842772177
810 0.02843120173
811 0.02843531277
812 0.02844016421
813 0.02844588335
814 0.02845261823
815 0.02846054087
816 0.02846985087
817 0.02848077958
818 0.02849359486
819 0.02850860644
820 0.02852617207
821 0.02854670448
822 0.02857067927
823 0.02859864384
824 0.02863122748
825 0.0286691528
826 0.02871324852
827 0.028764464
828 0.02882388546
829 0.02889275424
830 0.02897248726
831 0.02906469993
832 0.0291712317
833 0.02929417469
834 0.02943590541
835 0.02959912028
836 0.02978687486
837 0.03000262754
838 0.03025028786
839 0.0305342699
840 0.03085955132
841 0.03123173837
842 0.03165713744
843 0.03214283372
844 0.03269677741
845 0.03332787822
846 0.0340461086
847 0.03486261643
848 0.0357898478
849 0.03684168052
850 0.03803356909
851 0.03938270171
852 0.0409081702
853 0.04263115337
854 0.04457511457
855 0.0467660142
856 0.04923253767
857 0.05200633964
858 0.05512230491
859 0.05861882669
860 0.06253810273
861 0.06692644958
862 0.07183463542
863 0.07731823179
864 0.08343798411
865 0.09026020121
866 0.09785716359
867 0.1063075502
868 0.115696883
869 0.1261179893
870 0.1376714798
871 0.1504662427
872 0.1646199507
873 0.1802595815
874 0.1975219474
875 0.216554234
876 0.2375145433
877 0.2605724406
878 0.2859095001
879 0.313719846
880 0.3442106864
881 0.3776028338
882 0.4141312088
883 0.4540453212
884 0.4976097239
885 0.5451044325
886 0.5968253055
887 0.6530843783
888 0.7142101437
889 0.7805477727
890 0.8524592673
891 0.9303235378
892 1.014536398
893 1.10551047
894 1.203674985
895 1.309475489
896 1.423373417
897 1.545845563
898 1.677383403
899 1.818492296
900 1.969690527
901 2.131508209
902 2.304486023
903 2.489173803
904 2.686128943
905 2.895914649
906 3.119098008
907 3.356247885
908 3.607932652
909 3.874717738
910 4.157163009
911 4.455819984
912 4.771228885
913 5.103915538
914 5.454388121
915 5.823133782
916 6.210615127
917 6.617266606
918 7.043490792
919 7.489654596
920 7.956085412
921 8.443067229
922 8.95083673
923 9.479579392
924 10.02942562
925 10.60044696
926 11.19265234
927 11.80598454
928 12.44031667
929 13.09544893
930 13.7711055
931 14.46693177
932 15.18249169
933 15.91726557
934 16.67064809
935 17.44194675
936 18.23038063
937 19.03507963
938 19.8550841
939 20.68934495
940 21.53672422
941 22.39599618
942 23.26584889
943 24.14488632
944 25.03163103
945 25.92452729
946 26.82194486
947 27.72218321
948 28.62347636
949 29.52399814
950 30.42186806
951 31.31515764
952 32.20189713
953 33.08008282
954 33.94768467
955 34.80265433
956 35.64293354
957 36.4664628
958 37.27119037
959 38.0550814
960 38.81612732
961 39.5523553
962 40.26183778
963 40.94270205
964 41.5931398
965 42.21141651
966 42.7958808
967 43.34497346
968 43.85723638
969 44.33132101
970 44.7659966
971 45.16015792
972 45.51283264
973 45.82318816
974 46.09053783
975 46.31434676
976 46.49423684
977 46.62999126
978 46.7215583
979 46.76905437
980 46.77276648
981 46.73315384
982 46.65084884
983 46.52665719
984 46.36155736
985 46.15669931
986 45.91340238
987 45.63315259
988 45.31759906
989 44.96854988
990 44.58796717
991 44.17796158
992 43.74078607
993 43.27882909
994 42.79460724
995 42.29075726
996 41.77002759
997 41.23526936
998 40.68942693
999 40.13552804
1000 39.57667347
1001 39.0160264
1002 38.45680138
1003 37.90225301
1004 37.35566436
1005 36.82033509
1006 36.29956939
1007 35.79666373
1008 35.31489444
1009 34.85750516
1010 34.42769422
1011 34.02860191
1012 33.66329778
1013 33.33476784
1014 33.04590191
1015 32.79948094
1016 32.59816447
1017 32.44447824
1018 32.34080196
1019 32.28935731
1020 32.2921962
1021 32.35118933
1022 32.46801519
1023 32.64414934
