#53956 2909.9955230916037145 0.0045704665467377883145 1 1445 16.000049430220818044 1024 7 1 J1713+0747 0.0000000 
0 0.2601209179
1 0.2601209179
2 0.2601209179
3 0.2601209179
4 0.2601209179
5 0.2601209179
6 0.2601209179
7 0.2601209179
8 0.2601209179
9 0.2601209179
10 0.2601209179
11 0.2601209179
12 0.2601209179
13 0.2601209179
14 0.2601209179
15 0.2601209179
16 0.2601209179
17 0.2601209179
18 0.2601209179
19 0.2601209179
20 0.2601209179
21 0.2601209179
22 0.2601209179
23 0.2601209179
24 0.2601209179
25 0.2601209179
26 0.2601209179
27 0.2601209179
28 0.2601209179
29 0.2601209179
30 0.2601209179
31 0.2601209179
32 0.2601209179
33 0.2601209179
34 0.2601209179
35 0.2601209179
36 0.2601209179
37 0.2601209179
38 0.2601209179
39 0.2601209179
40 0.2601209179
41 0.260120918
42 0.260120918
43 0.260120918
44 0.260120918
45 0.2601209181
46 0.2601209181
47 0.2601209182
48 0.2601209183
49 0.2601209183
50 0.2601209185
51 0.2601209186
52 0.2601209188
53 0.260120919
54 0.2601209193
55 0.2601209196
56 0.2601209201
57 0.2601209206
58 0.2601209213
59 0.2601209221
60 0.2601209231
61 0.2601209244
62 0.2601209259
63 0.2601209278
64 0.2601209302
65 0.260120933
66 0.2601209366
67 0.2601209409
68 0.2601209463
69 0.2601209528
70 0.2601209608
71 0.2601209706
72 0.2601209826
73 0.2601209972
74 0.2601210149
75 0.2601210366
76 0.2601210629
77 0.2601210949
78 0.2601211337
79 0.2601211807
80 0.2601212376
81 0.2601213065
82 0.2601213897
83 0.2601214902
84 0.2601216114
85 0.2601217574
86 0.2601219331
87 0.2601221443
88 0.2601223979
89 0.2601227021
90 0.2601230666
91 0.260123503
92 0.2601240248
93 0.2601246482
94 0.260125392
95 0.2601262787
96 0.2601273345
97 0.2601285904
98 0.2601300828
99 0.2601318543
100 0.2601339548
101 0.2601364429
102 0.2601393869
103 0.2601428668
104 0.2601469757
105 0.2601518222
106 0.2601575327
107 0.2601642539
108 0.2601721566
109 0.2601814384
110 0.2601923286
111 0.2602050923
112 0.2602200359
113 0.2602375132
114 0.2602579321
115 0.2602817623
116 0.2603095443
117 0.2603418988
118 0.2603795385
119 0.26042328
120 0.2604740585
121 0.2605329431
122 0.2606011552
123 0.260680088
124 0.2607713291
125 0.260876685
126 0.2609982094
127 0.2611382337
128 0.2612994017
129 0.2614847076
130 0.2616975383
131 0.2619417204
132 0.2622215718
133 0.2625419586
134 0.2629083587
135 0.26332693
136 0.2638045871
137 0.2643490839
138 0.2649691053
139 0.265674366
140 0.2664757194
141 0.2673852755
142 0.2684165292
143 0.2695844994
144 0.2709058797
145 0.2723992011
146 0.2740850078
147 0.2759860459
148 0.2781274665
149 0.2805370434
150 0.2832454061
151 0.2862862882
152 0.2896967924
153 0.2935176718
154 0.2977936287
155 0.3025736299
156 0.3079112403
157 0.3138649734
158 0.3204986591
159 0.3278818298
160 0.3360901218
161 0.3452056943
162 0.3553176634
163 0.3665225511
164 0.3789247474
165 0.3926369852
166 0.4077808249
167 0.4244871485
168 0.4428966591
169 0.4631603851
170 0.4854401849
171 0.5099092496
172 0.5367526005
173 0.5661675767
174 0.5983643092
175 0.6335661772
176 0.6720102413
177 0.7139476481
178 0.7596440021
179 0.8093796969
180 0.8634502013
181 0.9221662933
182 0.985854235
183 1.054855882
184 1.129528719
185 1.210245816
186 1.2973957
187 1.391382124
188 1.492623743
189 1.601553674
190 1.718618944
191 1.844279809
192 1.97900895
193 2.123290529
194 2.277619101
195 2.442498384
196 2.618439875
197 2.805961309
198 3.005584964
199 3.217835807
200 3.443239468
201 3.682320071
202 3.935597893
203 4.203586871
204 4.486791955
205 4.78570632
206 5.100808431
207 5.432558983
208 5.781397717
209 6.147740127
210 6.531974075
211 6.934456322
212 7.355508999
213 7.795416026
214 8.254419514
215 8.732716157
216 9.230453643
217 9.747727107
218 10.28457565
219 10.84097897
220 11.41685407
221 12.01205214
222 12.62635564
223 13.25947556
224 13.91104887
225 14.58063633
226 15.2677205
227 15.97170409
228 16.69190869
229 17.42757383
230 18.17785641
231 18.94183061
232 19.71848815
233 20.50673906
234 21.30541294
235 22.11326057
236 22.92895618
237 23.75110005
238 24.57822176
239 25.40878383
240 26.24118587
241 27.0737693
242 27.90482242
243 28.73258607
244 29.55525964
245 30.37100753
246 31.17796609
247 31.97425078
248 32.7579638
249 33.52720196
250 34.28006484
251 35.01466315
252 35.72912731
253 36.42161616
254 37.09032571
255 37.73349801
256 38.34942996
257 38.93648209
258 39.49308723
259 40.01775899
260 40.50910009
261 40.96581039
262 41.38669462
263 41.77066979
264 42.11677218
265 42.42416387
266 42.69213884
267 42.92012854
268 43.10770688
269 43.25459471
270 43.36066359
271 43.42593907
272 43.45060317
273 43.43499634
274 43.37961861
275 43.28513017
276 43.15235119
277 42.98226098
278 42.77599644
279 42.53484988
280 42.2602661
281 41.95383888
282 41.61730677
283 41.2525483
284 40.86157659
285 40.4465333
286 40.00968215
287 39.55340178
288 39.08017821
289 38.59259677
290 38.09333357
291 37.58514659
292 37.07086638
293 36.55338631
294 36.03565266
295 35.52065421
296 35.01141173
297 34.51096708
298 34.02237223
299 33.54867797
300 33.09292253
301 32.65812006
302 32.24724899
303 31.86324031
304 31.50896584
305 31.18722641
306 30.90074016
307 30.65213077
308 30.44391583
309 30.27849533
310 30.15814025
311 30.08498136
312 30.06099828
313 30.0880087
314 30.16765805
315 30.30140942
316 30.49053391
317 30.7361015
318 31.03897233
319 31.39978863
320 31.81896722
321 32.29669275
322 32.83291159
323 33.42732663
324 34.07939287
325 34.78831392
326 35.55303957
327 36.37226425
328 37.24442677
329 38.16771096
330 39.14004776
331 40.15911828
332 41.22235834
333 42.32696413
334 43.46989928
335 44.64790325
336 45.85750097
337 47.09501391
338 48.35657236
339 49.63812908
340 50.93547415
341 52.24425098
342 53.5599736
343 54.87804486
344 56.19377574
345 57.5024055
346 58.79912268
347 60.07908677
348 61.33745041
349 62.56938213
350 63.7700893
351 64.93484129
352 66.05899266
353 67.13800617
354 68.16747556
355 69.1431478
356 70.06094484
357 70.91698452
358 71.7076006
359 72.42936175
360 73.07908933
361 73.65387383
362 74.15108986
363 74.56840959
364 74.90381448
365 75.15560529
366 75.3224102
367 75.40319107
368 75.39724771
369 75.30422019
370 75.12408916
371 74.85717411
372 74.50412973
373 74.06594023
374 73.54391185
375 72.93966341
376 72.25511526
377 71.49247636
378 70.65422999
379 69.74311789
380 68.7621231
381 67.71445167
382 66.60351327
383 65.43290098
384 64.20637029
385 62.92781754
386 61.60125805
387 60.23080387
388 58.82064154
389 57.37500992
390 55.89817822
391 54.39442446
392 52.86801441
393 51.32318122
394 49.76410584
395 48.19489834
396 46.61958018
397 45.04206771
398 43.4661567
399 41.89550825
400 40.33363592
401 38.78389426
402 37.24946868
403 35.73336681
404 34.23841114
405 32.76723315
406 31.32226882
407 29.90575546
408 28.51972991
409 27.16602795
410 25.84628497
411 24.56193782
412 23.31422768
413 22.10420401
414 20.93272938
415 19.80048519
416 18.70797814
417 17.65554737
418 16.64337221
419 15.67148042
420 14.73975685
421 13.84795242
422 12.99569339
423 12.1824907
424 11.40774954
425 10.67077882
426 9.970800653
427 9.306959694
428 8.678332334
429 8.083935656
430 7.522736119
431 6.993657938
432 6.495591105
433 6.027399037
434 5.587925813
435 5.176002988
436 4.790455964
437 4.430109906
438 4.093795202
439 3.780352463
440 3.488637059
441 3.217523207
442 2.965907611
443 2.732712669
444 2.516889264
445 2.317419146
446 2.133316936
447 1.963631761
448 1.807448545
449 1.663888982
450 1.532112202
451 1.411315168
452 1.300732813
453 1.19963795
454 1.10734097
455 1.023189357
456 0.9465670332
457 0.8768935681
458 0.8136232537
459 0.7562440799
460 0.7042766202
461 0.6572728458
462 0.6148148848
463 0.5765137392
464 0.5420079737
465 0.5109623889
466 0.4830666879
467 0.4580341481
468 0.4356003052
469 0.4155216583
470 0.3975744011
471 0.3815531863
472 0.3672699266
473 0.3545526375
474 0.343244324
475 0.3332019133
476 0.324295237
477 0.3164060611
478 0.3094271677
479 0.303261486
480 0.2978212728
481 0.2930273434
482 0.2888083496
483 0.2851001061
484 0.2818449613
485 0.2789912131
486 0.2764925666
487 0.2743076325
488 0.2723994637
489 0.2707351292
490 0.2692853217
491 0.2680239982
492 0.2669280512
493 0.2659770089
494 0.2651527607
495 0.2644393093
496 0.2638225447
497 0.2632900398
498 0.2628308659
499 0.2624354257
500 0.2620953038
501 0.2618031314
502 0.2615524658
503 0.2613376819
504 0.2611538755
505 0.2609967772
506 0.2608626753
507 0.2607483476
508 0.2606510011
509 0.2605682176
510 0.2604979071
511 0.2604382652
512 0.2603877368
513 0.2603449828
514 0.2603088526
515 0.2602783581
516 0.2602526526
517 0.260231011
518 0.2602128138
519 0.2601975318
520 0.2601847141
521 0.2601739767
522 0.2601649933
523 0.2601574867
524 0.2601512219
525 0.2601460001
526 0.2601416531
527 0.2601380387
528 0.2601350373
529 0.260132548
530 0.2601304861
531 0.2601287802
532 0.2601273706
533 0.2601262074
534 0.2601252486
535 0.2601244594
536 0.2601238105
537 0.2601232776
538 0.2601228406
539 0.2601224826
540 0.2601221897
541 0.2601219504
542 0.2601217552
543 0.260121596
544 0.2601214664
545 0.2601213611
546 0.2601212755
547 0.2601212061
548 0.2601211499
549 0.2601211045
550 0.2601210677
551 0.2601210381
552 0.2601210142
553 0.2601209949
554 0.2601209795
555 0.260120967
556 0.2601209571
557 0.2601209491
558 0.2601209427
559 0.2601209376
560 0.2601209335
561 0.2601209303
562 0.2601209277
563 0.2601209256
564 0.260120924
565 0.2601209227
566 0.2601209217
567 0.2601209209
568 0.2601209202
569 0.2601209197
570 0.2601209193
571 0.260120919
572 0.2601209188
573 0.2601209186
574 0.2601209184
575 0.2601209183
576 0.2601209182
577 0.2601209181
578 0.2601209181
579 0.260120918
580 0.260120918
581 0.260120918
582 0.260120918
583 0.2601209179
584 0.2601209179
585 0.2601209179
586 0.2601209179
587 0.2601209179
588 0.2601209179
589 0.2601209179
590 0.2601209179
591 0.2601209179
592 0.2601209179
593 0.2601209179
594 0.2601209179
595 0.2601209179
596 0.2601209179
597 0.2601209179
598 0.2601209179
599 0.2601209179
600 0.2601209179
601 0.2601209179
602 0.2601209179
603 0.2601209179
604 0.2601209179
605 0.2601209179
606 0.2601209179
607 0.2601209179
608 0.2601209179
609 0.2601209179
610 0.2601209179
611 0.2601209179
612 0.2601209179
613 0.2601209179
614 0.2601209179
615 0.2601209179
616 0.2601209179
617 0.2601209179
618 0.2601209179
619 0.2601209179
620 0.2601209179
621 0.2601209179
622 0.2601209179
623 0.2601209179
624 0.2601209179
625 0.2601209179
626 0.2601209179
627 0.2601209179
628 0.2601209179
629 0.2601209179
630 0.2601209179
631 0.2601209179
632 0.2601209179
633 0.2601209179
634 0.2601209179
635 0.2601209179
636 0.2601209179
637 0.2601209179
638 0.2601209179
639 0.2601209179
640 0.2601209179
641 0.2601209179
642 0.2601209179
643 0.2601209179
644 0.2601209179
645 0.2601209179
646 0.2601209179
647 0.2601209179
648 0.2601209179
649 0.2601209179
650 0.2601209179
651 0.2601209179
652 0.2601209179
653 0.2601209179
654 0.2601209179
655 0.2601209179
656 0.2601209179
657 0.2601209179
658 0.2601209179
659 0.2601209179
660 0.2601209179
661 0.2601209179
662 0.2601209179
663 0.2601209179
664 0.2601209179
665 0.2601209179
666 0.2601209179
667 0.2601209179
668 0.2601209179
669 0.2601209179
670 0.2601209179
671 0.2601209179
672 0.2601209179
673 0.2601209179
674 0.2601209179
675 0.2601209179
676 0.2601209179
677 0.2601209179
678 0.2601209179
679 0.2601209179
680 0.2601209179
681 0.2601209179
682 0.2601209179
683 0.2601209179
684 0.2601209179
685 0.2601209179
686 0.2601209179
687 0.2601209179
688 0.2601209179
689 0.2601209179
690 0.2601209179
691 0.2601209179
692 0.2601209179
693 0.2601209179
694 0.2601209179
695 0.2601209179
696 0.2601209179
697 0.2601209179
698 0.2601209179
699 0.2601209179
700 0.2601209179
701 0.2601209179
702 0.2601209179
703 0.2601209179
704 0.2601209179
705 0.2601209179
706 0.2601209179
707 0.2601209179
708 0.2601209179
709 0.2601209179
710 0.2601209179
711 0.2601209179
712 0.2601209179
713 0.2601209179
714 0.2601209179
715 0.2601209179
716 0.2601209179
717 0.2601209179
718 0.2601209179
719 0.2601209179
720 0.2601209179
721 0.2601209179
722 0.2601209179
723 0.2601209179
724 0.2601209179
725 0.2601209179
726 0.2601209179
727 0.2601209179
728 0.2601209179
729 0.2601209179
730 0.2601209179
731 0.2601209179
732 0.2601209179
733 0.2601209179
734 0.2601209179
735 0.2601209179
736 0.2601209179
737 0.2601209179
738 0.2601209179
739 0.2601209179
740 0.2601209179
741 0.2601209179
742 0.2601209179
743 0.2601209179
744 0.2601209179
745 0.2601209179
746 0.2601209179
747 0.2601209179
748 0.2601209179
749 0.2601209179
750 0.2601209179
751 0.2601209179
752 0.2601209179
753 0.2601209179
754 0.2601209179
755 0.2601209179
756 0.2601209179
757 0.2601209179
758 0.2601209179
759 0.2601209179
760 0.2601209179
761 0.2601209179
762 0.2601209179
763 0.2601209179
764 0.2601209179
765 0.2601209179
766 0.2601209179
767 0.2601209179
768 0.2601209179
769 0.2601209179
770 0.2601209179
771 0.2601209179
772 0.2601209179
773 0.2601209179
774 0.2601209179
775 0.2601209179
776 0.2601209179
777 0.2601209179
778 0.2601209179
779 0.2601209179
780 0.2601209179
781 0.2601209179
782 0.2601209179
783 0.2601209179
784 0.2601209179
785 0.2601209179
786 0.2601209179
787 0.2601209179
788 0.2601209179
789 0.2601209179
790 0.2601209179
791 0.2601209179
792 0.2601209179
793 0.2601209179
794 0.2601209179
795 0.2601209179
796 0.2601209179
797 0.2601209179
798 0.2601209179
799 0.2601209179
800 0.2601209179
801 0.2601209179
802 0.2601209179
803 0.2601209179
804 0.2601209179
805 0.2601209179
806 0.2601209179
807 0.2601209179
808 0.2601209179
809 0.2601209179
810 0.2601209179
811 0.2601209179
812 0.2601209179
813 0.2601209179
814 0.2601209179
815 0.2601209179
816 0.2601209179
817 0.2601209179
818 0.2601209179
819 0.2601209179
820 0.2601209179
821 0.2601209179
822 0.2601209179
823 0.2601209179
824 0.2601209179
825 0.2601209179
826 0.2601209179
827 0.2601209179
828 0.2601209179
829 0.2601209179
830 0.2601209179
831 0.2601209179
832 0.2601209179
833 0.2601209179
834 0.2601209179
835 0.2601209179
836 0.2601209179
837 0.2601209179
838 0.2601209179
839 0.2601209179
840 0.2601209179
841 0.2601209179
842 0.2601209179
843 0.2601209179
844 0.2601209179
845 0.2601209179
846 0.2601209179
847 0.2601209179
848 0.2601209179
849 0.2601209179
850 0.2601209179
851 0.2601209179
852 0.2601209179
853 0.2601209179
854 0.2601209179
855 0.2601209179
856 0.2601209179
857 0.2601209179
858 0.2601209179
859 0.2601209179
860 0.2601209179
861 0.2601209179
862 0.2601209179
863 0.2601209179
864 0.2601209179
865 0.2601209179
866 0.2601209179
867 0.2601209179
868 0.2601209179
869 0.2601209179
870 0.2601209179
871 0.2601209179
872 0.2601209179
873 0.2601209179
874 0.2601209179
875 0.2601209179
876 0.2601209179
877 0.2601209179
878 0.2601209179
879 0.2601209179
880 0.2601209179
881 0.2601209179
882 0.2601209179
883 0.2601209179
884 0.2601209179
885 0.2601209179
886 0.2601209179
887 0.2601209179
888 0.2601209179
889 0.2601209179
890 0.2601209179
891 0.2601209179
892 0.2601209179
893 0.2601209179
894 0.2601209179
895 0.2601209179
896 0.2601209179
897 0.2601209179
898 0.2601209179
899 0.2601209179
900 0.2601209179
901 0.2601209179
902 0.2601209179
903 0.2601209179
904 0.2601209179
905 0.2601209179
906 0.2601209179
907 0.2601209179
908 0.2601209179
909 0.2601209179
910 0.2601209179
911 0.2601209179
912 0.2601209179
913 0.2601209179
914 0.2601209179
915 0.2601209179
916 0.2601209179
917 0.2601209179
918 0.2601209179
919 0.2601209179
920 0.2601209179
921 0.2601209179
922 0.2601209179
923 0.2601209179
924 0.2601209179
925 0.2601209179
926 0.2601209179
927 0.2601209179
928 0.2601209179
929 0.2601209179
930 0.2601209179
931 0.2601209179
932 0.2601209179
933 0.2601209179
934 0.2601209179
935 0.2601209179
936 0.2601209179
937 0.2601209179
938 0.2601209179
939 0.2601209179
940 0.2601209179
941 0.2601209179
942 0.2601209179
943 0.2601209179
944 0.2601209179
945 0.2601209179
946 0.2601209179
947 0.2601209179
948 0.2601209179
949 0.2601209179
950 0.2601209179
951 0.2601209179
952 0.2601209179
953 0.2601209179
954 0.2601209179
955 0.2601209179
956 0.2601209179
957 0.2601209179
958 0.2601209179
959 0.2601209179
960 0.2601209179
961 0.2601209179
962 0.2601209179
963 0.2601209179
964 0.2601209179
965 0.2601209179
966 0.2601209179
967 0.2601209179
968 0.2601209179
969 0.2601209179
970 0.2601209179
971 0.2601209179
972 0.2601209179
973 0.2601209179
974 0.2601209179
975 0.2601209179
976 0.2601209179
977 0.2601209179
978 0.2601209179
979 0.2601209179
980 0.2601209179
981 0.2601209179
982 0.2601209179
983 0.2601209179
984 0.2601209179
985 0.2601209179
986 0.2601209179
987 0.2601209179
988 0.2601209179
989 0.2601209179
990 0.2601209179
991 0.2601209179
992 0.2601209179
993 0.2601209179
994 0.2601209179
995 0.2601209179
996 0.2601209179
997 0.2601209179
998 0.2601209179
999 0.2601209179
1000 0.2601209179
1001 0.2601209179
1002 0.2601209179
1003 0.2601209179
1004 0.2601209179
1005 0.2601209179
1006 0.2601209179
1007 0.2601209179
1008 0.2601209179
1009 0.2601209179
1010 0.2601209179
1011 0.2601209179
1012 0.2601209179
1013 0.2601209179
1014 0.2601209179
1015 0.2601209179
1016 0.2601209179
1017 0.2601209179
1018 0.2601209179
1019 0.2601209179
1020 0.2601209179
1021 0.2601209179
1022 0.2601209179
1023 0.2601209179
