#53978 2910.0010202195005069 0.0045705140171573774288 1 1397 16.000049430220818044 1024 7 1 J1713+0747 0.0000000 
0 0.2454557165
1 0.2515583548
2 0.2583594581
3 0.2659306404
4 0.2743498252
5 0.2837016801
6 0.2940780691
7 0.3055785194
8 0.3183107034
9 0.3323909333
10 0.3479446671
11 0.3651070245
12 0.3840233092
13 0.4048495366
14 0.4277529625
15 0.4529126106
16 0.4805197953
17 0.5107786348
18 0.5439065511
19 0.5801347525
20 0.6197086924
21 0.6628885
22 0.709949377
23 0.7611819543
24 0.8168926013
25 0.8774036829
26 0.9430537556
27 1.014197697
28 1.091206758
29 1.174468537
30 1.26438686
31 1.361381566
32 1.465888182
33 1.578357491
34 1.699254978
35 1.829060141
36 1.968265681
37 2.117376534
38 2.276908772
39 2.447388339
40 2.629349631
41 2.823333924
42 3.029887622
43 3.249560352
44 3.482902878
45 3.730464857
46 3.992792423
47 4.270425608
48 4.563895599
49 4.873721847
50 5.200409021
51 5.54444383
52 5.906291709
53 6.286393395
54 6.685161394
55 7.102976366
56 7.540183437
57 7.997088457
58 8.473954233
59 8.970996746
60 9.488381388
61 10.02621923
62 10.58456338
63 11.16340538
64 11.76267177
65 12.38222082
66 13.02183936
67 13.68123988
68 14.36005786
69 15.05784936
70 15.7740889
71 16.50816768
72 17.25939212
73 18.02698282
74 18.81007393
75 19.60771288
76 20.41886061
77 21.24239232
78 22.07709855
79 22.92168694
80 23.77478438
81 24.63493971
82 25.50062693
83 26.37024898
84 27.242142
85 28.11458007
86 28.98578055
87 29.85390982
88 30.71708952
89 31.57340325
90 32.42090369
91 33.25762013
92 34.0815663
93 34.8907486
94 35.68317459
95 36.45686173
96 37.20984627
97 37.94019241
98 38.64600144
99 39.325421
100 39.97665436
101 40.5979696
102 41.18770871
103 41.74429659
104 42.26624972
105 42.75218472
106 43.20082645
107 43.61101591
108 43.98171758
109 44.31202646
110 44.60117445
111 44.84853639
112 45.05363536
113 45.21614748
114 45.33590608
115 45.41290514
116 45.44730215
117 45.4394202
118 45.38974944
119 45.29894773
120 45.16784065
121 44.99742076
122 44.7888461
123 44.54343809
124 44.26267856
125 43.94820626
126 43.60181253
127 43.22543646
128 42.82115934
129 42.39119847
130 41.93790042
131 41.46373376
132 40.97128119
133 40.46323117
134 39.94236917
135 39.4115683
136 38.87377973
137 38.33202255
138 37.78937336
139 37.24895556
140 36.71392829
141 36.1874751
142 35.67279249
143 35.17307809
144 34.69151882
145 34.2312788
146 33.79548719
147 33.38722593
148 33.00951743
149 32.66531225
150 32.35747674
151 32.08878079
152 31.86188557
153 31.67933148
154 31.5435261
155 31.45673251
156 31.42105766
157 31.43844113
158 31.51064415
159 31.63923901
160 31.82559885
161 32.07088795
162 32.37605257
163 32.74181226
164 33.16865197
165 33.65681474
166 34.20629519
167 34.81683385
168 35.48791239
169 36.21874975
170 37.00829934
171 37.85524729
172 38.75801182
173 39.71474381
174 40.7233286
175 41.78138903
176 42.88628988
177 44.03514353
178 45.22481713
179 46.45194103
180 47.7129187
181 49.00393795
182 50.32098361
183 51.65985151
184 53.01616375
185 54.38538535
186 55.76284196
187 57.14373886
188 58.52318087
189 59.89619339
190 61.25774414
191 62.60276579
192 63.92617909
193 65.22291662
194 66.48794678
195 67.71629803
196 68.90308319
197 70.04352362
198 71.13297312
199 72.16694139
200 73.14111691
201 74.05138909
202 74.89386939
203 75.6649115
204 76.3611302
205 76.97941892
206 77.5169657
207 77.97126768
208 78.34014372
209 78.62174523
210 78.81456516
211 78.91744489
212 78.92957913
213 78.85051882
214 78.68017181
215 78.41880152
216 78.06702348
217 77.62579987
218 77.09643199
219 76.48055082
220 75.7801057
221 74.99735127
222 74.13483269
223 73.19536942
224 72.18203745
225 71.09815039
226 69.94723937
227 68.73303202
228 67.45943061
229 66.13048961
230 64.75039276
231 63.32342989
232 61.85397354
233 60.34645578
234 58.80534505
235 57.23512357
236 55.64026508
237 54.02521342
238 52.39436178
239 50.75203296
240 49.10246058
241 47.4497715
242 45.79796943
243 44.15091983
244 42.5123362
245 40.88576772
246 39.27458842
247 37.68198771
248 36.1109625
249 34.56431068
250 33.04462614
251 31.55429518
252 30.09549432
253 28.67018942
254 27.2801362
255 25.92688181
256 24.61176773
257 23.33593365
258 22.10032235
259 20.90568551
260 19.75259033
261 18.64142692
262 17.57241624
263 16.54561868
264 15.56094303
265 14.61815585
266 13.71689107
267 12.85665987
268 12.03686057
269 11.25678862
270 10.51564654
271 9.812553721
272 9.14655612
273 8.516635676
274 7.92171948
275 7.360688621
276 6.832386665
277 6.335627755
278 5.869204278
279 5.431894097
280 5.02246732
281 4.639692594
282 4.282342929
283 3.949201021
284 3.639064117
285 3.350748381
286 3.083092807
287 2.834962669
288 2.605252529
289 2.39288882
290 2.196832026
291 2.016078465
292 1.849661719
293 1.696653715
294 1.556165487
295 1.427347648
296 1.309390581
297 1.201524399
298 1.103018666
299 1.013181925
300 0.9313610534
301 0.8569404502
302 0.7893411027
303 0.7280195284
304 0.6724666264
305 0.6222064482
306 0.5767949078
307 0.5358184457
308 0.4988926598
309 0.4656609173
310 0.4357929587
311 0.4089835039
312 0.3849508706
313 0.363435612
314 0.3441991815
315 0.3270226311
316 0.3117053465
317 0.2980638263
318 0.2859305049
319 0.2751526255
320 0.2655911624
321 0.257119795
322 0.2496239345
323 0.2429998027
324 0.2371535635
325 0.2320005062
326 0.2274642794
327 0.2234761747
328 0.2199744586
329 0.216903751
330 0.2142144481
331 0.2118621886
332 0.2098073603
333 0.2080146457
334 0.2064526043
335 0.2050932887
336 0.2039118947
337 0.2028864399
338 0.2019974723
339 0.2012278041
340 0.2005622709
341 0.1999875131
342 0.1994917782
343 0.1990647428
344 0.1986973518
345 0.1983816741
346 0.1981107735
347 0.197878592
348 0.1976798466
349 0.1975099369
350 0.197364862
351 0.1972411481
352 0.1971357826
353 0.1970461571
354 0.1969700162
355 0.1969054123
356 0.196850666
357 0.1968043316
358 0.1967651657
359 0.1967321006
360 0.1967042212
361 0.1966807435
362 0.1966609974
363 0.1966444104
364 0.1966304947
365 0.1966188346
366 0.1966090767
367 0.1966009209
368 0.1965941126
369 0.1965884363
370 0.1965837097
371 0.1965797788
372 0.1965765138
373 0.1965738051
374 0.1965715609
375 0.1965697037
376 0.1965681688
377 0.1965669018
378 0.1965658572
379 0.1965649971
380 0.1965642897
381 0.1965637088
382 0.1965632321
383 0.1965628416
384 0.1965625221
385 0.1965622609
386 0.1965620477
387 0.1965618739
388 0.1965617324
389 0.1965616173
390 0.1965615238
391 0.196561448
392 0.1965613866
393 0.1965613368
394 0.1965612966
395 0.1965612642
396 0.196561238
397 0.196561217
398 0.1965612
399 0.1965611864
400 0.1965611755
401 0.1965611668
402 0.1965611598
403 0.1965611542
404 0.1965611497
405 0.1965611462
406 0.1965611433
407 0.1965611411
408 0.1965611393
409 0.1965611378
410 0.1965611367
411 0.1965611358
412 0.1965611351
413 0.1965611346
414 0.1965611341
415 0.1965611338
416 0.1965611335
417 0.1965611333
418 0.1965611331
419 0.196561133
420 0.1965611329
421 0.1965611328
422 0.1965611328
423 0.1965611327
424 0.1965611327
425 0.1965611326
426 0.1965611326
427 0.1965611326
428 0.1965611326
429 0.1965611326
430 0.1965611326
431 0.1965611326
432 0.1965611326
433 0.1965611326
434 0.1965611325
435 0.1965611325
436 0.1965611325
437 0.1965611325
438 0.1965611325
439 0.1965611325
440 0.1965611325
441 0.1965611325
442 0.1965611325
443 0.1965611325
444 0.1965611325
445 0.1965611325
446 0.1965611325
447 0.1965611325
448 0.1965611325
449 0.1965611325
450 0.1965611325
451 0.1965611325
452 0.1965611325
453 0.1965611325
454 0.1965611325
455 0.1965611325
456 0.1965611325
457 0.1965611325
458 0.1965611325
459 0.1965611325
460 0.1965611325
461 0.1965611325
462 0.1965611325
463 0.1965611325
464 0.1965611325
465 0.1965611325
466 0.1965611325
467 0.1965611325
468 0.1965611325
469 0.1965611325
470 0.1965611325
471 0.1965611325
472 0.1965611325
473 0.1965611325
474 0.1965611325
475 0.1965611325
476 0.1965611325
477 0.1965611325
478 0.1965611325
479 0.1965611325
480 0.1965611325
481 0.1965611325
482 0.1965611325
483 0.1965611325
484 0.1965611325
485 0.1965611325
486 0.1965611325
487 0.1965611325
488 0.1965611325
489 0.1965611325
490 0.1965611325
491 0.1965611325
492 0.1965611325
493 0.1965611325
494 0.1965611325
495 0.1965611325
496 0.1965611325
497 0.1965611325
498 0.1965611325
499 0.1965611325
500 0.1965611325
501 0.1965611325
502 0.1965611325
503 0.1965611325
504 0.1965611325
505 0.1965611325
506 0.1965611325
507 0.1965611325
508 0.1965611325
509 0.1965611325
510 0.1965611325
511 0.1965611325
512 0.1965611325
513 0.1965611325
514 0.1965611325
515 0.1965611325
516 0.1965611325
517 0.1965611325
518 0.1965611325
519 0.1965611325
520 0.1965611325
521 0.1965611325
522 0.1965611325
523 0.1965611325
524 0.1965611325
525 0.1965611325
526 0.1965611325
527 0.1965611325
528 0.1965611325
529 0.1965611325
530 0.1965611325
531 0.1965611325
532 0.1965611325
533 0.1965611325
534 0.1965611325
535 0.1965611325
536 0.1965611325
537 0.1965611325
538 0.1965611325
539 0.1965611325
540 0.1965611325
541 0.1965611325
542 0.1965611325
543 0.1965611325
544 0.1965611325
545 0.1965611325
546 0.1965611325
547 0.1965611325
548 0.1965611325
549 0.1965611325
550 0.1965611325
551 0.1965611325
552 0.1965611325
553 0.1965611325
554 0.1965611325
555 0.1965611325
556 0.1965611325
557 0.1965611325
558 0.1965611325
559 0.1965611325
560 0.1965611325
561 0.1965611325
562 0.1965611325
563 0.1965611325
564 0.1965611325
565 0.1965611325
566 0.1965611325
567 0.1965611325
568 0.1965611325
569 0.1965611325
570 0.1965611325
571 0.1965611325
572 0.1965611325
573 0.1965611325
574 0.1965611325
575 0.1965611325
576 0.1965611325
577 0.1965611325
578 0.1965611325
579 0.1965611325
580 0.1965611325
581 0.1965611325
582 0.1965611325
583 0.1965611325
584 0.1965611325
585 0.1965611325
586 0.1965611325
587 0.1965611325
588 0.1965611325
589 0.1965611325
590 0.1965611325
591 0.1965611325
592 0.1965611325
593 0.1965611325
594 0.1965611325
595 0.1965611325
596 0.1965611325
597 0.1965611325
598 0.1965611325
599 0.1965611325
600 0.1965611325
601 0.1965611325
602 0.1965611325
603 0.1965611325
604 0.1965611325
605 0.1965611325
606 0.1965611325
607 0.1965611325
608 0.1965611325
609 0.1965611325
610 0.1965611325
611 0.1965611325
612 0.1965611325
613 0.1965611325
614 0.1965611325
615 0.1965611325
616 0.1965611325
617 0.1965611325
618 0.1965611325
619 0.1965611325
620 0.1965611325
621 0.1965611325
622 0.1965611325
623 0.1965611325
624 0.1965611325
625 0.1965611325
626 0.1965611325
627 0.1965611325
628 0.1965611325
629 0.1965611325
630 0.1965611325
631 0.1965611325
632 0.1965611325
633 0.1965611325
634 0.1965611325
635 0.1965611325
636 0.1965611325
637 0.1965611325
638 0.1965611325
639 0.1965611325
640 0.1965611325
641 0.1965611325
642 0.1965611325
643 0.1965611325
644 0.1965611325
645 0.1965611325
646 0.1965611325
647 0.1965611325
648 0.1965611325
649 0.1965611325
650 0.1965611325
651 0.1965611325
652 0.1965611325
653 0.1965611325
654 0.1965611325
655 0.1965611325
656 0.1965611325
657 0.1965611325
658 0.1965611325
659 0.1965611325
660 0.1965611325
661 0.1965611325
662 0.1965611325
663 0.1965611325
664 0.1965611325
665 0.1965611325
666 0.1965611325
667 0.1965611325
668 0.1965611325
669 0.1965611325
670 0.1965611325
671 0.1965611325
672 0.1965611325
673 0.1965611325
674 0.1965611325
675 0.1965611325
676 0.1965611325
677 0.1965611325
678 0.1965611325
679 0.1965611325
680 0.1965611325
681 0.1965611325
682 0.1965611325
683 0.1965611325
684 0.1965611325
685 0.1965611325
686 0.1965611325
687 0.1965611325
688 0.1965611325
689 0.1965611325
690 0.1965611325
691 0.1965611325
692 0.1965611325
693 0.1965611325
694 0.1965611325
695 0.1965611325
696 0.1965611325
697 0.1965611325
698 0.1965611325
699 0.1965611325
700 0.1965611325
701 0.1965611325
702 0.1965611325
703 0.1965611325
704 0.1965611325
705 0.1965611325
706 0.1965611325
707 0.1965611325
708 0.1965611325
709 0.1965611325
710 0.1965611325
711 0.1965611325
712 0.1965611325
713 0.1965611325
714 0.1965611325
715 0.1965611325
716 0.1965611325
717 0.1965611325
718 0.1965611325
719 0.1965611325
720 0.1965611325
721 0.1965611325
722 0.1965611325
723 0.1965611325
724 0.1965611325
725 0.1965611325
726 0.1965611325
727 0.1965611325
728 0.1965611325
729 0.1965611325
730 0.1965611325
731 0.1965611325
732 0.1965611325
733 0.1965611325
734 0.1965611325
735 0.1965611325
736 0.1965611325
737 0.1965611325
738 0.1965611325
739 0.1965611325
740 0.1965611325
741 0.1965611325
742 0.1965611325
743 0.1965611325
744 0.1965611325
745 0.1965611325
746 0.1965611325
747 0.1965611325
748 0.1965611325
749 0.1965611325
750 0.1965611325
751 0.1965611325
752 0.1965611325
753 0.1965611325
754 0.1965611325
755 0.1965611325
756 0.1965611325
757 0.1965611325
758 0.1965611325
759 0.1965611325
760 0.1965611325
761 0.1965611325
762 0.1965611325
763 0.1965611325
764 0.1965611325
765 0.1965611325
766 0.1965611325
767 0.1965611325
768 0.1965611325
769 0.1965611325
770 0.1965611325
771 0.1965611325
772 0.1965611325
773 0.1965611325
774 0.1965611325
775 0.1965611325
776 0.1965611325
777 0.1965611325
778 0.1965611325
779 0.1965611325
780 0.1965611325
781 0.1965611325
782 0.1965611325
783 0.1965611325
784 0.1965611325
785 0.1965611325
786 0.1965611325
787 0.1965611325
788 0.1965611325
789 0.1965611325
790 0.1965611325
791 0.1965611325
792 0.1965611325
793 0.1965611325
794 0.1965611325
795 0.1965611325
796 0.1965611325
797 0.1965611325
798 0.1965611325
799 0.1965611325
800 0.1965611325
801 0.1965611325
802 0.1965611325
803 0.1965611325
804 0.1965611325
805 0.1965611325
806 0.1965611325
807 0.1965611325
808 0.1965611325
809 0.1965611325
810 0.1965611325
811 0.1965611325
812 0.1965611325
813 0.1965611325
814 0.1965611325
815 0.1965611325
816 0.1965611325
817 0.1965611325
818 0.1965611325
819 0.1965611325
820 0.1965611325
821 0.1965611325
822 0.1965611325
823 0.1965611325
824 0.1965611325
825 0.1965611325
826 0.1965611325
827 0.1965611325
828 0.1965611325
829 0.1965611325
830 0.1965611325
831 0.1965611325
832 0.1965611325
833 0.1965611325
834 0.1965611325
835 0.1965611325
836 0.1965611325
837 0.1965611325
838 0.1965611325
839 0.1965611325
840 0.1965611325
841 0.1965611325
842 0.1965611325
843 0.1965611325
844 0.1965611325
845 0.1965611325
846 0.1965611325
847 0.1965611325
848 0.1965611325
849 0.1965611325
850 0.1965611325
851 0.1965611325
852 0.1965611325
853 0.1965611325
854 0.1965611325
855 0.1965611325
856 0.1965611325
857 0.1965611325
858 0.1965611325
859 0.1965611325
860 0.1965611325
861 0.1965611325
862 0.1965611325
863 0.1965611325
864 0.1965611325
865 0.1965611325
866 0.1965611325
867 0.1965611325
868 0.1965611325
869 0.1965611325
870 0.1965611325
871 0.1965611325
872 0.1965611325
873 0.1965611325
874 0.1965611325
875 0.1965611325
876 0.1965611325
877 0.1965611325
878 0.1965611325
879 0.1965611325
880 0.1965611325
881 0.1965611325
882 0.1965611325
883 0.1965611325
884 0.1965611325
885 0.1965611325
886 0.1965611325
887 0.1965611325
888 0.1965611325
889 0.1965611325
890 0.1965611325
891 0.1965611325
892 0.1965611325
893 0.1965611325
894 0.1965611325
895 0.1965611325
896 0.1965611325
897 0.1965611325
898 0.1965611325
899 0.1965611325
900 0.1965611325
901 0.1965611325
902 0.1965611326
903 0.1965611326
904 0.1965611326
905 0.1965611326
906 0.1965611326
907 0.1965611326
908 0.1965611326
909 0.1965611326
910 0.1965611326
911 0.1965611327
912 0.1965611327
913 0.1965611327
914 0.1965611328
915 0.1965611328
916 0.1965611329
917 0.196561133
918 0.1965611331
919 0.1965611333
920 0.1965611334
921 0.1965611337
922 0.1965611339
923 0.1965611343
924 0.1965611347
925 0.1965611353
926 0.1965611359
927 0.1965611367
928 0.1965611378
929 0.196561139
930 0.1965611406
931 0.1965611425
932 0.1965611448
933 0.1965611478
934 0.1965611513
935 0.1965611557
936 0.1965611611
937 0.1965611677
938 0.1965611757
939 0.1965611856
940 0.1965611976
941 0.1965612123
942 0.1965612302
943 0.196561252
944 0.1965612785
945 0.1965613107
946 0.1965613498
947 0.1965613972
948 0.1965614546
949 0.196561524
950 0.196561608
951 0.1965617094
952 0.1965618316
953 0.196561979
954 0.1965621563
955 0.1965623695
956 0.1965626256
957 0.1965629329
958 0.1965633012
959 0.1965637422
960 0.1965642696
961 0.1965648998
962 0.1965656519
963 0.1965665487
964 0.1965676167
965 0.1965688875
966 0.1965703978
967 0.1965721909
968 0.1965743176
969 0.1965768372
970 0.1965798192
971 0.1965833446
972 0.1965875082
973 0.1965924203
974 0.1965982092
975 0.1966050243
976 0.196613039
977 0.1966224545
978 0.1966335038
979 0.1966464567
980 0.1966616252
981 0.1966793693
982 0.1967001042
983 0.1967243086
984 0.1967525327
985 0.1967854092
986 0.1968236644
987 0.1968681307
988 0.1969197616
989 0.1969796477
990 0.1970490348
991 0.1971293446
992 0.1972221973
993 0.1973294372
994 0.1974531615
995 0.1975957513
996 0.1977599076
997 0.1979486901
998 0.1981655607
999 0.1984144316
1000 0.1986997183
1001 0.1990263986
1002 0.1994000769
1003 0.1998270554
1004 0.200314412
1005 0.2008700864
1006 0.2015029731
1007 0.2022230245
1008 0.2030413619
1009 0.2039703975
1010 0.2050239667
1011 0.2062174712
1012 0.2075680345
1013 0.2090946699
1014 0.2108184617
1015 0.2127627601
1016 0.2149533913
1017 0.2174188818
1018 0.2201907
1019 0.2233035124
1020 0.2267954582
1021 0.2307084408
1022 0.2350884361
1023 0.2399858207
