#53956 2909.9973542836487814 0.0045704665467377883145 1 1405 16.000049430220818044 1024 7 1 J1713+0747 0.0000000 
0 0.2420216598
1 0.2420216598
2 0.2420216598
3 0.2420216598
4 0.2420216598
5 0.2420216598
6 0.2420216598
7 0.2420216598
8 0.2420216598
9 0.2420216598
10 0.2420216598
11 0.2420216598
12 0.2420216598
13 0.2420216598
14 0.2420216598
15 0.2420216598
16 0.2420216598
17 0.2420216598
18 0.2420216598
19 0.2420216598
20 0.2420216598
21 0.2420216598
22 0.2420216598
23 0.2420216598
24 0.2420216598
25 0.2420216598
26 0.2420216598
27 0.2420216598
28 0.2420216598
29 0.2420216598
30 0.2420216598
31 0.2420216598
32 0.2420216598
33 0.2420216598
34 0.2420216598
35 0.2420216598
36 0.2420216598
37 0.2420216598
38 0.2420216598
39 0.2420216598
40 0.2420216598
41 0.2420216598
42 0.2420216598
43 0.2420216598
44 0.2420216598
45 0.2420216598
46 0.2420216598
47 0.2420216598
48 0.2420216598
49 0.2420216598
50 0.2420216598
51 0.2420216598
52 0.2420216598
53 0.2420216598
54 0.2420216598
55 0.2420216598
56 0.2420216598
57 0.2420216598
58 0.2420216598
59 0.2420216598
60 0.2420216598
61 0.2420216598
62 0.2420216598
63 0.2420216598
64 0.2420216598
65 0.2420216598
66 0.2420216598
67 0.2420216598
68 0.2420216598
69 0.2420216598
70 0.2420216598
71 0.2420216598
72 0.2420216598
73 0.2420216598
74 0.2420216598
75 0.2420216598
76 0.2420216598
77 0.2420216598
78 0.2420216598
79 0.2420216598
80 0.2420216598
81 0.2420216598
82 0.2420216598
83 0.2420216598
84 0.2420216598
85 0.2420216598
86 0.2420216598
87 0.2420216598
88 0.2420216598
89 0.2420216598
90 0.2420216598
91 0.2420216598
92 0.2420216598
93 0.2420216598
94 0.2420216598
95 0.2420216598
96 0.2420216598
97 0.2420216598
98 0.2420216598
99 0.2420216598
100 0.2420216598
101 0.2420216598
102 0.2420216598
103 0.2420216598
104 0.2420216598
105 0.2420216598
106 0.2420216598
107 0.2420216598
108 0.2420216598
109 0.2420216598
110 0.2420216598
111 0.2420216598
112 0.2420216598
113 0.2420216598
114 0.2420216598
115 0.2420216598
116 0.2420216598
117 0.2420216598
118 0.2420216598
119 0.2420216598
120 0.2420216598
121 0.2420216598
122 0.2420216598
123 0.2420216598
124 0.2420216598
125 0.2420216598
126 0.2420216598
127 0.2420216598
128 0.2420216598
129 0.2420216598
130 0.2420216598
131 0.2420216598
132 0.2420216598
133 0.2420216598
134 0.2420216598
135 0.2420216598
136 0.2420216598
137 0.2420216598
138 0.2420216598
139 0.2420216598
140 0.2420216598
141 0.2420216598
142 0.2420216598
143 0.2420216598
144 0.2420216598
145 0.2420216598
146 0.2420216598
147 0.2420216598
148 0.2420216598
149 0.2420216598
150 0.2420216598
151 0.2420216598
152 0.2420216598
153 0.2420216598
154 0.2420216598
155 0.2420216598
156 0.2420216598
157 0.2420216598
158 0.2420216598
159 0.2420216598
160 0.2420216598
161 0.2420216598
162 0.2420216598
163 0.2420216598
164 0.2420216598
165 0.2420216598
166 0.2420216598
167 0.2420216598
168 0.2420216598
169 0.2420216598
170 0.2420216598
171 0.2420216598
172 0.2420216598
173 0.2420216598
174 0.2420216598
175 0.2420216598
176 0.2420216598
177 0.2420216598
178 0.2420216598
179 0.2420216598
180 0.2420216598
181 0.2420216598
182 0.2420216598
183 0.2420216598
184 0.2420216598
185 0.2420216598
186 0.2420216598
187 0.2420216598
188 0.2420216598
189 0.2420216598
190 0.2420216598
191 0.2420216598
192 0.2420216598
193 0.2420216598
194 0.2420216598
195 0.2420216598
196 0.2420216598
197 0.2420216598
198 0.2420216598
199 0.2420216598
200 0.2420216598
201 0.2420216598
202 0.2420216598
203 0.2420216598
204 0.2420216598
205 0.2420216598
206 0.2420216598
207 0.2420216598
208 0.2420216598
209 0.2420216598
210 0.2420216598
211 0.2420216598
212 0.2420216598
213 0.2420216598
214 0.2420216598
215 0.2420216598
216 0.2420216598
217 0.2420216598
218 0.2420216598
219 0.2420216598
220 0.2420216598
221 0.2420216598
222 0.2420216598
223 0.2420216598
224 0.2420216598
225 0.2420216598
226 0.2420216598
227 0.2420216598
228 0.2420216598
229 0.2420216598
230 0.2420216598
231 0.2420216598
232 0.2420216598
233 0.2420216598
234 0.2420216598
235 0.2420216598
236 0.2420216598
237 0.2420216598
238 0.2420216598
239 0.2420216598
240 0.2420216598
241 0.2420216598
242 0.2420216598
243 0.2420216598
244 0.2420216598
245 0.2420216598
246 0.2420216598
247 0.2420216598
248 0.2420216598
249 0.2420216598
250 0.2420216598
251 0.2420216598
252 0.2420216598
253 0.2420216598
254 0.2420216598
255 0.2420216598
256 0.2420216598
257 0.2420216598
258 0.2420216598
259 0.2420216598
260 0.2420216598
261 0.2420216598
262 0.2420216598
263 0.2420216598
264 0.2420216598
265 0.2420216598
266 0.2420216598
267 0.2420216598
268 0.2420216598
269 0.2420216598
270 0.2420216598
271 0.2420216598
272 0.2420216598
273 0.2420216598
274 0.2420216598
275 0.2420216598
276 0.2420216598
277 0.2420216598
278 0.2420216598
279 0.2420216598
280 0.2420216598
281 0.2420216598
282 0.2420216598
283 0.2420216598
284 0.2420216598
285 0.2420216598
286 0.2420216598
287 0.2420216598
288 0.2420216598
289 0.2420216598
290 0.2420216598
291 0.2420216598
292 0.2420216598
293 0.2420216598
294 0.2420216598
295 0.2420216598
296 0.2420216598
297 0.2420216598
298 0.2420216598
299 0.2420216598
300 0.2420216598
301 0.2420216598
302 0.2420216598
303 0.2420216598
304 0.2420216598
305 0.2420216598
306 0.2420216598
307 0.2420216598
308 0.2420216598
309 0.2420216598
310 0.2420216598
311 0.2420216598
312 0.2420216598
313 0.2420216598
314 0.2420216598
315 0.2420216598
316 0.2420216598
317 0.2420216598
318 0.2420216598
319 0.2420216598
320 0.2420216598
321 0.2420216598
322 0.2420216598
323 0.2420216598
324 0.2420216598
325 0.2420216598
326 0.2420216598
327 0.2420216598
328 0.2420216598
329 0.2420216598
330 0.2420216598
331 0.2420216598
332 0.2420216598
333 0.2420216598
334 0.2420216598
335 0.2420216598
336 0.2420216598
337 0.2420216598
338 0.2420216598
339 0.2420216598
340 0.2420216598
341 0.2420216598
342 0.2420216598
343 0.2420216598
344 0.2420216598
345 0.2420216598
346 0.2420216598
347 0.2420216598
348 0.2420216598
349 0.2420216598
350 0.2420216598
351 0.2420216598
352 0.2420216598
353 0.2420216598
354 0.2420216598
355 0.2420216598
356 0.2420216598
357 0.2420216598
358 0.2420216598
359 0.2420216598
360 0.2420216598
361 0.2420216598
362 0.2420216598
363 0.2420216598
364 0.2420216598
365 0.2420216598
366 0.2420216598
367 0.2420216598
368 0.2420216598
369 0.2420216598
370 0.2420216598
371 0.2420216598
372 0.2420216598
373 0.2420216598
374 0.2420216598
375 0.2420216598
376 0.2420216598
377 0.2420216598
378 0.2420216598
379 0.2420216598
380 0.2420216598
381 0.2420216598
382 0.2420216598
383 0.2420216598
384 0.2420216598
385 0.2420216598
386 0.2420216598
387 0.2420216598
388 0.2420216598
389 0.2420216598
390 0.2420216598
391 0.2420216598
392 0.2420216598
393 0.2420216598
394 0.2420216598
395 0.2420216598
396 0.2420216598
397 0.2420216598
398 0.2420216598
399 0.2420216598
400 0.2420216598
401 0.2420216598
402 0.2420216598
403 0.2420216598
404 0.2420216598
405 0.2420216598
406 0.2420216598
407 0.2420216598
408 0.2420216598
409 0.2420216598
410 0.2420216598
411 0.2420216598
412 0.2420216598
413 0.2420216598
414 0.2420216598
415 0.2420216598
416 0.2420216598
417 0.2420216598
418 0.2420216598
419 0.2420216598
420 0.2420216598
421 0.2420216598
422 0.2420216598
423 0.2420216598
424 0.2420216598
425 0.2420216598
426 0.2420216598
427 0.2420216598
428 0.2420216598
429 0.2420216598
430 0.2420216598
431 0.2420216598
432 0.2420216598
433 0.2420216598
434 0.2420216598
435 0.2420216598
436 0.2420216598
437 0.2420216598
438 0.2420216598
439 0.2420216598
440 0.2420216598
441 0.2420216598
442 0.2420216598
443 0.2420216598
444 0.2420216598
445 0.2420216598
446 0.2420216598
447 0.2420216598
448 0.2420216598
449 0.2420216598
450 0.2420216598
451 0.2420216598
452 0.2420216598
453 0.2420216598
454 0.2420216599
455 0.2420216599
456 0.2420216599
457 0.24202166
458 0.24202166
459 0.2420216601
460 0.2420216602
461 0.2420216603
462 0.2420216604
463 0.2420216606
464 0.2420216608
465 0.2420216611
466 0.2420216614
467 0.2420216618
468 0.2420216624
469 0.242021663
470 0.2420216638
471 0.2420216648
472 0.242021666
473 0.2420216674
474 0.2420216693
475 0.2420216715
476 0.2420216743
477 0.2420216777
478 0.2420216819
479 0.2420216871
480 0.2420216934
481 0.2420217011
482 0.2420217105
483 0.2420217221
484 0.2420217362
485 0.2420217533
486 0.2420217742
487 0.2420217996
488 0.2420218305
489 0.2420218681
490 0.2420219136
491 0.2420219687
492 0.2420220354
493 0.242022116
494 0.2420222134
495 0.2420223308
496 0.2420224724
497 0.2420226428
498 0.2420228477
499 0.2420230939
500 0.2420233894
501 0.2420237435
502 0.2420241677
503 0.242024675
504 0.2420252813
505 0.2420260051
506 0.2420268682
507 0.2420278964
508 0.2420291199
509 0.2420305743
510 0.2420323014
511 0.2420343501
512 0.2420367777
513 0.2420396513
514 0.2420430493
515 0.242047063
516 0.242051799
517 0.2420573815
518 0.2420639546
519 0.2420716862
520 0.2420807706
521 0.2420914333
522 0.2421039352
523 0.2421185781
524 0.2421357103
525 0.2421557338
526 0.2421791118
527 0.2422063771
528 0.2422381423
529 0.2422751108
530 0.2423180892
531 0.2423680012
532 0.2424259037
533 0.2424930044
534 0.2425706816
535 0.2426605063
536 0.2427642675
537 0.2428839994
538 0.2430220125
539 0.2431809279
540 0.2433637158
541 0.243573737
542 0.2438147905
543 0.244091165
544 0.2444076962
545 0.2447698296
546 0.2451836899
547 0.2456561575
548 0.2461949516
549 0.2468087218
550 0.2475071483
551 0.2483010507
552 0.2492025069
553 0.2502249825
554 0.2513834707
555 0.2526946445
556 0.2541770208
557 0.2558511378
558 0.2577397461
559 0.2598680137
560 0.2622637468
561 0.2649576253
562 0.267983455
563 0.2713784362
564 0.2751834497
565 0.27944336
566 0.2842073364
567 0.2895291926
568 0.2954677435
569 0.3020871812
570 0.3094574682
571 0.3176547488
572 0.3267617772
573 0.3368683625
574 0.3480718292
575 0.3604774922
576 0.3741991449
577 0.3893595589
578 0.4060909935
579 0.4245357127
580 0.4448465068
581 0.4671872167
582 0.491733257
583 0.5186721346
584 0.5482039595
585 0.5805419422
586 0.6159128754
587 0.6545575923
588 0.6967313988
589 0.7427044725
590 0.7927622225
591 0.847205605
592 0.906351386
593 0.970532347
594 1.040097424
595 1.115411772
596 1.196856756
597 1.284829843
598 1.379744408
599 1.482029431
600 1.592129087
601 1.710502217
602 1.837621669
603 1.973973512
604 2.120056109
605 2.276379046
606 2.443461906
607 2.621832894
608 2.812027296
609 3.014585781
610 3.230052531
611 3.458973212
612 3.701892769
613 3.959353066
614 4.231890351
615 4.520032573
616 4.824296532
617 5.145184895
618 5.483183061
619 5.838755902
620 6.212344388
621 6.604362103
622 7.015191675
623 7.44518113
624 7.8946402
625 8.363836583
626 8.852992203
627 9.362279476
628 9.891817604
629 10.44166894
630 11.01183543
631 11.60225518
632 12.21279915
633 12.84326804
634 13.49338935
635 14.1628147
636 14.85111739
637 15.55779026
638 16.28224386
639 17.02380496
640 17.78171544
641 18.5551316
642 19.3431238
643 20.14467671
644 20.9586898
645 21.78397854
646 22.61927586
647 23.46323435
648 24.31442875
649 25.17135912
650 26.03245443
651 26.89607676
652 27.76052587
653 28.62404441
654 29.48482355
655 30.34100908
656 31.19070798
657 32.03199539
658 32.86292202
659 33.68152185
660 34.48582024
661 35.27384228
662 36.04362143
663 36.79320831
664 37.52067968
665 38.2241476
666 38.90176851
667 39.55175245
668 40.17237217
669 40.7619722
670 41.31897772
671 41.84190327
672 42.32936119
673 42.78006982
674 43.19286125
675 43.56668878
676 43.90063388
677 44.19391268
678 44.44588195
679 44.65604455
680 44.8240542
681 44.94971974
682 45.03300871
683 45.07405018
684 45.07313704
685 45.03072751
686 44.94744589
687 44.82408275
688 44.66159423
689 44.46110079
690 44.22388508
691 43.95138927
692 43.64521162
693 43.30710232
694 42.93895881
695 42.54282033
696 42.12086199
697 41.67538809
698 41.20882504
699 40.72371366
700 40.22270098
701 39.70853157
702 39.18403845
703 38.65213353
704 38.11579774
705 37.57807069
706 37.04204017
707 36.51083116
708 35.98759476
709 35.47549673
710 34.97770596
711 34.49738263
712 34.03766634
713 33.60166405
714 33.19243794
715 32.81299323
716 32.46626597
717 32.1551108
718 31.88228878
719 31.65045526
720 31.46214789
721 31.31977468
722 31.22560237
723 31.1817449
724 31.1901522
725 31.25259926
726 31.37067555
727 31.54577491
728 31.77908577
729 32.071582
730 32.42401423
731 32.83690191
732 33.31052593
733 33.84492205
734 34.43987518
735 35.09491443
736 35.80930919
737 36.58206612
738 37.41192729
739 38.29736934
740 39.23660385
741 40.22757891
742 41.26798196
743 42.35524391
744 43.48654458
745 44.65881956
746 45.86876831
747 47.11286381
748 48.38736339
749 49.68832114
750 51.01160147
751 52.35289409
752 53.70773024
753 55.07150013
754 56.43947148
755 57.80680915
756 59.16859582
757 60.5198534
758 61.85556529
759 63.17069931
760 64.46023103
761 65.71916758
762 66.94257163
763 68.12558546
764 69.26345493
765 70.35155322
766 71.38540421
767 72.36070521
768 73.27334899
769 74.11944501
770 74.89533947
771 75.59763426
772 76.22320458
773 76.76921506
774 77.23313428
775 77.61274765
776 77.90616848
777 78.11184706
778 78.22857797
779 78.25550521
780 78.19212538
781 78.03828875
782 77.79419825
783 77.46040641
784 77.03781025
785 76.52764413
786 75.93147077
787 75.25117029
788 74.48892755
789 73.64721782
790 72.72879087
791 71.73665366
792 70.67405177
793 69.54444964
794 68.35150992
795 67.09907193
796 65.79112948
797 64.43180828
798 63.02534291
799 61.57605378
800 60.08832405
801 58.56657668
802 57.01525196
803 55.43878539
804 53.84158629
805 52.22801714
806 50.60237384
807 48.96886693
808 47.33160398
809 45.69457314
810 44.06162795
811 42.43647354
812 40.82265416
813 39.22354221
814 37.64232859
815 36.08201468
816 34.54540563
817 33.03510519
818 31.55351191
819 30.10281674
820 28.685002
821 27.3018416
822 25.95490247
823 24.64554721
824 23.37493778
825 22.14404016
826 20.95363
827 19.80429903
828 18.69646224
829 17.63036569
830 16.60609493
831 15.62358377
832 14.68262357
833 13.78287269
834 12.92386623
835 12.10502584
836 11.32566962
837 10.58502196
838 9.882223316
839 9.216339777
840 8.586372496
841 7.9912668
842 7.429921007
843 6.901194897
844 6.403917797
845 5.936896254
846 5.49892127
847 5.088775084
848 4.705237494
849 4.347091696
850 4.013129646
851 3.702156951
852 3.412997281
853 3.144496315
854 2.895525236
855 2.664983783
856 2.451802879
857 2.254946852
858 2.073415271
859 1.906244417
860 1.752508405
861 1.611319997
862 1.481831109
863 1.363233051
864 1.254756518
865 1.155671352
866 1.065286111
867 0.9829474454
868 0.9080393292
869 0.8399821482
870 0.7782316725
871 0.7222779314
872 0.6716440079
873 0.6258847698
874 0.5845855516
875 0.5473608036
876 0.513852718
877 0.4837298467
878 0.4566857192
879 0.4324374711
880 0.4107244902
881 0.3913070895
882 0.3739652107
883 0.3584971654
884 0.3447184176
885 0.3324604101
886 0.3215694398
887 0.3119055811
888 0.3033416617
889 0.2957622886
890 0.2890629278
891 0.2831490343
892 0.2779352352
893 0.2733445618
894 0.2693077324
895 0.2657624822
896 0.2626529401
897 0.2599290497
898 0.2575460336
899 0.2554638979
900 0.2536469758
901 0.2520635077
902 0.250685256
903 0.2494871522
904 0.2484469745
905 0.2475450539
906 0.2467640072
907 0.2460884931
908 0.2455049935
909 0.2450016132
910 0.2445679011
911 0.2441946879
912 0.2438739405
913 0.2435986317
914 0.2433626228
915 0.2431605591
916 0.2429877765
917 0.2428402179
918 0.2427143596
919 0.2426071456
920 0.2425159288
921 0.2424384198
922 0.2423726414
923 0.2423168884
924 0.2422696921
925 0.2422297893
926 0.2421960952
927 0.2421676795
928 0.2421437453
929 0.242123611
930 0.2421066945
931 0.2420924993
932 0.2420806026
933 0.2420706446
934 0.2420623199
935 0.2420553692
936 0.2420495729
937 0.2420447454
938 0.2420407298
939 0.2420373937
940 0.2420346255
941 0.2420323315
942 0.2420304327
943 0.2420288631
944 0.2420275672
945 0.2420264986
946 0.2420256185
947 0.2420248945
948 0.2420242998
949 0.2420238118
950 0.2420234119
951 0.2420230846
952 0.242022817
953 0.2420225986
954 0.2420224204
955 0.2420222754
956 0.2420221573
957 0.2420220615
958 0.2420219837
959 0.2420219206
960 0.2420218696
961 0.2420218284
962 0.2420217951
963 0.2420217682
964 0.2420217466
965 0.2420217292
966 0.2420217152
967 0.242021704
968 0.242021695
969 0.2420216878
970 0.242021682
971 0.2420216774
972 0.2420216738
973 0.2420216709
974 0.2420216685
975 0.2420216667
976 0.2420216652
977 0.2420216641
978 0.2420216632
979 0.2420216624
980 0.2420216619
981 0.2420216614
982 0.242021661
983 0.2420216608
984 0.2420216605
985 0.2420216604
986 0.2420216602
987 0.2420216601
988 0.24202166
989 0.24202166
990 0.2420216599
991 0.2420216599
992 0.2420216599
993 0.2420216598
994 0.2420216598
995 0.2420216598
996 0.2420216598
997 0.2420216598
998 0.2420216598
999 0.2420216598
1000 0.2420216598
1001 0.2420216598
1002 0.2420216598
1003 0.2420216598
1004 0.2420216598
1005 0.2420216598
1006 0.2420216598
1007 0.2420216598
1008 0.2420216598
1009 0.2420216598
1010 0.2420216598
1011 0.2420216598
1012 0.2420216598
1013 0.2420216598
1014 0.2420216598
1015 0.2420216598
1016 0.2420216598
1017 0.2420216598
1018 0.2420216598
1019 0.2420216598
1020 0.2420216598
1021 0.2420216598
1022 0.2420216598
1023 0.2420216598
