#53891 2910.000090615291404 0.0045701192876786804475 1 1333 16.000049430220818044 1024 7 1 J1713+0747 0.0000000 
0 0.00254358604
1 0.002543687197
2 0.002543809243
3 0.002543956334
4 0.002544133425
5 0.002544346411
6 0.002544602297
7 0.002544909403
8 0.002545277592
9 0.002545718549
10 0.002546246101
11 0.002546876589
12 0.002547629304
13 0.002548526995
14 0.002549596457
15 0.002550869214
16 0.002552382315
17 0.002554179248
18 0.002556311004
19 0.0025588373
20 0.002561827996
21 0.002565364722
22 0.002569542749
23 0.002574473144
24 0.002580285241
25 0.002587129463
26 0.002595180568
27 0.002604641344
28 0.002615746836
29 0.002628769153
30 0.002644022954
31 0.002661871669
32 0.002682734571
33 0.002707094786
34 0.002735508366
35 0.002768614542
36 0.002807147296
37 0.002851948412
38 0.002903982162
39 0.002964351814
40 0.003034318169
41 0.003115320324
42 0.003208998928
43 0.003317222156
44 0.003442114705
45 0.003586090097
46 0.003751886623
47 0.00394260727
48 0.004161764012
49 0.004413326858
50 0.004701778088
51 0.005032172136
52 0.00541020159
53 0.005842269831
54 0.006335570832
55 0.0068981767
56 0.007539133531
57 0.008268566199
58 0.00909779272
59 0.01003944883
60 0.01110762349
61 0.01231800593
62 0.01368804506
63 0.01523712176
64 0.01698673503
65 0.01896070236
66 0.02118537535
67 0.02368987097
68 0.02650631932
69 0.02967012828
70 0.03322026583
71 0.03719956034
72 0.04165501937
73 0.04663816725
74 0.05220540178
75 0.05841836998
76 0.06534436316
77 0.07305673087
78 0.08163531364
79 0.09116689389
80 0.1017456644
81 0.1134737131
82 0.1264615241
83 0.1408284917
84 0.1567034472
85 0.1742251969
86 0.1935430669
87 0.2148174542
88 0.2382203805
89 0.2639360448
90 0.2921613721
91 0.3231065536
92 0.3569955739
93 0.3940667212
94 0.4345730744
95 0.4787829615
96 0.5269803854
97 0.5794654072
98 0.6365544844
99 0.6985807537
100 0.7658942536
101 0.8388620777
102 0.9178684522
103 1.003314729
104 1.095619285
105 1.195217325
106 1.302560574
107 1.418116849
108 1.542369516
109 1.675816803
110 1.818970988
111 1.972357426
112 2.136513436
113 2.31198702
114 2.499335421
115 2.699123516
116 2.911922034
117 3.138305597
118 3.378850593
119 3.634132862
120 3.904725215
121 4.191194778
122 4.494100166
123 4.813988492
124 5.151392223
125 5.506825883
126 5.880782625
127 6.273730671
128 6.686109643
129 7.1183268
130 7.570753195
131 8.043719769
132 8.537513417
133 9.052373025
134 9.588485529
135 10.145982
136 10.72493378
137 11.32534874
138 11.94716762
139 12.59026053
140 13.25442365
141 13.93937609
142 14.64475704
143 15.37012319
144 16.11494639
145 16.87861173
146 17.66041593
147 18.45956612
148 19.27517904
149 20.10628072
150 20.95180656
151 21.81060194
152 22.68142332
153 23.56293987
154 24.4537356
155 25.35231207
156 26.2570916
157 27.16642109
158 28.07857631
159 28.99176678
160 29.90414119
161 30.81379327
162 31.71876824
163 32.61706968
164 33.50666687
165 34.38550256
166 35.2515011
167 36.10257695
168 36.93664352
169 37.75162221
170 38.54545172
171 39.31609755
172 40.06156158
173 40.77989175
174 41.46919175
175 42.12763069
176 42.75345263
177 43.344986
178 43.90065286
179 44.41897778
180 44.89859655
181 45.33826442
182 45.73686402
183 46.09341271
184 46.40706955
185 46.67714161
186 46.90308982
187 47.08453404
188 47.22125764
189 47.31321131
190 47.36051617
191 47.36346619
192 47.32252989
193 47.23835119
194 47.11174968
195 46.94371995
196 46.73543029
197 46.48822062
198 46.2035996
199 45.88324114
200 45.5289801
201 45.14280731
202 44.72686398
203 44.28343538
204 43.81494397
205 43.32394183
206 42.8131027
207 42.28521325
208 41.74316407
209 41.18994004
210 40.6286103
211 40.06231781
212 39.49426855
213 38.92772035
214 38.36597141
215 37.81234853
216 37.27019512
217 36.74285895
218 36.23367972
219 35.74597651
220 35.28303506
221 34.84809492
222 34.44433664
223 34.07486883
224 33.74271524
225 33.45080192
226 33.20194438
227 32.99883487
228 32.84402987
229 32.73993765
230 32.68880616
231 32.69271112
232 32.75354446
233 32.87300312
234 33.05257827
235 33.29354501
236 33.59695259
237 33.96361529
238 34.39410379
239 34.88873748
240 35.44757739
241 36.07042
242 36.75679205
243 37.50594618
244 38.3168578
245 39.18822286
246 40.11845699
247 41.10569572
248 42.14779602
249 43.24233921
250 44.38663514
251 45.5777279
252 46.8124028
253 48.08719498
254 49.39839926
255 50.74208169
256 52.1140923
257 53.51007947
258 54.92550556
259 56.35566396
260 57.79569738
261 59.24061732
262 60.68532482
263 62.12463205
264 63.55328496
265 64.96598675
266 66.35742191
267 67.72228099
268 69.05528558
269 70.35121373
270 71.60492529
271 72.81138734
272 73.96569923
273 75.06311731
274 76.09907908
275 77.06922648
276 77.9694284
277 78.79580199
278 79.5447328
279 80.21289352
280 80.79726109
281 81.29513232
282 81.70413755
283 82.02225254
284 82.24780829
285 82.37949888
286 82.41638713
287 82.35790815
288 82.20387062
289 81.95445597
290 81.61021531
291 81.17206422
292 80.64127542
293 80.01946942
294 79.30860312
295 78.51095661
296 77.62911817
297 76.66596763
298 75.62465817
299 74.50859685
300 73.32142383
301 72.06699061
302 70.7493374
303 69.37266968
304 67.94133442
305 66.45979577
306 64.93261071
307 63.36440464
308 61.75984717
309 60.1236283
310 58.46043501
311 56.7749286
312 55.0717228
313 53.35536278
314 51.63030531
315 49.90089992
316 48.17137151
317 46.44580415
318 44.72812635
319 43.02209778
320 41.33129754
321 39.65911384
322 38.00873536
323 36.38314407
324 34.7851096
325 33.21718508
326 31.68170456
327 30.18078167
328 28.71630984
329 27.28996367
330 25.9032016
331 24.55726971
332 23.25320661
333 21.99184925
334 20.77383967
335 19.59963249
336 18.46950314
337 17.38355665
338 16.34173695
339 15.34383657
340 14.38950665
341 13.47826721
342 12.6095175
343 11.78254646
344 10.9965431
345 10.25060686
346 9.543757737
347 8.874946247
348 8.243063097
349 7.646948522
350 7.085401268
351 6.557187169
352 6.061047293
353 5.59570563
354 5.159876296
355 4.752270256
356 4.371601537
357 4.016592939
358 3.685981246
359 3.378521926
360 3.092993351
361 2.828200525
362 2.58297835
363 2.356194443
364 2.146751518
365 1.953589361
366 1.775686415
367 1.612061004
368 1.461772211
369 1.323920447
370 1.197647727
371 1.082137681
372 0.9766153283
373 0.8803466306
374 0.7926378595
375 0.7128347916
376 0.6403217594
377 0.5745205756
378 0.514889353
379 0.4609212381
380 0.4121430752
381 0.3681140192
382 0.3284241096
383 0.2926928219
384 0.260567607
385 0.2317224313
386 0.2058563261
387 0.1826919557
388 0.1619742124
389 0.1434688443
390 0.1269611213
391 0.1122545452
392 0.09916960547
393 0.08754258676
394 0.0772244269
395 0.06807962964
396 0.05998523162
397 0.05282982447
398 0.04651263177
399 0.04094264047
400 0.03603778571
401 0.03172418804
402 0.02793544144
403 0.02461195049
404 0.02170031493
405 0.01915275942
406 0.01692660672
407 0.01498379184
408 0.01329041517
409 0.01181633229
410 0.01053477837
411 0.009422024789
412 0.008457066148
413 0.007621335297
414 0.006898444591
415 0.006273951342
416 0.005735145656
417 0.005270858877
418 0.004871290982
419 0.00452785534
420 0.004233039348
421 0.003980279567
422 0.00376385003
423 0.003578762536
424 0.003420677797
425 0.003285826387
426 0.003170938555
427 0.003073181996
428 0.002990106789
429 0.002919596759
430 0.002859826567
431 0.002809223953
432 0.002766436532
433 0.002730302667
434 0.002699825953
435 0.002674152897
436 0.002652553434
437 0.002634403938
438 0.002619172437
439 0.002606405769
440 0.002595718434
441 0.002586782942
442 0.00257932146
443 0.00257309861
444 0.002567915248
445 0.002563603117
446 0.002560020249
447 0.002557047022
448 0.002554582774
449 0.002552542918
450 0.002550856466
451 0.002549463925
452 0.002548315504
453 0.002547369583
454 0.002546591424
455 0.002545952069
456 0.002545427412
457 0.00254499741
458 0.002544645424
459 0.002544357656
460 0.002544122683
461 0.002543931055
462 0.002543774971
463 0.002543647996
464 0.002543544828
465 0.002543461109
466 0.002543393255
467 0.002543338328
468 0.00254329392
469 0.002543258062
470 0.002543229142
471 0.002543205848
472 0.002543187108
473 0.002543172051
474 0.002543159967
475 0.002543150281
476 0.002543142528
477 0.002543136329
478 0.002543131378
479 0.00254312743
480 0.002543124285
481 0.002543121783
482 0.002543119794
483 0.002543118216
484 0.002543116965
485 0.002543115975
486 0.002543115192
487 0.002543114574
488 0.002543114086
489 0.002543113702
490 0.002543113399
491 0.002543113162
492 0.002543112975
493 0.002543112829
494 0.002543112715
495 0.002543112625
496 0.002543112555
497 0.002543112501
498 0.002543112458
499 0.002543112425
500 0.002543112399
501 0.00254311238
502 0.002543112364
503 0.002543112352
504 0.002543112343
505 0.002543112336
506 0.00254311233
507 0.002543112326
508 0.002543112323
509 0.00254311232
510 0.002543112318
511 0.002543112317
512 0.002543112316
513 0.002543112315
514 0.002543112314
515 0.002543112314
516 0.002543112313
517 0.002543112313
518 0.002543112313
519 0.002543112312
520 0.002543112312
521 0.002543112312
522 0.002543112312
523 0.002543112312
524 0.002543112312
525 0.002543112312
526 0.002543112312
527 0.002543112312
528 0.002543112312
529 0.002543112312
530 0.002543112312
531 0.002543112312
532 0.002543112312
533 0.002543112312
534 0.002543112312
535 0.002543112312
536 0.002543112312
537 0.002543112312
538 0.002543112312
539 0.002543112312
540 0.002543112312
541 0.002543112312
542 0.002543112312
543 0.002543112312
544 0.002543112312
545 0.002543112312
546 0.002543112312
547 0.002543112312
548 0.002543112312
549 0.002543112312
550 0.002543112312
551 0.002543112312
552 0.002543112312
553 0.002543112312
554 0.002543112312
555 0.002543112312
556 0.002543112312
557 0.002543112312
558 0.002543112312
559 0.002543112312
560 0.002543112312
561 0.002543112312
562 0.002543112312
563 0.002543112312
564 0.002543112312
565 0.002543112312
566 0.002543112312
567 0.002543112312
568 0.002543112312
569 0.002543112312
570 0.002543112312
571 0.002543112312
572 0.002543112312
573 0.002543112312
574 0.002543112312
575 0.002543112312
576 0.002543112312
577 0.002543112312
578 0.002543112312
579 0.002543112312
580 0.002543112312
581 0.002543112312
582 0.002543112312
583 0.002543112312
584 0.002543112312
585 0.002543112312
586 0.002543112312
587 0.002543112312
588 0.002543112312
589 0.002543112312
590 0.002543112312
591 0.002543112312
592 0.002543112312
593 0.002543112312
594 0.002543112312
595 0.002543112312
596 0.002543112312
597 0.002543112312
598 0.002543112312
599 0.002543112312
600 0.002543112312
601 0.002543112312
602 0.002543112312
603 0.002543112312
604 0.002543112312
605 0.002543112312
606 0.002543112312
607 0.002543112312
608 0.002543112312
609 0.002543112312
610 0.002543112312
611 0.002543112312
612 0.002543112312
613 0.002543112312
614 0.002543112312
615 0.002543112312
616 0.002543112312
617 0.002543112312
618 0.002543112312
619 0.002543112312
620 0.002543112312
621 0.002543112312
622 0.002543112312
623 0.002543112312
624 0.002543112312
625 0.002543112312
626 0.002543112312
627 0.002543112312
628 0.002543112312
629 0.002543112312
630 0.002543112312
631 0.002543112312
632 0.002543112312
633 0.002543112312
634 0.002543112312
635 0.002543112312
636 0.002543112312
637 0.002543112312
638 0.002543112312
639 0.002543112312
640 0.002543112312
641 0.002543112312
642 0.002543112312
643 0.002543112312
644 0.002543112312
645 0.002543112312
646 0.002543112312
647 0.002543112312
648 0.002543112312
649 0.002543112312
650 0.002543112312
651 0.002543112312
652 0.002543112312
653 0.002543112312
654 0.002543112312
655 0.002543112312
656 0.002543112312
657 0.002543112312
658 0.002543112312
659 0.002543112312
660 0.002543112312
661 0.002543112312
662 0.002543112312
663 0.002543112312
664 0.002543112312
665 0.002543112312
666 0.002543112312
667 0.002543112312
668 0.002543112312
669 0.002543112312
670 0.002543112312
671 0.002543112312
672 0.002543112312
673 0.002543112312
674 0.002543112312
675 0.002543112312
676 0.002543112312
677 0.002543112312
678 0.002543112312
679 0.002543112312
680 0.002543112312
681 0.002543112312
682 0.002543112312
683 0.002543112312
684 0.002543112312
685 0.002543112312
686 0.002543112312
687 0.002543112312
688 0.002543112312
689 0.002543112312
690 0.002543112312
691 0.002543112312
692 0.002543112312
693 0.002543112312
694 0.002543112312
695 0.002543112312
696 0.002543112312
697 0.002543112312
698 0.002543112312
699 0.002543112312
700 0.002543112312
701 0.002543112312
702 0.002543112312
703 0.002543112312
704 0.002543112312
705 0.002543112312
706 0.002543112312
707 0.002543112312
708 0.002543112312
709 0.002543112312
710 0.002543112312
711 0.002543112312
712 0.002543112312
713 0.002543112312
714 0.002543112312
715 0.002543112312
716 0.002543112312
717 0.002543112312
718 0.002543112312
719 0.002543112312
720 0.002543112312
721 0.002543112312
722 0.002543112312
723 0.002543112312
724 0.002543112312
725 0.002543112312
726 0.002543112312
727 0.002543112312
728 0.002543112312
729 0.002543112312
730 0.002543112312
731 0.002543112312
732 0.002543112312
733 0.002543112312
734 0.002543112312
735 0.002543112312
736 0.002543112312
737 0.002543112312
738 0.002543112312
739 0.002543112312
740 0.002543112312
741 0.002543112312
742 0.002543112312
743 0.002543112312
744 0.002543112312
745 0.002543112312
746 0.002543112312
747 0.002543112312
748 0.002543112312
749 0.002543112312
750 0.002543112312
751 0.002543112312
752 0.002543112312
753 0.002543112312
754 0.002543112312
755 0.002543112312
756 0.002543112312
757 0.002543112312
758 0.002543112312
759 0.002543112312
760 0.002543112312
761 0.002543112312
762 0.002543112312
763 0.002543112312
764 0.002543112312
765 0.002543112312
766 0.002543112312
767 0.002543112312
768 0.002543112312
769 0.002543112312
770 0.002543112312
771 0.002543112312
772 0.002543112312
773 0.002543112312
774 0.002543112312
775 0.002543112312
776 0.002543112312
777 0.002543112312
778 0.002543112312
779 0.002543112312
780 0.002543112312
781 0.002543112312
782 0.002543112312
783 0.002543112312
784 0.002543112312
785 0.002543112312
786 0.002543112312
787 0.002543112312
788 0.002543112312
789 0.002543112312
790 0.002543112312
791 0.002543112312
792 0.002543112312
793 0.002543112312
794 0.002543112312
795 0.002543112312
796 0.002543112312
797 0.002543112312
798 0.002543112312
799 0.002543112312
800 0.002543112312
801 0.002543112312
802 0.002543112312
803 0.002543112312
804 0.002543112312
805 0.002543112312
806 0.002543112312
807 0.002543112312
808 0.002543112312
809 0.002543112312
810 0.002543112312
811 0.002543112312
812 0.002543112312
813 0.002543112312
814 0.002543112312
815 0.002543112312
816 0.002543112312
817 0.002543112312
818 0.002543112312
819 0.002543112312
820 0.002543112312
821 0.002543112312
822 0.002543112312
823 0.002543112312
824 0.002543112312
825 0.002543112312
826 0.002543112312
827 0.002543112312
828 0.002543112312
829 0.002543112312
830 0.002543112312
831 0.002543112312
832 0.002543112312
833 0.002543112312
834 0.002543112312
835 0.002543112312
836 0.002543112312
837 0.002543112312
838 0.002543112312
839 0.002543112312
840 0.002543112312
841 0.002543112312
842 0.002543112312
843 0.002543112312
844 0.002543112312
845 0.002543112312
846 0.002543112312
847 0.002543112312
848 0.002543112312
849 0.002543112312
850 0.002543112312
851 0.002543112312
852 0.002543112312
853 0.002543112312
854 0.002543112312
855 0.002543112312
856 0.002543112312
857 0.002543112312
858 0.002543112312
859 0.002543112312
860 0.002543112312
861 0.002543112312
862 0.002543112312
863 0.002543112312
864 0.002543112312
865 0.002543112312
866 0.002543112312
867 0.002543112312
868 0.002543112312
869 0.002543112312
870 0.002543112312
871 0.002543112312
872 0.002543112312
873 0.002543112312
874 0.002543112312
875 0.002543112312
876 0.002543112312
877 0.002543112312
878 0.002543112312
879 0.002543112312
880 0.002543112312
881 0.002543112312
882 0.002543112312
883 0.002543112312
884 0.002543112312
885 0.002543112312
886 0.002543112312
887 0.002543112312
888 0.002543112312
889 0.002543112312
890 0.002543112312
891 0.002543112312
892 0.002543112312
893 0.002543112312
894 0.002543112312
895 0.002543112312
896 0.002543112312
897 0.002543112312
898 0.002543112312
899 0.002543112312
900 0.002543112312
901 0.002543112312
902 0.002543112312
903 0.002543112312
904 0.002543112312
905 0.002543112312
906 0.002543112312
907 0.002543112312
908 0.002543112312
909 0.002543112312
910 0.002543112312
911 0.002543112312
912 0.002543112312
913 0.002543112312
914 0.002543112312
915 0.002543112312
916 0.002543112312
917 0.002543112312
918 0.002543112312
919 0.002543112312
920 0.002543112312
921 0.002543112312
922 0.002543112312
923 0.002543112312
924 0.002543112312
925 0.002543112312
926 0.002543112312
927 0.002543112312
928 0.002543112312
929 0.002543112312
930 0.002543112312
931 0.002543112312
932 0.002543112312
933 0.002543112312
934 0.002543112312
935 0.002543112312
936 0.002543112312
937 0.002543112312
938 0.002543112312
939 0.002543112312
940 0.002543112312
941 0.002543112312
942 0.002543112312
943 0.002543112312
944 0.002543112312
945 0.002543112312
946 0.002543112312
947 0.002543112312
948 0.002543112312
949 0.002543112312
950 0.002543112312
951 0.002543112312
952 0.002543112312
953 0.002543112312
954 0.002543112312
955 0.002543112312
956 0.002543112312
957 0.002543112312
958 0.002543112312
959 0.002543112312
960 0.002543112312
961 0.002543112312
962 0.002543112312
963 0.002543112312
964 0.002543112313
965 0.002543112313
966 0.002543112313
967 0.002543112313
968 0.002543112314
969 0.002543112314
970 0.002543112315
971 0.002543112316
972 0.002543112317
973 0.002543112318
974 0.00254311232
975 0.002543112322
976 0.002543112325
977 0.002543112329
978 0.002543112333
979 0.002543112339
980 0.002543112346
981 0.002543112356
982 0.002543112367
983 0.002543112382
984 0.002543112401
985 0.002543112424
986 0.002543112454
987 0.002543112491
988 0.002543112538
989 0.002543112596
990 0.00254311267
991 0.002543112761
992 0.002543112876
993 0.002543113019
994 0.002543113198
995 0.002543113421
996 0.002543113698
997 0.002543114043
998 0.002543114471
999 0.002543115003
1000 0.002543115662
1001 0.002543116478
1002 0.002543117488
1003 0.002543118737
1004 0.002543120278
1005 0.002543122179
1006 0.00254312452
1007 0.002543127402
1008 0.002543130946
1009 0.002543135298
1010 0.002543140637
1011 0.002543147181
1012 0.002543155193
1013 0.002543164992
1014 0.002543176964
1015 0.002543191576
1016 0.002543209391
1017 0.002543231088
1018 0.002543257486
1019 0.00254328957
1020 0.002543328524
1021 0.002543375768
1022 0.002543433007
1023 0.002543502283
