#54000 2910.002040702347089 0.0045705097874240005126 1 1333 16.000049430220818044 1024 7 1 J1713+0747 0.0000000 
0 0.2981816249
1 0.2981814191
2 0.2981812513
3 0.2981811148
4 0.2981810038
5 0.2981809137
6 0.2981808406
7 0.2981807814
8 0.2981807336
9 0.2981806949
10 0.2981806637
11 0.2981806386
12 0.2981806183
13 0.2981806021
14 0.298180589
15 0.2981805785
16 0.2981805701
17 0.2981805634
18 0.2981805581
19 0.2981805538
20 0.2981805504
21 0.2981805477
22 0.2981805455
23 0.2981805438
24 0.2981805424
25 0.2981805414
26 0.2981805405
27 0.2981805398
28 0.2981805393
29 0.2981805389
30 0.2981805386
31 0.2981805383
32 0.2981805381
33 0.2981805379
34 0.2981805378
35 0.2981805377
36 0.2981805376
37 0.2981805376
38 0.2981805375
39 0.2981805375
40 0.2981805375
41 0.2981805375
42 0.2981805374
43 0.2981805374
44 0.2981805374
45 0.2981805374
46 0.2981805374
47 0.2981805374
48 0.2981805374
49 0.2981805374
50 0.2981805374
51 0.2981805374
52 0.2981805374
53 0.2981805374
54 0.2981805374
55 0.2981805374
56 0.2981805374
57 0.2981805374
58 0.2981805374
59 0.2981805374
60 0.2981805374
61 0.2981805374
62 0.2981805374
63 0.2981805374
64 0.2981805374
65 0.2981805374
66 0.2981805374
67 0.2981805374
68 0.2981805374
69 0.2981805374
70 0.2981805374
71 0.2981805374
72 0.2981805374
73 0.2981805374
74 0.2981805374
75 0.2981805374
76 0.2981805374
77 0.2981805374
78 0.2981805374
79 0.2981805374
80 0.2981805374
81 0.2981805374
82 0.2981805374
83 0.2981805374
84 0.2981805374
85 0.2981805374
86 0.2981805374
87 0.2981805374
88 0.2981805374
89 0.2981805374
90 0.2981805374
91 0.2981805374
92 0.2981805374
93 0.2981805374
94 0.2981805374
95 0.2981805374
96 0.2981805374
97 0.2981805374
98 0.2981805374
99 0.2981805374
100 0.2981805374
101 0.2981805374
102 0.2981805374
103 0.2981805374
104 0.2981805374
105 0.2981805374
106 0.2981805374
107 0.2981805374
108 0.2981805374
109 0.2981805374
110 0.2981805374
111 0.2981805374
112 0.2981805374
113 0.2981805374
114 0.2981805374
115 0.2981805374
116 0.2981805374
117 0.2981805374
118 0.2981805374
119 0.2981805374
120 0.2981805374
121 0.2981805374
122 0.2981805374
123 0.2981805374
124 0.2981805374
125 0.2981805374
126 0.2981805374
127 0.2981805374
128 0.2981805374
129 0.2981805374
130 0.2981805374
131 0.2981805374
132 0.2981805374
133 0.2981805374
134 0.2981805374
135 0.2981805374
136 0.2981805374
137 0.2981805374
138 0.2981805374
139 0.2981805374
140 0.2981805374
141 0.2981805374
142 0.2981805374
143 0.2981805374
144 0.2981805374
145 0.2981805374
146 0.2981805374
147 0.2981805374
148 0.2981805374
149 0.2981805374
150 0.2981805374
151 0.2981805374
152 0.2981805374
153 0.2981805374
154 0.2981805374
155 0.2981805374
156 0.2981805374
157 0.2981805374
158 0.2981805374
159 0.2981805374
160 0.2981805374
161 0.2981805374
162 0.2981805374
163 0.2981805374
164 0.2981805374
165 0.2981805374
166 0.2981805374
167 0.2981805374
168 0.2981805374
169 0.2981805374
170 0.2981805374
171 0.2981805374
172 0.2981805374
173 0.2981805374
174 0.2981805374
175 0.2981805374
176 0.2981805374
177 0.2981805374
178 0.2981805374
179 0.2981805374
180 0.2981805374
181 0.2981805374
182 0.2981805374
183 0.2981805374
184 0.2981805374
185 0.2981805374
186 0.2981805374
187 0.2981805374
188 0.2981805374
189 0.2981805374
190 0.2981805374
191 0.2981805374
192 0.2981805374
193 0.2981805374
194 0.2981805374
195 0.2981805374
196 0.2981805374
197 0.2981805374
198 0.2981805374
199 0.2981805374
200 0.2981805374
201 0.2981805374
202 0.2981805374
203 0.2981805374
204 0.2981805374
205 0.2981805374
206 0.2981805374
207 0.2981805374
208 0.2981805374
209 0.2981805374
210 0.2981805374
211 0.2981805374
212 0.2981805374
213 0.2981805374
214 0.2981805374
215 0.2981805374
216 0.2981805374
217 0.2981805374
218 0.2981805374
219 0.2981805374
220 0.2981805374
221 0.2981805374
222 0.2981805374
223 0.2981805374
224 0.2981805374
225 0.2981805374
226 0.2981805374
227 0.2981805374
228 0.2981805374
229 0.2981805374
230 0.2981805374
231 0.2981805374
232 0.2981805374
233 0.2981805374
234 0.2981805374
235 0.2981805374
236 0.2981805374
237 0.2981805374
238 0.2981805374
239 0.2981805374
240 0.2981805374
241 0.2981805374
242 0.2981805374
243 0.2981805374
244 0.2981805374
245 0.2981805374
246 0.2981805374
247 0.2981805374
248 0.2981805374
249 0.2981805374
250 0.2981805374
251 0.2981805374
252 0.2981805374
253 0.2981805374
254 0.2981805374
255 0.2981805374
256 0.2981805374
257 0.2981805374
258 0.2981805374
259 0.2981805374
260 0.2981805374
261 0.2981805374
262 0.2981805374
263 0.2981805374
264 0.2981805374
265 0.2981805374
266 0.2981805374
267 0.2981805374
268 0.2981805374
269 0.2981805374
270 0.2981805374
271 0.2981805374
272 0.2981805374
273 0.2981805374
274 0.2981805374
275 0.2981805374
276 0.2981805374
277 0.2981805374
278 0.2981805374
279 0.2981805374
280 0.2981805374
281 0.2981805374
282 0.2981805374
283 0.2981805374
284 0.2981805374
285 0.2981805374
286 0.2981805374
287 0.2981805374
288 0.2981805374
289 0.2981805374
290 0.2981805374
291 0.2981805374
292 0.2981805374
293 0.2981805374
294 0.2981805374
295 0.2981805374
296 0.2981805374
297 0.2981805374
298 0.2981805374
299 0.2981805374
300 0.2981805374
301 0.2981805374
302 0.2981805374
303 0.2981805374
304 0.2981805374
305 0.2981805374
306 0.2981805374
307 0.2981805374
308 0.2981805374
309 0.2981805374
310 0.2981805374
311 0.2981805374
312 0.2981805374
313 0.2981805374
314 0.2981805374
315 0.2981805374
316 0.2981805374
317 0.2981805374
318 0.2981805374
319 0.2981805374
320 0.2981805374
321 0.2981805374
322 0.2981805374
323 0.2981805374
324 0.2981805374
325 0.2981805374
326 0.2981805374
327 0.2981805374
328 0.2981805374
329 0.2981805374
330 0.2981805374
331 0.2981805374
332 0.2981805374
333 0.2981805374
334 0.2981805374
335 0.2981805374
336 0.2981805374
337 0.2981805374
338 0.2981805374
339 0.2981805374
340 0.2981805374
341 0.2981805374
342 0.2981805374
343 0.2981805374
344 0.2981805374
345 0.2981805374
346 0.2981805374
347 0.2981805374
348 0.2981805374
349 0.2981805374
350 0.2981805374
351 0.2981805374
352 0.2981805374
353 0.2981805374
354 0.2981805374
355 0.2981805374
356 0.2981805374
357 0.2981805374
358 0.2981805374
359 0.2981805374
360 0.2981805374
361 0.2981805374
362 0.2981805374
363 0.2981805374
364 0.2981805374
365 0.2981805374
366 0.2981805374
367 0.2981805374
368 0.2981805374
369 0.2981805374
370 0.2981805374
371 0.2981805374
372 0.2981805374
373 0.2981805374
374 0.2981805374
375 0.2981805374
376 0.2981805374
377 0.2981805374
378 0.2981805374
379 0.2981805374
380 0.2981805374
381 0.2981805374
382 0.2981805374
383 0.2981805374
384 0.2981805374
385 0.2981805374
386 0.2981805374
387 0.2981805374
388 0.2981805374
389 0.2981805374
390 0.2981805374
391 0.2981805374
392 0.2981805374
393 0.2981805374
394 0.2981805374
395 0.2981805374
396 0.2981805374
397 0.2981805374
398 0.2981805374
399 0.2981805374
400 0.2981805374
401 0.2981805374
402 0.2981805374
403 0.2981805374
404 0.2981805374
405 0.2981805374
406 0.2981805374
407 0.2981805374
408 0.2981805374
409 0.2981805374
410 0.2981805374
411 0.2981805374
412 0.2981805374
413 0.2981805374
414 0.2981805374
415 0.2981805374
416 0.2981805374
417 0.2981805374
418 0.2981805374
419 0.2981805374
420 0.2981805374
421 0.2981805374
422 0.2981805374
423 0.2981805374
424 0.2981805374
425 0.2981805374
426 0.2981805374
427 0.2981805374
428 0.2981805374
429 0.2981805374
430 0.2981805374
431 0.2981805374
432 0.2981805374
433 0.2981805374
434 0.2981805374
435 0.2981805374
436 0.2981805374
437 0.2981805374
438 0.2981805374
439 0.2981805374
440 0.2981805374
441 0.2981805374
442 0.2981805374
443 0.2981805374
444 0.2981805374
445 0.2981805374
446 0.2981805374
447 0.2981805374
448 0.2981805374
449 0.2981805374
450 0.2981805374
451 0.2981805374
452 0.2981805374
453 0.2981805374
454 0.2981805374
455 0.2981805374
456 0.2981805374
457 0.2981805374
458 0.2981805374
459 0.2981805374
460 0.2981805374
461 0.2981805374
462 0.2981805374
463 0.2981805374
464 0.2981805374
465 0.2981805374
466 0.2981805374
467 0.2981805374
468 0.2981805374
469 0.2981805374
470 0.2981805374
471 0.2981805374
472 0.2981805374
473 0.2981805374
474 0.2981805374
475 0.2981805374
476 0.2981805374
477 0.2981805374
478 0.2981805374
479 0.2981805374
480 0.2981805374
481 0.2981805374
482 0.2981805374
483 0.2981805374
484 0.2981805374
485 0.2981805374
486 0.2981805374
487 0.2981805374
488 0.2981805374
489 0.2981805374
490 0.2981805374
491 0.2981805374
492 0.2981805374
493 0.2981805374
494 0.2981805374
495 0.2981805374
496 0.2981805374
497 0.2981805374
498 0.2981805374
499 0.2981805374
500 0.2981805374
501 0.2981805374
502 0.2981805374
503 0.2981805374
504 0.2981805374
505 0.2981805374
506 0.2981805374
507 0.2981805374
508 0.2981805374
509 0.2981805374
510 0.2981805374
511 0.2981805374
512 0.2981805374
513 0.2981805374
514 0.2981805374
515 0.2981805374
516 0.2981805374
517 0.2981805374
518 0.2981805374
519 0.2981805374
520 0.2981805374
521 0.2981805374
522 0.2981805374
523 0.2981805374
524 0.2981805375
525 0.2981805375
526 0.2981805375
527 0.2981805375
528 0.2981805376
529 0.2981805376
530 0.2981805377
531 0.2981805378
532 0.2981805379
533 0.298180538
534 0.2981805382
535 0.2981805384
536 0.2981805386
537 0.298180539
538 0.2981805394
539 0.2981805398
540 0.2981805404
541 0.2981805412
542 0.2981805421
543 0.2981805433
544 0.2981805447
545 0.2981805464
546 0.2981805486
547 0.2981805512
548 0.2981805545
549 0.2981805585
550 0.2981805634
551 0.2981805694
552 0.2981805768
553 0.2981805858
554 0.2981805968
555 0.2981806102
556 0.2981806267
557 0.2981806467
558 0.298180671
559 0.2981807006
560 0.2981807365
561 0.2981807801
562 0.298180833
563 0.298180897
564 0.2981809744
565 0.2981810679
566 0.2981811808
567 0.2981813169
568 0.2981814808
569 0.298181678
570 0.2981819151
571 0.2981821997
572 0.2981825411
573 0.2981829501
574 0.2981834396
575 0.2981840248
576 0.2981847238
577 0.2981855578
578 0.2981865517
579 0.2981877351
580 0.2981891425
581 0.2981908145
582 0.2981927989
583 0.2981951516
584 0.2981979378
585 0.298201234
586 0.2982051296
587 0.2982097285
588 0.298215152
589 0.2982215412
590 0.2982290601
591 0.298237899
592 0.2982482788
593 0.2982604551
594 0.2982747237
595 0.2982914263
596 0.2983109575
597 0.2983337721
598 0.2983603937
599 0.2983914245
600 0.2984275564
601 0.2984695832
602 0.2985184146
603 0.298575092
604 0.2986408059
605 0.2987169158
606 0.2988049726
607 0.2989067426
608 0.299024236
609 0.299159737
610 0.2993158386
611 0.2994954804
612 0.299701991
613 0.2999391348
614 0.3002111642
615 0.3005228763
616 0.3008796768
617 0.301287649
618 0.3017536306
619 0.3022852975
620 0.3028912562
621 0.3035811438
622 0.3043657385
623 0.3052570793
624 0.306268596
625 0.3074152514
626 0.3087136945
627 0.310182427
628 0.3118419827
629 0.3137151211
630 0.3158270359
631 0.3182055788
632 0.320881499
633 0.3238887
634 0.3272645132
635 0.3310499895
636 0.3352902088
637 0.3400346083
638 0.3453373296
639 0.3512575851
640 0.3578600426
641 0.3652152301
642 0.3733999581
643 0.3824977613
644 0.3925993572
645 0.4038031216
646 0.4162155805
647 0.4299519162
648 0.4451364861
649 0.4619033528
650 0.4803968237
651 0.5007719959
652 0.5231953062
653 0.5478450811
654 0.5749120835
655 0.6046000533
656 0.6371262368
657 0.6727219008
658 0.7116328252
659 0.7541197712
660 0.8004589166
661 0.8509422538
662 0.9058779435
663 0.9655906182
664 1.030421626
665 1.100729212
666 1.176888622
667 1.259292132
668 1.348348983
669 1.444485222
670 1.54814344
671 1.659782394
672 1.77987651
673 1.90891526
674 2.047402399
675 2.195855061
676 2.354802709
677 2.524785926
678 2.706355043
679 2.900068608
680 3.106491678
681 3.326193943
682 3.559747677
683 3.807725507
684 4.070698015
685 4.349231162
686 4.643883546
687 4.955203491
688 5.283725979
689 5.629969437
690 5.994432373
691 6.377589889
692 6.779890079
693 7.201750318
694 7.643553477
695 8.105644061
696 8.588324309
697 9.091850266
698 9.616427853
699 10.16220896
700 10.72928761
701 11.31769616
702 11.92740162
703 12.55830218
704 13.21022375
705 13.88291688
706 14.57605375
707 15.2892255
708 16.02193984
709 16.77361897
710 17.54359785
711 18.33112283
712 19.13535073
713 19.9553483
714 20.79009213
715 21.63846913
716 22.49927734
717 23.37122741
718 24.25294451
719 25.14297078
720 26.03976837
721 26.94172296
722 27.84714786
723 28.75428867
724 29.6613284
725 30.56639318
726 31.46755844
727 32.36285557
728 33.25027903
729 34.12779394
730 34.99334399
731 35.84485981
732 36.68026756
733 37.49749787
734 38.29449503
735 39.06922634
736 39.81969155
737 40.54393255
738 41.2400429
739 41.90617752
740 42.54056217
741 43.14150291
742 43.70739533
743 44.23673351
744 44.72811881
745 45.18026816
746 45.59202211
747 45.96235235
748 46.29036875
749 46.57532593
750 46.81662923
751 47.01384003
752 47.16668053
753 47.27503779
754 47.33896712
755 47.35869473
756 47.3346197
757 47.26731515
758 47.15752872
759 47.00618227
760 46.81437085
761 46.58336086
762 46.31458758
763 46.00965188
764 45.67031625
765 45.29850011
766 44.89627453
767 44.46585615
768 44.00960061
769 43.5299953
770 43.02965153
771 42.51129624
772 41.97776307
773 41.43198305
774 40.87697481
775 40.31583432
776 39.75172432
777 39.18786333
778 38.62751439
779 38.07397344
780 37.53055752
781 37.00059266
782 36.48740163
783 35.9942915
784 35.52454102
785 35.08138798
786 34.66801639
787 34.28754371
788 33.94300799
789 33.63735507
790 33.37342582
791 33.15394348
792 32.98150111
793 32.85854922
794 32.78738359
795 32.77013336
796 32.80874943
797 32.90499316
798 33.06042549
799 33.27639655
800 33.55403572
801 33.89424229
802 34.29767673
803 34.76475267
804 35.29562961
805 35.89020646
806 36.54811598
807 37.26872014
808 38.0511065
809 38.89408569
810 39.79619001
811 40.75567321
812 41.77051155
813 42.83840614
814 43.95678662
815 45.12281626
816 46.33339836
817 47.58518423
818 48.87458253
819 50.19777
820 51.5507038
821 52.92913507
822 54.32862407
823 55.74455652
824 57.17216133
825 58.60652955
826 60.04263444
827 61.47535266
828 62.89948639
829 64.3097863
830 65.70097529
831 67.06777283
832 68.40491969
833 69.70720306
834 70.96948182
835 72.1867117
836 73.35397041
837 74.46648233
838 75.51964271
839 76.50904119
840 77.43048448
841 78.280018
842 79.05394635
843 79.74885245
844 80.36161526
845 80.88942579
846 81.32980148
847 81.68059867
848 81.94002318
849 82.10663883
850 82.17937393
851 82.15752557
852 82.0407618
853 81.82912159
854 81.52301262
855 81.12320695
856 80.6308345
857 80.04737452
858 79.37464504
859 78.61479047
860 77.77026727
861 76.84382811
862 75.83850433
863 74.75758704
864 73.60460701
865 72.38331334
866 71.09765131
867 69.75173939
868 68.34984572
869 66.89636409
870 65.39578982
871 63.85269544
872 62.27170657
873 60.6574781
874 59.01467072
875 57.34792813
876 55.66185497
877 53.96099563
878 52.24981404
879 50.53267463
880 48.81382443
881 47.09737651
882 45.38729486
883 43.68738054
884 42.00125949
885 40.33237173
886 38.68396213
887 37.05907273
888 35.46053652
889 33.89097285
890 32.35278414
891 30.84815421
892 29.37904783
893 27.94721166
894 26.55417648
895 25.20126046
896 23.8895737
897 22.62002358
898 21.39332119
899 20.20998846
900 19.0703661
901 17.97462209
902 16.92276077
903 15.91463234
904 14.94994268
905 14.02826347
906 13.14904246
907 12.31161382
908 11.51520849
909 10.75896453
910 10.0419372
911 9.363109011
912 8.721399393
913 8.115674128
914 7.544754407
915 7.007425518
916 6.502445099
917 6.028550954
918 5.584468403
919 5.168917136
920 4.780617586
921 4.418296797
922 4.080693784
923 3.7665644
924 3.47468571
925 3.203859879
926 2.952917594
927 2.720721025
928 2.506166362
929 2.308185922
930 2.125749875
931 1.957867592
932 1.803588643
933 1.662003484
934 1.532243832
935 1.413482778
936 1.304934648
937 1.205854642
938 1.115538269
939 1.033320616
940 0.9585754532
941 0.8907142112
942 0.8291848475
943 0.7734706175
944 0.723088772
945 0.6775891967
946 0.6365530084
947 0.5995911224
948 0.5663428052
949 0.5364742217
950 0.5096769896
951 0.4856667489
952 0.4641817544
953 0.4449814998
954 0.4278453763
955 0.4125713746
956 0.3989748306
957 0.3868872205
958 0.3761550068
959 0.3666385375
960 0.3582109983
961 0.3507574208
962 0.3441737442
963 0.3383659317
964 0.3332491406
965 0.3287469445
966 0.3247906068
967 0.3213184041
968 0.3182749961
969 0.3156108429
970 0.313281665
971 0.3112479452
972 0.3094744703
973 0.3079299097
974 0.3065864291
975 0.3054193382
976 0.3044067672
977 0.3035293743
978 0.3027700784
979 0.3021138173
980 0.3015473282
981 0.3010589504
982 0.3006384462
983 0.3002768407
984 0.2999662771
985 0.2996998876
986 0.2994716773
987 0.299276421
988 0.2991095706
989 0.2989671732
990 0.2988457982
991 0.298742472
992 0.2986546215
993 0.2985800225
994 0.2985167559
995 0.2984631673
996 0.2984178334
997 0.2983795307
998 0.2983472092
999 0.2983199691
1000 0.2982970403
1001 0.2982777645
1002 0.2982615801
1003 0.2982480082
1004 0.2982366414
1005 0.2982271333
1006 0.2982191898
1007 0.2982125618
1008 0.2982070384
1009 0.2982024411
1010 0.2981986196
1011 0.2981954467
1012 0.2981928158
1013 0.2981906369
1014 0.2981888347
1015 0.2981873458
1016 0.2981861174
1017 0.298185105
1018 0.2981842719
1019 0.298183587
1020 0.2981830247
1021 0.2981825637
1022 0.2981821861
1023 0.2981818772
