#53496 2909.9974669797272675 0.0045699365722049190008 1 1437 16.000049430220818044 1024 7 1 J1713+0747 0.0000000 
0 -0.09655615461
1 -0.09655615461
2 -0.09655615461
3 -0.09655615461
4 -0.09655615461
5 -0.09655615461
6 -0.09655615461
7 -0.09655615461
8 -0.09655615461
9 -0.09655615461
10 -0.09655615461
11 -0.09655615461
12 -0.09655615461
13 -0.09655615461
14 -0.09655615461
15 -0.09655615461
16 -0.09655615461
17 -0.09655615461
18 -0.09655615461
19 -0.09655615461
20 -0.09655615461
21 -0.09655615461
22 -0.09655615461
23 -0.09655615461
24 -0.09655615461
25 -0.09655615461
26 -0.09655615461
27 -0.09655615461
28 -0.09655615461
29 -0.09655615461
30 -0.09655615461
31 -0.09655615461
32 -0.09655615461
33 -0.09655615461
34 -0.09655615461
35 -0.09655615461
36 -0.09655615461
37 -0.09655615461
38 -0.09655615461
39 -0.09655615461
40 -0.09655615461
41 -0.09655615461
42 -0.09655615461
43 -0.09655615461
44 -0.09655615461
45 -0.09655615461
46 -0.09655615461
47 -0.09655615461
48 -0.09655615461
49 -0.09655615461
50 -0.09655615461
51 -0.09655615461
52 -0.09655615461
53 -0.09655615461
54 -0.09655615461
55 -0.09655615461
56 -0.09655615461
57 -0.09655615461
58 -0.09655615461
59 -0.09655615461
60 -0.09655615461
61 -0.09655615461
62 -0.09655615461
63 -0.09655615461
64 -0.09655615461
65 -0.09655615461
66 -0.09655615461
67 -0.09655615461
68 -0.09655615461
69 -0.09655615461
70 -0.09655615461
71 -0.09655615461
72 -0.09655615461
73 -0.09655615461
74 -0.09655615461
75 -0.09655615461
76 -0.09655615461
77 -0.09655615461
78 -0.09655615461
79 -0.09655615461
80 -0.09655615461
81 -0.09655615461
82 -0.09655615461
83 -0.09655615461
84 -0.09655615461
85 -0.09655615461
86 -0.09655615461
87 -0.09655615461
88 -0.09655615461
89 -0.09655615461
90 -0.09655615461
91 -0.09655615461
92 -0.09655615461
93 -0.09655615461
94 -0.09655615461
95 -0.09655615461
96 -0.09655615461
97 -0.09655615461
98 -0.09655615461
99 -0.09655615461
100 -0.09655615461
101 -0.09655615461
102 -0.09655615461
103 -0.09655615461
104 -0.09655615461
105 -0.09655615461
106 -0.09655615461
107 -0.09655615461
108 -0.09655615461
109 -0.09655615461
110 -0.09655615461
111 -0.09655615461
112 -0.09655615461
113 -0.09655615461
114 -0.09655615461
115 -0.09655615461
116 -0.09655615461
117 -0.09655615461
118 -0.09655615461
119 -0.09655615461
120 -0.09655615461
121 -0.09655615461
122 -0.09655615461
123 -0.09655615461
124 -0.09655615461
125 -0.09655615461
126 -0.09655615461
127 -0.09655615461
128 -0.09655615461
129 -0.09655615461
130 -0.09655615461
131 -0.09655615461
132 -0.09655615461
133 -0.09655615461
134 -0.09655615461
135 -0.09655615461
136 -0.09655615461
137 -0.09655615461
138 -0.09655615461
139 -0.09655615461
140 -0.09655615461
141 -0.09655615461
142 -0.09655615461
143 -0.09655615461
144 -0.09655615461
145 -0.09655615461
146 -0.09655615461
147 -0.09655615461
148 -0.09655615461
149 -0.09655615461
150 -0.09655615461
151 -0.09655615461
152 -0.09655615461
153 -0.09655615461
154 -0.09655615461
155 -0.09655615461
156 -0.09655615461
157 -0.09655615461
158 -0.09655615461
159 -0.09655615461
160 -0.09655615461
161 -0.09655615461
162 -0.09655615461
163 -0.09655615461
164 -0.09655615461
165 -0.09655615461
166 -0.09655615461
167 -0.09655615461
168 -0.09655615461
169 -0.09655615461
170 -0.09655615461
171 -0.09655615461
172 -0.09655615461
173 -0.09655615461
174 -0.09655615461
175 -0.09655615461
176 -0.09655615461
177 -0.09655615461
178 -0.09655615461
179 -0.09655615461
180 -0.09655615461
181 -0.09655615461
182 -0.09655615461
183 -0.09655615461
184 -0.09655615461
185 -0.0965561546
186 -0.0965561546
187 -0.0965561546
188 -0.0965561546
189 -0.0965561546
190 -0.0965561546
191 -0.0965561546
192 -0.0965561546
193 -0.09655615459
194 -0.09655615459
195 -0.09655615458
196 -0.09655615458
197 -0.09655615457
198 -0.09655615456
199 -0.09655615455
200 -0.09655615453
201 -0.09655615451
202 -0.09655615449
203 -0.09655615446
204 -0.09655615442
205 -0.09655615437
206 -0.09655615431
207 -0.09655615424
208 -0.09655615414
209 -0.09655615402
210 -0.09655615387
211 -0.09655615369
212 -0.09655615346
213 -0.09655615317
214 -0.09655615282
215 -0.09655615237
216 -0.09655615182
217 -0.09655615114
218 -0.0965561503
219 -0.09655614926
220 -0.09655614798
221 -0.09655614639
222 -0.09655614444
223 -0.09655614203
224 -0.09655613907
225 -0.09655613543
226 -0.09655613097
227 -0.09655612549
228 -0.09655611879
229 -0.09655611058
230 -0.09655610055
231 -0.09655608829
232 -0.09655607335
233 -0.09655605514
234 -0.09655603297
235 -0.09655600602
236 -0.09655597328
237 -0.09655593355
238 -0.09655588539
239 -0.09655582707
240 -0.09655575653
241 -0.09655567129
242 -0.09655556839
243 -0.09655544432
244 -0.09655529487
245 -0.09655511503
246 -0.09655489886
247 -0.09655463929
248 -0.09655432793
249 -0.09655395485
250 -0.09655350827
251 -0.09655297429
252 -0.09655233647
253 -0.09655157541
254 -0.09655066827
255 -0.09654958814
256 -0.09654830339
257 -0.09654677686
258 -0.09654496498
259 -0.09654281667
260 -0.09654027215
261 -0.09653726153
262 -0.0965337032
263 -0.09652950195
264 -0.09652454687
265 -0.09651870888
266 -0.09651183795
267 -0.09650375986
268 -0.0964942726
269 -0.09648314214
270 -0.09647009772
271 -0.09645482645
272 -0.09643696713
273 -0.09641610333
274 -0.09639175549
275 -0.09636337201
276 -0.09633031915
277 -0.09629186969
278 -0.0962471901
279 -0.09619532618
280 -0.09613518682
281 -0.09606552593
282 -0.09598492206
283 -0.09589175569
284 -0.09578418386
285 -0.09566011187
286 -0.09551716177
287 -0.09535263731
288 -0.09516348507
289 -0.0949462514
290 -0.09469703467
291 -0.09441143261
292 -0.09408448422
293 -0.09371060568
294 -0.09328352004
295 -0.09279617992
296 -0.0922406828
297 -0.09160817845
298 -0.09088876766
299 -0.09007139193
300 -0.08914371342
301 -0.08809198441
302 -0.08690090585
303 -0.08555347414
304 -0.08403081567
305 -0.0823120083
306 -0.08037388927
307 -0.07819084885
308 -0.07573460914
309 -0.07297398748
310 -0.0698746438
311 -0.06639881166
312 -0.06250501233
313 -0.05814775169
314 -0.05327719965
315 -0.04783885189
316 -0.04177317394
317 -0.03501522761
318 -0.02749427998
319 -0.01913339541
320 -0.009849010945
321 0.0004495038528
322 0.01186030203
323 0.02448952791
324 0.03845179793
325 0.05387069204
326 0.07087925362
327 0.0896204957
328 0.1102479109
329 0.1329259823
330 0.157830692
331 0.1851500233
332 0.2150844543
333 0.2478474357
334 0.2836658521
335 0.3227804577
336 0.3654462845
337 0.4119330157
338 0.4625253184
339 0.5175231301
340 0.5772418914
341 0.6420127193
342 0.7121825132
343 0.7881139867
344 0.8701856181
345 0.9587915115
346 1.054341162
347 1.157259117
348 1.267984527
349 1.386970573
350 1.51468378
351 1.651603185
352 1.798219377
353 1.955033389
354 2.122555438
355 2.301303522
356 2.491801844
357 2.694579092
358 2.910166549
359 3.139096036
360 3.381897706
361 3.639097661
362 3.911215428
363 4.198761264
364 4.502233329
365 4.822114708
366 5.158870302
367 5.512943608
368 5.884753371
369 6.27469016
370 6.683112851
371 7.110345051
372 7.556671477
373 8.022334307
374 8.50752954
375 9.012403356
376 9.537048538
377 10.08150096
378 10.64573615
379 11.22966603
380 11.83313571
381 12.45592061
382 13.09772362
383 13.75817262
384 14.43681821
385 15.13313178
386 15.84650383
387 16.5762427
388 17.32157364
389 18.08163829
390 18.85549458
391 19.64211707
392 20.44039771
393 21.24914713
394 22.06709639
395 22.8928992
396 23.72513467
397 24.56231058
398 25.4028671
399 26.24518104
400 27.08757063
401 27.92830073
402 28.7655885
403 29.5976096
404 30.42250473
405 31.23838659
406 32.04334729
407 32.83546598
408 33.61281688
409 34.37347754
410 35.11553731
411 35.83710606
412 36.53632294
413 37.21136528
414 37.86045759
415 38.48188042
416 39.07397926
417 39.6351733
418 40.16396402
419 40.65894356
420 41.11880289
421 41.54233955
422 41.92846515
423 42.27621242
424 42.58474177
425 42.85334746
426 43.08146317
427 43.26866704
428 43.41468612
429 43.51940024
430 43.58284516
431 43.60521514
432 43.58686481
433 43.52831038
434 43.43023006
435 43.29346395
436 43.11901306
437 42.90803777
438 42.6618555
439 42.38193779
440 42.06990667
441 41.72753036
442 41.3567184
443 40.9595161
444 40.53809851
445 40.09476366
446 39.63192546
447 39.15210594
448 38.65792707
449 38.15210215
450 37.63742671
451 37.11676909
452 36.59306061
453 36.06928542
454 35.54847004
455 35.03367266
456 34.52797212
457 34.03445676
458 33.55621301
459 33.09631386
460 32.6578072
461 32.24370402
462 31.85696656
463 31.50049644
464 31.1771227
465 30.88958996
466 30.64054651
467 30.43253256
468 30.26796859
469 30.14914383
470 30.07820492
471 30.05714487
472 30.08779219
473 30.17180042
474 30.31063796
475 30.50557838
476 30.75769116
477 31.06783292
478 31.4366393
479 31.86451742
480 32.35163904
481 32.8979345
482 33.50308744
483 34.16653042
484 34.8874415
485 35.66474172
486 36.49709374
487 37.38290155
488 38.32031128
489 39.30721327
490 40.3412454
491 41.41979761
492 42.54001785
493 43.69881922
494 44.89288857
495 46.11869637
496 47.37250795
497 48.65039605
498 49.94825467
499 51.26181421
500 52.58665774
501 53.91823852
502 55.25189856
503 56.58288815
504 57.90638633
505 59.2175222
506 60.51139686
507 61.78310593
508 63.02776255
509 64.24052064
510 65.41659836
511 66.55130152
512 67.64004689
513 68.67838518
514 69.6620236
515 70.58684774
516 71.4489427
517 72.24461333
518 72.97040333
519 73.62311317
520 74.19981663
521 74.69787589
522 75.11495502
523 75.44903172
524 75.69840734
525 75.861715
526 75.93792575
527 75.92635284
528 75.82665385
529 75.63883093
530 75.36322892
531 75.0005315
532 74.55175535
533 74.01824246
534 73.40165043
535 72.70394116
536 71.92736777
537 71.0744599
538 70.1480077
539 69.15104432
540 68.08682735
541 66.95881916
542 65.77066635
543 64.5261785
544 63.22930635
545 61.88411955
546 60.49478424
547 59.06554053
548 57.60068001
549 56.10452363
550 54.58139986
551 53.03562347
552 51.47147495
553 49.89318074
554 48.30489438
555 46.71067872
556 45.11448917
557 43.52015822
558 41.93138124
559 40.35170352
560 38.78450878
561 37.23300904
562 35.70023585
563 34.18903306
564 32.70205092
565 31.24174162
566 29.81035617
567 28.40994266
568 27.04234575
569 25.70920744
570 24.41196896
571 23.1518738
572 21.92997173
573 20.74712379
574 19.60400805
575 18.50112629
576 17.43881121
577 16.41723432
578 15.43641431
579 14.49622583
580 13.59640862
581 12.73657683
582 11.91622861
583 11.13475564
584 10.39145285
585 9.685527895
586 9.016110683
587 8.382262616
588 7.782985655
589 7.21723108
590 6.683907952
591 6.181891206
592 5.710029359
593 5.267151814
594 4.852075718
595 4.463612388
596 4.100573261
597 3.761775394
598 3.446046491
599 3.152229463
600 2.87918654
601 2.62580292
602 2.390989993
603 2.17368813
604 1.97286908
605 1.787537962
606 1.616734906
607 1.45953633
608 1.315055913
609 1.182445242
610 1.060894204
611 0.9496311051
612 0.8479225656
613 0.7550732039
614 0.6704251323
615 0.5933572881
616 0.5232846195
617 0.459657147
618 0.4019589185
619 0.3497068774
620 0.3024496588
621 0.2597663301
622 0.2212650916
623 0.1865819479
624 0.1553793646
625 0.1273449196
626 0.1021899594
627 0.07964826877
628 0.05947476184
629 0.04144420049
630 0.02534994612
631 0.01100274936
632 -0.001770418447
633 -0.01312748885
634 -0.02321237272
635 -0.03215598765
636 -0.04007723537
637 -0.04708392849
638 -0.05327366642
639 -0.05873466093
640 -0.06354651184
641 -0.06778093391
642 -0.07150243615
643 -0.07476895496
644 -0.07763244287
645 -0.0801394144
646 -0.08233145127
647 -0.08424566856
648 -0.08591514406
649 -0.08736931282
650 -0.08863432874
651 -0.08973339553
652 -0.09068706863
653 -0.09151353049
654 -0.09222884058
655 -0.09284716242
656 -0.09338096901
657 -0.09384122857
658 -0.09423757197
659 -0.09457844352
660 -0.09487123647
661 -0.09512241444
662 -0.09533762021
663 -0.09552177292
664 -0.09567915471
665 -0.09581348791
666 -0.09592800362
667 -0.09602550257
668 -0.09610840901
669 -0.09617881839
670 -0.09623853935
671 -0.09628913085
672 -0.09633193471
673 -0.09636810429
674 -0.09639862953
675 -0.09642435898
676 -0.09644601893
677 -0.09646423023
678 -0.0964795228
679 -0.09649234837
680 -0.09650309147
681 -0.09651207899
682 -0.09651958843
683 -0.09652585504
684 -0.09653107799
685 -0.09653542567
686 -0.09653904023
687 -0.09654204157
688 -0.0965445306
689 -0.09654659221
690 -0.09654829767
691 -0.09654970674
692 -0.0965508695
693 -0.0965518278
694 -0.09655261661
695 -0.09655326511
696 -0.09655379759
697 -0.09655423426
698 -0.09655459192
699 -0.0965548845
700 -0.09655512355
701 -0.09655531861
702 -0.09655547759
703 -0.096555607
704 -0.09655571221
705 -0.09655579763
706 -0.09655586691
707 -0.09655592302
708 -0.09655596842
709 -0.09655600509
710 -0.09655603469
711 -0.09655605854
712 -0.09655607775
713 -0.09655609318
714 -0.09655610558
715 -0.09655611552
716 -0.09655612348
717 -0.09655612985
718 -0.09655613495
719 -0.09655613901
720 -0.09655614225
721 -0.09655614482
722 -0.09655614687
723 -0.0965561485
724 -0.09655614979
725 -0.09655615081
726 -0.09655615162
727 -0.09655615226
728 -0.09655615277
729 -0.09655615316
730 -0.09655615348
731 -0.09655615372
732 -0.09655615392
733 -0.09655615407
734 -0.09655615419
735 -0.09655615428
736 -0.09655615435
737 -0.09655615441
738 -0.09655615445
739 -0.09655615449
740 -0.09655615452
741 -0.09655615454
742 -0.09655615455
743 -0.09655615456
744 -0.09655615457
745 -0.09655615458
746 -0.09655615459
747 -0.09655615459
748 -0.0965561546
749 -0.0965561546
750 -0.0965561546
751 -0.0965561546
752 -0.0965561546
753 -0.0965561546
754 -0.0965561546
755 -0.0965561546
756 -0.09655615461
757 -0.09655615461
758 -0.09655615461
759 -0.09655615461
760 -0.09655615461
761 -0.09655615461
762 -0.09655615461
763 -0.09655615461
764 -0.09655615461
765 -0.09655615461
766 -0.09655615461
767 -0.09655615461
768 -0.09655615461
769 -0.09655615461
770 -0.09655615461
771 -0.09655615461
772 -0.09655615461
773 -0.09655615461
774 -0.09655615461
775 -0.09655615461
776 -0.09655615461
777 -0.09655615461
778 -0.09655615461
779 -0.09655615461
780 -0.09655615461
781 -0.09655615461
782 -0.09655615461
783 -0.09655615461
784 -0.09655615461
785 -0.09655615461
786 -0.09655615461
787 -0.09655615461
788 -0.09655615461
789 -0.09655615461
790 -0.09655615461
791 -0.09655615461
792 -0.09655615461
793 -0.09655615461
794 -0.09655615461
795 -0.09655615461
796 -0.09655615461
797 -0.09655615461
798 -0.09655615461
799 -0.09655615461
800 -0.09655615461
801 -0.09655615461
802 -0.09655615461
803 -0.09655615461
804 -0.09655615461
805 -0.09655615461
806 -0.09655615461
807 -0.09655615461
808 -0.09655615461
809 -0.09655615461
810 -0.09655615461
811 -0.09655615461
812 -0.09655615461
813 -0.09655615461
814 -0.09655615461
815 -0.09655615461
816 -0.09655615461
817 -0.09655615461
818 -0.09655615461
819 -0.09655615461
820 -0.09655615461
821 -0.09655615461
822 -0.09655615461
823 -0.09655615461
824 -0.09655615461
825 -0.09655615461
826 -0.09655615461
827 -0.09655615461
828 -0.09655615461
829 -0.09655615461
830 -0.09655615461
831 -0.09655615461
832 -0.09655615461
833 -0.09655615461
834 -0.09655615461
835 -0.09655615461
836 -0.09655615461
837 -0.09655615461
838 -0.09655615461
839 -0.09655615461
840 -0.09655615461
841 -0.09655615461
842 -0.09655615461
843 -0.09655615461
844 -0.09655615461
845 -0.09655615461
846 -0.09655615461
847 -0.09655615461
848 -0.09655615461
849 -0.09655615461
850 -0.09655615461
851 -0.09655615461
852 -0.09655615461
853 -0.09655615461
854 -0.09655615461
855 -0.09655615461
856 -0.09655615461
857 -0.09655615461
858 -0.09655615461
859 -0.09655615461
860 -0.09655615461
861 -0.09655615461
862 -0.09655615461
863 -0.09655615461
864 -0.09655615461
865 -0.09655615461
866 -0.09655615461
867 -0.09655615461
868 -0.09655615461
869 -0.09655615461
870 -0.09655615461
871 -0.09655615461
872 -0.09655615461
873 -0.09655615461
874 -0.09655615461
875 -0.09655615461
876 -0.09655615461
877 -0.09655615461
878 -0.09655615461
879 -0.09655615461
880 -0.09655615461
881 -0.09655615461
882 -0.09655615461
883 -0.09655615461
884 -0.09655615461
885 -0.09655615461
886 -0.09655615461
887 -0.09655615461
888 -0.09655615461
889 -0.09655615461
890 -0.09655615461
891 -0.09655615461
892 -0.09655615461
893 -0.09655615461
894 -0.09655615461
895 -0.09655615461
896 -0.09655615461
897 -0.09655615461
898 -0.09655615461
899 -0.09655615461
900 -0.09655615461
901 -0.09655615461
902 -0.09655615461
903 -0.09655615461
904 -0.09655615461
905 -0.09655615461
906 -0.09655615461
907 -0.09655615461
908 -0.09655615461
909 -0.09655615461
910 -0.09655615461
911 -0.09655615461
912 -0.09655615461
913 -0.09655615461
914 -0.09655615461
915 -0.09655615461
916 -0.09655615461
917 -0.09655615461
918 -0.09655615461
919 -0.09655615461
920 -0.09655615461
921 -0.09655615461
922 -0.09655615461
923 -0.09655615461
924 -0.09655615461
925 -0.09655615461
926 -0.09655615461
927 -0.09655615461
928 -0.09655615461
929 -0.09655615461
930 -0.09655615461
931 -0.09655615461
932 -0.09655615461
933 -0.09655615461
934 -0.09655615461
935 -0.09655615461
936 -0.09655615461
937 -0.09655615461
938 -0.09655615461
939 -0.09655615461
940 -0.09655615461
941 -0.09655615461
942 -0.09655615461
943 -0.09655615461
944 -0.09655615461
945 -0.09655615461
946 -0.09655615461
947 -0.09655615461
948 -0.09655615461
949 -0.09655615461
950 -0.09655615461
951 -0.09655615461
952 -0.09655615461
953 -0.09655615461
954 -0.09655615461
955 -0.09655615461
956 -0.09655615461
957 -0.09655615461
958 -0.09655615461
959 -0.09655615461
960 -0.09655615461
961 -0.09655615461
962 -0.09655615461
963 -0.09655615461
964 -0.09655615461
965 -0.09655615461
966 -0.09655615461
967 -0.09655615461
968 -0.09655615461
969 -0.09655615461
970 -0.09655615461
971 -0.09655615461
972 -0.09655615461
973 -0.09655615461
974 -0.09655615461
975 -0.09655615461
976 -0.09655615461
977 -0.09655615461
978 -0.09655615461
979 -0.09655615461
980 -0.09655615461
981 -0.09655615461
982 -0.09655615461
983 -0.09655615461
984 -0.09655615461
985 -0.09655615461
986 -0.09655615461
987 -0.09655615461
988 -0.09655615461
989 -0.09655615461
990 -0.09655615461
991 -0.09655615461
992 -0.09655615461
993 -0.09655615461
994 -0.09655615461
995 -0.09655615461
996 -0.09655615461
997 -0.09655615461
998 -0.09655615461
999 -0.09655615461
1000 -0.09655615461
1001 -0.09655615461
1002 -0.09655615461
1003 -0.09655615461
1004 -0.09655615461
1005 -0.09655615461
1006 -0.09655615461
1007 -0.09655615461
1008 -0.09655615461
1009 -0.09655615461
1010 -0.09655615461
1011 -0.09655615461
1012 -0.09655615461
1013 -0.09655615461
1014 -0.09655615461
1015 -0.09655615461
1016 -0.09655615461
1017 -0.09655615461
1018 -0.09655615461
1019 -0.09655615461
1020 -0.09655615461
1021 -0.09655615461
1022 -0.09655615461
1023 -0.09655615461
