#54044 2910.0005962867088345 0.0045703488574576839679 1 1277 16.000049430220818044 1024 7 1 J1713+0747 0.0000000 
0 0.1755561824
1 0.1755561824
2 0.1755561824
3 0.1755561824
4 0.1755561824
5 0.1755561824
6 0.1755561824
7 0.1755561824
8 0.1755561824
9 0.1755561824
10 0.1755561825
11 0.1755561825
12 0.1755561825
13 0.1755561825
14 0.1755561826
15 0.1755561826
16 0.1755561827
17 0.1755561828
18 0.1755561829
19 0.175556183
20 0.1755561832
21 0.1755561834
22 0.1755561836
23 0.175556184
24 0.1755561843
25 0.1755561848
26 0.1755561854
27 0.1755561862
28 0.1755561871
29 0.1755561882
30 0.1755561896
31 0.1755561913
32 0.1755561935
33 0.1755561961
34 0.1755561993
35 0.1755562033
36 0.1755562082
37 0.1755562142
38 0.1755562215
39 0.1755562305
40 0.1755562414
41 0.1755562548
42 0.1755562712
43 0.1755562911
44 0.1755563153
45 0.1755563448
46 0.1755563806
47 0.1755564241
48 0.1755564768
49 0.1755565406
50 0.1755566178
51 0.1755567112
52 0.1755568238
53 0.1755569597
54 0.1755571233
55 0.1755573203
56 0.1755575571
57 0.1755578414
58 0.1755581826
59 0.1755585914
60 0.1755590808
61 0.1755596661
62 0.1755603653
63 0.1755611997
64 0.1755621943
65 0.1755633788
66 0.1755647879
67 0.1755664624
68 0.1755684501
69 0.1755708072
70 0.1755735994
71 0.1755769035
72 0.1755808092
73 0.1755854211
74 0.1755908613
75 0.1755972716
76 0.1756048171
77 0.1756136895
78 0.1756241109
79 0.1756363388
80 0.1756506713
81 0.1756674527
82 0.1756870806
83 0.1757100135
84 0.1757367793
85 0.1757679857
86 0.1758043305
87 0.1758466148
88 0.175895757
89 0.1759528085
90 0.1760189717
91 0.1760956201
92 0.1761843206
93 0.1762868588
94 0.176405267
95 0.1765418551
96 0.1766992462
97 0.1768804147
98 0.1770887295
99 0.1773280017
100 0.1776025375
101 0.1779171961
102 0.1782774545
103 0.1786894782
104 0.1791601988
105 0.1796974003
106 0.1803098122
107 0.1810072126
108 0.1818005401
109 0.1827020161
110 0.1837252783
111 0.1848855249
112 0.1861996718
113 0.1876865225
114 0.189366952
115 0.1912641043
116 0.1934036063
117 0.1958137967
118 0.1985259717
119 0.2015746478
120 0.2049978426
121 0.208837374
122 0.213139178
123 0.2179536455
124 0.2233359795
125 0.2293465715
126 0.2360513971
127 0.243522433
128 0.2518380919
129 0.2610836774
130 0.2713518573
131 0.2827431548
132 0.2953664559
133 0.3093395329
134 0.3247895812
135 0.3418537684
136 0.3606797934
137 0.3814264524
138 0.40426421
139 0.4293757711
140 0.4569566512
141 0.4872157405
142 0.5203758569
143 0.5566742853
144 0.5963632948
145 0.6397106324
146 0.6869999832
147 0.7385313937
148 0.794621651
149 0.8556046095
150 0.9218314601
151 0.9936709321
152 1.071509422
153 1.15575104
154 1.246817564
155 1.3451483
156 1.451199829
157 1.565445645
158 1.688375665
159 1.820495609
160 1.962326241
161 2.114402463
162 2.277272252
163 2.451495444
164 2.637642344
165 2.836292166
166 3.048031306
167 3.273451421
168 3.513147343
169 3.767714798
170 4.037747949
171 4.32383676
172 4.626564179
173 4.946503151
174 5.284213461
175 5.640238423
176 6.015101416
177 6.409302287
178 6.823313625
179 7.257576928
180 7.712498679
181 8.188446347
182 8.685744336
183 9.204669904
184 9.745449077
185 10.30825258
186 10.89319179
187 11.50031486
188 12.12960277
189 12.78096571
190 13.45423948
191 14.14918216
192 14.86547099
193 15.60269954
194 16.36037507
195 17.1379164
196 17.93465194
197 18.74981821
198 19.58255881
199 20.43192371
200 21.29686912
201 22.17625777
202 23.06885977
203 23.97335393
204 24.88832965
205 25.81228938
206 26.74365163
207 27.68075449
208 28.62185983
209 29.56515793
210 30.50877278
211 31.45076785
212 32.38915241
213 33.32188834
214 34.24689747
215 35.16206931
216 36.06526925
217 36.95434713
218 37.82714616
219 38.68151212
220 39.51530287
221 40.32639805
222 41.11270887
223 41.87218815
224 42.60284026
225 43.30273119
226 43.96999842
227 44.60286084
228 45.19962831
229 45.75871114
230 46.27862922
231 46.7580208
232 47.19565086
233 47.59041913
234 47.9413675
235 48.24768694
236 48.50872387
237 48.72398586
238 48.8931467
239 49.0160508
240 49.09271684
241 49.12334073
242 49.10829779
243 49.04814416
244 48.94361746
245 48.79563665
246 48.60530113
247 48.37388902
248 48.10285473
249 47.7938257
250 47.44859847
251 47.06913393
252 46.65755198
253 46.21612537
254 45.74727299
255 45.25355249
256 44.73765225
257 44.20238287
258 43.65066801
259 43.08553481
260 42.51010382
261 41.9275784
262 41.34123383
263 40.75440594
264 40.17047949
265 39.59287616
266 39.02504227
267 38.47043632
268 37.93251622
269 37.41472642
270 36.92048483
271 36.45316966
272 36.01610611
273 35.61255311
274 35.24568994
275 34.91860289
276 34.634272
277 34.39555786
278 34.2051885
279 34.06574651
280 33.97965632
281 33.94917175
282 33.97636382
283 34.06310902
284 34.21107779
285 34.42172367
286 34.69627281
287 35.03571413
288 35.4407901
289 35.91198821
290 36.44953323
291 37.05338031
292 37.72320892
293 38.4584179
294 39.25812138
295 40.12114595
296 41.04602889
297 42.03101773
298 43.074071
299 44.17286039
300 45.32477428
301 46.52692267
302 47.77614359
303 49.06901101
304 50.40184424
305 51.77071878
306 53.17147878
307 54.59975088
308 56.05095957
309 57.52034396
310 59.00297587
311 60.49377926
312 61.98755092
313 63.47898216
314 64.9626817
315 66.43319935
316 67.88505054
317 69.31274148
318 70.71079486
319 72.07377584
320 73.39631838
321 74.67315139
322 75.89912495
323 77.06923603
324 78.17865386
325 79.22274454
326 80.1970948
327 81.09753482
328 81.92015978
329 82.66135007
330 83.31779008
331 83.88648525
332 84.36477739
333 84.75035814
334 85.04128037
335 85.23596757
336 85.33322101
337 85.33222478
338 85.23254846
339 85.03414767
340 84.73736223
341 84.34291213
342 83.85189124
343 83.26575895
344 82.5863296
345 81.81575997
346 80.95653492
347 80.01145112
348 78.98359926
349 77.87634468
350 76.69330671
351 75.43833674
352 74.11549536
353 72.72902865
354 71.28334375
355 69.7829841
356 68.2326042
357 66.63694451
358 65.00080616
359 63.32902619
360 61.62645296
361 59.89792239
362 58.14823469
363 56.38213223
364 54.6042782
365 52.81923656
366 51.03145316
367 49.2452382
368 47.46475013
369 45.69398102
370 43.93674342
371 42.19665886
372 40.47714787
373 38.78142161
374 37.11247516
375 35.47308223
376 33.86579159
377 32.29292485
378 30.75657577
379 29.25861097
380 27.80067184
381 26.38417785
382 25.01033085
383 23.68012059
384 22.39433105
385 21.15354782
386 19.95816606
387 18.8083993
388 17.70428875
389 16.64571307
390 15.63239852
391 14.66392947
392 13.739759
393 12.85921968
394 12.02153435
395 11.22582687
396 10.47113268
397 9.756409288
398 9.080546376
399 8.442375704
400 7.840680609
401 7.274205127
402 6.741662683
403 6.241744321
404 5.773126456
405 5.334478123
406 4.924467712
407 4.541769186
408 4.185067778
409 3.853065163
410 3.544484119
411 3.258072681
412 2.992607808
413 2.746898567
414 2.519788862
415 2.310159729
416 2.116931215
417 1.93906386
418 1.77555982
419 1.625463644
420 1.487862738
421 1.36188754
422 1.246711429
423 1.141550396
424 1.045662511
425 0.958347185
426 0.8789442854
427 0.8068330952
428 0.7414311584
429 0.6821930219
430 0.6286088963
431 0.5802032526
432 0.5365333704
433 0.4971878538
434 0.4617851279
435 0.429971928
436 0.401421794
437 0.3758335774
438 0.3529299724
439 0.3324560762
440 0.3141779861
441 0.2978814382
442 0.2833704932
443 0.2704662715
444 0.2590057407
445 0.2488405585
446 0.2398359708
447 0.2318697671
448 0.224831292
449 0.2186205145
450 0.2131471516
451 0.2083298482
452 0.2040954097
453 0.2003780863
454 0.1971189082
455 0.1942650681
456 0.19176935
457 0.1895896021
458 0.1876882507
459 0.1860318539
460 0.184590692
461 0.1833383932
462 0.1822515909
463 0.1813096128
464 0.1804941967
465 0.1797892335
466 0.1791805343
467 0.1786556201
468 0.1782035311
469 0.1778146563
470 0.1774805795
471 0.1771939414
472 0.1769483163
473 0.1767381013
474 0.1765584185
475 0.1764050269
476 0.1762742443
477 0.1761628787
478 0.1760681665
479 0.1759877187
480 0.1759194727
481 0.1758616506
482 0.1758127217
483 0.1757713701
484 0.1757364662
485 0.1757070416
486 0.1756822671
487 0.175661434
488 0.1756439372
489 0.1756292607
490 0.1756169654
491 0.1756066777
492 0.1755980806
493 0.1755909053
494 0.1755849241
495 0.1755799445
496 0.1755758039
497 0.1755723652
498 0.1755695131
499 0.1755671504
500 0.1755651956
501 0.1755635802
502 0.1755622471
503 0.1755611481
504 0.1755602434
505 0.1755594995
506 0.1755588887
507 0.1755583876
508 0.1755579771
509 0.1755576413
510 0.1755573669
511 0.175557143
512 0.1755569604
513 0.1755568118
514 0.1755566909
515 0.1755565928
516 0.1755565132
517 0.1755564487
518 0.1755563965
519 0.1755563544
520 0.1755563204
521 0.1755562929
522 0.1755562708
523 0.1755562531
524 0.1755562388
525 0.1755562274
526 0.1755562182
527 0.1755562109
528 0.175556205
529 0.1755562004
530 0.1755561966
531 0.1755561937
532 0.1755561913
533 0.1755561894
534 0.1755561879
535 0.1755561868
536 0.1755561858
537 0.1755561851
538 0.1755561845
539 0.175556184
540 0.1755561837
541 0.1755561834
542 0.1755561832
543 0.175556183
544 0.1755561829
545 0.1755561828
546 0.1755561827
547 0.1755561826
548 0.1755561826
549 0.1755561825
550 0.1755561825
551 0.1755561825
552 0.1755561824
553 0.1755561824
554 0.1755561824
555 0.1755561824
556 0.1755561824
557 0.1755561824
558 0.1755561824
559 0.1755561824
560 0.1755561824
561 0.1755561824
562 0.1755561824
563 0.1755561824
564 0.1755561824
565 0.1755561824
566 0.1755561824
567 0.1755561824
568 0.1755561824
569 0.1755561824
570 0.1755561824
571 0.1755561824
572 0.1755561824
573 0.1755561824
574 0.1755561824
575 0.1755561824
576 0.1755561824
577 0.1755561824
578 0.1755561824
579 0.1755561824
580 0.1755561824
581 0.1755561824
582 0.1755561824
583 0.1755561824
584 0.1755561824
585 0.1755561824
586 0.1755561824
587 0.1755561824
588 0.1755561824
589 0.1755561824
590 0.1755561824
591 0.1755561824
592 0.1755561824
593 0.1755561824
594 0.1755561824
595 0.1755561824
596 0.1755561824
597 0.1755561824
598 0.1755561824
599 0.1755561824
600 0.1755561824
601 0.1755561824
602 0.1755561824
603 0.1755561824
604 0.1755561824
605 0.1755561824
606 0.1755561824
607 0.1755561824
608 0.1755561824
609 0.1755561824
610 0.1755561824
611 0.1755561824
612 0.1755561824
613 0.1755561824
614 0.1755561824
615 0.1755561824
616 0.1755561824
617 0.1755561824
618 0.1755561824
619 0.1755561824
620 0.1755561824
621 0.1755561824
622 0.1755561824
623 0.1755561824
624 0.1755561824
625 0.1755561824
626 0.1755561824
627 0.1755561824
628 0.1755561824
629 0.1755561824
630 0.1755561824
631 0.1755561824
632 0.1755561824
633 0.1755561824
634 0.1755561824
635 0.1755561824
636 0.1755561824
637 0.1755561824
638 0.1755561824
639 0.1755561824
640 0.1755561824
641 0.1755561824
642 0.1755561824
643 0.1755561824
644 0.1755561824
645 0.1755561824
646 0.1755561824
647 0.1755561824
648 0.1755561824
649 0.1755561824
650 0.1755561824
651 0.1755561824
652 0.1755561824
653 0.1755561824
654 0.1755561824
655 0.1755561824
656 0.1755561824
657 0.1755561824
658 0.1755561824
659 0.1755561824
660 0.1755561824
661 0.1755561824
662 0.1755561824
663 0.1755561824
664 0.1755561824
665 0.1755561824
666 0.1755561824
667 0.1755561824
668 0.1755561824
669 0.1755561824
670 0.1755561824
671 0.1755561824
672 0.1755561824
673 0.1755561824
674 0.1755561824
675 0.1755561824
676 0.1755561824
677 0.1755561824
678 0.1755561824
679 0.1755561824
680 0.1755561824
681 0.1755561824
682 0.1755561824
683 0.1755561824
684 0.1755561824
685 0.1755561824
686 0.1755561824
687 0.1755561824
688 0.1755561824
689 0.1755561824
690 0.1755561824
691 0.1755561824
692 0.1755561824
693 0.1755561824
694 0.1755561824
695 0.1755561824
696 0.1755561824
697 0.1755561824
698 0.1755561824
699 0.1755561824
700 0.1755561824
701 0.1755561824
702 0.1755561824
703 0.1755561824
704 0.1755561824
705 0.1755561824
706 0.1755561824
707 0.1755561824
708 0.1755561824
709 0.1755561824
710 0.1755561824
711 0.1755561824
712 0.1755561824
713 0.1755561824
714 0.1755561824
715 0.1755561824
716 0.1755561824
717 0.1755561824
718 0.1755561824
719 0.1755561824
720 0.1755561824
721 0.1755561824
722 0.1755561824
723 0.1755561824
724 0.1755561824
725 0.1755561824
726 0.1755561824
727 0.1755561824
728 0.1755561824
729 0.1755561824
730 0.1755561824
731 0.1755561824
732 0.1755561824
733 0.1755561824
734 0.1755561824
735 0.1755561824
736 0.1755561824
737 0.1755561824
738 0.1755561824
739 0.1755561824
740 0.1755561824
741 0.1755561824
742 0.1755561824
743 0.1755561824
744 0.1755561824
745 0.1755561824
746 0.1755561824
747 0.1755561824
748 0.1755561824
749 0.1755561824
750 0.1755561824
751 0.1755561824
752 0.1755561824
753 0.1755561824
754 0.1755561824
755 0.1755561824
756 0.1755561824
757 0.1755561824
758 0.1755561824
759 0.1755561824
760 0.1755561824
761 0.1755561824
762 0.1755561824
763 0.1755561824
764 0.1755561824
765 0.1755561824
766 0.1755561824
767 0.1755561824
768 0.1755561824
769 0.1755561824
770 0.1755561824
771 0.1755561824
772 0.1755561824
773 0.1755561824
774 0.1755561824
775 0.1755561824
776 0.1755561824
777 0.1755561824
778 0.1755561824
779 0.1755561824
780 0.1755561824
781 0.1755561824
782 0.1755561824
783 0.1755561824
784 0.1755561824
785 0.1755561824
786 0.1755561824
787 0.1755561824
788 0.1755561824
789 0.1755561824
790 0.1755561824
791 0.1755561824
792 0.1755561824
793 0.1755561824
794 0.1755561824
795 0.1755561824
796 0.1755561824
797 0.1755561824
798 0.1755561824
799 0.1755561824
800 0.1755561824
801 0.1755561824
802 0.1755561824
803 0.1755561824
804 0.1755561824
805 0.1755561824
806 0.1755561824
807 0.1755561824
808 0.1755561824
809 0.1755561824
810 0.1755561824
811 0.1755561824
812 0.1755561824
813 0.1755561824
814 0.1755561824
815 0.1755561824
816 0.1755561824
817 0.1755561824
818 0.1755561824
819 0.1755561824
820 0.1755561824
821 0.1755561824
822 0.1755561824
823 0.1755561824
824 0.1755561824
825 0.1755561824
826 0.1755561824
827 0.1755561824
828 0.1755561824
829 0.1755561824
830 0.1755561824
831 0.1755561824
832 0.1755561824
833 0.1755561824
834 0.1755561824
835 0.1755561824
836 0.1755561824
837 0.1755561824
838 0.1755561824
839 0.1755561824
840 0.1755561824
841 0.1755561824
842 0.1755561824
843 0.1755561824
844 0.1755561824
845 0.1755561824
846 0.1755561824
847 0.1755561824
848 0.1755561824
849 0.1755561824
850 0.1755561824
851 0.1755561824
852 0.1755561824
853 0.1755561824
854 0.1755561824
855 0.1755561824
856 0.1755561824
857 0.1755561824
858 0.1755561824
859 0.1755561824
860 0.1755561824
861 0.1755561824
862 0.1755561824
863 0.1755561824
864 0.1755561824
865 0.1755561824
866 0.1755561824
867 0.1755561824
868 0.1755561824
869 0.1755561824
870 0.1755561824
871 0.1755561824
872 0.1755561824
873 0.1755561824
874 0.1755561824
875 0.1755561824
876 0.1755561824
877 0.1755561824
878 0.1755561824
879 0.1755561824
880 0.1755561824
881 0.1755561824
882 0.1755561824
883 0.1755561824
884 0.1755561824
885 0.1755561824
886 0.1755561824
887 0.1755561824
888 0.1755561824
889 0.1755561824
890 0.1755561824
891 0.1755561824
892 0.1755561824
893 0.1755561824
894 0.1755561824
895 0.1755561824
896 0.1755561824
897 0.1755561824
898 0.1755561824
899 0.1755561824
900 0.1755561824
901 0.1755561824
902 0.1755561824
903 0.1755561824
904 0.1755561824
905 0.1755561824
906 0.1755561824
907 0.1755561824
908 0.1755561824
909 0.1755561824
910 0.1755561824
911 0.1755561824
912 0.1755561824
913 0.1755561824
914 0.1755561824
915 0.1755561824
916 0.1755561824
917 0.1755561824
918 0.1755561824
919 0.1755561824
920 0.1755561824
921 0.1755561824
922 0.1755561824
923 0.1755561824
924 0.1755561824
925 0.1755561824
926 0.1755561824
927 0.1755561824
928 0.1755561824
929 0.1755561824
930 0.1755561824
931 0.1755561824
932 0.1755561824
933 0.1755561824
934 0.1755561824
935 0.1755561824
936 0.1755561824
937 0.1755561824
938 0.1755561824
939 0.1755561824
940 0.1755561824
941 0.1755561824
942 0.1755561824
943 0.1755561824
944 0.1755561824
945 0.1755561824
946 0.1755561824
947 0.1755561824
948 0.1755561824
949 0.1755561824
950 0.1755561824
951 0.1755561824
952 0.1755561824
953 0.1755561824
954 0.1755561824
955 0.1755561824
956 0.1755561824
957 0.1755561824
958 0.1755561824
959 0.1755561824
960 0.1755561824
961 0.1755561824
962 0.1755561824
963 0.1755561824
964 0.1755561824
965 0.1755561824
966 0.1755561824
967 0.1755561824
968 0.1755561824
969 0.1755561824
970 0.1755561824
971 0.1755561824
972 0.1755561824
973 0.1755561824
974 0.1755561824
975 0.1755561824
976 0.1755561824
977 0.1755561824
978 0.1755561824
979 0.1755561824
980 0.1755561824
981 0.1755561824
982 0.1755561824
983 0.1755561824
984 0.1755561824
985 0.1755561824
986 0.1755561824
987 0.1755561824
988 0.1755561824
989 0.1755561824
990 0.1755561824
991 0.1755561824
992 0.1755561824
993 0.1755561824
994 0.1755561824
995 0.1755561824
996 0.1755561824
997 0.1755561824
998 0.1755561824
999 0.1755561824
1000 0.1755561824
1001 0.1755561824
1002 0.1755561824
1003 0.1755561824
1004 0.1755561824
1005 0.1755561824
1006 0.1755561824
1007 0.1755561824
1008 0.1755561824
1009 0.1755561824
1010 0.1755561824
1011 0.1755561824
1012 0.1755561824
1013 0.1755561824
1014 0.1755561824
1015 0.1755561824
1016 0.1755561824
1017 0.1755561824
1018 0.1755561824
1019 0.1755561824
1020 0.1755561824
1021 0.1755561824
1022 0.1755561824
1023 0.1755561824
