#53934 2909.9981111599758785 0.0045703750888754250334 1 1373 16.000049430220818044 1024 7 1 J1713+0747 0.0000000 
0 0.01748718827
1 0.01748718827
2 0.01748718828
3 0.01748718828
4 0.01748718828
5 0.01748718829
6 0.0174871883
7 0.01748718831
8 0.01748718832
9 0.01748718834
10 0.01748718835
11 0.01748718838
12 0.01748718841
13 0.01748718845
14 0.0174871885
15 0.01748718856
16 0.01748718863
17 0.01748718873
18 0.01748718884
19 0.01748718899
20 0.01748718918
21 0.0174871894
22 0.01748718969
23 0.01748719004
24 0.01748719048
25 0.01748719103
26 0.01748719171
27 0.01748719255
28 0.01748719358
29 0.01748719486
30 0.01748719644
31 0.01748719839
32 0.01748720079
33 0.01748720375
34 0.01748720738
35 0.01748721184
36 0.01748721731
37 0.01748722401
38 0.01748723221
39 0.01748724224
40 0.01748725448
41 0.01748726943
42 0.01748728764
43 0.01748730982
44 0.0174873368
45 0.01748736957
46 0.01748740935
47 0.01748745759
48 0.01748751601
49 0.0174875867
50 0.01748767215
51 0.01748777531
52 0.01748789974
53 0.01748804966
54 0.01748823011
55 0.01748844707
56 0.01748870767
57 0.01748902033
58 0.01748939507
59 0.01748984375
60 0.01749038039
61 0.01749102156
62 0.01749178681
63 0.01749269918
64 0.01749378583
65 0.01749507867
66 0.01749661521
67 0.01749843946
68 0.017500603
69 0.01750316623
70 0.01750619979
71 0.01750978618
72 0.01751402166
73 0.01751901844
74 0.01752490709
75 0.01753183949
76 0.01753999199
77 0.01754956916
78 0.01756080807
79 0.01757398306
80 0.01758941127
81 0.01760745888
82 0.01762854822
83 0.01765316576
84 0.01768187124
85 0.01771530791
86 0.01775421414
87 0.01779943649
88 0.01785194435
89 0.01791284654
90 0.01798340975
91 0.01806507935
92 0.01815950262
93 0.01826855465
94 0.01839436732
95 0.01853936153
96 0.01870628301
97 0.0188982422
98 0.01911875829
99 0.01937180818
100 0.01966188042
101 0.01999403483
102 0.02037396815
103 0.0208080863
104 0.02130358367
105 0.02186853013
106 0.02251196617
107 0.02324400698
108 0.02407595587
109 0.02502042782
110 0.02609148382
111 0.02730477654
112 0.02867770814
113 0.03022960088
114 0.03198188115
115 0.03395827769
116 0.03618503455
117 0.03869113958
118 0.04150856888
119 0.04467254798
120 0.04822183009
121 0.05219899201
122 0.05665074805
123 0.06162828218
124 0.06718759883
125 0.07338989213
126 0.0803019338
127 0.08799647941
128 0.09655269259
129 0.1060565868
130 0.1166014838
131 0.128288488
132 0.1412269752
133 0.1555350952
134 0.1713402849
135 0.1887797918
136 0.2080012043
137 0.2291629869
138 0.2524350165
139 0.2779991182
140 0.3060495944
141 0.3367937463
142 0.3704523804
143 0.4072602975
144 0.4474667582
145 0.4913359193
146 0.5391472352
147 0.5911958197
148 0.6477927584
149 0.709265369
150 0.7759573989
151 0.8482291551
152 0.9264575577
153 1.01103611
154 1.102374775
155 1.200899759
156 1.307053178
157 1.421292617
158 1.544090567
159 1.675933726
160 1.817322167
161 1.968768365
162 2.13079607
163 2.303939025
164 2.488739529
165 2.685746827
166 2.895515341
167 3.118602727
168 3.355567762
169 3.606968062
170 3.873357626
171 4.155284217
172 4.453286583
173 4.767891512
174 5.099610748
175 5.448937758
176 5.816344371
177 6.2022773
178 6.607154562
179 7.031361803
180 7.475248554
181 7.939124442
182 8.42325536
183 8.927859633
184 9.453104202
185 9.999100836
186 10.56590243
187 11.15349936
188 11.76181604
189 12.39070749
190 13.03995627
191 13.70926945
192 14.39827592
193 15.10652396
194 15.83347911
195 16.57852232
196 17.34094854
197 18.11996562
198 18.91469369
199 19.7241649
200 20.54732368
201 21.38302746
202 22.23004783
203 23.08707228
204 23.95270643
205 24.82547674
206 25.70383385
207 26.58615633
208 27.47075504
209 28.35587802
210 29.23971579
211 30.12040728
212 30.99604613
213 31.86468749
214 32.7243553
215 33.57304983
216 34.40875574
217 35.2294504
218 36.03311246
219 36.81773077
220 37.58131343
221 38.32189698
222 39.03755579
223 39.72641139
224 40.3866419
225 41.01649134
226 41.61427889
227 42.17840793
228 42.70737496
229 43.19977816
230 43.65432571
231 44.06984369
232 44.44528361
233 44.77972948
234 45.07240434
235 45.32267631
236 45.53006399
237 45.69424136
238 45.81504189
239 45.89246215
240 45.92666461
241 45.91797979
242 45.86690771
243 45.77411853
244 45.6404526
245 45.46691962
246 45.25469719
247 45.00512858
248 44.7197198
249 44.40013593
250 44.04819686
251 43.66587227
252 43.25527596
253 42.81865968
254 42.35840619
255 41.87702189
256 41.37712885
257 40.86145632
258 40.33283176
259 39.79417146
260 39.2484707
261 38.6987935
262 38.1482621
263 37.60004597
264 37.05735071
265 36.52340649
266 36.00145641
267 35.49474454
268 35.00650389
269 34.53994412
270 34.09823923
271 33.68451512
272 33.3018371
273 32.95319735
274 32.64150246
275 32.3695609
276 32.14007071
277 31.95560712
278 31.8186105
279 31.73137436
280 31.69603366
281 31.71455336
282 31.78871731
283 31.92011749
284 32.11014366
285 32.35997356
286 32.67056355
287 33.0426399
288 33.47669069
289 33.97295848
290 34.5314337
291 35.15184891
292 35.83367397
293 36.57611213
294 37.37809722
295 38.23829186
296 39.1550869
297 40.12660195
298 41.15068726
299 42.22492684
300 43.34664294
301 44.51290188
302 45.72052128
303 46.9660787
304 48.24592164
305 49.55617906
306 50.89277416
307 52.25143863
308 53.62772822
309 55.01703952
310 56.41462808
311 57.81562761
312 59.21507029
313 60.60790799
314 61.98903451
315 63.3533084
316 64.69557654
317 66.0106982
318 67.29356935
319 68.53914735
320 69.74247549
321 70.8987076
322 72.00313226
323 73.05119659
324 74.03852949
325 74.960964
326 75.81455886
327 76.59561883
328 77.30071388
329 77.92669692
330 78.47072006
331 78.9302492
332 79.3030768
333 79.58733295
334 79.7814943
335 79.88439111
336 79.89521223
337 79.81350788
338 79.63919041
339 79.37253286
340 79.01416545
341 78.56506997
342 78.02657212
343 77.4003319
344 76.68833213
345 75.8928651
346 75.01651764
347 74.06215456
348 73.03290062
349 71.93212139
350 70.76340272
351 69.53052951
352 68.23746347
353 66.88832033
354 65.48734664
355 64.03889614
356 62.54740616
357 61.01737401
358 59.45333354
359 57.85983219
360 56.24140848
361 54.60257022
362 52.94777351
363 51.28140271
364 49.60775141
365 47.93100464
366 46.25522218
367 44.58432335
368 42.92207306
369 41.27206936
370 39.63773237
371 38.02229485
372 36.42879406
373 34.8600653
374 33.31873683
375 31.80722623
376 30.32773822
377 28.88226385
378 27.47258091
379 26.10025569
380 24.76664584
381 23.47290436
382 22.21998456
383 21.008646
384 19.83946116
385 18.71282299
386 17.62895298
387 16.58790982
388 15.58959859
389 14.63378019
390 13.72008116
391 12.84800361
392 12.01693538
393 11.22616004
394 10.47486709
395 9.762161824
396 9.087075202
397 8.448573382
398 7.845567028
399 7.276920267
400 6.741459303
401 6.237980609
402 5.765258712
403 5.322053518
404 4.907117171
405 4.519200434
406 4.157058583
407 3.81945681
408 3.50517514
409 3.213012861
410 2.941792483
411 2.690363228
412 2.457604082
413 2.242426403
414 2.043776124
415 1.860635565
416 1.69202487
417 1.537003099
418 1.394669001
419 1.264161482
420 1.144659802
421 1.035383522
422 0.9355922218
423 0.8445850216
424 0.7616999168
425 0.6863129602
426 0.6178373062
427 0.5557221389
428 0.4994515045
429 0.448543063
430 0.4025467792
431 0.3610435661
432 0.3236438955
433 0.2899863899
434 0.2597364056
435 0.2325846193
436 0.2082456258
437 0.186456557
438 0.1669757276
439 0.1495813147
440 0.1340700757
441 0.1202561098
442 0.1079696655
443 0.09705599712
444 0.08737427263
445 0.07879653367
446 0.07120670871
447 0.06449967954
448 0.05858040092
449 0.05336307269
450 0.04877036351
451 0.04473268497
452 0.04118751442
453 0.03807876517
454 0.03535620191
455 0.03297489959
456 0.03089474368
457 0.02907996966
458 0.0274987397
459 0.0261227543
460 0.02492689689
461 0.02388890914
462 0.02298909511
463 0.02221005206
464 0.02153642623
465 0.02095469146
466 0.02045294912
467 0.0200207476
468 0.01964891961
469 0.01932943608
470 0.01905527496
471 0.01882030378
472 0.0186191746
473 0.01844723036
474 0.01830042138
475 0.01817523118
476 0.01806861057
477 0.01797791932
478 0.01790087452
479 0.01783550498
480 0.01778011111
481 0.01773322948
482 0.01769360179
483 0.01766014766
484 0.01763194069
485 0.01760818766
486 0.01758821034
487 0.01757142956
488 0.01755735148
489 0.01754555556
490 0.01753568421
491 0.01752743373
492 0.01752054658
493 0.01751480466
494 0.01751002351
495 0.01750604732
496 0.01750274469
497 0.01750000494
498 0.01749773497
499 0.01749585656
500 0.01749430411
501 0.01749302265
502 0.01749196619
503 0.0174910963
504 0.01749038094
505 0.01748979337
506 0.01748931137
507 0.01748891647
508 0.01748859332
509 0.01748832921
510 0.01748811364
511 0.01748793788
512 0.01748779478
513 0.0174876784
514 0.01748758388
515 0.0174875072
516 0.01748744507
517 0.01748739479
518 0.01748735416
519 0.01748732136
520 0.01748729492
521 0.01748727362
522 0.0174872565
523 0.01748724274
524 0.01748723171
525 0.01748722287
526 0.01748721579
527 0.01748721014
528 0.01748720562
529 0.01748720202
530 0.01748719916
531 0.01748719688
532 0.01748719507
533 0.01748719363
534 0.01748719249
535 0.01748719159
536 0.01748719088
537 0.01748719032
538 0.01748718987
539 0.01748718952
540 0.01748718925
541 0.01748718903
542 0.01748718886
543 0.01748718873
544 0.01748718863
545 0.01748718855
546 0.01748718848
547 0.01748718843
548 0.0174871884
549 0.01748718837
550 0.01748718834
551 0.01748718832
552 0.01748718831
553 0.0174871883
554 0.01748718829
555 0.01748718828
556 0.01748718828
557 0.01748718828
558 0.01748718827
559 0.01748718827
560 0.01748718827
561 0.01748718827
562 0.01748718827
563 0.01748718827
564 0.01748718826
565 0.01748718826
566 0.01748718826
567 0.01748718826
568 0.01748718826
569 0.01748718826
570 0.01748718826
571 0.01748718826
572 0.01748718826
573 0.01748718826
574 0.01748718826
575 0.01748718826
576 0.01748718826
577 0.01748718826
578 0.01748718826
579 0.01748718826
580 0.01748718826
581 0.01748718826
582 0.01748718826
583 0.01748718826
584 0.01748718826
585 0.01748718826
586 0.01748718826
587 0.01748718826
588 0.01748718826
589 0.01748718826
590 0.01748718826
591 0.01748718826
592 0.01748718826
593 0.01748718826
594 0.01748718826
595 0.01748718826
596 0.01748718826
597 0.01748718826
598 0.01748718826
599 0.01748718826
600 0.01748718826
601 0.01748718826
602 0.01748718826
603 0.01748718826
604 0.01748718826
605 0.01748718826
606 0.01748718826
607 0.01748718826
608 0.01748718826
609 0.01748718826
610 0.01748718826
611 0.01748718826
612 0.01748718826
613 0.01748718826
614 0.01748718826
615 0.01748718826
616 0.01748718826
617 0.01748718826
618 0.01748718826
619 0.01748718826
620 0.01748718826
621 0.01748718826
622 0.01748718826
623 0.01748718826
624 0.01748718826
625 0.01748718826
626 0.01748718826
627 0.01748718826
628 0.01748718826
629 0.01748718826
630 0.01748718826
631 0.01748718826
632 0.01748718826
633 0.01748718826
634 0.01748718826
635 0.01748718826
636 0.01748718826
637 0.01748718826
638 0.01748718826
639 0.01748718826
640 0.01748718826
641 0.01748718826
642 0.01748718826
643 0.01748718826
644 0.01748718826
645 0.01748718826
646 0.01748718826
647 0.01748718826
648 0.01748718826
649 0.01748718826
650 0.01748718826
651 0.01748718826
652 0.01748718826
653 0.01748718826
654 0.01748718826
655 0.01748718826
656 0.01748718826
657 0.01748718826
658 0.01748718826
659 0.01748718826
660 0.01748718826
661 0.01748718826
662 0.01748718826
663 0.01748718826
664 0.01748718826
665 0.01748718826
666 0.01748718826
667 0.01748718826
668 0.01748718826
669 0.01748718826
670 0.01748718826
671 0.01748718826
672 0.01748718826
673 0.01748718826
674 0.01748718826
675 0.01748718826
676 0.01748718826
677 0.01748718826
678 0.01748718826
679 0.01748718826
680 0.01748718826
681 0.01748718826
682 0.01748718826
683 0.01748718826
684 0.01748718826
685 0.01748718826
686 0.01748718826
687 0.01748718826
688 0.01748718826
689 0.01748718826
690 0.01748718826
691 0.01748718826
692 0.01748718826
693 0.01748718826
694 0.01748718826
695 0.01748718826
696 0.01748718826
697 0.01748718826
698 0.01748718826
699 0.01748718826
700 0.01748718826
701 0.01748718826
702 0.01748718826
703 0.01748718826
704 0.01748718826
705 0.01748718826
706 0.01748718826
707 0.01748718826
708 0.01748718826
709 0.01748718826
710 0.01748718826
711 0.01748718826
712 0.01748718826
713 0.01748718826
714 0.01748718826
715 0.01748718826
716 0.01748718826
717 0.01748718826
718 0.01748718826
719 0.01748718826
720 0.01748718826
721 0.01748718826
722 0.01748718826
723 0.01748718826
724 0.01748718826
725 0.01748718826
726 0.01748718826
727 0.01748718826
728 0.01748718826
729 0.01748718826
730 0.01748718826
731 0.01748718826
732 0.01748718826
733 0.01748718826
734 0.01748718826
735 0.01748718826
736 0.01748718826
737 0.01748718826
738 0.01748718826
739 0.01748718826
740 0.01748718826
741 0.01748718826
742 0.01748718826
743 0.01748718826
744 0.01748718826
745 0.01748718826
746 0.01748718826
747 0.01748718826
748 0.01748718826
749 0.01748718826
750 0.01748718826
751 0.01748718826
752 0.01748718826
753 0.01748718826
754 0.01748718826
755 0.01748718826
756 0.01748718826
757 0.01748718826
758 0.01748718826
759 0.01748718826
760 0.01748718826
761 0.01748718826
762 0.01748718826
763 0.01748718826
764 0.01748718826
765 0.01748718826
766 0.01748718826
767 0.01748718826
768 0.01748718826
769 0.01748718826
770 0.01748718826
771 0.01748718826
772 0.01748718826
773 0.01748718826
774 0.01748718826
775 0.01748718826
776 0.01748718826
777 0.01748718826
778 0.01748718826
779 0.01748718826
780 0.01748718826
781 0.01748718826
782 0.01748718826
783 0.01748718826
784 0.01748718826
785 0.01748718826
786 0.01748718826
787 0.01748718826
788 0.01748718826
789 0.01748718826
790 0.01748718826
791 0.01748718826
792 0.01748718826
793 0.01748718826
794 0.01748718826
795 0.01748718826
796 0.01748718826
797 0.01748718826
798 0.01748718826
799 0.01748718826
800 0.01748718826
801 0.01748718826
802 0.01748718826
803 0.01748718826
804 0.01748718826
805 0.01748718826
806 0.01748718826
807 0.01748718826
808 0.01748718826
809 0.01748718826
810 0.01748718826
811 0.01748718826
812 0.01748718826
813 0.01748718826
814 0.01748718826
815 0.01748718826
816 0.01748718826
817 0.01748718826
818 0.01748718826
819 0.01748718826
820 0.01748718826
821 0.01748718826
822 0.01748718826
823 0.01748718826
824 0.01748718826
825 0.01748718826
826 0.01748718826
827 0.01748718826
828 0.01748718826
829 0.01748718826
830 0.01748718826
831 0.01748718826
832 0.01748718826
833 0.01748718826
834 0.01748718826
835 0.01748718826
836 0.01748718826
837 0.01748718826
838 0.01748718826
839 0.01748718826
840 0.01748718826
841 0.01748718826
842 0.01748718826
843 0.01748718826
844 0.01748718826
845 0.01748718826
846 0.01748718826
847 0.01748718826
848 0.01748718826
849 0.01748718826
850 0.01748718826
851 0.01748718826
852 0.01748718826
853 0.01748718826
854 0.01748718826
855 0.01748718826
856 0.01748718826
857 0.01748718826
858 0.01748718826
859 0.01748718826
860 0.01748718826
861 0.01748718826
862 0.01748718826
863 0.01748718826
864 0.01748718826
865 0.01748718826
866 0.01748718826
867 0.01748718826
868 0.01748718826
869 0.01748718826
870 0.01748718826
871 0.01748718826
872 0.01748718826
873 0.01748718826
874 0.01748718826
875 0.01748718826
876 0.01748718826
877 0.01748718826
878 0.01748718826
879 0.01748718826
880 0.01748718826
881 0.01748718826
882 0.01748718826
883 0.01748718826
884 0.01748718826
885 0.01748718826
886 0.01748718826
887 0.01748718826
888 0.01748718826
889 0.01748718826
890 0.01748718826
891 0.01748718826
892 0.01748718826
893 0.01748718826
894 0.01748718826
895 0.01748718826
896 0.01748718826
897 0.01748718826
898 0.01748718826
899 0.01748718826
900 0.01748718826
901 0.01748718826
902 0.01748718826
903 0.01748718826
904 0.01748718826
905 0.01748718826
906 0.01748718826
907 0.01748718826
908 0.01748718826
909 0.01748718826
910 0.01748718826
911 0.01748718826
912 0.01748718826
913 0.01748718826
914 0.01748718826
915 0.01748718826
916 0.01748718826
917 0.01748718826
918 0.01748718826
919 0.01748718826
920 0.01748718826
921 0.01748718826
922 0.01748718826
923 0.01748718826
924 0.01748718826
925 0.01748718826
926 0.01748718826
927 0.01748718826
928 0.01748718826
929 0.01748718826
930 0.01748718826
931 0.01748718826
932 0.01748718826
933 0.01748718826
934 0.01748718826
935 0.01748718826
936 0.01748718826
937 0.01748718826
938 0.01748718826
939 0.01748718826
940 0.01748718826
941 0.01748718826
942 0.01748718826
943 0.01748718826
944 0.01748718826
945 0.01748718826
946 0.01748718826
947 0.01748718826
948 0.01748718826
949 0.01748718826
950 0.01748718826
951 0.01748718826
952 0.01748718826
953 0.01748718826
954 0.01748718826
955 0.01748718826
956 0.01748718826
957 0.01748718826
958 0.01748718826
959 0.01748718826
960 0.01748718826
961 0.01748718826
962 0.01748718826
963 0.01748718826
964 0.01748718826
965 0.01748718826
966 0.01748718826
967 0.01748718826
968 0.01748718826
969 0.01748718826
970 0.01748718826
971 0.01748718826
972 0.01748718826
973 0.01748718826
974 0.01748718826
975 0.01748718826
976 0.01748718826
977 0.01748718826
978 0.01748718826
979 0.01748718826
980 0.01748718826
981 0.01748718826
982 0.01748718826
983 0.01748718826
984 0.01748718826
985 0.01748718826
986 0.01748718826
987 0.01748718826
988 0.01748718826
989 0.01748718826
990 0.01748718826
991 0.01748718826
992 0.01748718826
993 0.01748718826
994 0.01748718826
995 0.01748718826
996 0.01748718826
997 0.01748718826
998 0.01748718826
999 0.01748718826
1000 0.01748718826
1001 0.01748718826
1002 0.01748718826
1003 0.01748718826
1004 0.01748718826
1005 0.01748718826
1006 0.01748718826
1007 0.01748718826
1008 0.01748718826
1009 0.01748718826
1010 0.01748718826
1011 0.01748718826
1012 0.01748718826
1013 0.01748718826
1014 0.01748718826
1015 0.01748718826
1016 0.01748718826
1017 0.01748718826
1018 0.01748718826
1019 0.01748718827
1020 0.01748718827
1021 0.01748718827
1022 0.01748718827
1023 0.01748718827
