#53891 2910.0005411773763082 0.0045701192876786804475 1 1325 16.000049430220818044 1024 7 1 J1713+0747 0.0000000 
0 0.178279783
1 0.178279783
2 0.178279783
3 0.178279783
4 0.178279783
5 0.178279783
6 0.178279783
7 0.178279783
8 0.178279783
9 0.178279783
10 0.178279783
11 0.178279783
12 0.178279783
13 0.178279783
14 0.178279783
15 0.178279783
16 0.178279783
17 0.178279783
18 0.178279783
19 0.178279783
20 0.178279783
21 0.178279783
22 0.178279783
23 0.178279783
24 0.178279783
25 0.178279783
26 0.178279783
27 0.178279783
28 0.178279783
29 0.178279783
30 0.178279783
31 0.178279783
32 0.178279783
33 0.178279783
34 0.178279783
35 0.178279783
36 0.178279783
37 0.178279783
38 0.178279783
39 0.178279783
40 0.178279783
41 0.178279783
42 0.178279783
43 0.178279783
44 0.178279783
45 0.178279783
46 0.178279783
47 0.178279783
48 0.178279783
49 0.178279783
50 0.178279783
51 0.178279783
52 0.178279783
53 0.178279783
54 0.178279783
55 0.178279783
56 0.178279783
57 0.178279783
58 0.178279783
59 0.1782797831
60 0.1782797831
61 0.1782797831
62 0.1782797831
63 0.1782797831
64 0.1782797832
65 0.1782797832
66 0.1782797833
67 0.1782797833
68 0.1782797834
69 0.1782797835
70 0.1782797837
71 0.1782797838
72 0.178279784
73 0.1782797843
74 0.1782797846
75 0.178279785
76 0.1782797855
77 0.1782797861
78 0.1782797868
79 0.1782797877
80 0.1782797889
81 0.1782797903
82 0.178279792
83 0.1782797942
84 0.1782797968
85 0.1782798001
86 0.1782798041
87 0.178279809
88 0.178279815
89 0.1782798224
90 0.1782798314
91 0.1782798424
92 0.1782798558
93 0.1782798722
94 0.1782798922
95 0.1782799165
96 0.1782799461
97 0.178279982
98 0.1782800256
99 0.1782800785
100 0.1782801424
101 0.1782802198
102 0.1782803133
103 0.1782804262
104 0.1782805622
105 0.1782807261
106 0.1782809233
107 0.1782811602
108 0.1782814448
109 0.1782817861
110 0.178282195
111 0.1782826844
112 0.1782832695
113 0.1782839684
114 0.1782848023
115 0.1782857961
116 0.1782869793
117 0.1782883866
118 0.1782900585
119 0.1782920428
120 0.1782943953
121 0.1782971815
122 0.1783004778
123 0.1783043734
124 0.1783089724
125 0.1783143962
126 0.1783207858
127 0.1783283054
128 0.1783371452
129 0.1783475263
130 0.1783597042
131 0.178373975
132 0.1783906806
133 0.1784102155
134 0.1784330348
135 0.1784596624
136 0.1784907008
137 0.1785268421
138 0.1785688807
139 0.1786177266
140 0.1786744218
141 0.1787401575
142 0.1788162941
143 0.1789043832
144 0.1790061924
145 0.1791237331
146 0.1792592912
147 0.1794154612
148 0.1795951849
149 0.1798017933
150 0.1800390537
151 0.1803112217
152 0.1806230982
153 0.1809800932
154 0.181388295
155 0.1818545472
156 0.1823865324
157 0.1829928646
158 0.1836831898
159 0.1844682962
160 0.1853602343
161 0.186372447
162 0.1875199119
163 0.188819295
164 0.1902891172
165 0.1919499339
166 0.1938245294
167 0.1959381252
168 0.1983186041
169 0.2009967507
170 0.2040065081
171 0.2073852521
172 0.2111740835
173 0.2154181377
174 0.2201669142
175 0.2254746241
176 0.2314005567
177 0.2380094658
178 0.2453719746
179 0.2535649991
180 0.2626721906
181 0.2727843956
182 0.284000132
183 0.2964260825
184 0.3101776013
185 0.3253792345
186 0.3421652519
187 0.3606801869
188 0.3810793841
189 0.40352955
190 0.4282093045
191 0.4553097294
192 0.485034911
193 0.5176024708
194 0.5532440809
195 0.5922059595
196 0.6347493398
197 0.6811509075
198 0.7317032007
199 0.7867149655
200 0.8465114604
201 0.9114347033
202 0.9818436521
203 1.058114314
204 1.140639771
205 1.229830121
206 1.326112318
207 1.429929911
208 1.541742667
209 1.662026075
210 1.791270723
211 1.929981535
212 2.07867687
213 2.237887467
214 2.408155236
215 2.590031888
216 2.784077401
217 2.990858308
218 3.210945824
219 3.444913786
220 3.693336427
221 3.95678597
222 4.235830048
223 4.531028956
224 4.842932737
225 5.172078111
226 5.518985245
227 5.884154393
228 6.268062396
229 6.671159072
230 7.093863498
231 7.536560214
232 7.999595352
233 8.483272726
234 8.987849892
235 9.51353421
236 10.06047892
237 10.62877931
238 11.21846885
239 11.82951562
240 12.46181866
241 13.11520465
242 13.78942471
243 14.48415144
244 15.1989762
245 15.93340676
246 16.68686513
247 17.45868589
248 18.24811479
249 19.05430777
250 19.87633051
251 20.71315825
252 21.56367627
253 22.42668077
254 23.30088023
255 24.18489741
256 25.07727175
257 25.97646243
258 26.88085187
259 27.78874989
260 28.69839827
261 29.60797598
262 30.51560483
263 31.4193557
264 32.31725517
265 33.20729268
266 34.08742812
267 34.95559977
268 35.80973263
269 36.64774711
270 37.46756795
271 38.26713341
272 39.04440467
273 39.79737533
274 40.52408103
275 41.22260912
276 41.89110827
277 42.52779807
278 43.13097845
279 43.69903898
280 44.23046785
281 44.72386068
282 45.17792884
283 45.59150754
284 45.96356338
285 46.29320139
286 46.57967169
287 46.82237538
288 47.02087001
289 47.17487429
290 47.2842722
291 47.34911638
292 47.36963082
293 47.3462128
294 47.27943416
295 47.17004171
296 47.01895698
297 46.82727518
298 46.59626343
299 46.32735821
300 46.02216211
301 45.68243985
302 45.31011366
303 44.90725787
304 44.47609291
305 44.01897872
306 43.53840747
307 43.03699574
308 42.5174762
309 41.98268867
310 41.43557079
311 40.87914819
312 40.31652426
313 39.7508695
314 39.18541055
315 38.62341886
316 38.06819909
317 37.52307725
318 36.99138856
319 36.47646519
320 35.98162375
321 35.51015269
322 35.06529957
323 34.65025826
324 34.2681561
325 33.922041
326 33.61486862
327 33.3494896
328 33.12863679
329 32.95491272
330 32.83077718
331 32.75853502
332 32.74032415
333 32.77810394
334 32.87364389
335 33.02851272
336 33.24406787
337 33.52144563
338 33.86155167
339 34.26505235
340 34.73236659
341 35.26365863
342 35.85883148
343 36.51752134
344 37.23909294
345 38.02263589
346 38.86696214
347 39.77060453
348 40.73181658
349 41.74857354
350 42.81857466
351 43.93924693
352 45.10775008
353 46.32098309
354 47.57559209
355 48.86797967
356 50.19431574
357 51.55054973
358 52.93242431
359 54.33549042
360 55.75512372
361 57.18654232
362 58.62482575
363 60.06493509
364 61.50173418
365 62.9300118
366 64.34450471
367 65.73992141
368 67.11096652
369 68.45236566
370 69.75889055
371 71.02538436
372 72.24678701
373 73.41816028
374 74.53471265
375 75.59182354
376 76.5850669
377 77.510234
378 78.36335512
379 79.14072014
380 79.83889769
381 80.45475301
382 80.98546399
383 81.42853563
384 81.78181258
385 82.0434898
386 82.21212112
387 82.28662574
388 82.26629268
389 82.15078286
390 81.94012922
391 81.63473448
392 81.23536682
393 80.74315342
394 80.15957192
395 79.48643989
396 78.72590234
397 77.88041753
398 76.95274099
399 75.945908
400 74.86321466
401 73.70819775
402 72.48461332
403 71.19641456
404 69.8477287
405 68.44283344
406 66.98613289
407 65.48213339
408 63.93541907
409 62.35062775
410 60.73242695
411 59.08549039
412 57.41447517
413 55.72399954
414 54.01862169
415 52.30281946
416 50.58097121
417 48.85733786
418 47.13604629
419 45.42107407
420 43.71623567
421 42.02517009
422 40.35133008
423 38.69797286
424 37.06815233
425 35.46471289
426 33.89028473
427 32.3472806
428 30.83789401
429 29.36409883
430 27.9276502
431 26.5300867
432 25.17273369
433 23.85670775
434 22.5829221
435 21.35209303
436 20.164747
437 19.02122859
438 17.92170907
439 16.86619544
440 15.85453994
441 14.88644996
442 13.96149815
443 13.07913268
444 12.23868769
445 11.43939361
446 10.68038755
447 9.960723463
448 9.279382142
449 8.635280991
450 8.027283454
451 7.454208118
452 6.914837419
453 6.407925938
454 5.932208241
455 5.486406252
456 5.069236144
457 4.679414732
458 4.315665365
459 3.976723314
460 3.661340658
461 3.368290676
462 3.096371757
463 2.844410839
464 2.611266383
465 2.395830928
466 2.197033207
467 2.013839888
468 1.845256925
469 1.690330574
470 1.548148078
471 1.417838053
472 1.298570606
473 1.189557195
474 1.090050273
475 0.9993427286
476 0.916767149
477 0.8416949282
478 0.7735352444
479 0.7117339231
480 0.6557722069
481 0.605165451
482 0.5594617588
483 0.5182405751
484 0.4811112504
485 0.4477115891
486 0.4177063928
487 0.3907860108
488 0.3666649048
489 0.3450802378
490 0.3257904927
491 0.3085741278
492 0.2932282733
493 0.2795674734
494 0.2674224774
495 0.2566390809
496 0.2470770216
497 0.2386089277
498 0.2311193221
499 0.2245036808
500 0.218667546
501 0.2135256927
502 0.2090013484
503 0.2050254632
504 0.2015360308
505 0.1984774559
506 0.195799969
507 0.1934590843
508 0.1914150995
509 0.1896326354
510 0.1880802131
511 0.1867298658
512 0.1855567849
513 0.1845389956
514 0.1836570624
515 0.1828938213
516 0.1822341364
517 0.18166468
518 0.1811737336
519 0.1807510091
520 0.1803874865
521 0.18007527
522 0.179807457
523 0.1795780224
524 0.1793817145
525 0.179213962
526 0.1790707918
527 0.1789487553
528 0.178844864
529 0.1787565311
530 0.178681521
531 0.1786179043
532 0.1785640182
533 0.1785184316
534 0.1784799146
535 0.1784474116
536 0.1784200179
537 0.1783969593
538 0.1783775741
539 0.1783612974
540 0.1783476479
541 0.1783362158
542 0.1783266529
543 0.1783186635
544 0.1783119971
545 0.1783064415
546 0.1783018173
547 0.1782979733
548 0.1782947818
549 0.1782921353
550 0.1782899435
551 0.1782881306
552 0.1782866328
553 0.178285397
554 0.1782843786
555 0.1782835404
556 0.1782828514
557 0.1782822857
558 0.1782818218
559 0.178281442
560 0.1782811312
561 0.1782808774
562 0.1782806702
563 0.1782805014
564 0.1782803641
565 0.1782802524
566 0.1782801617
567 0.1782800882
568 0.1782800286
569 0.1782799805
570 0.1782799416
571 0.1782799102
572 0.1782798849
573 0.1782798645
574 0.1782798481
575 0.178279835
576 0.1782798244
577 0.178279816
578 0.1782798092
579 0.1782798038
580 0.1782797995
581 0.1782797961
582 0.1782797934
583 0.1782797912
584 0.1782797895
585 0.1782797881
586 0.178279787
587 0.1782797862
588 0.1782797855
589 0.178279785
590 0.1782797845
591 0.1782797842
592 0.1782797839
593 0.1782797837
594 0.1782797836
595 0.1782797835
596 0.1782797834
597 0.1782797833
598 0.1782797832
599 0.1782797832
600 0.1782797831
601 0.1782797831
602 0.1782797831
603 0.1782797831
604 0.1782797831
605 0.178279783
606 0.178279783
607 0.178279783
608 0.178279783
609 0.178279783
610 0.178279783
611 0.178279783
612 0.178279783
613 0.178279783
614 0.178279783
615 0.178279783
616 0.178279783
617 0.178279783
618 0.178279783
619 0.178279783
620 0.178279783
621 0.178279783
622 0.178279783
623 0.178279783
624 0.178279783
625 0.178279783
626 0.178279783
627 0.178279783
628 0.178279783
629 0.178279783
630 0.178279783
631 0.178279783
632 0.178279783
633 0.178279783
634 0.178279783
635 0.178279783
636 0.178279783
637 0.178279783
638 0.178279783
639 0.178279783
640 0.178279783
641 0.178279783
642 0.178279783
643 0.178279783
644 0.178279783
645 0.178279783
646 0.178279783
647 0.178279783
648 0.178279783
649 0.178279783
650 0.178279783
651 0.178279783
652 0.178279783
653 0.178279783
654 0.178279783
655 0.178279783
656 0.178279783
657 0.178279783
658 0.178279783
659 0.178279783
660 0.178279783
661 0.178279783
662 0.178279783
663 0.178279783
664 0.178279783
665 0.178279783
666 0.178279783
667 0.178279783
668 0.178279783
669 0.178279783
670 0.178279783
671 0.178279783
672 0.178279783
673 0.178279783
674 0.178279783
675 0.178279783
676 0.178279783
677 0.178279783
678 0.178279783
679 0.178279783
680 0.178279783
681 0.178279783
682 0.178279783
683 0.178279783
684 0.178279783
685 0.178279783
686 0.178279783
687 0.178279783
688 0.178279783
689 0.178279783
690 0.178279783
691 0.178279783
692 0.178279783
693 0.178279783
694 0.178279783
695 0.178279783
696 0.178279783
697 0.178279783
698 0.178279783
699 0.178279783
700 0.178279783
701 0.178279783
702 0.178279783
703 0.178279783
704 0.178279783
705 0.178279783
706 0.178279783
707 0.178279783
708 0.178279783
709 0.178279783
710 0.178279783
711 0.178279783
712 0.178279783
713 0.178279783
714 0.178279783
715 0.178279783
716 0.178279783
717 0.178279783
718 0.178279783
719 0.178279783
720 0.178279783
721 0.178279783
722 0.178279783
723 0.178279783
724 0.178279783
725 0.178279783
726 0.178279783
727 0.178279783
728 0.178279783
729 0.178279783
730 0.178279783
731 0.178279783
732 0.178279783
733 0.178279783
734 0.178279783
735 0.178279783
736 0.178279783
737 0.178279783
738 0.178279783
739 0.178279783
740 0.178279783
741 0.178279783
742 0.178279783
743 0.178279783
744 0.178279783
745 0.178279783
746 0.178279783
747 0.178279783
748 0.178279783
749 0.178279783
750 0.178279783
751 0.178279783
752 0.178279783
753 0.178279783
754 0.178279783
755 0.178279783
756 0.178279783
757 0.178279783
758 0.178279783
759 0.178279783
760 0.178279783
761 0.178279783
762 0.178279783
763 0.178279783
764 0.178279783
765 0.178279783
766 0.178279783
767 0.178279783
768 0.178279783
769 0.178279783
770 0.178279783
771 0.178279783
772 0.178279783
773 0.178279783
774 0.178279783
775 0.178279783
776 0.178279783
777 0.178279783
778 0.178279783
779 0.178279783
780 0.178279783
781 0.178279783
782 0.178279783
783 0.178279783
784 0.178279783
785 0.178279783
786 0.178279783
787 0.178279783
788 0.178279783
789 0.178279783
790 0.178279783
791 0.178279783
792 0.178279783
793 0.178279783
794 0.178279783
795 0.178279783
796 0.178279783
797 0.178279783
798 0.178279783
799 0.178279783
800 0.178279783
801 0.178279783
802 0.178279783
803 0.178279783
804 0.178279783
805 0.178279783
806 0.178279783
807 0.178279783
808 0.178279783
809 0.178279783
810 0.178279783
811 0.178279783
812 0.178279783
813 0.178279783
814 0.178279783
815 0.178279783
816 0.178279783
817 0.178279783
818 0.178279783
819 0.178279783
820 0.178279783
821 0.178279783
822 0.178279783
823 0.178279783
824 0.178279783
825 0.178279783
826 0.178279783
827 0.178279783
828 0.178279783
829 0.178279783
830 0.178279783
831 0.178279783
832 0.178279783
833 0.178279783
834 0.178279783
835 0.178279783
836 0.178279783
837 0.178279783
838 0.178279783
839 0.178279783
840 0.178279783
841 0.178279783
842 0.178279783
843 0.178279783
844 0.178279783
845 0.178279783
846 0.178279783
847 0.178279783
848 0.178279783
849 0.178279783
850 0.178279783
851 0.178279783
852 0.178279783
853 0.178279783
854 0.178279783
855 0.178279783
856 0.178279783
857 0.178279783
858 0.178279783
859 0.178279783
860 0.178279783
861 0.178279783
862 0.178279783
863 0.178279783
864 0.178279783
865 0.178279783
866 0.178279783
867 0.178279783
868 0.178279783
869 0.178279783
870 0.178279783
871 0.178279783
872 0.178279783
873 0.178279783
874 0.178279783
875 0.178279783
876 0.178279783
877 0.178279783
878 0.178279783
879 0.178279783
880 0.178279783
881 0.178279783
882 0.178279783
883 0.178279783
884 0.178279783
885 0.178279783
886 0.178279783
887 0.178279783
888 0.178279783
889 0.178279783
890 0.178279783
891 0.178279783
892 0.178279783
893 0.178279783
894 0.178279783
895 0.178279783
896 0.178279783
897 0.178279783
898 0.178279783
899 0.178279783
900 0.178279783
901 0.178279783
902 0.178279783
903 0.178279783
904 0.178279783
905 0.178279783
906 0.178279783
907 0.178279783
908 0.178279783
909 0.178279783
910 0.178279783
911 0.178279783
912 0.178279783
913 0.178279783
914 0.178279783
915 0.178279783
916 0.178279783
917 0.178279783
918 0.178279783
919 0.178279783
920 0.178279783
921 0.178279783
922 0.178279783
923 0.178279783
924 0.178279783
925 0.178279783
926 0.178279783
927 0.178279783
928 0.178279783
929 0.178279783
930 0.178279783
931 0.178279783
932 0.178279783
933 0.178279783
934 0.178279783
935 0.178279783
936 0.178279783
937 0.178279783
938 0.178279783
939 0.178279783
940 0.178279783
941 0.178279783
942 0.178279783
943 0.178279783
944 0.178279783
945 0.178279783
946 0.178279783
947 0.178279783
948 0.178279783
949 0.178279783
950 0.178279783
951 0.178279783
952 0.178279783
953 0.178279783
954 0.178279783
955 0.178279783
956 0.178279783
957 0.178279783
958 0.178279783
959 0.178279783
960 0.178279783
961 0.178279783
962 0.178279783
963 0.178279783
964 0.178279783
965 0.178279783
966 0.178279783
967 0.178279783
968 0.178279783
969 0.178279783
970 0.178279783
971 0.178279783
972 0.178279783
973 0.178279783
974 0.178279783
975 0.178279783
976 0.178279783
977 0.178279783
978 0.178279783
979 0.178279783
980 0.178279783
981 0.178279783
982 0.178279783
983 0.178279783
984 0.178279783
985 0.178279783
986 0.178279783
987 0.178279783
988 0.178279783
989 0.178279783
990 0.178279783
991 0.178279783
992 0.178279783
993 0.178279783
994 0.178279783
995 0.178279783
996 0.178279783
997 0.178279783
998 0.178279783
999 0.178279783
1000 0.178279783
1001 0.178279783
1002 0.178279783
1003 0.178279783
1004 0.178279783
1005 0.178279783
1006 0.178279783
1007 0.178279783
1008 0.178279783
1009 0.178279783
1010 0.178279783
1011 0.178279783
1012 0.178279783
1013 0.178279783
1014 0.178279783
1015 0.178279783
1016 0.178279783
1017 0.178279783
1018 0.178279783
1019 0.178279783
1020 0.178279783
1021 0.178279783
1022 0.178279783
1023 0.178279783
