#53934 2909.9978978969093055 0.0045703750888754250334 1 1477 16.000049430220818044 1024 7 1 J1713+0747 0.0000000 
0 -0.1468608401
1 -0.1468607746
2 -0.1468606955
3 -0.1468605999
4 -0.1468604847
5 -0.1468603458
6 -0.1468601787
7 -0.1468599778
8 -0.1468597365
9 -0.1468594469
10 -0.1468590999
11 -0.1468586844
12 -0.1468581875
13 -0.1468575938
14 -0.1468568853
15 -0.1468560405
16 -0.1468550344
17 -0.1468538375
18 -0.1468524149
19 -0.1468507261
20 -0.1468487232
21 -0.1468463504
22 -0.1468435422
23 -0.1468402224
24 -0.1468363019
25 -0.1468316769
26 -0.1468262265
27 -0.1468198102
28 -0.1468122649
29 -0.1468034014
30 -0.1467930002
31 -0.1467808076
32 -0.1467665303
33 -0.1467498294
34 -0.1467303145
35 -0.1467075354
36 -0.1466809745
37 -0.1466500368
38 -0.1466140395
39 -0.1465721996
40 -0.1465236206
41 -0.1464672772
42 -0.1464019979
43 -0.1463264462
44 -0.146239099
45 -0.1461382224
46 -0.1460218453
47 -0.1458877294
48 -0.1457333362
49 -0.14555579
50 -0.1453518374
51 -0.1451178021
52 -0.1448495346
53 -0.144542358
54 -0.1441910063
55 -0.1437895586
56 -0.1433313653
57 -0.1428089678
58 -0.1422140109
59 -0.1415371462
60 -0.1407679281
61 -0.1398946989
62 -0.1389044651
63 -0.1377827633
64 -0.1365135136
65 -0.135078863
66 -0.1334590149
67 -0.1316320464
68 -0.1295737114
69 -0.1272572304
70 -0.124653064
71 -0.1217286724
72 -0.1184482585
73 -0.1147724948
74 -0.1106582339
75 -0.1060582017
76 -0.1009206739
77 -0.09518913581
78 -0.08880192367
79 -0.08169185069
80 -0.07378581542
81 -0.06500439446
82 -0.05526141968
83 -0.04446354083
84 -0.03250977485
85 -0.01929104292
86 -0.004689697024
87 0.01142096219
88 0.02917717419
89 0.04872521146
90 0.07022187398
91 0.09383498203
92 0.1197438642
93 0.1481398365
94 0.1792266697
95 0.213221038
96 0.2503529481
97 0.2908661396
98 0.3350184545
99 0.3830821685
100 0.4353442782
101 0.4921067386
102 0.5536866439
103 0.620416345
104 0.6926434967
105 0.7707310274
106 0.8550570246
107 0.9460145287
108 1.044011228
109 1.149469046
110 1.262823619
111 1.384523651
112 1.515030144
113 1.654815493
114 1.80436245
115 1.964162934
116 2.134716703
117 2.316529873
118 2.510113274
119 2.715980664
120 2.934646773
121 3.166625198
122 3.412426137
123 3.672553969
124 3.947504694
125 4.237763213
126 4.543800483
127 4.866070538
128 5.205007385
129 5.561021805
130 5.934498042
131 6.325790422
132 6.735219906
133 7.163070591
134 7.609586183
135 8.07496647
136 8.559363801
137 9.062879605
138 9.585560974
139 10.12739733
140 10.6883172
141 11.26818516
142 11.86679891
143 12.48388653
144 13.11910405
145 13.77203317
146 14.44217929
147 15.12896989
148 15.83175315
149 16.54979703
150 17.28228865
151 18.0283341
152 18.78695867
153 19.55710752
154 20.33764681
155 21.12736525
156 21.9249762
157 22.72912022
158 23.53836807
159 24.35122427
160 25.16613108
161 25.981473
162 26.79558174
163 27.60674163
164 28.41319545
165 29.21315074
166 30.00478644
167 30.78625994
168 31.55571446
169 32.31128671
170 33.05111485
171 33.77334665
172 34.47614785
173 35.15771068
174 35.81626243
175 36.45007409
176 37.05746905
177 37.63683163
178 38.18661566
179 38.70535274
180 39.19166052
181 39.64425051
182 40.06193578
183 40.44363822
184 40.78839545
185 41.09536733
186 41.36384197
187 41.59324124
188 41.78312583
189 41.93319961
190 42.04331354
191 42.11346887
192 42.14381973
193 42.13467514
194 42.08650023
195 41.99991695
196 41.87570393
197 41.71479582
198 41.51828188
199 41.28740388
200 41.02355345
201 40.72826863
202 40.40322995
203 40.05025575
204 39.67129702
205 39.26843159
206 38.84385784
207 38.3998878
208 37.93893985
209 37.46353084
210 36.97626787
211 36.47983961
212 35.9770072
213 35.47059485
214 34.96348008
215 34.45858367
216 33.95885931
217 33.46728308
218 32.98684261
219 32.52052612
220 32.0713113
221 31.64215402
222 31.23597696
223 30.85565815
224 30.50401948
225 30.18381513
226 29.89772012
227 29.64831873
228 29.43809318
229 29.26941227
230 29.1445202
231 29.0655256
232 29.03439072
233 29.05292093
234 29.12275445
235 29.24535247
236 29.42198965
237 29.65374508
238 29.94149366
239 30.28589812
240 30.68740158
241 31.14622081
242 31.66234013
243 32.23550621
244 32.86522357
245 33.55075108
246 34.29109936
247 35.08502917
248 35.93105089
249 36.8274251
250 37.77216433
251 38.76303593
252 39.7975663
253 40.87304622
254 41.98653761
255 43.13488149
256 44.31470727
257 45.52244333
258 46.75432891
259 48.00642723
260 49.27463985
261 50.55472222
262 51.84230035
263 53.13288854
264 54.42190811
265 55.70470703
266 56.97658033
267 58.23279123
268 59.46859283
269 60.67925027
270 61.86006319
271 63.0063884
272 64.11366258
273 65.17742485
274 66.19333912
275 67.15721597
276 68.06503404
277 68.91296063
278 69.69737146
279 70.41486946
280 71.06230234
281 71.6367789
282 72.13568398
283 72.55669181
284 72.89777782
285 73.15722866
286 73.33365046
287 73.42597527
288 73.43346553
289 73.35571663
290 73.19265754
291 72.94454942
292 72.61198231
293 72.19586995
294 71.69744264
295 71.11823836
296 70.4600921
297 69.72512358
298 68.91572339
299 68.03453772
300 67.08445177
301 66.06857196
302 64.99020713
303 63.85284886
304 62.660151
305 61.41590868
306 60.12403688
307 58.78854872
308 57.41353367
309 56.0031358
310 54.56153227
311 53.09291209
312 51.6014555
313 50.09131385
314 48.56659032
315 47.03132148
316 45.48945981
317 43.94485726
318 42.40125006
319 40.86224459
320 39.33130469
321 37.81174014
322 36.30669657
323 34.81914676
324 33.35188322
325 31.90751227
326 30.48844936
327 29.09691584
328 27.73493691
329 26.40434092
330 25.10675985
331 23.84363088
332 22.61619909
333 21.42552116
334 20.27247
335 19.15774017
336 18.08185411
337 17.04516909
338 16.04788464
339 15.09005062
340 14.17157557
341 13.29223552
342 12.45168296
343 11.64945607
344 10.884988
345 10.15761616
346 9.466591521
347 8.811087803
348 8.190210482
349 7.603005601
350 7.048468329
351 6.525551201
352 6.033172043
353 5.570221509
354 5.135570241
355 4.728075598
356 4.346587971
357 3.98995664
358 3.657035196
359 3.346686501
360 3.057787207
361 2.789231822
362 2.539936345
363 2.308841471
364 2.094915386
365 1.897156161
366 1.714593773
367 1.546291756
368 1.391348525
369 1.248898366
370 1.118112142
371 0.998197715
372 0.8884001247
373 0.788001528
374 0.6963209378
375 0.6127137731
376 0.5365712447
377 0.4673195967
378 0.4044192228
379 0.3473636766
380 0.2956785928
381 0.2489205361
382 0.2066757937
383 0.1685591245
384 0.1342124789
385 0.1033037005
386 0.07552522208
387 0.05059276247
388 0.02824403637
389 0.00823748214
390 -0.009648984646
391 -0.02561918669
392 -0.03985986461
393 -0.05254181694
394 -0.06382099725
395 -0.07383956601
396 -0.08272689541
397 -0.09060052593
398 -0.09756707391
399 -0.1037230901
400 -0.1091558693
401 -0.1139442111
402 -0.1181591344
403 -0.1218645441
404 -0.1251178537
405 -0.1279705646
406 -0.1304688028
407 -0.1326538168
408 -0.1345624366
409 -0.1362274968
410 -0.1376782258
411 -0.1389406025
412 -0.1400376828
413 -0.1409898981
414 -0.1418153269
415 -0.1425299422
416 -0.1431478354
417 -0.1436814206
418 -0.1441416172
419 -0.1445380166
420 -0.144879031
421 -0.145172028
422 -0.1454234507
423 -0.1456389259
424 -0.1458233603
425 -0.1459810264
426 -0.1461156396
427 -0.1462304257
428 -0.1463281818
429 -0.14641133
430 -0.1464819641
431 -0.1465418922
432 -0.1465926732
433 -0.1466356492
434 -0.1466719743
435 -0.1467026392
436 -0.1467284935
437 -0.1467502645
438 -0.1467685742
439 -0.1467839537
440 -0.1467968556
441 -0.1468076657
442 -0.1468167117
443 -0.1468242721
444 -0.146830583
445 -0.1468358443
446 -0.146840225
447 -0.1468438681
448 -0.146846894
449 -0.146849404
450 -0.1468514836
451 -0.1468532044
452 -0.1468546265
453 -0.1468558004
454 -0.1468567681
455 -0.1468575648
456 -0.1468582201
457 -0.1468587582
458 -0.1468591997
459 -0.1468595613
460 -0.1468598573
461 -0.1468600991
462 -0.1468602965
463 -0.1468604575
464 -0.1468605885
465 -0.1468606951
466 -0.1468607816
467 -0.1468608518
468 -0.1468609087
469 -0.1468609547
470 -0.1468609919
471 -0.1468610219
472 -0.1468610462
473 -0.1468610656
474 -0.1468610813
475 -0.1468610939
476 -0.146861104
477 -0.1468611121
478 -0.1468611186
479 -0.1468611237
480 -0.1468611279
481 -0.1468611312
482 -0.1468611338
483 -0.1468611359
484 -0.1468611375
485 -0.1468611389
486 -0.1468611399
487 -0.1468611407
488 -0.1468611414
489 -0.1468611419
490 -0.1468611423
491 -0.1468611426
492 -0.1468611429
493 -0.1468611431
494 -0.1468611432
495 -0.1468611433
496 -0.1468611434
497 -0.1468611435
498 -0.1468611436
499 -0.1468611436
500 -0.1468611436
501 -0.1468611437
502 -0.1468611437
503 -0.1468611437
504 -0.1468611437
505 -0.1468611437
506 -0.1468611437
507 -0.1468611437
508 -0.1468611437
509 -0.1468611438
510 -0.1468611438
511 -0.1468611438
512 -0.1468611438
513 -0.1468611438
514 -0.1468611438
515 -0.1468611438
516 -0.1468611438
517 -0.1468611438
518 -0.1468611438
519 -0.1468611438
520 -0.1468611438
521 -0.1468611438
522 -0.1468611438
523 -0.1468611438
524 -0.1468611438
525 -0.1468611438
526 -0.1468611438
527 -0.1468611438
528 -0.1468611438
529 -0.1468611438
530 -0.1468611438
531 -0.1468611438
532 -0.1468611438
533 -0.1468611438
534 -0.1468611438
535 -0.1468611438
536 -0.1468611438
537 -0.1468611438
538 -0.1468611438
539 -0.1468611438
540 -0.1468611438
541 -0.1468611438
542 -0.1468611438
543 -0.1468611438
544 -0.1468611438
545 -0.1468611438
546 -0.1468611438
547 -0.1468611438
548 -0.1468611438
549 -0.1468611438
550 -0.1468611438
551 -0.1468611438
552 -0.1468611438
553 -0.1468611438
554 -0.1468611438
555 -0.1468611438
556 -0.1468611438
557 -0.1468611438
558 -0.1468611438
559 -0.1468611438
560 -0.1468611438
561 -0.1468611438
562 -0.1468611438
563 -0.1468611438
564 -0.1468611438
565 -0.1468611438
566 -0.1468611438
567 -0.1468611438
568 -0.1468611438
569 -0.1468611438
570 -0.1468611438
571 -0.1468611438
572 -0.1468611438
573 -0.1468611438
574 -0.1468611438
575 -0.1468611438
576 -0.1468611438
577 -0.1468611438
578 -0.1468611438
579 -0.1468611438
580 -0.1468611438
581 -0.1468611438
582 -0.1468611438
583 -0.1468611438
584 -0.1468611438
585 -0.1468611438
586 -0.1468611438
587 -0.1468611438
588 -0.1468611438
589 -0.1468611438
590 -0.1468611438
591 -0.1468611438
592 -0.1468611438
593 -0.1468611438
594 -0.1468611438
595 -0.1468611438
596 -0.1468611438
597 -0.1468611438
598 -0.1468611438
599 -0.1468611438
600 -0.1468611438
601 -0.1468611438
602 -0.1468611438
603 -0.1468611438
604 -0.1468611438
605 -0.1468611438
606 -0.1468611438
607 -0.1468611438
608 -0.1468611438
609 -0.1468611438
610 -0.1468611438
611 -0.1468611438
612 -0.1468611438
613 -0.1468611438
614 -0.1468611438
615 -0.1468611438
616 -0.1468611438
617 -0.1468611438
618 -0.1468611438
619 -0.1468611438
620 -0.1468611438
621 -0.1468611438
622 -0.1468611438
623 -0.1468611438
624 -0.1468611438
625 -0.1468611438
626 -0.1468611438
627 -0.1468611438
628 -0.1468611438
629 -0.1468611438
630 -0.1468611438
631 -0.1468611438
632 -0.1468611438
633 -0.1468611438
634 -0.1468611438
635 -0.1468611438
636 -0.1468611438
637 -0.1468611438
638 -0.1468611438
639 -0.1468611438
640 -0.1468611438
641 -0.1468611438
642 -0.1468611438
643 -0.1468611438
644 -0.1468611438
645 -0.1468611438
646 -0.1468611438
647 -0.1468611438
648 -0.1468611438
649 -0.1468611438
650 -0.1468611438
651 -0.1468611438
652 -0.1468611438
653 -0.1468611438
654 -0.1468611438
655 -0.1468611438
656 -0.1468611438
657 -0.1468611438
658 -0.1468611438
659 -0.1468611438
660 -0.1468611438
661 -0.1468611438
662 -0.1468611438
663 -0.1468611438
664 -0.1468611438
665 -0.1468611438
666 -0.1468611438
667 -0.1468611438
668 -0.1468611438
669 -0.1468611438
670 -0.1468611438
671 -0.1468611438
672 -0.1468611438
673 -0.1468611438
674 -0.1468611438
675 -0.1468611438
676 -0.1468611438
677 -0.1468611438
678 -0.1468611438
679 -0.1468611438
680 -0.1468611438
681 -0.1468611438
682 -0.1468611438
683 -0.1468611438
684 -0.1468611438
685 -0.1468611438
686 -0.1468611438
687 -0.1468611438
688 -0.1468611438
689 -0.1468611438
690 -0.1468611438
691 -0.1468611438
692 -0.1468611438
693 -0.1468611438
694 -0.1468611438
695 -0.1468611438
696 -0.1468611438
697 -0.1468611438
698 -0.1468611438
699 -0.1468611438
700 -0.1468611438
701 -0.1468611438
702 -0.1468611438
703 -0.1468611438
704 -0.1468611438
705 -0.1468611438
706 -0.1468611438
707 -0.1468611438
708 -0.1468611438
709 -0.1468611438
710 -0.1468611438
711 -0.1468611438
712 -0.1468611438
713 -0.1468611438
714 -0.1468611438
715 -0.1468611438
716 -0.1468611438
717 -0.1468611438
718 -0.1468611438
719 -0.1468611438
720 -0.1468611438
721 -0.1468611438
722 -0.1468611438
723 -0.1468611438
724 -0.1468611438
725 -0.1468611438
726 -0.1468611438
727 -0.1468611438
728 -0.1468611438
729 -0.1468611438
730 -0.1468611438
731 -0.1468611438
732 -0.1468611438
733 -0.1468611438
734 -0.1468611438
735 -0.1468611438
736 -0.1468611438
737 -0.1468611438
738 -0.1468611438
739 -0.1468611438
740 -0.1468611438
741 -0.1468611438
742 -0.1468611438
743 -0.1468611438
744 -0.1468611438
745 -0.1468611438
746 -0.1468611438
747 -0.1468611438
748 -0.1468611438
749 -0.1468611438
750 -0.1468611438
751 -0.1468611438
752 -0.1468611438
753 -0.1468611438
754 -0.1468611438
755 -0.1468611438
756 -0.1468611438
757 -0.1468611438
758 -0.1468611438
759 -0.1468611438
760 -0.1468611438
761 -0.1468611438
762 -0.1468611438
763 -0.1468611438
764 -0.1468611438
765 -0.1468611438
766 -0.1468611438
767 -0.1468611438
768 -0.1468611438
769 -0.1468611438
770 -0.1468611438
771 -0.1468611438
772 -0.1468611438
773 -0.1468611438
774 -0.1468611438
775 -0.1468611438
776 -0.1468611438
777 -0.1468611438
778 -0.1468611438
779 -0.1468611438
780 -0.1468611438
781 -0.1468611438
782 -0.1468611438
783 -0.1468611438
784 -0.1468611438
785 -0.1468611438
786 -0.1468611438
787 -0.1468611438
788 -0.1468611438
789 -0.1468611438
790 -0.1468611438
791 -0.1468611438
792 -0.1468611438
793 -0.1468611438
794 -0.1468611438
795 -0.1468611438
796 -0.1468611438
797 -0.1468611438
798 -0.1468611438
799 -0.1468611438
800 -0.1468611438
801 -0.1468611438
802 -0.1468611438
803 -0.1468611438
804 -0.1468611438
805 -0.1468611438
806 -0.1468611438
807 -0.1468611438
808 -0.1468611438
809 -0.1468611438
810 -0.1468611438
811 -0.1468611438
812 -0.1468611438
813 -0.1468611438
814 -0.1468611438
815 -0.1468611438
816 -0.1468611438
817 -0.1468611438
818 -0.1468611438
819 -0.1468611438
820 -0.1468611438
821 -0.1468611438
822 -0.1468611438
823 -0.1468611438
824 -0.1468611438
825 -0.1468611438
826 -0.1468611438
827 -0.1468611438
828 -0.1468611438
829 -0.1468611438
830 -0.1468611438
831 -0.1468611438
832 -0.1468611438
833 -0.1468611438
834 -0.1468611438
835 -0.1468611438
836 -0.1468611438
837 -0.1468611438
838 -0.1468611438
839 -0.1468611438
840 -0.1468611438
841 -0.1468611438
842 -0.1468611438
843 -0.1468611438
844 -0.1468611438
845 -0.1468611438
846 -0.1468611438
847 -0.1468611438
848 -0.1468611438
849 -0.1468611438
850 -0.1468611438
851 -0.1468611438
852 -0.1468611438
853 -0.1468611438
854 -0.1468611438
855 -0.1468611438
856 -0.1468611438
857 -0.1468611438
858 -0.1468611438
859 -0.1468611438
860 -0.1468611438
861 -0.1468611438
862 -0.1468611438
863 -0.1468611438
864 -0.1468611438
865 -0.1468611438
866 -0.1468611438
867 -0.1468611438
868 -0.1468611438
869 -0.1468611438
870 -0.1468611438
871 -0.1468611438
872 -0.1468611438
873 -0.1468611438
874 -0.1468611438
875 -0.1468611438
876 -0.1468611438
877 -0.1468611438
878 -0.1468611438
879 -0.1468611438
880 -0.1468611438
881 -0.1468611438
882 -0.1468611438
883 -0.1468611438
884 -0.1468611438
885 -0.1468611438
886 -0.1468611438
887 -0.1468611438
888 -0.1468611438
889 -0.1468611438
890 -0.1468611438
891 -0.1468611438
892 -0.1468611438
893 -0.1468611438
894 -0.1468611438
895 -0.1468611438
896 -0.1468611438
897 -0.1468611438
898 -0.1468611438
899 -0.1468611438
900 -0.1468611438
901 -0.1468611438
902 -0.1468611438
903 -0.1468611438
904 -0.1468611438
905 -0.1468611438
906 -0.1468611438
907 -0.1468611438
908 -0.1468611438
909 -0.1468611438
910 -0.1468611438
911 -0.1468611438
912 -0.1468611438
913 -0.1468611438
914 -0.1468611438
915 -0.1468611438
916 -0.1468611438
917 -0.1468611438
918 -0.1468611438
919 -0.1468611438
920 -0.1468611438
921 -0.1468611438
922 -0.1468611438
923 -0.1468611438
924 -0.1468611438
925 -0.1468611438
926 -0.1468611438
927 -0.1468611438
928 -0.1468611438
929 -0.1468611438
930 -0.1468611438
931 -0.1468611438
932 -0.1468611438
933 -0.1468611438
934 -0.1468611438
935 -0.1468611438
936 -0.1468611438
937 -0.1468611438
938 -0.1468611438
939 -0.1468611438
940 -0.1468611438
941 -0.1468611438
942 -0.1468611438
943 -0.1468611438
944 -0.1468611438
945 -0.1468611438
946 -0.1468611438
947 -0.1468611438
948 -0.1468611438
949 -0.1468611438
950 -0.1468611438
951 -0.1468611438
952 -0.1468611438
953 -0.1468611438
954 -0.1468611438
955 -0.1468611438
956 -0.1468611438
957 -0.1468611438
958 -0.1468611438
959 -0.1468611438
960 -0.1468611438
961 -0.1468611438
962 -0.1468611438
963 -0.1468611438
964 -0.1468611438
965 -0.1468611438
966 -0.1468611438
967 -0.1468611438
968 -0.1468611438
969 -0.1468611438
970 -0.1468611438
971 -0.1468611438
972 -0.1468611438
973 -0.1468611438
974 -0.1468611438
975 -0.1468611438
976 -0.1468611438
977 -0.1468611438
978 -0.1468611438
979 -0.1468611437
980 -0.1468611437
981 -0.1468611437
982 -0.1468611437
983 -0.1468611437
984 -0.1468611437
985 -0.1468611437
986 -0.1468611437
987 -0.1468611437
988 -0.1468611436
989 -0.1468611436
990 -0.1468611435
991 -0.1468611435
992 -0.1468611434
993 -0.1468611433
994 -0.1468611432
995 -0.1468611431
996 -0.1468611429
997 -0.1468611427
998 -0.1468611424
999 -0.1468611421
1000 -0.1468611417
1001 -0.1468611412
1002 -0.1468611406
1003 -0.1468611398
1004 -0.1468611388
1005 -0.1468611376
1006 -0.1468611362
1007 -0.1468611344
1008 -0.1468611321
1009 -0.1468611294
1010 -0.146861126
1011 -0.1468611219
1012 -0.1468611168
1013 -0.1468611106
1014 -0.146861103
1015 -0.1468610937
1016 -0.1468610824
1017 -0.1468610686
1018 -0.1468610517
1019 -0.1468610311
1020 -0.1468610061
1021 -0.1468609758
1022 -0.1468609389
1023 -0.1468608942
