#53956 2909.9958753091069121 0.0045704665467377883145 1 1437 16.000049430220818044 1024 7 1 J1713+0747 0.0000000 
0 0.2943938963
1 0.2943938963
2 0.2943938963
3 0.2943938963
4 0.2943938963
5 0.2943938963
6 0.2943938963
7 0.2943938963
8 0.2943938963
9 0.2943938963
10 0.2943938963
11 0.2943938963
12 0.2943938963
13 0.2943938963
14 0.2943938963
15 0.2943938963
16 0.2943938963
17 0.2943938963
18 0.2943938963
19 0.2943938963
20 0.2943938963
21 0.2943938963
22 0.2943938963
23 0.2943938963
24 0.2943938963
25 0.2943938963
26 0.2943938963
27 0.2943938963
28 0.2943938963
29 0.2943938963
30 0.2943938963
31 0.2943938963
32 0.2943938963
33 0.2943938963
34 0.2943938963
35 0.2943938963
36 0.2943938963
37 0.2943938963
38 0.2943938963
39 0.2943938963
40 0.2943938963
41 0.2943938963
42 0.2943938963
43 0.2943938963
44 0.2943938963
45 0.2943938963
46 0.2943938963
47 0.2943938963
48 0.2943938963
49 0.2943938963
50 0.2943938963
51 0.2943938963
52 0.2943938963
53 0.2943938963
54 0.2943938963
55 0.2943938963
56 0.2943938963
57 0.2943938963
58 0.2943938963
59 0.2943938963
60 0.2943938963
61 0.2943938963
62 0.2943938963
63 0.2943938963
64 0.2943938963
65 0.2943938963
66 0.2943938963
67 0.2943938963
68 0.2943938963
69 0.2943938963
70 0.2943938963
71 0.2943938963
72 0.2943938963
73 0.2943938963
74 0.2943938963
75 0.2943938963
76 0.2943938963
77 0.2943938963
78 0.2943938963
79 0.2943938963
80 0.2943938963
81 0.2943938963
82 0.2943938963
83 0.2943938963
84 0.2943938963
85 0.2943938963
86 0.2943938963
87 0.2943938963
88 0.2943938963
89 0.2943938963
90 0.2943938963
91 0.2943938963
92 0.2943938963
93 0.2943938963
94 0.2943938963
95 0.2943938963
96 0.2943938963
97 0.2943938963
98 0.2943938963
99 0.2943938963
100 0.2943938963
101 0.2943938963
102 0.2943938963
103 0.2943938963
104 0.2943938963
105 0.2943938963
106 0.2943938963
107 0.2943938963
108 0.2943938963
109 0.2943938963
110 0.2943938963
111 0.2943938963
112 0.2943938963
113 0.2943938963
114 0.2943938963
115 0.2943938963
116 0.2943938963
117 0.2943938963
118 0.2943938963
119 0.2943938963
120 0.2943938963
121 0.2943938964
122 0.2943938964
123 0.2943938964
124 0.2943938964
125 0.2943938965
126 0.2943938965
127 0.2943938966
128 0.2943938967
129 0.2943938968
130 0.2943938969
131 0.2943938971
132 0.2943938973
133 0.2943938975
134 0.2943938978
135 0.2943938982
136 0.2943938987
137 0.2943938993
138 0.2943939001
139 0.294393901
140 0.2943939021
141 0.2943939035
142 0.2943939052
143 0.2943939073
144 0.29439391
145 0.2943939132
146 0.2943939171
147 0.294393922
148 0.2943939279
149 0.2943939352
150 0.2943939441
151 0.2943939549
152 0.2943939682
153 0.2943939844
154 0.2943940041
155 0.294394028
156 0.2943940572
157 0.2943940926
158 0.2943941355
159 0.2943941875
160 0.2943942504
161 0.2943943265
162 0.2943944184
163 0.2943945293
164 0.2943946629
165 0.2943948238
166 0.2943950174
167 0.29439525
168 0.2943955291
169 0.2943958638
170 0.2943962647
171 0.2943967443
172 0.2943973176
173 0.294398002
174 0.2943988184
175 0.294399791
176 0.2944009486
177 0.294402325
178 0.2944039596
179 0.294405899
180 0.2944081975
181 0.2944109188
182 0.2944141371
183 0.2944179394
184 0.2944224267
185 0.2944277169
186 0.2944339471
187 0.2944412765
188 0.2944498899
189 0.2944600015
190 0.2944718594
191 0.2944857504
192 0.2945020058
193 0.2945210078
194 0.2945431971
195 0.2945690807
196 0.2945992414
197 0.2946343489
198 0.2946751709
199 0.294722587
200 0.2947776039
201 0.2948413718
202 0.2949152039
203 0.2950005974
204 0.2950992575
205 0.2952131232
206 0.2953443979
207 0.2954955813
208 0.2956695064
209 0.2958693801
210 0.2960988276
211 0.2963619425
212 0.2966633411
213 0.2970082234
214 0.297402439
215 0.2978525604
216 0.2983659631
217 0.2989509134
218 0.2996166642
219 0.3003735598
220 0.30123315
221 0.3022083143
222 0.3033133964
223 0.3045643504
224 0.3059788987
225 0.3075767024
226 0.3093795452
227 0.3114115309
228 0.3136992957
229 0.3162722349
230 0.3191627461
231 0.3224064882
232 0.3260426565
233 0.3301142756
234 0.3346685093
235 0.3397569876
236 0.3454361523
237 0.3517676196
238 0.35881856
239 0.3666620965
240 0.3753777186
241 0.385051713
242 0.3957776096
243 0.4076566419
244 0.42079822
245 0.435320416
246 0.4513504583
247 0.469025234
248 0.4884917967
249 0.5099078764
250 0.5334423895
251 0.5592759451
252 0.5876013433
253 0.6186240627
254 0.6525627321
255 0.6896495808
256 0.7301308645
257 0.774267259
258 0.8223342181
259 0.8746222879
260 0.9314373721
261 0.9931009416
262 1.059950181
263 1.132338067
264 1.210633364
265 1.295220545
266 1.386499613
267 1.484885822
268 1.5908093
269 1.704714548
270 1.827059826
271 1.958316404
272 2.098967684
273 2.249508181
274 2.410442354
275 2.582283293
276 2.765551243
277 2.960771976
278 3.168475002
279 3.389191612
280 3.623452768
281 3.871786819
282 4.13471707
283 4.412759189
284 4.706418456
285 5.016186882
286 5.342540178
287 5.685934601
288 6.046803685
289 6.425554864
290 6.822566009
291 7.238181893
292 7.672710592
293 8.126419856
294 8.599533466
295 9.092227591
296 9.604627175
297 10.13680239
298 10.68876513
299 11.2604657
300 11.8517895
301 12.46255404
302 13.09250597
303 13.74131849
304 14.4085889
305 15.09383645
306 15.79650055
307 16.51593923
308 17.251428
309 18.00215912
310 18.76724121
311 19.54569931
312 20.33647544
313 21.13842955
314 21.95034097
315 22.77091037
316 23.5987622
317 24.43244761
318 25.27044794
319 26.11117862
320 26.95299366
321 27.79419058
322 28.63301578
323 29.46767051
324 30.29631707
325 31.11708566
326 31.9280814
327 32.72739189
328 33.51309501
329 34.28326697
330 35.03599075
331 35.76936457
332 36.4815107
333 37.17058425
334 37.83478208
335 38.47235178
336 39.08160053
337 39.66090395
338 40.20871476
339 40.72357134
340 41.20410595
341 41.64905275
342 42.05725548
343 42.42767471
344 42.75939475
345 43.05163003
346 43.303731
347 43.51518953
348 43.68564368
349 43.81488195
350 43.90284678
351 43.94963759
352 43.95551296
353 43.92089226
354 43.84635658
355 43.7326489
356 43.58067361
357 43.39149538
358 43.16633722
359 42.90657795
360 42.613749
361 42.2895305
362 41.93574674
363 41.55436105
364 41.14747006
365 40.71729734
366 40.26618655
367 39.79659407
368 39.31108103
369 38.81230502
370 38.30301125
371 37.78602334
372 37.26423372
373 36.7405937
374 36.21810319
375 35.69980015
376 35.18874976
377 34.68803337
378 34.20073722
379 33.72994104
380 33.27870642
381 32.85006512
382 32.44700728
383 32.07246954
384 31.72932315
385 31.42036206
386 31.14829105
387 30.91571394
388 30.72512182
389 30.57888149
390 30.47922404
391 30.42823359
392 30.42783634
393 30.47978988
394 30.58567284
395 30.74687491
396 30.9645873
397 31.23979375
398 31.57326193
399 31.96553565
400 32.4169275
401 32.92751243
402 33.49712192
403 34.12533909
404 34.81149472
405 35.55466415
406 36.35366527
407 37.20705756
408 38.11314221
409 39.0699635
410 40.07531131
411 41.12672497
412 42.22149831
413 43.3566861
414 44.52911179
415 45.73537657
416 46.97186983
417 48.23478091
418 49.52011213
419 50.82369322
420 52.14119684
421 53.46815541
422 54.79997897
423 56.13197422
424 57.45936433
425 58.77730982
426 60.08093007
427 61.36532548
428 62.62560026
429 63.85688543
430 65.05436224
431 66.21328555
432 67.32900722
433 68.39699932
434 69.41287687
435 70.37242017
436 71.27159638
437 72.10658027
438 72.87377402
439 73.56982581
440 74.19164724
441 74.73642922
442 75.20165647
443 75.58512027
444 75.88492953
445 76.09952001
446 76.22766169
447 76.26846415
448 76.22137994
449 76.08620603
450 75.8630831
451 75.55249293
452 75.15525373
453 74.67251352
454 74.10574168
455 73.45671856
456 72.72752346
457 71.92052091
458 71.03834543
459 70.0838849
460 69.06026266
461 67.97081846
462 66.81908846
463 65.60878441
464 64.34377215
465 63.02804963
466 61.66572456
467 60.260992
468 58.8181118
469 57.3413863
470 55.83513832
471 54.30368953
472 52.75133955
473 51.18234566
474 49.60090343
475 48.01112828
476 46.41703811
477 44.82253712
478 43.23140078
479 41.64726218
480 40.07359966
481 38.51372589
482 36.97077825
483 35.44771074
484 33.9472873
485 32.47207641
486 31.02444731
487 29.60656732
488 28.22040069
489 26.86770857
490 25.55005027
491 24.26878558
492 23.02507825
493 21.81990036
494 20.65403765
495 19.52809567
496 18.44250666
497 17.39753704
498 16.39329549
499 15.42974154
500 14.5066944
501 13.62384226
502 12.78075167
503 11.97687712
504 11.21157063
505 10.48409141
506 9.793615317
507 9.139244285
508 8.520015488
509 7.934910279
510 7.382862828
511 6.86276843
512 6.373491442
513 5.913872825
514 5.482737257
515 5.078899821
516 4.701172227
517 4.348368582
518 4.019310691
519 3.712832891
520 3.427786425
521 3.163043366
522 2.917500083
523 2.690080294
524 2.479737684
525 2.285458137
526 2.106261586
527 1.941203497
528 1.789376024
529 1.649908845
530 1.521969704
531 1.404764689
532 1.297538255
533 1.199573039
534 1.110189457
535 1.028745138
536 0.9546341887
537 0.8872863333
538 0.826165927
539 0.7707708757
540 0.7206314742
541 0.6753091795
542 0.6343953343
543 0.5975098556
544 0.5642998999
545 0.5344385178
546 0.5076233069
547 0.4835750744
548 0.4620365153
549 0.4427709149
550 0.4255608811
551 0.4102071124
552 0.3965272047
553 0.3843545018
554 0.3735369915
555 0.3639362496
556 0.3554264338
557 0.347893327
558 0.3412334325
559 0.3353531187
560 0.3301678145
561 0.3256012547
562 0.3215847722
563 0.3180566387
564 0.3149614503
565 0.3122495563
566 0.3098765307
567 0.3078026836
568 0.3059926101
569 0.3044147762
570 0.3030411374
571 0.3018467908
572 0.3008096557
573 0.2999101833
574 0.299131092
575 0.2984571271
576 0.2978748428
577 0.2973724052
578 0.2969394141
579 0.2965667429
580 0.296246394
581 0.2959713695
582 0.2957355548
583 0.295533615
584 0.295360902
585 0.2952133721
586 0.2950875119
587 0.2949802738
588 0.2948890174
589 0.2948114586
590 0.2947456242
591 0.294689812
592 0.2946425557
593 0.2946025939
594 0.294568843
595 0.2945403734
596 0.2945163888
597 0.2944962079
598 0.2944792487
599 0.2944650148
600 0.2944530831
601 0.2944430938
602 0.2944347411
603 0.2944277656
604 0.2944219475
605 0.2944171008
606 0.2944130683
607 0.2944097175
608 0.2944069366
609 0.2944046315
610 0.2944027233
611 0.2944011454
612 0.2943998425
613 0.2943987678
614 0.2943978825
615 0.2943971542
616 0.2943965558
617 0.2943960646
618 0.294395662
619 0.2943953325
620 0.294395063
621 0.294394843
622 0.2943946635
623 0.2943945173
624 0.2943943983
625 0.2943943017
626 0.2943942232
627 0.2943941597
628 0.2943941082
629 0.2943940666
630 0.294394033
631 0.2943940058
632 0.294393984
633 0.2943939664
634 0.2943939523
635 0.294393941
636 0.2943939319
637 0.2943939246
638 0.2943939188
639 0.2943939142
640 0.2943939105
641 0.2943939075
642 0.2943939052
643 0.2943939033
644 0.2943939018
645 0.2943939006
646 0.2943938997
647 0.294393899
648 0.2943938984
649 0.2943938979
650 0.2943938976
651 0.2943938973
652 0.2943938971
653 0.2943938969
654 0.2943938968
655 0.2943938967
656 0.2943938966
657 0.2943938965
658 0.2943938965
659 0.2943938964
660 0.2943938964
661 0.2943938964
662 0.2943938963
663 0.2943938963
664 0.2943938963
665 0.2943938963
666 0.2943938963
667 0.2943938963
668 0.2943938963
669 0.2943938963
670 0.2943938963
671 0.2943938963
672 0.2943938963
673 0.2943938963
674 0.2943938963
675 0.2943938963
676 0.2943938963
677 0.2943938963
678 0.2943938963
679 0.2943938963
680 0.2943938963
681 0.2943938963
682 0.2943938963
683 0.2943938963
684 0.2943938963
685 0.2943938963
686 0.2943938963
687 0.2943938963
688 0.2943938963
689 0.2943938963
690 0.2943938963
691 0.2943938963
692 0.2943938963
693 0.2943938963
694 0.2943938963
695 0.2943938963
696 0.2943938963
697 0.2943938963
698 0.2943938963
699 0.2943938963
700 0.2943938963
701 0.2943938963
702 0.2943938963
703 0.2943938963
704 0.2943938963
705 0.2943938963
706 0.2943938963
707 0.2943938963
708 0.2943938963
709 0.2943938963
710 0.2943938963
711 0.2943938963
712 0.2943938963
713 0.2943938963
714 0.2943938963
715 0.2943938963
716 0.2943938963
717 0.2943938963
718 0.2943938963
719 0.2943938963
720 0.2943938963
721 0.2943938963
722 0.2943938963
723 0.2943938963
724 0.2943938963
725 0.2943938963
726 0.2943938963
727 0.2943938963
728 0.2943938963
729 0.2943938963
730 0.2943938963
731 0.2943938963
732 0.2943938963
733 0.2943938963
734 0.2943938963
735 0.2943938963
736 0.2943938963
737 0.2943938963
738 0.2943938963
739 0.2943938963
740 0.2943938963
741 0.2943938963
742 0.2943938963
743 0.2943938963
744 0.2943938963
745 0.2943938963
746 0.2943938963
747 0.2943938963
748 0.2943938963
749 0.2943938963
750 0.2943938963
751 0.2943938963
752 0.2943938963
753 0.2943938963
754 0.2943938963
755 0.2943938963
756 0.2943938963
757 0.2943938963
758 0.2943938963
759 0.2943938963
760 0.2943938963
761 0.2943938963
762 0.2943938963
763 0.2943938963
764 0.2943938963
765 0.2943938963
766 0.2943938963
767 0.2943938963
768 0.2943938963
769 0.2943938963
770 0.2943938963
771 0.2943938963
772 0.2943938963
773 0.2943938963
774 0.2943938963
775 0.2943938963
776 0.2943938963
777 0.2943938963
778 0.2943938963
779 0.2943938963
780 0.2943938963
781 0.2943938963
782 0.2943938963
783 0.2943938963
784 0.2943938963
785 0.2943938963
786 0.2943938963
787 0.2943938963
788 0.2943938963
789 0.2943938963
790 0.2943938963
791 0.2943938963
792 0.2943938963
793 0.2943938963
794 0.2943938963
795 0.2943938963
796 0.2943938963
797 0.2943938963
798 0.2943938963
799 0.2943938963
800 0.2943938963
801 0.2943938963
802 0.2943938963
803 0.2943938963
804 0.2943938963
805 0.2943938963
806 0.2943938963
807 0.2943938963
808 0.2943938963
809 0.2943938963
810 0.2943938963
811 0.2943938963
812 0.2943938963
813 0.2943938963
814 0.2943938963
815 0.2943938963
816 0.2943938963
817 0.2943938963
818 0.2943938963
819 0.2943938963
820 0.2943938963
821 0.2943938963
822 0.2943938963
823 0.2943938963
824 0.2943938963
825 0.2943938963
826 0.2943938963
827 0.2943938963
828 0.2943938963
829 0.2943938963
830 0.2943938963
831 0.2943938963
832 0.2943938963
833 0.2943938963
834 0.2943938963
835 0.2943938963
836 0.2943938963
837 0.2943938963
838 0.2943938963
839 0.2943938963
840 0.2943938963
841 0.2943938963
842 0.2943938963
843 0.2943938963
844 0.2943938963
845 0.2943938963
846 0.2943938963
847 0.2943938963
848 0.2943938963
849 0.2943938963
850 0.2943938963
851 0.2943938963
852 0.2943938963
853 0.2943938963
854 0.2943938963
855 0.2943938963
856 0.2943938963
857 0.2943938963
858 0.2943938963
859 0.2943938963
860 0.2943938963
861 0.2943938963
862 0.2943938963
863 0.2943938963
864 0.2943938963
865 0.2943938963
866 0.2943938963
867 0.2943938963
868 0.2943938963
869 0.2943938963
870 0.2943938963
871 0.2943938963
872 0.2943938963
873 0.2943938963
874 0.2943938963
875 0.2943938963
876 0.2943938963
877 0.2943938963
878 0.2943938963
879 0.2943938963
880 0.2943938963
881 0.2943938963
882 0.2943938963
883 0.2943938963
884 0.2943938963
885 0.2943938963
886 0.2943938963
887 0.2943938963
888 0.2943938963
889 0.2943938963
890 0.2943938963
891 0.2943938963
892 0.2943938963
893 0.2943938963
894 0.2943938963
895 0.2943938963
896 0.2943938963
897 0.2943938963
898 0.2943938963
899 0.2943938963
900 0.2943938963
901 0.2943938963
902 0.2943938963
903 0.2943938963
904 0.2943938963
905 0.2943938963
906 0.2943938963
907 0.2943938963
908 0.2943938963
909 0.2943938963
910 0.2943938963
911 0.2943938963
912 0.2943938963
913 0.2943938963
914 0.2943938963
915 0.2943938963
916 0.2943938963
917 0.2943938963
918 0.2943938963
919 0.2943938963
920 0.2943938963
921 0.2943938963
922 0.2943938963
923 0.2943938963
924 0.2943938963
925 0.2943938963
926 0.2943938963
927 0.2943938963
928 0.2943938963
929 0.2943938963
930 0.2943938963
931 0.2943938963
932 0.2943938963
933 0.2943938963
934 0.2943938963
935 0.2943938963
936 0.2943938963
937 0.2943938963
938 0.2943938963
939 0.2943938963
940 0.2943938963
941 0.2943938963
942 0.2943938963
943 0.2943938963
944 0.2943938963
945 0.2943938963
946 0.2943938963
947 0.2943938963
948 0.2943938963
949 0.2943938963
950 0.2943938963
951 0.2943938963
952 0.2943938963
953 0.2943938963
954 0.2943938963
955 0.2943938963
956 0.2943938963
957 0.2943938963
958 0.2943938963
959 0.2943938963
960 0.2943938963
961 0.2943938963
962 0.2943938963
963 0.2943938963
964 0.2943938963
965 0.2943938963
966 0.2943938963
967 0.2943938963
968 0.2943938963
969 0.2943938963
970 0.2943938963
971 0.2943938963
972 0.2943938963
973 0.2943938963
974 0.2943938963
975 0.2943938963
976 0.2943938963
977 0.2943938963
978 0.2943938963
979 0.2943938963
980 0.2943938963
981 0.2943938963
982 0.2943938963
983 0.2943938963
984 0.2943938963
985 0.2943938963
986 0.2943938963
987 0.2943938963
988 0.2943938963
989 0.2943938963
990 0.2943938963
991 0.2943938963
992 0.2943938963
993 0.2943938963
994 0.2943938963
995 0.2943938963
996 0.2943938963
997 0.2943938963
998 0.2943938963
999 0.2943938963
1000 0.2943938963
1001 0.2943938963
1002 0.2943938963
1003 0.2943938963
1004 0.2943938963
1005 0.2943938963
1006 0.2943938963
1007 0.2943938963
1008 0.2943938963
1009 0.2943938963
1010 0.2943938963
1011 0.2943938963
1012 0.2943938963
1013 0.2943938963
1014 0.2943938963
1015 0.2943938963
1016 0.2943938963
1017 0.2943938963
1018 0.2943938963
1019 0.2943938963
1020 0.2943938963
1021 0.2943938963
1022 0.2943938963
1023 0.2943938963
