#53934 2909.9985220393802559 0.0045703750888754250334 1 1365 16.000049430220818044 1024 7 1 J1713+0747 0.0000000 
0 -0.05695491765
1 -0.05695491765
2 -0.05695491765
3 -0.05695491765
4 -0.05695491765
5 -0.05695491765
6 -0.05695491765
7 -0.05695491765
8 -0.05695491765
9 -0.05695491765
10 -0.05695491765
11 -0.05695491765
12 -0.05695491765
13 -0.05695491765
14 -0.05695491765
15 -0.05695491765
16 -0.05695491765
17 -0.05695491765
18 -0.05695491765
19 -0.05695491765
20 -0.05695491765
21 -0.05695491765
22 -0.05695491765
23 -0.05695491765
24 -0.05695491765
25 -0.05695491765
26 -0.05695491765
27 -0.05695491765
28 -0.05695491765
29 -0.05695491765
30 -0.05695491765
31 -0.05695491765
32 -0.05695491765
33 -0.05695491765
34 -0.05695491765
35 -0.05695491765
36 -0.05695491765
37 -0.05695491765
38 -0.05695491765
39 -0.05695491765
40 -0.05695491765
41 -0.05695491765
42 -0.05695491765
43 -0.05695491765
44 -0.05695491765
45 -0.05695491765
46 -0.05695491765
47 -0.05695491765
48 -0.05695491765
49 -0.05695491765
50 -0.05695491765
51 -0.05695491765
52 -0.05695491765
53 -0.05695491765
54 -0.05695491765
55 -0.05695491765
56 -0.05695491765
57 -0.05695491765
58 -0.05695491765
59 -0.05695491765
60 -0.05695491765
61 -0.05695491765
62 -0.05695491765
63 -0.05695491765
64 -0.05695491765
65 -0.05695491765
66 -0.05695491765
67 -0.05695491765
68 -0.05695491765
69 -0.05695491765
70 -0.05695491765
71 -0.05695491765
72 -0.05695491765
73 -0.05695491765
74 -0.05695491765
75 -0.05695491765
76 -0.05695491765
77 -0.05695491765
78 -0.05695491765
79 -0.05695491765
80 -0.05695491765
81 -0.05695491765
82 -0.05695491765
83 -0.05695491765
84 -0.05695491765
85 -0.05695491765
86 -0.05695491765
87 -0.05695491765
88 -0.05695491765
89 -0.05695491765
90 -0.05695491765
91 -0.05695491765
92 -0.05695491765
93 -0.05695491764
94 -0.05695491764
95 -0.05695491764
96 -0.05695491763
97 -0.05695491763
98 -0.05695491762
99 -0.05695491761
100 -0.0569549176
101 -0.05695491759
102 -0.05695491757
103 -0.05695491755
104 -0.05695491753
105 -0.0569549175
106 -0.05695491746
107 -0.0569549174
108 -0.05695491734
109 -0.05695491726
110 -0.05695491716
111 -0.05695491703
112 -0.05695491688
113 -0.05695491668
114 -0.05695491644
115 -0.05695491614
116 -0.05695491576
117 -0.05695491529
118 -0.05695491471
119 -0.05695491399
120 -0.0569549131
121 -0.056954912
122 -0.05695491065
123 -0.05695490897
124 -0.0569549069
125 -0.05695490436
126 -0.05695490123
127 -0.05695489738
128 -0.05695489266
129 -0.05695488687
130 -0.05695487978
131 -0.0569548711
132 -0.0569548605
133 -0.05695484754
134 -0.05695483174
135 -0.05695481249
136 -0.05695478906
137 -0.05695476056
138 -0.05695472594
139 -0.05695468393
140 -0.05695463301
141 -0.05695457135
142 -0.05695449677
143 -0.05695440664
144 -0.05695429784
145 -0.05695416665
146 -0.05695400863
147 -0.05695381847
148 -0.0569535899
149 -0.05695331544
150 -0.05695298621
151 -0.05695259172
152 -0.05695211952
153 -0.05695155488
154 -0.05695088044
155 -0.05695007569
156 -0.05694911646
157 -0.05694797431
158 -0.05694661577
159 -0.05694500156
160 -0.0569430856
161 -0.05694081386
162 -0.05693812314
163 -0.05693493951
164 -0.05693117667
165 -0.05692673394
166 -0.05692149402
167 -0.0569153204
168 -0.05690805441
169 -0.0568995118
170 -0.05688947891
171 -0.05687770826
172 -0.05686391348
173 -0.05684776364
174 -0.05682887675
175 -0.05680681237
176 -0.05678106332
177 -0.05675104618
178 -0.0567160907
179 -0.05667542771
180 -0.05662817564
181 -0.05657332525
182 -0.0565097225
183 -0.05643604943
184 -0.05635080257
185 -0.05625226896
186 -0.05613849931
187 -0.05600727802
188 -0.05585608987
189 -0.05568208296
190 -0.05548202761
191 -0.05525227071
192 -0.05498868532
193 -0.05468661492
194 -0.0543408119
195 -0.05394536988
196 -0.05349364921
197 -0.05297819523
198 -0.05239064872
199 -0.05172164783
200 -0.05096072108
201 -0.05009617057
202 -0.04911494499
203 -0.04800250151
204 -0.04674265613
205 -0.04531742158
206 -0.04370683223
207 -0.04188875523
208 -0.03983868726
209 -0.03752953622
210 -0.03493138717
211 -0.03201125195
212 -0.02873280194
213 -0.0250560834
214 -0.02093721497
215 -0.01632806691
216 -0.01117592188
217 -0.005423117062
218 0.000993332554
219 0.008142129448
220 0.01609810734
221 0.02494266297
222 0.03476420539
223 0.04565862182
224 0.05772975932
225 0.07108992073
226 0.08586037366
227 0.1021718705
228 0.1201651775
229 0.1399916109
230 0.161813576
231 0.1858051087
232 0.2121524131
233 0.2410543941
234 0.2727231785
235 0.3073846226
236 0.3452787987
237 0.3866604583
238 0.431799463
239 0.4809811807
240 0.5345068378
241 0.5926938226
242 0.6558759324
243 0.724403557
244 0.7986437914
245 0.8789804699
246 0.9658141142
247 1.059561787
248 1.160656845
249 1.269548579
250 1.38670174
251 1.512595936
252 1.647724902
253 1.792595625
254 1.947727323
255 2.113650279
256 2.290904504
257 2.480038254
258 2.681606366
259 2.896168433
260 3.124286805
261 3.366524419
262 3.623442458
263 3.895597833
264 4.183540511
265 4.487810663
266 4.808935675
267 5.147426994
268 5.503776839
269 5.878454792
270 6.271904258
271 6.684538838
272 7.116738607
273 7.568846332
274 8.041163635
275 8.533947137
276 9.047404596
277 9.581691063
278 10.13690509
279 10.713085
280 11.31020529
281 11.92817312
282 12.56682497
283 13.22592355
284 13.90515482
285 14.60412537
286 15.32236
287 16.05929966
288 16.81429971
289 17.58662852
290 18.37546654
291 19.17990573
292 19.99894941
293 20.83151266
294 21.67642313
295 22.53242237
296 23.39816769
297 24.2722345
298 25.15311927
299 26.03924289
300 26.92895469
301 27.82053691
302 28.71220975
303 29.60213686
304 30.48843141
305 31.36916255
306 32.24236241
307 33.10603346
308 33.95815628
309 34.79669773
310 35.61961936
311 36.42488621
312 37.2104758
313 37.97438723
314 38.71465061
315 39.42933639
316 40.11656488
317 40.77451567
318 41.40143706
319 41.99565527
320 42.55558358
321 43.0797312
322 43.56671188
323 44.01525215
324 44.42419922
325 44.79252846
326 45.11935036
327 45.40391707
328 45.64562825
329 45.84403647
330 45.99885187
331 46.1099463
332 46.17735664
333 46.20128754
334 46.18211338
335 46.12037955
336 46.01680297
337 45.87227186
338 45.6878448
339 45.46474909
340 45.20437825
341 44.90828897
342 44.57819724
343 44.21597383
344 43.82363914
345 43.40335731
346 42.95742982
347 42.48828844
348 41.99848756
349 41.49069612
350 40.96768888
351 40.43233732
352 39.88760003
353 39.33651273
354 38.78217785
355 38.22775382
356 37.67644398
357 37.13148525
358 36.5961365
359 36.07366668
360 35.56734285
361 35.08041787
362 34.61611811
363 34.17763097
364 33.76809231
365 33.39057391
366 33.04807078
367 32.74348865
368 32.47963136
369 32.25918843
370 32.0847227
371 31.95865816
372 31.88326795
373 31.86066264
374 31.89277874
375 31.98136765
376 32.12798482
377 32.33397958
378 32.60048523
379 32.92840986
380 33.31842767
381 33.77097102
382 34.2862232
383 34.86411197
384 35.504304
385 36.20620024
386 36.9689322
387 37.79135943
388 38.67206795
389 39.60936996
390 40.60130473
391 41.64564077
392 42.73987931
393 43.88125914
394 45.0667628
395 46.29312427
396 47.55683794
397 48.85416911
398 50.18116587
399 51.53367235
400 52.90734344
401 54.2976607
402 55.69994971
403 57.10939848
404 58.52107715
405 59.92995868
406 61.33094046
407 62.7188669
408 64.08855262
409 65.43480629
410 66.75245502
411 68.03636892
412 69.28148593
413 70.48283666
414 71.63556901
415 72.73497253
416 73.77650226
417 74.75580194
418 75.66872637
419 76.51136282
420 77.28005128
421 77.9714034
422 78.58232007
423 79.11000733
424 79.55199069
425 79.9061276
426 80.17061802
427 80.34401304
428 80.42522142
429 80.41351411
430 80.30852654
431 80.11025887
432 79.81907399
433 79.43569352
434 78.96119159
435 78.39698669
436 77.74483149
437 77.00680084
438 76.18527786
439 75.28293857
440 74.30273474
441 73.24787554
442 72.12180779
443 70.92819521
444 69.67089664
445 68.35394357
446 66.98151706
447 65.55792416
448 64.08757421
449 62.57495495
450 61.02460879
451 59.44110932
452 57.82903825
453 56.1929629
454 54.53741444
455 52.86686693
456 51.18571741
457 49.49826699
458 47.80870319
459 46.1210835
460 44.43932033
461 42.76716735
462 41.10820724
463 39.465841
464 37.84327866
465 36.24353161
466 34.66940635
467 33.12349974
468 31.60819573
469 30.12566346
470 28.67785676
471 27.26651492
472 25.89316472
473 24.5591236
474 23.26550392
475 22.01321822
476 20.80298538
477 19.63533756
478 18.51062796
479 17.42903909
480 16.39059164
481 15.3951538
482 14.44245088
483 13.53207522
484 12.66349628
485 11.83607079
486 11.04905299
487 10.30160471
488 9.592805394
489 8.921661943
490 8.287118268
491 7.68806459
492 7.123346385
493 6.591772959
494 6.092125612
495 5.623165362
496 5.18364022
497 4.77229198
498 4.387862535
499 4.029099691
500 3.694762492
501 3.383626058
502 3.094485927
503 2.826161933
504 2.577501613
505 2.347383165
506 2.134717987
507 1.938452789
508 1.757571328
509 1.591095769
510 1.438087708
511 1.297648869
512 1.16892151
513 1.051088558
514 0.9433734969
515 0.8450400325
516 0.755391563
517 0.6737704697
518 0.599557257
519 0.5321695592
520 0.4710610358
521 0.4157201727
522 0.3656690093
523 0.3204618056
524 0.2796836665
525 0.2429491363
526 0.2099007763
527 0.1802077375
528 0.1535643382
529 0.1296886558
530 0.1083211408
531 0.08922326073
532 0.0721761779
533 0.05697946862
534 0.04344988581
535 0.03142016945
536 0.02073790689
537 0.01126444499
538 0.002873855267
539 -0.004548047357
540 -0.0111046321
541 -0.01688932643
542 -0.02198643745
543 -0.02647192158
544 -0.03041410396
545 -0.03387434885
546 -0.03690768308
547 -0.03956337415
548 -0.04188546517
549 -0.04391326858
550 -0.04568182084
551 -0.04722230018
552 -0.04856240968
553 -0.04972672764
554 -0.05073702744
555 -0.05161256898
556 -0.05237036359
557 -0.05302541434
558 -0.05359093375
559 -0.05407854037
560 -0.05449843625
561 -0.05485956656
562 -0.05516976313
563 -0.05543587308
564 -0.05566387405
565 -0.05585897712
566 -0.05602571859
567 -0.05616804178
568 -0.05628936966
569 -0.05639266926
570 -0.05648050883
571 -0.05655510827
572 -0.05661838369
573 -0.05667198667
574 -0.05671733879
575 -0.05675566194
576 -0.05678800492
577 -0.05681526673
578 -0.05683821684
579 -0.05685751302
580 -0.05687371671
581 -0.05688730652
582 -0.05689868986
583 -0.05690821307
584 -0.05691617015
585 -0.05692281037
586 -0.05692834474
587 -0.05693295168
588 -0.05693678182
589 -0.05693996218
590 -0.0569425997
591 -0.05694478432
592 -0.05694659154
593 -0.05694808471
594 -0.05694931687
595 -0.05695033238
596 -0.05695116829
597 -0.05695185551
598 -0.05695241978
599 -0.05695288253
600 -0.05695326156
601 -0.05695357162
602 -0.05695382495
603 -0.05695403167
604 -0.05695420015
605 -0.05695433729
606 -0.05695444879
607 -0.05695453932
608 -0.05695461274
609 -0.05695467221
610 -0.05695472032
611 -0.05695475919
612 -0.05695479056
613 -0.05695481584
614 -0.05695483619
615 -0.05695485255
616 -0.05695486569
617 -0.05695487623
618 -0.05695488467
619 -0.05695489142
620 -0.05695489681
621 -0.05695490112
622 -0.05695490455
623 -0.05695490728
624 -0.05695490946
625 -0.05695491118
626 -0.05695491255
627 -0.05695491363
628 -0.05695491449
629 -0.05695491517
630 -0.0569549157
631 -0.05695491612
632 -0.05695491646
633 -0.05695491672
634 -0.05695491692
635 -0.05695491708
636 -0.05695491721
637 -0.05695491731
638 -0.05695491738
639 -0.05695491744
640 -0.05695491749
641 -0.05695491753
642 -0.05695491756
643 -0.05695491758
644 -0.05695491759
645 -0.05695491761
646 -0.05695491762
647 -0.05695491763
648 -0.05695491763
649 -0.05695491764
650 -0.05695491764
651 -0.05695491764
652 -0.05695491765
653 -0.05695491765
654 -0.05695491765
655 -0.05695491765
656 -0.05695491765
657 -0.05695491765
658 -0.05695491765
659 -0.05695491765
660 -0.05695491765
661 -0.05695491765
662 -0.05695491765
663 -0.05695491765
664 -0.05695491765
665 -0.05695491765
666 -0.05695491765
667 -0.05695491765
668 -0.05695491765
669 -0.05695491765
670 -0.05695491765
671 -0.05695491765
672 -0.05695491765
673 -0.05695491765
674 -0.05695491765
675 -0.05695491765
676 -0.05695491765
677 -0.05695491765
678 -0.05695491765
679 -0.05695491765
680 -0.05695491765
681 -0.05695491765
682 -0.05695491765
683 -0.05695491765
684 -0.05695491765
685 -0.05695491765
686 -0.05695491765
687 -0.05695491765
688 -0.05695491765
689 -0.05695491765
690 -0.05695491765
691 -0.05695491765
692 -0.05695491765
693 -0.05695491765
694 -0.05695491765
695 -0.05695491765
696 -0.05695491765
697 -0.05695491765
698 -0.05695491765
699 -0.05695491765
700 -0.05695491765
701 -0.05695491765
702 -0.05695491765
703 -0.05695491765
704 -0.05695491765
705 -0.05695491765
706 -0.05695491765
707 -0.05695491765
708 -0.05695491765
709 -0.05695491765
710 -0.05695491765
711 -0.05695491765
712 -0.05695491765
713 -0.05695491765
714 -0.05695491765
715 -0.05695491765
716 -0.05695491765
717 -0.05695491765
718 -0.05695491765
719 -0.05695491765
720 -0.05695491765
721 -0.05695491765
722 -0.05695491765
723 -0.05695491765
724 -0.05695491765
725 -0.05695491765
726 -0.05695491765
727 -0.05695491765
728 -0.05695491765
729 -0.05695491765
730 -0.05695491765
731 -0.05695491765
732 -0.05695491765
733 -0.05695491765
734 -0.05695491765
735 -0.05695491765
736 -0.05695491765
737 -0.05695491765
738 -0.05695491765
739 -0.05695491765
740 -0.05695491765
741 -0.05695491765
742 -0.05695491765
743 -0.05695491765
744 -0.05695491765
745 -0.05695491765
746 -0.05695491765
747 -0.05695491765
748 -0.05695491765
749 -0.05695491765
750 -0.05695491765
751 -0.05695491765
752 -0.05695491765
753 -0.05695491765
754 -0.05695491765
755 -0.05695491765
756 -0.05695491765
757 -0.05695491765
758 -0.05695491765
759 -0.05695491765
760 -0.05695491765
761 -0.05695491765
762 -0.05695491765
763 -0.05695491765
764 -0.05695491765
765 -0.05695491765
766 -0.05695491765
767 -0.05695491765
768 -0.05695491765
769 -0.05695491765
770 -0.05695491765
771 -0.05695491765
772 -0.05695491765
773 -0.05695491765
774 -0.05695491765
775 -0.05695491765
776 -0.05695491765
777 -0.05695491765
778 -0.05695491765
779 -0.05695491765
780 -0.05695491765
781 -0.05695491765
782 -0.05695491765
783 -0.05695491765
784 -0.05695491765
785 -0.05695491765
786 -0.05695491765
787 -0.05695491765
788 -0.05695491765
789 -0.05695491765
790 -0.05695491765
791 -0.05695491765
792 -0.05695491765
793 -0.05695491765
794 -0.05695491765
795 -0.05695491765
796 -0.05695491765
797 -0.05695491765
798 -0.05695491765
799 -0.05695491765
800 -0.05695491765
801 -0.05695491765
802 -0.05695491765
803 -0.05695491765
804 -0.05695491765
805 -0.05695491765
806 -0.05695491765
807 -0.05695491765
808 -0.05695491765
809 -0.05695491765
810 -0.05695491765
811 -0.05695491765
812 -0.05695491765
813 -0.05695491765
814 -0.05695491765
815 -0.05695491765
816 -0.05695491765
817 -0.05695491765
818 -0.05695491765
819 -0.05695491765
820 -0.05695491765
821 -0.05695491765
822 -0.05695491765
823 -0.05695491765
824 -0.05695491765
825 -0.05695491765
826 -0.05695491765
827 -0.05695491765
828 -0.05695491765
829 -0.05695491765
830 -0.05695491765
831 -0.05695491765
832 -0.05695491765
833 -0.05695491765
834 -0.05695491765
835 -0.05695491765
836 -0.05695491765
837 -0.05695491765
838 -0.05695491765
839 -0.05695491765
840 -0.05695491765
841 -0.05695491765
842 -0.05695491765
843 -0.05695491765
844 -0.05695491765
845 -0.05695491765
846 -0.05695491765
847 -0.05695491765
848 -0.05695491765
849 -0.05695491765
850 -0.05695491765
851 -0.05695491765
852 -0.05695491765
853 -0.05695491765
854 -0.05695491765
855 -0.05695491765
856 -0.05695491765
857 -0.05695491765
858 -0.05695491765
859 -0.05695491765
860 -0.05695491765
861 -0.05695491765
862 -0.05695491765
863 -0.05695491765
864 -0.05695491765
865 -0.05695491765
866 -0.05695491765
867 -0.05695491765
868 -0.05695491765
869 -0.05695491765
870 -0.05695491765
871 -0.05695491765
872 -0.05695491765
873 -0.05695491765
874 -0.05695491765
875 -0.05695491765
876 -0.05695491765
877 -0.05695491765
878 -0.05695491765
879 -0.05695491765
880 -0.05695491765
881 -0.05695491765
882 -0.05695491765
883 -0.05695491765
884 -0.05695491765
885 -0.05695491765
886 -0.05695491765
887 -0.05695491765
888 -0.05695491765
889 -0.05695491765
890 -0.05695491765
891 -0.05695491765
892 -0.05695491765
893 -0.05695491765
894 -0.05695491765
895 -0.05695491765
896 -0.05695491765
897 -0.05695491765
898 -0.05695491765
899 -0.05695491765
900 -0.05695491765
901 -0.05695491765
902 -0.05695491765
903 -0.05695491765
904 -0.05695491765
905 -0.05695491765
906 -0.05695491765
907 -0.05695491765
908 -0.05695491765
909 -0.05695491765
910 -0.05695491765
911 -0.05695491765
912 -0.05695491765
913 -0.05695491765
914 -0.05695491765
915 -0.05695491765
916 -0.05695491765
917 -0.05695491765
918 -0.05695491765
919 -0.05695491765
920 -0.05695491765
921 -0.05695491765
922 -0.05695491765
923 -0.05695491765
924 -0.05695491765
925 -0.05695491765
926 -0.05695491765
927 -0.05695491765
928 -0.05695491765
929 -0.05695491765
930 -0.05695491765
931 -0.05695491765
932 -0.05695491765
933 -0.05695491765
934 -0.05695491765
935 -0.05695491765
936 -0.05695491765
937 -0.05695491765
938 -0.05695491765
939 -0.05695491765
940 -0.05695491765
941 -0.05695491765
942 -0.05695491765
943 -0.05695491765
944 -0.05695491765
945 -0.05695491765
946 -0.05695491765
947 -0.05695491765
948 -0.05695491765
949 -0.05695491765
950 -0.05695491765
951 -0.05695491765
952 -0.05695491765
953 -0.05695491765
954 -0.05695491765
955 -0.05695491765
956 -0.05695491765
957 -0.05695491765
958 -0.05695491765
959 -0.05695491765
960 -0.05695491765
961 -0.05695491765
962 -0.05695491765
963 -0.05695491765
964 -0.05695491765
965 -0.05695491765
966 -0.05695491765
967 -0.05695491765
968 -0.05695491765
969 -0.05695491765
970 -0.05695491765
971 -0.05695491765
972 -0.05695491765
973 -0.05695491765
974 -0.05695491765
975 -0.05695491765
976 -0.05695491765
977 -0.05695491765
978 -0.05695491765
979 -0.05695491765
980 -0.05695491765
981 -0.05695491765
982 -0.05695491765
983 -0.05695491765
984 -0.05695491765
985 -0.05695491765
986 -0.05695491765
987 -0.05695491765
988 -0.05695491765
989 -0.05695491765
990 -0.05695491765
991 -0.05695491765
992 -0.05695491765
993 -0.05695491765
994 -0.05695491765
995 -0.05695491765
996 -0.05695491765
997 -0.05695491765
998 -0.05695491765
999 -0.05695491765
1000 -0.05695491765
1001 -0.05695491765
1002 -0.05695491765
1003 -0.05695491765
1004 -0.05695491765
1005 -0.05695491765
1006 -0.05695491765
1007 -0.05695491765
1008 -0.05695491765
1009 -0.05695491765
1010 -0.05695491765
1011 -0.05695491765
1012 -0.05695491765
1013 -0.05695491765
1014 -0.05695491765
1015 -0.05695491765
1016 -0.05695491765
1017 -0.05695491765
1018 -0.05695491765
1019 -0.05695491765
1020 -0.05695491765
1021 -0.05695491765
1022 -0.05695491765
1023 -0.05695491765
