#54088 2910.0067142180789368 0.0045700634576208969823 1 1477 16.000049430220818044 1024 7 1 J1713+0747 0.0000000 
0 1.241127707
1 1.13408029
2 1.036248933
3 0.9469604464
4 0.8655781896
5 0.7915013868
6 0.7241643093
7 0.6630353381
8 0.6076159259
9 0.5574394768
10 0.5120701588
11 0.4711016652
12 0.4341559374
13 0.4008818639
14 0.3709539644
15 0.3440710725
16 0.3199550233
17 0.2983493564
18 0.2790180407
19 0.261744227
20 0.2463290342
21 0.2325903729
22 0.2203618113
23 0.2094914842
24 0.1998410499
25 0.1912846939
26 0.1837081829
27 0.177007967
28 0.1710903328
29 0.165870605
30 0.1612723966
31 0.1572269066
32 0.1536722647
33 0.1505529196
34 0.1478190714
35 0.145426145
36 0.1433343034
37 0.1415079987
38 0.1399155582
39 0.1385288048
40 0.1373227092
41 0.1362750711
42 0.1353662295
43 0.1345787974
44 0.1338974223
45 0.1333085674
46 0.132800315
47 0.1323621878
48 0.1319849885
49 0.1316606547
50 0.1313821298
51 0.1311432458
52 0.1309386193
53 0.1307635588
54 0.1306139811
55 0.1304863377
56 0.1303775494
57 0.1302849475
58 0.1302062228
59 0.1301393799
60 0.1300826966
61 0.1300346893
62 0.1299940808
63 0.1299597741
64 0.1299308274
65 0.129906434
66 0.1298859034
67 0.1298686454
68 0.1298541567
69 0.1298420079
70 0.129831834
71 0.1298233246
72 0.1298162162
73 0.1298102856
74 0.1298053438
75 0.129801231
76 0.1297978126
77 0.1297949747
78 0.1297926217
79 0.1297906732
80 0.1297890617
81 0.1297877306
82 0.1297866324
83 0.1297857274
84 0.1297849827
85 0.1297843707
86 0.1297838682
87 0.1297834562
88 0.1297831188
89 0.1297828429
90 0.1297826176
91 0.1297824337
92 0.1297822839
93 0.1297821619
94 0.1297820628
95 0.1297819824
96 0.1297819171
97 0.1297818643
98 0.1297818216
99 0.1297817871
100 0.1297817592
101 0.1297817368
102 0.1297817188
103 0.1297817042
104 0.1297816926
105 0.1297816833
106 0.1297816758
107 0.1297816698
108 0.129781665
109 0.1297816612
110 0.1297816582
111 0.1297816557
112 0.1297816538
113 0.1297816523
114 0.1297816511
115 0.1297816501
116 0.1297816494
117 0.1297816488
118 0.1297816483
119 0.1297816479
120 0.1297816476
121 0.1297816474
122 0.1297816472
123 0.1297816471
124 0.129781647
125 0.1297816469
126 0.1297816468
127 0.1297816467
128 0.1297816467
129 0.1297816467
130 0.1297816466
131 0.1297816466
132 0.1297816466
133 0.1297816466
134 0.1297816466
135 0.1297816466
136 0.1297816466
137 0.1297816466
138 0.1297816466
139 0.1297816466
140 0.1297816466
141 0.1297816466
142 0.1297816466
143 0.1297816466
144 0.1297816466
145 0.1297816466
146 0.1297816466
147 0.1297816466
148 0.1297816466
149 0.1297816466
150 0.1297816466
151 0.1297816466
152 0.1297816466
153 0.1297816466
154 0.1297816466
155 0.1297816466
156 0.1297816466
157 0.1297816466
158 0.1297816466
159 0.1297816466
160 0.1297816466
161 0.1297816466
162 0.1297816466
163 0.1297816466
164 0.1297816466
165 0.1297816466
166 0.1297816466
167 0.1297816466
168 0.1297816466
169 0.1297816466
170 0.1297816466
171 0.1297816466
172 0.1297816466
173 0.1297816466
174 0.1297816466
175 0.1297816466
176 0.1297816466
177 0.1297816466
178 0.1297816466
179 0.1297816466
180 0.1297816466
181 0.1297816466
182 0.1297816466
183 0.1297816466
184 0.1297816466
185 0.1297816466
186 0.1297816466
187 0.1297816466
188 0.1297816466
189 0.1297816466
190 0.1297816466
191 0.1297816466
192 0.1297816466
193 0.1297816466
194 0.1297816466
195 0.1297816466
196 0.1297816466
197 0.1297816466
198 0.1297816466
199 0.1297816466
200 0.1297816466
201 0.1297816466
202 0.1297816466
203 0.1297816466
204 0.1297816466
205 0.1297816466
206 0.1297816466
207 0.1297816466
208 0.1297816466
209 0.1297816466
210 0.1297816466
211 0.1297816466
212 0.1297816466
213 0.1297816466
214 0.1297816466
215 0.1297816466
216 0.1297816466
217 0.1297816466
218 0.1297816466
219 0.1297816466
220 0.1297816466
221 0.1297816466
222 0.1297816466
223 0.1297816466
224 0.1297816466
225 0.1297816466
226 0.1297816466
227 0.1297816466
228 0.1297816466
229 0.1297816466
230 0.1297816466
231 0.1297816466
232 0.1297816466
233 0.1297816466
234 0.1297816466
235 0.1297816466
236 0.1297816466
237 0.1297816466
238 0.1297816466
239 0.1297816466
240 0.1297816466
241 0.1297816466
242 0.1297816466
243 0.1297816466
244 0.1297816466
245 0.1297816466
246 0.1297816466
247 0.1297816466
248 0.1297816466
249 0.1297816466
250 0.1297816466
251 0.1297816466
252 0.1297816466
253 0.1297816466
254 0.1297816466
255 0.1297816466
256 0.1297816466
257 0.1297816466
258 0.1297816466
259 0.1297816466
260 0.1297816466
261 0.1297816466
262 0.1297816466
263 0.1297816466
264 0.1297816466
265 0.1297816466
266 0.1297816466
267 0.1297816466
268 0.1297816466
269 0.1297816466
270 0.1297816466
271 0.1297816466
272 0.1297816466
273 0.1297816466
274 0.1297816466
275 0.1297816466
276 0.1297816466
277 0.1297816466
278 0.1297816466
279 0.1297816466
280 0.1297816466
281 0.1297816466
282 0.1297816466
283 0.1297816466
284 0.1297816466
285 0.1297816466
286 0.1297816466
287 0.1297816466
288 0.1297816466
289 0.1297816466
290 0.1297816466
291 0.1297816466
292 0.1297816466
293 0.1297816466
294 0.1297816466
295 0.1297816466
296 0.1297816466
297 0.1297816466
298 0.1297816466
299 0.1297816466
300 0.1297816466
301 0.1297816466
302 0.1297816466
303 0.1297816466
304 0.1297816466
305 0.1297816466
306 0.1297816466
307 0.1297816466
308 0.1297816466
309 0.1297816466
310 0.1297816466
311 0.1297816466
312 0.1297816466
313 0.1297816466
314 0.1297816466
315 0.1297816466
316 0.1297816466
317 0.1297816466
318 0.1297816466
319 0.1297816466
320 0.1297816466
321 0.1297816466
322 0.1297816466
323 0.1297816466
324 0.1297816466
325 0.1297816466
326 0.1297816466
327 0.1297816466
328 0.1297816466
329 0.1297816466
330 0.1297816466
331 0.1297816466
332 0.1297816466
333 0.1297816466
334 0.1297816466
335 0.1297816466
336 0.1297816466
337 0.1297816466
338 0.1297816466
339 0.1297816466
340 0.1297816466
341 0.1297816466
342 0.1297816466
343 0.1297816466
344 0.1297816466
345 0.1297816466
346 0.1297816466
347 0.1297816466
348 0.1297816466
349 0.1297816466
350 0.1297816466
351 0.1297816466
352 0.1297816466
353 0.1297816466
354 0.1297816466
355 0.1297816466
356 0.1297816466
357 0.1297816466
358 0.1297816466
359 0.1297816466
360 0.1297816466
361 0.1297816466
362 0.1297816466
363 0.1297816466
364 0.1297816466
365 0.1297816466
366 0.1297816466
367 0.1297816466
368 0.1297816466
369 0.1297816466
370 0.1297816466
371 0.1297816466
372 0.1297816466
373 0.1297816466
374 0.1297816466
375 0.1297816466
376 0.1297816466
377 0.1297816466
378 0.1297816466
379 0.1297816466
380 0.1297816466
381 0.1297816466
382 0.1297816466
383 0.1297816466
384 0.1297816466
385 0.1297816466
386 0.1297816466
387 0.1297816466
388 0.1297816466
389 0.1297816466
390 0.1297816466
391 0.1297816466
392 0.1297816466
393 0.1297816466
394 0.1297816466
395 0.1297816466
396 0.1297816466
397 0.1297816466
398 0.1297816466
399 0.1297816466
400 0.1297816466
401 0.1297816466
402 0.1297816466
403 0.1297816466
404 0.1297816466
405 0.1297816466
406 0.1297816466
407 0.1297816466
408 0.1297816466
409 0.1297816466
410 0.1297816466
411 0.1297816466
412 0.1297816466
413 0.1297816466
414 0.1297816466
415 0.1297816466
416 0.1297816466
417 0.1297816466
418 0.1297816466
419 0.1297816466
420 0.1297816466
421 0.1297816466
422 0.1297816466
423 0.1297816466
424 0.1297816466
425 0.1297816466
426 0.1297816466
427 0.1297816466
428 0.1297816466
429 0.1297816466
430 0.1297816466
431 0.1297816466
432 0.1297816466
433 0.1297816466
434 0.1297816466
435 0.1297816466
436 0.1297816466
437 0.1297816466
438 0.1297816466
439 0.1297816466
440 0.1297816466
441 0.1297816466
442 0.1297816466
443 0.1297816466
444 0.1297816466
445 0.1297816466
446 0.1297816466
447 0.1297816466
448 0.1297816466
449 0.1297816466
450 0.1297816466
451 0.1297816466
452 0.1297816466
453 0.1297816466
454 0.1297816466
455 0.1297816466
456 0.1297816466
457 0.1297816466
458 0.1297816466
459 0.1297816466
460 0.1297816466
461 0.1297816466
462 0.1297816466
463 0.1297816466
464 0.1297816466
465 0.1297816466
466 0.1297816466
467 0.1297816466
468 0.1297816466
469 0.1297816466
470 0.1297816466
471 0.1297816466
472 0.1297816466
473 0.1297816466
474 0.1297816466
475 0.1297816466
476 0.1297816466
477 0.1297816466
478 0.1297816466
479 0.1297816466
480 0.1297816466
481 0.1297816466
482 0.1297816466
483 0.1297816466
484 0.1297816466
485 0.1297816466
486 0.1297816466
487 0.1297816466
488 0.1297816466
489 0.1297816466
490 0.1297816466
491 0.1297816466
492 0.1297816466
493 0.1297816466
494 0.1297816466
495 0.1297816466
496 0.1297816466
497 0.1297816466
498 0.1297816466
499 0.1297816466
500 0.1297816466
501 0.1297816466
502 0.1297816466
503 0.1297816466
504 0.1297816466
505 0.1297816466
506 0.1297816466
507 0.1297816466
508 0.1297816466
509 0.1297816466
510 0.1297816466
511 0.1297816466
512 0.1297816466
513 0.1297816466
514 0.1297816466
515 0.1297816466
516 0.1297816466
517 0.1297816466
518 0.1297816466
519 0.1297816466
520 0.1297816466
521 0.1297816466
522 0.1297816466
523 0.1297816466
524 0.1297816466
525 0.1297816466
526 0.1297816466
527 0.1297816466
528 0.1297816466
529 0.1297816466
530 0.1297816466
531 0.1297816466
532 0.1297816466
533 0.1297816466
534 0.1297816466
535 0.1297816466
536 0.1297816466
537 0.1297816466
538 0.1297816466
539 0.1297816466
540 0.1297816466
541 0.1297816466
542 0.1297816466
543 0.1297816466
544 0.1297816466
545 0.1297816466
546 0.1297816466
547 0.1297816466
548 0.1297816466
549 0.1297816466
550 0.1297816466
551 0.1297816466
552 0.1297816466
553 0.1297816466
554 0.1297816466
555 0.1297816466
556 0.1297816466
557 0.1297816466
558 0.1297816466
559 0.1297816466
560 0.1297816466
561 0.1297816466
562 0.1297816466
563 0.1297816466
564 0.1297816466
565 0.1297816466
566 0.1297816466
567 0.1297816466
568 0.1297816466
569 0.1297816466
570 0.1297816466
571 0.1297816466
572 0.1297816466
573 0.1297816466
574 0.1297816466
575 0.1297816466
576 0.1297816466
577 0.1297816466
578 0.1297816466
579 0.1297816466
580 0.1297816466
581 0.1297816466
582 0.1297816466
583 0.1297816466
584 0.1297816466
585 0.1297816466
586 0.1297816466
587 0.1297816466
588 0.1297816466
589 0.1297816466
590 0.1297816466
591 0.1297816466
592 0.1297816466
593 0.1297816466
594 0.1297816466
595 0.1297816466
596 0.1297816466
597 0.1297816466
598 0.1297816466
599 0.1297816466
600 0.1297816466
601 0.1297816466
602 0.1297816466
603 0.1297816466
604 0.1297816466
605 0.1297816466
606 0.1297816466
607 0.1297816466
608 0.1297816466
609 0.1297816466
610 0.1297816466
611 0.1297816466
612 0.1297816466
613 0.1297816466
614 0.1297816466
615 0.1297816467
616 0.1297816467
617 0.1297816467
618 0.1297816468
619 0.1297816468
620 0.1297816469
621 0.1297816469
622 0.129781647
623 0.1297816472
624 0.1297816473
625 0.1297816475
626 0.1297816477
627 0.129781648
628 0.1297816484
629 0.1297816488
630 0.1297816494
631 0.1297816501
632 0.1297816509
633 0.129781652
634 0.1297816533
635 0.1297816549
636 0.1297816569
637 0.1297816593
638 0.1297816623
639 0.129781666
640 0.1297816705
641 0.1297816761
642 0.1297816829
643 0.1297816912
644 0.1297817014
645 0.1297817138
646 0.1297817289
647 0.1297817474
648 0.1297817698
649 0.1297817971
650 0.1297818302
651 0.1297818704
652 0.1297819191
653 0.1297819781
654 0.1297820494
655 0.1297821356
656 0.1297822396
657 0.129782365
658 0.129782516
659 0.1297826977
660 0.129782916
661 0.1297831782
662 0.1297834925
663 0.1297838691
664 0.1297843199
665 0.1297848587
666 0.1297855022
667 0.1297862699
668 0.1297871848
669 0.1297882739
670 0.1297895691
671 0.1297911078
672 0.1297929337
673 0.1297950983
674 0.1297976616
675 0.1298006939
676 0.1298042771
677 0.129808507
678 0.1298134949
679 0.1298193705
680 0.1298262843
681 0.1298344113
682 0.1298439542
683 0.1298551478
684 0.1298682637
685 0.1298836158
686 0.1299015663
687 0.1299225326
688 0.1299469954
689 0.1299755075
690 0.1300087038
691 0.1300473129
692 0.1300921694
693 0.1301442288
694 0.1302045833
695 0.1302744801
696 0.1303553417
697 0.130448788
698 0.1305566626
699 0.13068106
700 0.1308243577
701 0.1309892508
702 0.1311787906
703 0.1313964278
704 0.1316460597
705 0.1319320828
706 0.1322594505
707 0.1326337368
708 0.1330612062
709 0.1335488907
710 0.1341046735
711 0.1347373816
712 0.1354568857
713 0.1362742101
714 0.1372016516
715 0.1382529092
716 0.1394432242
717 0.140789532
718 0.1423106263
719 0.1440273358
720 0.1459627143
721 0.1481422454
722 0.1505940607
723 0.1533491745
724 0.1564417331
725 0.1599092809
726 0.1637930429
727 0.1681382237
728 0.1729943245
729 0.1784154764
730 0.1844607913
731 0.1911947307
732 0.1986874906
733 0.207015403
734 0.2162613543
735 0.2265152176
736 0.2378743009
737 0.2504438066
738 0.264337304
739 0.2796772114
740 0.2965952854
741 0.3152331176
742 0.3357426326
743 0.3582865874
744 0.3830390682
745 0.4101859795
746 0.4399255244
747 0.4724686693
748 0.5080395903
749 0.5468760953
750 0.5892300169
751 0.6353675709
752 0.685569674
753 0.7401322148
754 0.7993662717
755 0.8635982709
756 0.9331700775
757 1.008439013
758 1.089777792
759 1.177574371
760 1.272231699
761 1.374167369
762 1.483813159
763 1.601614453
764 1.728029542
765 1.863528791
766 2.008593675
767 2.163715669
768 2.329394995
769 2.506139214
770 2.694461668
771 2.894879764
772 3.107913097
773 3.334081418
774 3.573902441
775 3.827889493
776 4.096549014
777 4.3803779
778 4.679860711
779 4.995466741
780 5.327646953
781 5.676830811
782 6.043422992
783 6.427800025
784 6.830306833
785 7.251253239
786 7.69091041
787 8.1495073
788 8.627227078
789 9.12420359
790 9.640517865
791 10.17619469
792 10.7311993
793 11.30543415
794 11.89873591
795 12.51087258
796 13.14154081
797 13.79036353
798 14.45688777
799 15.14058279
800 15.84083853
801 16.55696444
802 17.28818863
803 18.03365741
804 18.79243532
805 19.56350545
806 20.34577037
807 21.13805341
808 21.93910048
809 22.7475823
810 23.56209722
811 24.38117445
812 25.20327784
813 26.02681009
814 26.8501175
815 27.67149517
816 28.48919262
817 29.30141989
818 30.10635404
819 30.90214606
820 31.68692806
821 32.4588209
822 33.21594203
823 33.95641362
824 34.67837088
825 35.3799706
826 36.05939973
827 36.71488413
828 37.3446973
829 37.94716911
830 38.52069441
831 39.06374164
832 39.57486115
833 40.05269334
834 40.4959766
835 40.90355485
836 41.27438475
837 41.60754256
838 41.90223044
839 42.15778244
840 42.37366977
841 42.54950572
842 42.68504983
843 42.7802116
844 42.83505344
845 42.84979312
846 42.82480538
847 42.76062306
848 42.6579374
849 42.51759776
850 42.34061058
851 42.12813774
852 41.88149417
853 41.60214488
854 41.29170127
855 40.95191684
856 40.58468234
857 40.19202022
858 39.77607858
859 39.33912459
860 38.88353737
861 38.41180031
862 37.92649305
863 37.43028296
864 36.92591615
865 36.41620825
866 35.90403467
867 35.3923207
868 34.88403119
869 34.38216003
870 33.88971938
871 33.40972871
872 32.94520362
873 32.49914455
874 32.07452536
875 31.67428176
876 31.30129976
877 30.958404
878 30.64834615
879 30.37379322
880 30.13731604
881 29.94137772
882 29.78832232
883 29.68036362
884 29.61957407
885 29.60787398
886 29.64702106
887 29.73860015
888 29.8840134
889 30.08447085
890 30.34098146
891 30.65434467
892 31.02514253
893 31.45373246
894 31.94024069
895 32.48455647
896 33.08632708
897 33.74495367
898 34.45958811
899 35.22913071
900 36.05222906
901 36.92727795
902 37.85242037
903 38.82554977
904 39.84431349
905 40.90611746
906 42.00813217
907 43.14729998
908 44.32034368
909 45.52377639
910 46.75391283
911 48.00688174
912 49.2786397
913 50.56498612
914 51.86157936
915 53.16395403
916 54.46753934
917 55.76767834
918 57.0596481
919 58.33868063
920 59.59998447
921 60.83876677
922 62.05025588
923 63.22972406
924 64.37251046
925 65.47404399
926 66.52986608
927 67.53565303
928 68.487238
929 69.38063228
930 70.21204578
931 70.97790662
932 71.67487965
933 72.29988367
934 72.85010743
935 73.32302406
936 73.71640395
937 74.02832597
938 74.25718693
939 74.40170916
940 74.46094623
941 74.43428672
942 74.32145602
943 74.12251615
944 73.83786359
945 73.4682252
946 73.01465213
947 72.47851199
948 71.86147906
949 71.16552292
950 70.39289537
951 69.54611587
952 68.62795552
953 67.64141985
954 66.58973042
955 65.47630545
956 64.30473958
957 63.07878303
958 61.80232013
959 60.47934758
960 59.11395244
961 57.71029019
962 56.27256273
963 54.80499681
964 53.31182284
965 51.79725413
966 50.26546703
967 48.72058167
968 47.16664374
969 45.60760729
970 44.04731854
971 42.489501
972 40.93774176
973 39.39547913
974 37.86599158
975 36.35238812
976 34.85759999
977 33.3843738
978 31.93526604
979 30.51263894
980 29.11865769
981 27.7552889
982 26.4243004
983 25.12726215
984 23.8655483
985 22.64034032
986 21.45263114
987 20.30323012
988 19.19276889
989 18.12170793
990 17.09034381
991 16.09881693
992 15.14711981
993 14.23510575
994 13.36249775
995 12.52889774
996 11.73379588
997 10.97657997
998 10.25654486
999 9.572901781
1000 8.924787589
1001 8.311273761
1002 7.731375215
1003 7.184058831
1004 6.668251651
1005 6.182848732
1006 5.726720609
1007 5.298720359
1008 4.897690231
1009 4.522467843
1010 4.171891926
1011 3.844807613
1012 3.540071272
1013 3.256554886
1014 2.993149993
1015 2.748771173
1016 2.522359127
1017 2.312883336
1018 2.119344324
1019 1.940775548
1020 1.776244939
1021 1.624856093
1022 1.48574916
1023 1.35810144
