#53912 2909.9964242377274546 0.0045702519850575407459 1 1429 16.000049430220818044 1024 7 1 J1713+0747 0.0000000 
0 0.09148325401
1 0.09148346926
2 0.09148372773
3 0.09148403779
4 0.09148440933
5 0.09148485408
6 0.09148538591
7 0.09148602119
8 0.09148677924
9 0.09148768284
10 0.09148875881
11 0.09149003867
12 0.09149155946
13 0.09149336461
14 0.09149550505
15 0.09149804036
16 0.09150104022
17 0.09150458601
18 0.09150877264
19 0.09151371072
20 0.09151952894
21 0.09152637693
22 0.09153442842
23 0.0915438849
24 0.09155497976
25 0.09156798307
26 0.09158320694
27 0.09160101166
28 0.09162181265
29 0.09164608833
30 0.09167438904
31 0.09170734705
32 0.091745688
33 0.09179024359
34 0.09184196603
35 0.09190194416
36 0.09197142158
37 0.09205181698
38 0.09214474678
39 0.09225205054
40 0.09237581921
41 0.09251842661
42 0.09268256445
43 0.09287128114
44 0.09308802492
45 0.09333669146
46 0.09362167656
47 0.09394793423
48 0.09432104067
49 0.09474726467
50 0.09523364481
51 0.09578807416
52 0.09641939291
53 0.09713748956
54 0.09795341125
55 0.09887948389
56 0.09992944263
57 0.1011185735
58 0.1024638664
59 0.103984181
60 0.1057004252
61 0.1076357473
62 0.1098157424
63 0.1122686741
64 0.115025711
65 0.1181211797
66 0.1215928343
67 0.1254821422
68 0.129834588
69 0.1346999943
70 0.1401328606
71 0.1461927198
72 0.1529445124
73 0.1604589783
74 0.1688130654
75 0.1780903555
76 0.1883815052
77 0.1997847023
78 0.2124061355
79 0.2263604769
80 0.2417713745
81 0.258771954
82 0.2775053268
83 0.2981251015
84 0.320795897
85 0.345693853
86 0.3730071348
87 0.402936429
88 0.4356954242
89 0.4715112745
90 0.5106250387
91 0.5532920908
92 0.5997824972
93 0.650381352
94 0.7053890671
95 0.7651216084
96 0.8299106725
97 0.9001037962
98 0.9760643918
99 1.058171701
100 1.146820661
101 1.242421672
102 1.34540026
103 1.456196634
104 1.575265119
105 1.703073464
106 1.840102022
107 1.986842786
108 2.143798288
109 2.311480337
110 2.490408619
111 2.681109125
112 2.884112426
113 3.099951786
114 3.329161104
115 3.572272706
116 3.829814964
117 4.102309759
118 4.390269796
119 4.69419576
120 5.014573342
121 5.351870118
122 5.706532321
123 6.078981492
124 6.469611039
125 6.878782711
126 7.306823014
127 7.754019575
128 8.220617482
129 8.706815623
130 9.212763039
131 9.738555326
132 10.2842311
133 10.84976856
134 11.43508218
135 12.04001952
136 12.66435828
137 13.3078035
138 13.969985
139 14.65045514
140 15.34868682
141 16.06407182
142 16.79591949
143 17.54345578
144 18.30582277
145 19.08207845
146 19.8711971
147 20.67207007
148 21.48350697
149 22.30423744
150 23.13291338
151 23.96811168
152 24.80833742
153 25.65202767
154 26.49755571
155 27.34323575
156 28.18732819
157 29.02804531
158 29.86355742
159 30.69199944
160 31.51147787
161 32.3200782
162 33.11587255
163 33.89692775
164 34.66131358
165 35.40711131
166 36.13242238
167 36.83537726
168 37.51414436
169 38.16693901
170 38.79203243
171 39.38776064
172 39.95253325
173 40.4848421
174 40.98326969
175 41.44649733
176 41.87331302
177 42.26261894
178 42.61343852
179 42.92492312
180 43.19635818
181 43.42716888
182 43.61692519
183 43.7653464
184 43.87230498
185 43.93782983
186 43.96210888
187 43.94549094
188 43.88848701
189 43.79177071
190 43.65617819
191 43.4827072
192 43.27251555
193 43.02691882
194 42.74738747
195 42.43554315
196 42.09315453
197 41.72213236
198 41.32452393
199 40.90250704
200 40.45838332
201 39.99457099
202 39.51359719
203 39.01808977
204 38.51076862
205 37.99443665
206 37.47197023
207 36.94630943
208 36.4204478
209 35.89742193
210 35.38030062
211 34.87217396
212 34.37614204
213 33.89530355
214 33.43274422
215 32.99152507
216 32.57467065
217 32.18515707
218 31.82590012
219 31.49974327
220 31.20944576
221 30.95767065
222 30.74697306
223 30.57978838
224 30.45842078
225 30.38503182
226 30.36162925
227 30.39005622
228 30.47198067
229 30.60888513
230 30.80205698
231 31.05257909
232 31.36132107
233 31.72893102
234 32.15582795
235 32.6421949
236 33.18797281
237 33.79285519
238 34.45628366
239 35.17744449
240 35.95526603
241 36.78841731
242 37.67530762
243 38.61408739
244 39.60265013
245 40.63863573
246 41.71943499
247 42.84219543
248 44.00382851
249 45.20101815
250 46.43023057
251 47.68772554
252 48.9695689
253 50.27164644
254 51.58967896
255 52.91923867
256 54.25576665
257 55.59459142
258 56.93094857
259 58.26000124
260 59.57686144
261 60.87661209
262 62.15432962
263 63.405107
264 64.62407709
265 65.80643621
266 66.9474676
267 68.04256489
268 69.08725515
269 70.07722153
270 71.00832532
271 71.87662716
272 72.67840742
273 73.41018541
274 74.06873741
275 74.65111341
276 75.15465224
277 75.57699522
278 75.91609806
279 76.17024094
280 76.33803676
281 76.41843747
282 76.41073833
283 76.31458027
284 76.12995012
285 75.85717887
286 75.49693785
287 75.05023302
288 74.51839723
289 73.9030807
290 73.20623963
291 72.43012315
292 71.57725875
293 70.65043609
294 69.65268963
295 68.58727999
296 67.45767422
297 66.26752527
298 65.02065066
299 63.72101058
300 62.37268561
301 60.97985418
302 59.54676997
303 58.07773936
304 56.57709916
305 55.04919471
306 53.4983585
307 51.92888953
308 50.3450334
309 48.75096335
310 47.15076233
311 45.54840617
312 43.94774797
313 42.35250377
314 40.76623952
315 39.19235945
316 37.6340958
317 36.09450009
318 34.57643563
319 33.08257166
320 31.61537874
321 30.1771256
322 28.76987729
323 27.39549465
324 26.05563502
325 24.75175411
326 23.48510892
327 22.25676183
328 21.06758546
329 19.91826855
330 18.8093225
331 17.74108866
332 16.71374621
333 15.72732053
334 14.78169202
335 13.87660521
336 13.01167815
337 12.18641201
338 11.40020067
339 10.65234041
340 9.942039527
341 9.268427814
342 8.630565906
343 8.02745436
344 7.458042478
345 6.921236806
346 6.41590928
347 5.940904984
348 5.495049496
349 5.077155796
350 4.686030733
351 4.320481022
352 3.979318787
353 3.661366622
354 3.365462199
355 3.090462405
356 2.835247034
357 2.598722037
358 2.379822346
359 2.177514289
360 1.990797616
361 1.818707155
362 1.660314117
363 1.514727076
364 1.381092643
365 1.258595861
366 1.146460342
367 1.043948171
368 0.9503595936
369 0.865032523
370 0.7873418712
371 0.71669874
372 0.652549483
373 0.5943746617
374 0.5416879119
375 0.4940347387
376 0.4509912544
377 0.4121628751
378 0.3771829885
379 0.3457116055
380 0.3174340065
381 0.2920593918
382 0.2693195459
383 0.248967522
384 0.2307763539
385 0.214537802
386 0.2000611361
387 0.1871719604
388 0.1757110838
389 0.1655334368
390 0.1565070383
391 0.1485120119
392 0.1414396532
393 0.1351915488
394 0.1296787446
395 0.1248209653
396 0.1205458827
397 0.1167884312
398 0.1134901705
399 0.1105986929
400 0.1080670727
401 0.1058533581
402 0.103920101
403 0.1022339246
404 0.1007651257
405 0.09948731039
406 0.09837706064
407 0.09741362959
408 0.09657866434
409 0.09585595378
410 0.09523119974
411 0.09469180978
412 0.09422671
413 0.09382617604
414 0.09348168109
415 0.09318575923
416 0.09293188284
417 0.0927143529
418 0.09252820098
419 0.09236910171
420 0.09223329497
421 0.09211751663
422 0.09201893717
423 0.09193510725
424 0.09186390964
425 0.09180351673
426 0.09175235316
427 0.09170906287
428 0.09167248022
429 0.09164160465
430 0.09161557847
431 0.0915936675
432 0.09157524413
433 0.09155977262
434 0.09154679625
435 0.09153592623
436 0.09152683203
437 0.09151923303
438 0.09151289134
439 0.09150760552
440 0.09150320526
441 0.09149954678
442 0.09149650881
443 0.09149398926
444 0.09149190226
445 0.0914901757
446 0.09148874911
447 0.09148757183
448 0.09148660151
449 0.09148580276
450 0.09148514606
451 0.09148460681
452 0.09148416457
453 0.09148380232
454 0.09148350597
455 0.09148326384
456 0.09148306624
457 0.09148290518
458 0.09148277408
459 0.09148266749
460 0.09148258094
461 0.09148251074
462 0.09148245388
463 0.09148240788
464 0.09148237071
465 0.09148234072
466 0.09148231654
467 0.09148229708
468 0.09148228143
469 0.09148226886
470 0.09148225878
471 0.09148225071
472 0.09148224425
473 0.09148223909
474 0.09148223497
475 0.09148223169
476 0.09148222907
477 0.09148222699
478 0.09148222534
479 0.09148222403
480 0.091482223
481 0.09148222218
482 0.09148222153
483 0.09148222101
484 0.09148222061
485 0.09148222029
486 0.09148222004
487 0.09148221985
488 0.09148221969
489 0.09148221957
490 0.09148221948
491 0.09148221941
492 0.09148221935
493 0.0914822193
494 0.09148221927
495 0.09148221924
496 0.09148221922
497 0.0914822192
498 0.09148221919
499 0.09148221918
500 0.09148221917
501 0.09148221917
502 0.09148221916
503 0.09148221916
504 0.09148221916
505 0.09148221915
506 0.09148221915
507 0.09148221915
508 0.09148221915
509 0.09148221915
510 0.09148221915
511 0.09148221915
512 0.09148221915
513 0.09148221915
514 0.09148221915
515 0.09148221915
516 0.09148221915
517 0.09148221915
518 0.09148221915
519 0.09148221915
520 0.09148221915
521 0.09148221915
522 0.09148221915
523 0.09148221915
524 0.09148221915
525 0.09148221915
526 0.09148221915
527 0.09148221915
528 0.09148221915
529 0.09148221915
530 0.09148221915
531 0.09148221915
532 0.09148221915
533 0.09148221915
534 0.09148221915
535 0.09148221915
536 0.09148221915
537 0.09148221915
538 0.09148221915
539 0.09148221915
540 0.09148221915
541 0.09148221915
542 0.09148221915
543 0.09148221915
544 0.09148221915
545 0.09148221915
546 0.09148221915
547 0.09148221915
548 0.09148221915
549 0.09148221915
550 0.09148221915
551 0.09148221915
552 0.09148221915
553 0.09148221915
554 0.09148221915
555 0.09148221915
556 0.09148221915
557 0.09148221915
558 0.09148221915
559 0.09148221915
560 0.09148221915
561 0.09148221915
562 0.09148221915
563 0.09148221915
564 0.09148221915
565 0.09148221915
566 0.09148221915
567 0.09148221915
568 0.09148221915
569 0.09148221915
570 0.09148221915
571 0.09148221915
572 0.09148221915
573 0.09148221915
574 0.09148221915
575 0.09148221915
576 0.09148221915
577 0.09148221915
578 0.09148221915
579 0.09148221915
580 0.09148221915
581 0.09148221915
582 0.09148221915
583 0.09148221915
584 0.09148221915
585 0.09148221915
586 0.09148221915
587 0.09148221915
588 0.09148221915
589 0.09148221915
590 0.09148221915
591 0.09148221915
592 0.09148221915
593 0.09148221915
594 0.09148221915
595 0.09148221915
596 0.09148221915
597 0.09148221915
598 0.09148221915
599 0.09148221915
600 0.09148221915
601 0.09148221915
602 0.09148221915
603 0.09148221915
604 0.09148221915
605 0.09148221915
606 0.09148221915
607 0.09148221915
608 0.09148221915
609 0.09148221915
610 0.09148221915
611 0.09148221915
612 0.09148221915
613 0.09148221915
614 0.09148221915
615 0.09148221915
616 0.09148221915
617 0.09148221915
618 0.09148221915
619 0.09148221915
620 0.09148221915
621 0.09148221915
622 0.09148221915
623 0.09148221915
624 0.09148221915
625 0.09148221915
626 0.09148221915
627 0.09148221915
628 0.09148221915
629 0.09148221915
630 0.09148221915
631 0.09148221915
632 0.09148221915
633 0.09148221915
634 0.09148221915
635 0.09148221915
636 0.09148221915
637 0.09148221915
638 0.09148221915
639 0.09148221915
640 0.09148221915
641 0.09148221915
642 0.09148221915
643 0.09148221915
644 0.09148221915
645 0.09148221915
646 0.09148221915
647 0.09148221915
648 0.09148221915
649 0.09148221915
650 0.09148221915
651 0.09148221915
652 0.09148221915
653 0.09148221915
654 0.09148221915
655 0.09148221915
656 0.09148221915
657 0.09148221915
658 0.09148221915
659 0.09148221915
660 0.09148221915
661 0.09148221915
662 0.09148221915
663 0.09148221915
664 0.09148221915
665 0.09148221915
666 0.09148221915
667 0.09148221915
668 0.09148221915
669 0.09148221915
670 0.09148221915
671 0.09148221915
672 0.09148221915
673 0.09148221915
674 0.09148221915
675 0.09148221915
676 0.09148221915
677 0.09148221915
678 0.09148221915
679 0.09148221915
680 0.09148221915
681 0.09148221915
682 0.09148221915
683 0.09148221915
684 0.09148221915
685 0.09148221915
686 0.09148221915
687 0.09148221915
688 0.09148221915
689 0.09148221915
690 0.09148221915
691 0.09148221915
692 0.09148221915
693 0.09148221915
694 0.09148221915
695 0.09148221915
696 0.09148221915
697 0.09148221915
698 0.09148221915
699 0.09148221915
700 0.09148221915
701 0.09148221915
702 0.09148221915
703 0.09148221915
704 0.09148221915
705 0.09148221915
706 0.09148221915
707 0.09148221915
708 0.09148221915
709 0.09148221915
710 0.09148221915
711 0.09148221915
712 0.09148221915
713 0.09148221915
714 0.09148221915
715 0.09148221915
716 0.09148221915
717 0.09148221915
718 0.09148221915
719 0.09148221915
720 0.09148221915
721 0.09148221915
722 0.09148221915
723 0.09148221915
724 0.09148221915
725 0.09148221915
726 0.09148221915
727 0.09148221915
728 0.09148221915
729 0.09148221915
730 0.09148221915
731 0.09148221915
732 0.09148221915
733 0.09148221915
734 0.09148221915
735 0.09148221915
736 0.09148221915
737 0.09148221915
738 0.09148221915
739 0.09148221915
740 0.09148221915
741 0.09148221915
742 0.09148221915
743 0.09148221915
744 0.09148221915
745 0.09148221915
746 0.09148221915
747 0.09148221915
748 0.09148221915
749 0.09148221915
750 0.09148221915
751 0.09148221915
752 0.09148221915
753 0.09148221915
754 0.09148221915
755 0.09148221915
756 0.09148221915
757 0.09148221915
758 0.09148221915
759 0.09148221915
760 0.09148221915
761 0.09148221915
762 0.09148221915
763 0.09148221915
764 0.09148221915
765 0.09148221915
766 0.09148221915
767 0.09148221915
768 0.09148221915
769 0.09148221915
770 0.09148221915
771 0.09148221915
772 0.09148221915
773 0.09148221915
774 0.09148221915
775 0.09148221915
776 0.09148221915
777 0.09148221915
778 0.09148221915
779 0.09148221915
780 0.09148221915
781 0.09148221915
782 0.09148221915
783 0.09148221915
784 0.09148221915
785 0.09148221915
786 0.09148221915
787 0.09148221915
788 0.09148221915
789 0.09148221915
790 0.09148221915
791 0.09148221915
792 0.09148221915
793 0.09148221915
794 0.09148221915
795 0.09148221915
796 0.09148221915
797 0.09148221915
798 0.09148221915
799 0.09148221915
800 0.09148221915
801 0.09148221915
802 0.09148221915
803 0.09148221915
804 0.09148221915
805 0.09148221915
806 0.09148221915
807 0.09148221915
808 0.09148221915
809 0.09148221915
810 0.09148221915
811 0.09148221915
812 0.09148221915
813 0.09148221915
814 0.09148221915
815 0.09148221915
816 0.09148221915
817 0.09148221915
818 0.09148221915
819 0.09148221915
820 0.09148221915
821 0.09148221915
822 0.09148221915
823 0.09148221915
824 0.09148221915
825 0.09148221915
826 0.09148221915
827 0.09148221915
828 0.09148221915
829 0.09148221915
830 0.09148221915
831 0.09148221915
832 0.09148221915
833 0.09148221915
834 0.09148221915
835 0.09148221915
836 0.09148221915
837 0.09148221915
838 0.09148221915
839 0.09148221915
840 0.09148221915
841 0.09148221915
842 0.09148221915
843 0.09148221915
844 0.09148221915
845 0.09148221915
846 0.09148221915
847 0.09148221915
848 0.09148221915
849 0.09148221915
850 0.09148221915
851 0.09148221915
852 0.09148221915
853 0.09148221915
854 0.09148221915
855 0.09148221915
856 0.09148221915
857 0.09148221915
858 0.09148221915
859 0.09148221915
860 0.09148221915
861 0.09148221915
862 0.09148221915
863 0.09148221915
864 0.09148221915
865 0.09148221915
866 0.09148221915
867 0.09148221915
868 0.09148221915
869 0.09148221915
870 0.09148221915
871 0.09148221915
872 0.09148221915
873 0.09148221915
874 0.09148221915
875 0.09148221915
876 0.09148221915
877 0.09148221915
878 0.09148221915
879 0.09148221915
880 0.09148221915
881 0.09148221915
882 0.09148221915
883 0.09148221915
884 0.09148221915
885 0.09148221915
886 0.09148221915
887 0.09148221915
888 0.09148221915
889 0.09148221915
890 0.09148221915
891 0.09148221915
892 0.09148221915
893 0.09148221915
894 0.09148221915
895 0.09148221915
896 0.09148221915
897 0.09148221915
898 0.09148221915
899 0.09148221915
900 0.09148221915
901 0.09148221915
902 0.09148221915
903 0.09148221915
904 0.09148221915
905 0.09148221915
906 0.09148221915
907 0.09148221915
908 0.09148221915
909 0.09148221915
910 0.09148221915
911 0.09148221915
912 0.09148221915
913 0.09148221915
914 0.09148221915
915 0.09148221915
916 0.09148221915
917 0.09148221915
918 0.09148221915
919 0.09148221915
920 0.09148221915
921 0.09148221915
922 0.09148221915
923 0.09148221915
924 0.09148221915
925 0.09148221915
926 0.09148221915
927 0.09148221915
928 0.09148221915
929 0.09148221915
930 0.09148221915
931 0.09148221915
932 0.09148221915
933 0.09148221915
934 0.09148221915
935 0.09148221915
936 0.09148221915
937 0.09148221915
938 0.09148221915
939 0.09148221915
940 0.09148221915
941 0.09148221915
942 0.09148221915
943 0.09148221915
944 0.09148221915
945 0.09148221915
946 0.09148221915
947 0.09148221915
948 0.09148221915
949 0.09148221915
950 0.09148221915
951 0.09148221915
952 0.09148221915
953 0.09148221915
954 0.09148221915
955 0.09148221915
956 0.09148221915
957 0.09148221915
958 0.09148221915
959 0.09148221915
960 0.09148221915
961 0.09148221915
962 0.09148221915
963 0.09148221915
964 0.09148221915
965 0.09148221915
966 0.09148221915
967 0.09148221915
968 0.09148221915
969 0.09148221915
970 0.09148221916
971 0.09148221916
972 0.09148221916
973 0.09148221917
974 0.09148221917
975 0.09148221918
976 0.09148221918
977 0.09148221919
978 0.09148221921
979 0.09148221922
980 0.09148221924
981 0.09148221926
982 0.09148221929
983 0.09148221933
984 0.09148221938
985 0.09148221944
986 0.09148221952
987 0.09148221961
988 0.09148221973
989 0.09148221988
990 0.09148222006
991 0.09148222029
992 0.09148222057
993 0.09148222093
994 0.09148222137
995 0.09148222191
996 0.09148222259
997 0.09148222343
998 0.09148222446
999 0.09148222574
1000 0.09148222732
1001 0.09148222926
1002 0.09148223165
1003 0.0914822346
1004 0.09148223822
1005 0.09148224266
1006 0.09148224811
1007 0.09148225478
1008 0.09148226294
1009 0.09148227293
1010 0.09148228512
1011 0.09148229999
1012 0.09148231811
1013 0.09148234017
1014 0.09148236699
1015 0.09148239958
1016 0.09148243912
1017 0.09148248706
1018 0.09148254511
1019 0.09148261533
1020 0.09148270019
1021 0.09148280262
1022 0.09148292615
1023 0.09148307495
