#53496 2909.9999931269869724 0.0045699365722049190008 1 1485 16.000049430220818044 1024 7 1 J1713+0747 0.0000000 
0 32.161217
1 31.72526916
2 31.31041438
3 30.91952494
4 30.55542406
5 30.22087447
6 29.91856701
7 29.65110928
8 29.4210143
9 29.23068925
10 29.08242435
11 28.97838188
12 28.92058539
13 28.91090915
14 28.95106784
15 29.04260658
16 29.1868913
17 29.38509956
18 29.63821175
19 29.94700287
20 30.31203484
21 30.73364944
22 31.21196192
23 31.74685535
24 32.33797577
25 32.98472813
26 33.68627328
27 34.44152573
28 35.2491526
29 36.10757353
30 37.01496173
31 37.96924624
32 38.96811532
33 40.00902108
34 41.08918542
35 42.20560716
36 43.35507054
37 44.53415493
38 45.73924585
39 46.9665473
40 48.21209521
41 49.47177221
42 50.74132347
43 52.01637364
44 53.29244484
45 54.56497559
46 55.82934052
47 57.08087091
48 58.31487585
49 59.52666387
50 60.71156502
51 61.86495319
52 62.98226856
53 64.05903997
54 65.09090722
55 66.07364293
56 67.00317405
57 67.87560263
58 68.68722587
59 69.43455528
60 70.1143347
61 70.72355723
62 71.2594807
63 71.71964184
64 72.10186881
65 72.40429212
66 72.6253538
67 72.76381479
68 72.81876045
69 72.78960419
70 72.67608917
71 72.47828802
72 72.1966007
73 71.83175038
74 71.38477744
75 70.85703175
76 70.25016299
77 69.56610951
78 68.80708541
79 67.97556628
80 67.07427344
81 66.1061571
82 65.07437824
83 63.98228965
84 62.83341613
85 61.63143397
86 60.38015003
87 59.08348037
88 57.74542873
89 56.37006501
90 54.96150384
91 53.52388339
92 52.06134463
93 50.57801114
94 49.07796955
95 47.56525084
96 46.04381248
97 44.51752161
98 42.9901393
99 41.46530597
100 39.94652803
101 38.43716583
102 36.9404229
103 35.45933653
104 33.99676975
105 32.55540462
106 31.13773691
107 29.74607211
108 28.38252274
109 27.04900691
110 25.74724814
111 24.47877629
112 23.24492967
113 22.04685807
114 20.88552688
115 19.76172199
116 18.67605551
117 17.62897228
118 16.62075692
119 15.65154149
120 14.72131356
121 13.82992475
122 12.97709943
123 12.16244379
124 11.38545493
125 10.64553009
126 9.941975856
127 9.27401729
128 8.640806947
129 8.041433719
130 7.474931434
131 6.94028719
132 6.436449371
133 5.962335324
134 5.516838648
135 5.098836092
136 4.707194039
137 4.340774546
138 3.998440956
139 3.679063059
140 3.381521805
141 3.104713581
142 2.847554045
143 2.608981529
144 2.387960038
145 2.183481835
146 1.994569646
147 1.820278502
148 1.65969722
149 1.511949574
150 1.376195146
151 1.2516299
152 1.137486494
153 1.033034344
154 0.9375794869
155 0.8504642285
156 0.771066631
157 0.6987998394
158 0.6331112757
159 0.5734817174
160 0.5194242782
161 0.470483309
162 0.426233233
163 0.3862773313
164 0.3502464926
165 0.3177979376
166 0.2886139317
167 0.2624004947
168 0.2388861169
169 0.2178204902
170 0.19897326
171 0.1821328061
172 0.1671050549
173 0.1537123299
174 0.1417922424
175 0.1311966259
176 0.1217905156
177 0.1134511762
178 0.1060671759
179 0.09953751089
180 0.09377077716
181 0.08868439078
182 0.08420385578
183 0.08026207842
184 0.07679872676
185 0.07375963402
186 0.07109624413
187 0.06876509791
188 0.06672735776
189 0.06494836932
190 0.06339725789
191 0.06204655784
192 0.060871873
193 0.05985156613
194 0.05896647552
195 0.05819965706
196 0.05753614968
197 0.05696276283
198 0.05646788396
199 0.05604130473
200 0.05567406427
201 0.05535830817
202 0.05508716182
203 0.05485461686
204 0.05465542956
205 0.05448503008
206 0.05433944158
207 0.05421520814
208 0.05410933085
209 0.05401921101
210 0.05394259994
211 0.05387755455
212 0.05382239817
213 0.05377568607
214 0.05373617508
215 0.053702797
216 0.05367463521
217 0.05365090428
218 0.05363093211
219 0.05361414439
220 0.05360005103
221 0.05358823438
222 0.05357833903
223 0.05357006295
224 0.05356314981
225 0.05355738235
226 0.0535525767
227 0.05354857748
228 0.05354525349
229 0.05354249418
230 0.05354020646
231 0.05353831211
232 0.05353674543
233 0.05353545137
234 0.0535343838
235 0.05353350418
236 0.05353278033
237 0.0535321854
238 0.05353169704
239 0.05353129665
240 0.05353096879
241 0.05353070066
242 0.05353048165
243 0.05353030298
244 0.05353015741
245 0.05353003894
246 0.05352994266
247 0.0535298645
248 0.05352980113
249 0.05352974981
250 0.05352970831
251 0.05352967479
252 0.05352964775
253 0.05352962596
254 0.05352960842
255 0.05352959433
256 0.05352958301
257 0.05352957394
258 0.05352956667
259 0.05352956086
260 0.05352955622
261 0.05352955252
262 0.05352954957
263 0.05352954722
264 0.05352954535
265 0.05352954387
266 0.0535295427
267 0.05352954176
268 0.05352954103
269 0.05352954045
270 0.05352953999
271 0.05352953963
272 0.05352953934
273 0.05352953912
274 0.05352953894
275 0.0535295388
276 0.0535295387
277 0.05352953861
278 0.05352953855
279 0.0535295385
280 0.05352953846
281 0.05352953842
282 0.0535295384
283 0.05352953838
284 0.05352953837
285 0.05352953835
286 0.05352953835
287 0.05352953834
288 0.05352953833
289 0.05352953833
290 0.05352953833
291 0.05352953832
292 0.05352953832
293 0.05352953832
294 0.05352953832
295 0.05352953832
296 0.05352953832
297 0.05352953832
298 0.05352953832
299 0.05352953832
300 0.05352953832
301 0.05352953832
302 0.05352953832
303 0.05352953832
304 0.05352953832
305 0.05352953832
306 0.05352953832
307 0.05352953832
308 0.05352953832
309 0.05352953832
310 0.05352953832
311 0.05352953832
312 0.05352953832
313 0.05352953832
314 0.05352953832
315 0.05352953832
316 0.05352953832
317 0.05352953832
318 0.05352953832
319 0.05352953832
320 0.05352953832
321 0.05352953832
322 0.05352953832
323 0.05352953832
324 0.05352953832
325 0.05352953832
326 0.05352953832
327 0.05352953832
328 0.05352953832
329 0.05352953832
330 0.05352953832
331 0.05352953832
332 0.05352953832
333 0.05352953832
334 0.05352953832
335 0.05352953832
336 0.05352953832
337 0.05352953832
338 0.05352953832
339 0.05352953832
340 0.05352953832
341 0.05352953832
342 0.05352953832
343 0.05352953832
344 0.05352953832
345 0.05352953832
346 0.05352953832
347 0.05352953832
348 0.05352953832
349 0.05352953832
350 0.05352953832
351 0.05352953832
352 0.05352953832
353 0.05352953832
354 0.05352953832
355 0.05352953832
356 0.05352953832
357 0.05352953832
358 0.05352953832
359 0.05352953832
360 0.05352953832
361 0.05352953832
362 0.05352953832
363 0.05352953832
364 0.05352953832
365 0.05352953832
366 0.05352953832
367 0.05352953832
368 0.05352953832
369 0.05352953832
370 0.05352953832
371 0.05352953832
372 0.05352953832
373 0.05352953832
374 0.05352953832
375 0.05352953832
376 0.05352953832
377 0.05352953832
378 0.05352953832
379 0.05352953832
380 0.05352953832
381 0.05352953832
382 0.05352953832
383 0.05352953832
384 0.05352953832
385 0.05352953832
386 0.05352953832
387 0.05352953832
388 0.05352953832
389 0.05352953832
390 0.05352953832
391 0.05352953832
392 0.05352953832
393 0.05352953832
394 0.05352953832
395 0.05352953832
396 0.05352953832
397 0.05352953832
398 0.05352953832
399 0.05352953832
400 0.05352953832
401 0.05352953832
402 0.05352953832
403 0.05352953832
404 0.05352953832
405 0.05352953832
406 0.05352953832
407 0.05352953832
408 0.05352953832
409 0.05352953832
410 0.05352953832
411 0.05352953832
412 0.05352953832
413 0.05352953832
414 0.05352953832
415 0.05352953832
416 0.05352953832
417 0.05352953832
418 0.05352953832
419 0.05352953832
420 0.05352953832
421 0.05352953832
422 0.05352953832
423 0.05352953832
424 0.05352953832
425 0.05352953832
426 0.05352953832
427 0.05352953832
428 0.05352953832
429 0.05352953832
430 0.05352953832
431 0.05352953832
432 0.05352953832
433 0.05352953832
434 0.05352953832
435 0.05352953832
436 0.05352953832
437 0.05352953832
438 0.05352953832
439 0.05352953832
440 0.05352953832
441 0.05352953832
442 0.05352953832
443 0.05352953832
444 0.05352953832
445 0.05352953832
446 0.05352953832
447 0.05352953832
448 0.05352953832
449 0.05352953832
450 0.05352953832
451 0.05352953832
452 0.05352953832
453 0.05352953832
454 0.05352953832
455 0.05352953832
456 0.05352953832
457 0.05352953832
458 0.05352953832
459 0.05352953832
460 0.05352953832
461 0.05352953832
462 0.05352953832
463 0.05352953832
464 0.05352953832
465 0.05352953832
466 0.05352953832
467 0.05352953832
468 0.05352953832
469 0.05352953832
470 0.05352953832
471 0.05352953832
472 0.05352953832
473 0.05352953832
474 0.05352953832
475 0.05352953832
476 0.05352953832
477 0.05352953832
478 0.05352953832
479 0.05352953832
480 0.05352953832
481 0.05352953832
482 0.05352953832
483 0.05352953832
484 0.05352953832
485 0.05352953832
486 0.05352953832
487 0.05352953832
488 0.05352953832
489 0.05352953832
490 0.05352953832
491 0.05352953832
492 0.05352953832
493 0.05352953832
494 0.05352953832
495 0.05352953832
496 0.05352953832
497 0.05352953832
498 0.05352953832
499 0.05352953832
500 0.05352953832
501 0.05352953832
502 0.05352953832
503 0.05352953832
504 0.05352953832
505 0.05352953832
506 0.05352953832
507 0.05352953832
508 0.05352953832
509 0.05352953832
510 0.05352953832
511 0.05352953832
512 0.05352953832
513 0.05352953832
514 0.05352953832
515 0.05352953832
516 0.05352953832
517 0.05352953832
518 0.05352953832
519 0.05352953832
520 0.05352953832
521 0.05352953832
522 0.05352953832
523 0.05352953832
524 0.05352953832
525 0.05352953832
526 0.05352953832
527 0.05352953832
528 0.05352953832
529 0.05352953832
530 0.05352953832
531 0.05352953832
532 0.05352953832
533 0.05352953832
534 0.05352953832
535 0.05352953832
536 0.05352953832
537 0.05352953832
538 0.05352953832
539 0.05352953832
540 0.05352953832
541 0.05352953832
542 0.05352953832
543 0.05352953832
544 0.05352953832
545 0.05352953832
546 0.05352953832
547 0.05352953832
548 0.05352953832
549 0.05352953832
550 0.05352953832
551 0.05352953832
552 0.05352953832
553 0.05352953832
554 0.05352953832
555 0.05352953832
556 0.05352953832
557 0.05352953832
558 0.05352953832
559 0.05352953832
560 0.05352953832
561 0.05352953832
562 0.05352953832
563 0.05352953832
564 0.05352953832
565 0.05352953832
566 0.05352953832
567 0.05352953832
568 0.05352953832
569 0.05352953832
570 0.05352953832
571 0.05352953832
572 0.05352953832
573 0.05352953832
574 0.05352953832
575 0.05352953832
576 0.05352953832
577 0.05352953832
578 0.05352953832
579 0.05352953832
580 0.05352953832
581 0.05352953832
582 0.05352953832
583 0.05352953832
584 0.05352953832
585 0.05352953832
586 0.05352953832
587 0.05352953832
588 0.05352953832
589 0.05352953832
590 0.05352953832
591 0.05352953832
592 0.05352953832
593 0.05352953832
594 0.05352953832
595 0.05352953832
596 0.05352953832
597 0.05352953832
598 0.05352953832
599 0.05352953832
600 0.05352953832
601 0.05352953832
602 0.05352953832
603 0.05352953832
604 0.05352953832
605 0.05352953832
606 0.05352953832
607 0.05352953832
608 0.05352953832
609 0.05352953832
610 0.05352953832
611 0.05352953832
612 0.05352953832
613 0.05352953832
614 0.05352953832
615 0.05352953832
616 0.05352953832
617 0.05352953832
618 0.05352953832
619 0.05352953832
620 0.05352953832
621 0.05352953832
622 0.05352953832
623 0.05352953832
624 0.05352953832
625 0.05352953832
626 0.05352953832
627 0.05352953832
628 0.05352953832
629 0.05352953832
630 0.05352953832
631 0.05352953832
632 0.05352953832
633 0.05352953832
634 0.05352953832
635 0.05352953832
636 0.05352953832
637 0.05352953832
638 0.05352953832
639 0.05352953832
640 0.05352953832
641 0.05352953832
642 0.05352953832
643 0.05352953832
644 0.05352953832
645 0.05352953832
646 0.05352953832
647 0.05352953832
648 0.05352953832
649 0.05352953832
650 0.05352953832
651 0.05352953832
652 0.05352953832
653 0.05352953832
654 0.05352953832
655 0.05352953832
656 0.05352953832
657 0.05352953832
658 0.05352953832
659 0.05352953832
660 0.05352953832
661 0.05352953832
662 0.05352953832
663 0.05352953832
664 0.05352953832
665 0.05352953832
666 0.05352953832
667 0.05352953832
668 0.05352953832
669 0.05352953832
670 0.05352953832
671 0.05352953832
672 0.05352953832
673 0.05352953832
674 0.05352953832
675 0.05352953832
676 0.05352953832
677 0.05352953832
678 0.05352953832
679 0.05352953832
680 0.05352953832
681 0.05352953832
682 0.05352953832
683 0.05352953832
684 0.05352953832
685 0.05352953832
686 0.05352953832
687 0.05352953832
688 0.05352953832
689 0.05352953832
690 0.05352953832
691 0.05352953832
692 0.05352953832
693 0.05352953832
694 0.05352953832
695 0.05352953832
696 0.05352953832
697 0.05352953832
698 0.05352953832
699 0.05352953832
700 0.05352953832
701 0.05352953832
702 0.05352953832
703 0.05352953832
704 0.05352953832
705 0.05352953832
706 0.05352953832
707 0.05352953832
708 0.05352953832
709 0.05352953832
710 0.05352953832
711 0.05352953832
712 0.05352953832
713 0.05352953832
714 0.05352953832
715 0.05352953832
716 0.05352953832
717 0.05352953832
718 0.05352953832
719 0.05352953832
720 0.05352953832
721 0.05352953832
722 0.05352953832
723 0.05352953832
724 0.05352953832
725 0.05352953832
726 0.05352953832
727 0.05352953832
728 0.05352953832
729 0.05352953832
730 0.05352953832
731 0.05352953832
732 0.05352953832
733 0.05352953832
734 0.05352953832
735 0.05352953832
736 0.05352953832
737 0.05352953832
738 0.05352953832
739 0.05352953832
740 0.05352953832
741 0.05352953832
742 0.05352953832
743 0.05352953832
744 0.05352953832
745 0.05352953832
746 0.05352953832
747 0.05352953832
748 0.05352953832
749 0.05352953832
750 0.05352953832
751 0.05352953832
752 0.05352953832
753 0.05352953832
754 0.05352953832
755 0.05352953832
756 0.05352953832
757 0.05352953833
758 0.05352953833
759 0.05352953833
760 0.05352953833
761 0.05352953834
762 0.05352953835
763 0.05352953835
764 0.05352953836
765 0.05352953838
766 0.05352953839
767 0.05352953841
768 0.05352953843
769 0.05352953847
770 0.0535295385
771 0.05352953855
772 0.05352953861
773 0.05352953869
774 0.05352953879
775 0.0535295389
776 0.05352953905
777 0.05352953924
778 0.05352953947
779 0.05352953976
780 0.05352954011
781 0.05352954056
782 0.05352954111
783 0.05352954179
784 0.05352954263
785 0.05352954367
786 0.05352954496
787 0.05352954655
788 0.0535295485
789 0.05352955091
790 0.05352955387
791 0.05352955751
792 0.05352956197
793 0.05352956745
794 0.05352957415
795 0.05352958235
796 0.05352959237
797 0.05352960461
798 0.05352961953
799 0.05352963771
800 0.05352965983
801 0.05352968673
802 0.05352971939
803 0.05352975901
804 0.05352980704
805 0.05352986518
806 0.05352993548
807 0.05353002043
808 0.05353012293
809 0.05353024651
810 0.05353039534
811 0.05353057438
812 0.05353078955
813 0.05353104785
814 0.05353135762
815 0.05353172872
816 0.05353217282
817 0.05353270372
818 0.05353333772
819 0.05353409404
820 0.05353499533
821 0.05353606825
822 0.05353734415
823 0.0535388598
824 0.05354065837
825 0.05354279041
826 0.05354531509
827 0.05354830156
828 0.05355183056
829 0.05355599621
830 0.0535609082
831 0.0535666941
832 0.05357350218
833 0.05358150456
834 0.05359090076
835 0.05360192189
836 0.05361483523
837 0.05362994961
838 0.05364762141
839 0.05366826145
840 0.05369234266
841 0.05372040891
842 0.0537530849
843 0.05379108728
844 0.05383523724
845 0.05388647466
846 0.05394587396
847 0.05401466187
848 0.05409423741
849 0.05418619409
850 0.05429234483
851 0.05441474968
852 0.0545557466
853 0.05471798582
854 0.05490446787
855 0.05511858568
856 0.05536417127
857 0.05564554722
858 0.05596758348
859 0.05633575985
860 0.05675623478
861 0.05723592074
862 0.05778256683
863 0.05840484919
864 0.05911246965
865 0.05991626325
866 0.06082831526
867 0.06186208822
868 0.06303255974
869 0.06435637152
870 0.06585199038
871 0.06753988175
872 0.06944269645
873 0.07158547108
874 0.07399584285
875 0.07670427927
876 0.07974432317
877 0.08315285356
878 0.08697036274
879 0.09124124994
880 0.09601413168
881 0.1013421691
882 0.1072834122
883 0.113901161
884 0.121264343
885 0.1294479074
886 0.1385332344
887 0.1486085597
888 0.1597694129
889 0.1721190686
890 0.1857690087
891 0.200839395
892 0.2174595484
893 0.235768435
894 0.2559151541
895 0.2780594268
896 0.302372082
897 0.3290355353
898 0.3582442584
899 0.3902052335
900 0.4251383897
901 0.4632770149
902 0.5048681397
903 0.5501728868
904 0.5994667802
905 0.6530400093
906 0.7111976397
907 0.7742597657
908 0.8425615973
909 0.9164534743
910 0.9963008013
911 1.082483896
912 1.175397742
913 1.275451646
914 1.38306878
915 1.498685613
916 1.622751222
917 1.755726471
918 1.898083064
919 2.050302452
920 2.212874601
921 2.386296608
922 2.571071171
923 2.767704905
924 2.976706496
925 3.198584708
926 3.43384623
927 3.68299337
928 3.946521602
929 4.224916961
930 4.518653305
931 4.828189439
932 5.153966113
933 5.496402918
934 5.855895061
935 6.232810071
936 6.627484417
937 7.040220079
938 7.471281073
939 7.92088996
940 8.389224359
941 8.876413477
942 9.382534697
943 9.907610224
944 10.45160384
945 11.01441779
946 11.59588978
947 12.1957902
948 12.81381954
949 13.449606
950 14.10270342
951 14.77258944
952 15.45866405
953 16.16024835
954 16.87658382
955 17.60683186
956 18.3500738
957 19.10531131
958 19.87146724
959 20.64738693
960 21.43183999
961 22.22352256
962 23.02106
963 23.82301012
964 24.6278669
965 25.43406462
966 26.23998252
967 27.0439499
968 27.84425166
969 28.63913429
970 29.42681222
971 30.2054746
972 30.97329237
973 31.72842574
974 32.46903186
975 33.19327279
976 33.89932367
977 34.58538104
978 35.2496713
979 35.89045924
980 36.50605661
981 37.09483061
982 37.65521242
983 38.18570549
984 38.6848938
985 39.15144975
986 39.58414194
987 39.98184252
988 40.3435343
989 40.66831735
990 40.95541524
991 41.20418084
992 41.41410147
993 41.58480368
994 41.71605738
995 41.80777933
996 41.86003614
997 41.8730465
998 41.84718289
999 41.78297253
1000 41.68109772
1001 41.54239553
1002 41.36785674
1003 41.15862423
1004 40.9159906
1005 40.64139526
1006 40.33642076
1007 40.00278863
1008 39.64235454
1009 39.25710289
1010 38.84914086
1011 38.42069195
1012 37.97408896
1013 37.51176653
1014 37.03625319
1015 36.55016304
1016 36.05618696
1017 35.55708353
1018 35.05566952
1019 34.55481015
1020 34.05740899
1021 33.56639768
1022 33.08472534
1023 32.61534788
