#54066 2910.0062760571978937 0.0045702124873101520122 1 1493 16.000049430220818044 1024 7 1 J1713+0747 0.0000000 
0 30.42984903
1 31.19141925
2 31.93958851
3 32.67251829
4 33.3883782
5 34.08535424
6 34.76165716
7 35.41553091
8 36.04526122
9 36.64918409
10 37.22569432
11 37.7732539
12 38.29040031
13 38.77575459
14 39.22802923
15 39.6460357
16 40.02869175
17 40.37502828
18 40.6841958
19 40.95547048
20 41.1882597
21 41.38210701
22 41.53669669
23 41.65185758
24 41.72756638
25 41.76395034
26 41.76128932
27 41.72001709
28 41.64072216
29 41.52414776
30 41.37119126
31 41.18290293
32 40.96048397
33 40.70528394
34 40.41879755
35 40.1026608
36 39.75864656
37 39.38865946
38 38.99473035
39 38.57901009
40 38.14376289
41 37.69135914
42 37.22426774
43 36.74504804
44 36.2563413
45 35.76086184
46 35.26138777
47 34.76075144
48 34.2618295
49 33.76753284
50 33.28079612
51 32.80456717
52 32.34179621
53 31.89542487
54 31.46837507
55 31.06353783
56 30.68376193
57 30.33184263
58 30.01051021
59 29.72241866
60 29.4701343
61 29.25612452
62 29.08274657
63 28.95223654
64 28.86669847
65 28.82809362
66 28.83823009
67 28.89875265
68 29.01113288
69 29.17665977
70 29.39643069
71 29.67134284
72 30.00208522
73 30.38913125
74 30.83273195
75 31.33290985
76 31.88945369
77 32.50191385
78 33.16959876
79 33.89157214
80 34.6666513
81 35.49340641
82 36.3701609
83 37.294993
84 38.26573839
85 39.27999412
86 40.33512376
87 41.42826378
88 42.55633122
89 43.71603268
90 44.90387451
91 46.11617438
92 47.34907399
93 48.59855307
94 49.86044454
95 51.13045078
96 52.40416097
97 53.67706942
98 54.94459479
99 56.20210015
100 57.4449137
101 58.66835011
102 59.86773231
103 61.03841365
104 62.17580023
105 63.27537331
106 64.33271162
107 65.34351349
108 66.3036185
109 67.2090287
110 68.05592908
111 68.84070723
112 69.55997204
113 70.21057122
114 70.78960771
115 71.29445453
116 71.72276834
117 72.07250128
118 72.34191118
119 72.52957003
120 72.63437058
121 72.65553111
122 72.59259827
123 72.44544799
124 72.21428446
125 71.89963716
126 71.50235605
127 71.02360482
128 70.46485243
129 69.82786285
130 69.11468317
131 68.32763023
132 67.46927568
133 66.54242988
134 65.55012451
135 64.49559414
136 63.38225695
137 62.21369468
138 60.99363191
139 59.72591505
140 58.41449087
141 57.06338505
142 55.67668067
143 54.25849692
144 52.81296813
145 51.34422323
146 49.85636586
147 48.3534552
148 46.83948756
149 45.31837903
150 43.79394908
151 42.26990528
152 40.74982929
153 39.23716401
154 37.73520203
155 36.2470755
156 34.77574724
157 33.32400324
158 31.89444659
159 30.48949264
160 29.11136558
161 27.76209623
162 26.44352117
163 25.15728294
164 23.9048315
165 22.68742671
166 21.50614178
167 20.36186771
168 19.25531854
169 18.18703736
170 17.15740307
171 16.16663761
172 15.21481386
173 14.30186384
174 13.4275873
175 12.59166063
176 11.79364586
177 11.03299982
178 10.30908338
179 9.621170558
180 8.96845766
181 8.350072175
182 7.765081526
183 7.212501549
184 6.691304687
185 6.200427867
186 5.738779998
187 5.305249108
188 4.898709051
189 4.518025811
190 4.162063359
191 3.829689074
192 3.519778713
193 3.231220942
194 2.962921427
195 2.713806486
196 2.482826322
197 2.268957849
198 2.071207119
199 1.888611374
200 1.720240737
201 1.565199563
202 1.422627482
203 1.291700126
204 1.171629602
205 1.061664698
206 0.9610908617
207 0.869229979
208 0.7854399534
209 0.7091141273
210 0.6396805546
211 0.5766011479
212 0.5193707171
213 0.4675159182
214 0.4205941275
215 0.3781922579
216 0.3399255304
217 0.3054362144
218 0.2743923484
219 0.246486453
220 0.221434244
221 0.198973356
222 0.1788620839
223 0.160878147
224 0.1448174851
225 0.1304930869
226 0.1177338588
227 0.1063835348
228 0.09629963044
229 0.08735244354
230 0.07942410211
231 0.07240766047
232 0.06620624397
233 0.06073224199
234 0.05590654882
235 0.05165785159
236 0.04792196406
237 0.04464120512
238 0.04176382034
239 0.03924344505
240 0.03703860707
241 0.03511226737
242 0.03343139664
243 0.03196658594
244 0.03069168942
245 0.02958349723
246 0.02862143663
247 0.02778729957
248 0.02706499476
249 0.02644032265
250 0.02590077141
251 0.02543533256
252 0.02503433442
253 0.02468929218
254 0.02439277305
255 0.0241382752
256 0.02392011937
257 0.0237333519
258 0.02357365825
259 0.02343728586
260 0.02332097562
261 0.02322190098
262 0.02313761401
263 0.02306599768
264 0.0230052237
265 0.02295371535
266 0.02291011479
267 0.02287325426
268 0.02284213092
269 0.02281588473
270 0.02279377915
271 0.02277518425
272 0.02275956206
273 0.02274645376
274 0.02273546856
275 0.0227262741
276 0.02271858807
277 0.02271217102
278 0.02270682013
279 0.02270236383
280 0.02269865717
281 0.02269557791
282 0.02269302302
283 0.02269090585
284 0.0226891536
285 0.02268770517
286 0.02268650937
287 0.02268552336
288 0.02268471136
289 0.02268404348
290 0.02268349482
291 0.02268304466
292 0.02268267579
293 0.02268237388
294 0.02268212711
295 0.02268192563
296 0.02268176136
297 0.02268162757
298 0.02268151876
299 0.02268143036
300 0.02268135863
301 0.02268130051
302 0.02268125347
303 0.02268121545
304 0.02268118475
305 0.02268115999
306 0.02268114006
307 0.02268112402
308 0.02268111114
309 0.0226811008
310 0.02268109252
311 0.02268108589
312 0.02268108059
313 0.02268107636
314 0.02268107298
315 0.02268107029
316 0.02268106816
317 0.02268106646
318 0.02268106511
319 0.02268106404
320 0.0226810632
321 0.02268106253
322 0.022681062
323 0.02268106158
324 0.02268106126
325 0.022681061
326 0.0226810608
327 0.02268106064
328 0.02268106051
329 0.02268106041
330 0.02268106034
331 0.02268106028
332 0.02268106023
333 0.0226810602
334 0.02268106017
335 0.02268106015
336 0.02268106013
337 0.02268106012
338 0.02268106011
339 0.0226810601
340 0.02268106009
341 0.02268106009
342 0.02268106008
343 0.02268106008
344 0.02268106008
345 0.02268106008
346 0.02268106008
347 0.02268106007
348 0.02268106007
349 0.02268106007
350 0.02268106007
351 0.02268106007
352 0.02268106007
353 0.02268106007
354 0.02268106007
355 0.02268106007
356 0.02268106007
357 0.02268106007
358 0.02268106007
359 0.02268106007
360 0.02268106007
361 0.02268106007
362 0.02268106007
363 0.02268106007
364 0.02268106007
365 0.02268106007
366 0.02268106007
367 0.02268106007
368 0.02268106007
369 0.02268106007
370 0.02268106007
371 0.02268106007
372 0.02268106007
373 0.02268106007
374 0.02268106007
375 0.02268106007
376 0.02268106007
377 0.02268106007
378 0.02268106007
379 0.02268106007
380 0.02268106007
381 0.02268106007
382 0.02268106007
383 0.02268106007
384 0.02268106007
385 0.02268106007
386 0.02268106007
387 0.02268106007
388 0.02268106007
389 0.02268106007
390 0.02268106007
391 0.02268106007
392 0.02268106007
393 0.02268106007
394 0.02268106007
395 0.02268106007
396 0.02268106007
397 0.02268106007
398 0.02268106007
399 0.02268106007
400 0.02268106007
401 0.02268106007
402 0.02268106007
403 0.02268106007
404 0.02268106007
405 0.02268106007
406 0.02268106007
407 0.02268106007
408 0.02268106007
409 0.02268106007
410 0.02268106007
411 0.02268106007
412 0.02268106007
413 0.02268106007
414 0.02268106007
415 0.02268106007
416 0.02268106007
417 0.02268106007
418 0.02268106007
419 0.02268106007
420 0.02268106007
421 0.02268106007
422 0.02268106007
423 0.02268106007
424 0.02268106007
425 0.02268106007
426 0.02268106007
427 0.02268106007
428 0.02268106007
429 0.02268106007
430 0.02268106007
431 0.02268106007
432 0.02268106007
433 0.02268106007
434 0.02268106007
435 0.02268106007
436 0.02268106007
437 0.02268106007
438 0.02268106007
439 0.02268106007
440 0.02268106007
441 0.02268106007
442 0.02268106007
443 0.02268106007
444 0.02268106007
445 0.02268106007
446 0.02268106007
447 0.02268106007
448 0.02268106007
449 0.02268106007
450 0.02268106007
451 0.02268106007
452 0.02268106007
453 0.02268106007
454 0.02268106007
455 0.02268106007
456 0.02268106007
457 0.02268106007
458 0.02268106007
459 0.02268106007
460 0.02268106007
461 0.02268106007
462 0.02268106007
463 0.02268106007
464 0.02268106007
465 0.02268106007
466 0.02268106007
467 0.02268106007
468 0.02268106007
469 0.02268106007
470 0.02268106007
471 0.02268106007
472 0.02268106007
473 0.02268106007
474 0.02268106007
475 0.02268106007
476 0.02268106007
477 0.02268106007
478 0.02268106007
479 0.02268106007
480 0.02268106007
481 0.02268106007
482 0.02268106007
483 0.02268106007
484 0.02268106007
485 0.02268106007
486 0.02268106007
487 0.02268106007
488 0.02268106007
489 0.02268106007
490 0.02268106007
491 0.02268106007
492 0.02268106007
493 0.02268106007
494 0.02268106007
495 0.02268106007
496 0.02268106007
497 0.02268106007
498 0.02268106007
499 0.02268106007
500 0.02268106007
501 0.02268106007
502 0.02268106007
503 0.02268106007
504 0.02268106007
505 0.02268106007
506 0.02268106007
507 0.02268106007
508 0.02268106007
509 0.02268106007
510 0.02268106007
511 0.02268106007
512 0.02268106007
513 0.02268106007
514 0.02268106007
515 0.02268106007
516 0.02268106007
517 0.02268106007
518 0.02268106007
519 0.02268106007
520 0.02268106007
521 0.02268106007
522 0.02268106007
523 0.02268106007
524 0.02268106007
525 0.02268106007
526 0.02268106007
527 0.02268106007
528 0.02268106007
529 0.02268106007
530 0.02268106007
531 0.02268106007
532 0.02268106007
533 0.02268106007
534 0.02268106007
535 0.02268106007
536 0.02268106007
537 0.02268106007
538 0.02268106007
539 0.02268106007
540 0.02268106007
541 0.02268106007
542 0.02268106007
543 0.02268106007
544 0.02268106007
545 0.02268106007
546 0.02268106007
547 0.02268106007
548 0.02268106007
549 0.02268106007
550 0.02268106007
551 0.02268106007
552 0.02268106007
553 0.02268106007
554 0.02268106007
555 0.02268106007
556 0.02268106007
557 0.02268106007
558 0.02268106007
559 0.02268106007
560 0.02268106007
561 0.02268106007
562 0.02268106007
563 0.02268106007
564 0.02268106007
565 0.02268106007
566 0.02268106007
567 0.02268106007
568 0.02268106007
569 0.02268106007
570 0.02268106007
571 0.02268106007
572 0.02268106007
573 0.02268106007
574 0.02268106007
575 0.02268106007
576 0.02268106007
577 0.02268106007
578 0.02268106007
579 0.02268106007
580 0.02268106007
581 0.02268106007
582 0.02268106007
583 0.02268106007
584 0.02268106007
585 0.02268106007
586 0.02268106007
587 0.02268106007
588 0.02268106007
589 0.02268106007
590 0.02268106007
591 0.02268106007
592 0.02268106007
593 0.02268106007
594 0.02268106007
595 0.02268106007
596 0.02268106007
597 0.02268106007
598 0.02268106007
599 0.02268106007
600 0.02268106007
601 0.02268106007
602 0.02268106007
603 0.02268106007
604 0.02268106007
605 0.02268106007
606 0.02268106007
607 0.02268106007
608 0.02268106007
609 0.02268106007
610 0.02268106007
611 0.02268106007
612 0.02268106007
613 0.02268106007
614 0.02268106007
615 0.02268106007
616 0.02268106007
617 0.02268106007
618 0.02268106007
619 0.02268106007
620 0.02268106007
621 0.02268106007
622 0.02268106007
623 0.02268106007
624 0.02268106007
625 0.02268106007
626 0.02268106007
627 0.02268106007
628 0.02268106007
629 0.02268106007
630 0.02268106007
631 0.02268106007
632 0.02268106007
633 0.02268106007
634 0.02268106007
635 0.02268106007
636 0.02268106007
637 0.02268106007
638 0.02268106007
639 0.02268106007
640 0.02268106007
641 0.02268106007
642 0.02268106007
643 0.02268106007
644 0.02268106007
645 0.02268106007
646 0.02268106007
647 0.02268106007
648 0.02268106007
649 0.02268106007
650 0.02268106007
651 0.02268106007
652 0.02268106007
653 0.02268106007
654 0.02268106007
655 0.02268106007
656 0.02268106007
657 0.02268106007
658 0.02268106007
659 0.02268106007
660 0.02268106007
661 0.02268106007
662 0.02268106007
663 0.02268106007
664 0.02268106007
665 0.02268106007
666 0.02268106007
667 0.02268106007
668 0.02268106007
669 0.02268106007
670 0.02268106007
671 0.02268106007
672 0.02268106007
673 0.02268106007
674 0.02268106007
675 0.02268106007
676 0.02268106007
677 0.02268106007
678 0.02268106007
679 0.02268106007
680 0.02268106007
681 0.02268106007
682 0.02268106007
683 0.02268106007
684 0.02268106007
685 0.02268106007
686 0.02268106007
687 0.02268106007
688 0.02268106007
689 0.02268106007
690 0.02268106007
691 0.02268106007
692 0.02268106007
693 0.02268106007
694 0.02268106007
695 0.02268106007
696 0.02268106007
697 0.02268106007
698 0.02268106007
699 0.02268106007
700 0.02268106007
701 0.02268106007
702 0.02268106007
703 0.02268106007
704 0.02268106007
705 0.02268106007
706 0.02268106007
707 0.02268106007
708 0.02268106007
709 0.02268106007
710 0.02268106007
711 0.02268106007
712 0.02268106007
713 0.02268106007
714 0.02268106007
715 0.02268106007
716 0.02268106007
717 0.02268106007
718 0.02268106007
719 0.02268106007
720 0.02268106007
721 0.02268106007
722 0.02268106007
723 0.02268106007
724 0.02268106007
725 0.02268106007
726 0.02268106007
727 0.02268106007
728 0.02268106007
729 0.02268106007
730 0.02268106007
731 0.02268106007
732 0.02268106007
733 0.02268106007
734 0.02268106007
735 0.02268106007
736 0.02268106007
737 0.02268106007
738 0.02268106007
739 0.02268106007
740 0.02268106007
741 0.02268106007
742 0.02268106007
743 0.02268106007
744 0.02268106007
745 0.02268106007
746 0.02268106007
747 0.02268106007
748 0.02268106007
749 0.02268106007
750 0.02268106007
751 0.02268106007
752 0.02268106007
753 0.02268106007
754 0.02268106007
755 0.02268106007
756 0.02268106007
757 0.02268106007
758 0.02268106007
759 0.02268106007
760 0.02268106007
761 0.02268106007
762 0.02268106007
763 0.02268106007
764 0.02268106007
765 0.02268106007
766 0.02268106007
767 0.02268106007
768 0.02268106007
769 0.02268106007
770 0.02268106007
771 0.02268106007
772 0.02268106007
773 0.02268106007
774 0.02268106007
775 0.02268106007
776 0.02268106007
777 0.02268106007
778 0.02268106007
779 0.02268106007
780 0.02268106007
781 0.02268106007
782 0.02268106007
783 0.02268106007
784 0.02268106007
785 0.02268106007
786 0.02268106007
787 0.02268106007
788 0.02268106007
789 0.02268106007
790 0.02268106007
791 0.02268106007
792 0.02268106007
793 0.02268106007
794 0.02268106007
795 0.02268106007
796 0.02268106007
797 0.02268106007
798 0.02268106007
799 0.02268106007
800 0.02268106007
801 0.02268106007
802 0.02268106007
803 0.02268106007
804 0.02268106007
805 0.02268106007
806 0.02268106007
807 0.02268106008
808 0.02268106008
809 0.02268106008
810 0.02268106008
811 0.02268106008
812 0.02268106009
813 0.02268106009
814 0.0226810601
815 0.0226810601
816 0.02268106011
817 0.02268106012
818 0.02268106014
819 0.02268106015
820 0.02268106017
821 0.0226810602
822 0.02268106023
823 0.02268106028
824 0.02268106033
825 0.0226810604
826 0.02268106048
827 0.02268106058
828 0.02268106071
829 0.02268106088
830 0.02268106108
831 0.02268106133
832 0.02268106164
833 0.02268106203
834 0.02268106251
835 0.02268106311
836 0.02268106385
837 0.02268106477
838 0.0226810659
839 0.0226810673
840 0.02268106902
841 0.02268107114
842 0.02268107376
843 0.02268107697
844 0.02268108091
845 0.02268108575
846 0.02268109168
847 0.02268109893
848 0.02268110781
849 0.02268111865
850 0.02268113188
851 0.022681148
852 0.02268116764
853 0.02268119153
854 0.02268122056
855 0.0226812558
856 0.02268129854
857 0.02268135031
858 0.02268141296
859 0.02268148869
860 0.02268158015
861 0.02268169047
862 0.02268182341
863 0.02268198344
864 0.02268217589
865 0.02268240706
866 0.02268268447
867 0.02268301701
868 0.02268341521
869 0.02268389155
870 0.02268446074
871 0.02268514018
872 0.02268595037
873 0.02268691545
874 0.02268806383
875 0.02268942886
876 0.02269104971
877 0.02269297231
878 0.0226952504
879 0.02269794689
880 0.02270113524
881 0.02270490117
882 0.02270934464
883 0.02271458197
884 0.02272074848
885 0.02272800133
886 0.02273652286
887 0.02274652438
888 0.02275825051
889 0.02277198403
890 0.02278805153
891 0.02280682972
892 0.02282875261
893 0.02285431963
894 0.02288410483
895 0.02291876728
896 0.02295906267
897 0.02300585655
898 0.02306013906
899 0.02312304156
900 0.02319585516
901 0.02328005158
902 0.02337730636
903 0.02348952478
904 0.0236188708
905 0.02376779913
906 0.02393909098
907 0.0241358936
908 0.0243617641
909 0.02462071795
910 0.02491728241
911 0.02525655549
912 0.02564427079
913 0.0260868687
914 0.02659157458
915 0.02716648419
916 0.02782065721
917 0.02856421923
918 0.02940847274
919 0.03036601798
920 0.03145088394
921 0.03267867031
922 0.03406670105
923 0.03563419001
924 0.03740241935
925 0.03939493141
926 0.04163773446
927 0.04415952304
928 0.0469919133
929 0.05016969392
930 0.05373109296
931 0.05771806108
932 0.06217657132
933 0.0671569357
934 0.0727141388
935 0.07890818806
936 0.08580448104
937 0.09347418886
938 0.1019946558
939 0.1114498143
940 0.1219306141
941 0.1335354653
942 0.1463706931
943 0.1605510041
944 0.1761999603
945 0.193450461
946 0.2124452288
947 0.2333372976
948 0.2562904994
949 0.281479947
950 0.3090925091
951 0.3393272728
952 0.3723959911
953 0.4085235087
954 0.4479481629
955 0.4909221536
956 0.5377118768
957 0.5885982156
958 0.6438767831
959 0.7038581109
960 0.7688677751
961 0.8392464552
962 0.9153499171
963 0.9975489145
964 1.086229
965 1.181790241
966 1.28464683
967 1.395226588
968 1.513970347
969 1.641331212
970 1.777773688
971 1.92377268
972 2.079812345
973 2.246384804
974 2.4239887
975 2.613127609
976 2.814308295
977 3.028038811
978 3.254826439
979 3.495175486
980 3.749584918
981 4.018545853
982 4.302538903
983 4.602031387
984 4.91747441
985 5.249299821
986 5.597917064
987 5.963709936
988 6.347033251
989 6.748209454
990 7.16752517
991 7.60522773
992 8.061521683
993 8.536565322
994 9.030467239
995 9.543282938
996 10.07501153
997 10.62559255
998 11.19490287
999 11.7827538
1000 12.38888842
1001 13.01297901
1002 13.65462485
1003 14.31335022
1004 14.9886027
1005 15.67975184
1006 16.38608809
1007 17.1068222
1008 17.84108493
1009 18.58792724
1010 19.34632083
1011 20.11515923
1012 20.89325922
1013 21.67936287
1014 22.47213989
1015 23.27019063
1016 24.0720494
1017 24.87618841
1018 25.68102209
1019 26.48491193
1020 27.28617172
1021 28.08307332
1022 28.87385269
1023 29.65671652
