#53496 2910.0005357092398612 0.0045699365722049190008 1 1373 16.000049430220818044 1024 7 1 J1713+0747 0.0000000 
0 1.025663349
1 1.077246941
2 1.133341431
3 1.194271768
4 1.260379243
5 1.332021625
6 1.409573216
7 1.493424823
8 1.583983647
9 1.681673064
10 1.786932304
11 1.90021602
12 2.021993727
13 2.152749117
14 2.292979241
15 2.443193543
16 2.603912746
17 2.775667588
18 2.958997395
19 3.15444849
20 3.362572443
21 3.583924137
22 3.819059686
23 4.068534158
24 4.332899153
25 4.612700195
26 4.908473979
27 5.220745445
28 5.550024717
29 5.896803891
30 6.261553702
31 6.644720059
32 7.046720491
33 7.467940497
34 7.908729818
35 8.369398671
36 8.850213935
37 9.351395339
38 9.873111661
39 10.41547696
40 10.97854686
41 11.56231499
42 12.16670945
43 12.79158947
44 13.4367423
45 14.1018802
46 14.78663777
47 15.49056949
48 16.21314757
49 16.95376015
50 17.71170982
51 18.48621254
52 19.27639697
53 20.08130424
54 20.89988815
55 21.73101583
56 22.57346896
57 23.42594539
58 24.28706138
59 25.15535426
60 26.02928573
61 26.90724554
62 27.78755586
63 28.66847606
64 29.548208
65 30.42490188
66 31.29666252
67 32.16155609
68 33.0176173
69 33.86285694
70 34.69526986
71 35.51284323
72 36.31356507
73 37.0954331
74 37.85646372
75 38.59470124
76 39.3082271
77 39.99516922
78 40.65371139
79 41.28210252
80 41.87866587
81 42.44180805
82 42.97002791
83 43.46192509
84 43.91620827
85 44.33170314
86 44.70735982
87 45.04225996
88 45.33562328
89 45.5868136
90 45.79534426
91 45.96088297
92 46.08325604
93 46.16245191
94 46.19862398
95 46.19209287
96 46.14334779
97 46.05304728
98 45.92201927
99 45.7512603
100 45.54193409
101 45.29536938
102 45.01305701
103 44.69664636
104 44.34794109
105 43.9688942
106 43.56160244
107 43.12830014
108 42.67135239
109 42.19324772
110 41.69659016
111 41.18409085
112 40.65855914
113 40.12289325
114 39.58007049
115 39.03313715
116 38.48519794
117 37.93940516
118 37.39894759
119 36.86703909
120 36.34690691
121 35.84177991
122 35.35487652
123 34.88939254
124 34.44848891
125 34.0352793
126 33.65281769
127 33.30408593
128 32.99198127
129 32.71930397
130 32.48874492
131 32.30287348
132 32.16412532
133 32.07479058
134 32.03700216
135 32.05272433
136 32.12374166
137 32.25164827
138 32.43783756
139 32.68349237
140 32.98957566
141 33.35682182
142 33.78572859
143 34.27654967
144 34.82928816
145 35.44369079
146 36.11924303
147 36.85516522
148 37.65040964
149 38.50365874
150 39.41332449
151 40.37754885
152 41.39420557
153 42.46090329
154 43.57498983
155 44.73355802
156 45.93345276
157 47.17127957
158 48.4434145
159 49.74601547
160 51.07503499
161 52.42623423
162 53.79519841
163 55.17735355
164 56.56798435
165 57.96225328
166 59.35522071
167 60.74186606
168 62.11710979
169 63.47583616
170 64.81291664
171 66.12323379
172 67.40170555
173 68.64330966
174 69.84310824
175 70.99627215
176 72.09810521
177 73.14406783
178 74.12980022
179 75.05114467
180 75.90416703
181 76.68517705
182 77.39074749
183 78.01773186
184 78.56328069
185 79.02485608
186 79.40024462
187 79.68756833
188 79.88529382
189 79.99223927
190 80.00757958
191 79.93084918
192 79.76194294
193 79.5011148
194 79.14897443
195 78.70648169
196 78.17493914
197 77.55598261
198 76.85156975
199 76.06396698
200 75.19573459
201 74.24971037
202 73.22899178
203 72.13691689
204 70.97704406
205 69.75313081
206 68.46911174
207 67.1290759
208 65.73724365
209 64.29794325
210 62.8155873
211 61.29464923
212 59.73964005
213 58.15508537
214 56.54550303
215 54.91538139
216 53.26915833
217 51.61120134
218 49.94578846
219 48.27709053
220 46.60915458
221 44.94588851
222 43.29104725
223 41.64822021
224 40.02082027
225 38.41207425
226 36.82501477
227 35.26247376
228 33.72707727
229 32.22124186
230 30.74717232
231 29.30686076
232 27.90208703
233 26.53442038
234 25.20522221
235 23.91565005
236 22.66666243
237 21.4590247
238 20.29331573
239 19.16993528
240 18.08911207
241 17.05091237
242 16.05524908
243 15.10189116
244 14.19047333
245 13.32050602
246 12.49138537
247 11.70240333
248 10.95275765
249 10.24156184
250 9.567854933
251 8.930610993
252 8.328748412
253 7.76113883
254 7.226615725
255 6.723982594
256 6.252020713
257 5.809496459
258 5.395168153
259 5.007792438
260 4.646130168
261 4.308951813
262 3.995042368
263 3.703205795
264 3.432268981
265 3.181085237
266 2.948537352
267 2.733540216
268 2.535043031
269 2.35203113
270 2.183527425
271 2.028593516
272 1.886330469
273 1.7558793
274 1.636421184
275 1.527177411
276 1.42740912
277 1.336416828
278 1.253539781
279 1.178155144
280 1.109677055
281 1.047555568
282 0.991275491
283 0.9403551508
284 0.8943450897
285 0.8528267187
286 0.8154109364
287 0.7817367278
288 0.7514697545
289 0.7243009473
290 0.6999451104
291 0.6781395453
292 0.6586427016
293 0.641232861
294 0.6257068598
295 0.6118788532
296 0.5995791269
297 0.5886529561
298 0.5789595165
299 0.5703708461
300 0.5627708605
301 0.5560544218
302 0.5501264589
303 0.5449011419
304 0.5403011062
305 0.5362567283
306 0.5327054491
307 0.5295911446
308 0.5268635426
309 0.5244776814
310 0.5223934106
311 0.5205749313
312 0.5189903723
313 0.5176114026
314 0.5164128757
315 0.515372505
316 0.5144705683
317 0.5136896381
318 0.5130143378
319 0.5124311203
320 0.5119280674
321 0.5114947096
322 0.5111218634
323 0.5108014849
324 0.5105265385
325 0.5102908794
326 0.5100891488
327 0.5099166795
328 0.5097694131
329 0.5096438249
330 0.5095368587
331 0.5094458677
332 0.5093685635
333 0.5093029697
334 0.5092473824
335 0.5092003341
336 0.509160563
337 0.5091269857
338 0.5090986732
339 0.5090748298
340 0.5090547752
341 0.5090379284
342 0.5090237941
343 0.5090119504
344 0.5090020384
345 0.5089937534
346 0.508986837
347 0.5089810704
348 0.5089762683
349 0.5089722745
350 0.5089689571
351 0.5089662049
352 0.5089639244
353 0.5089620372
354 0.5089604774
355 0.5089591898
356 0.5089581282
357 0.508957254
358 0.5089565351
359 0.5089559445
360 0.5089554601
361 0.5089550631
362 0.5089547383
363 0.5089544728
364 0.508954256
365 0.5089540793
366 0.5089539355
367 0.5089538184
368 0.5089537234
369 0.5089536463
370 0.5089535838
371 0.5089535332
372 0.5089534923
373 0.5089534593
374 0.5089534327
375 0.5089534113
376 0.5089533941
377 0.5089533802
378 0.5089533691
379 0.5089533602
380 0.5089533531
381 0.5089533474
382 0.5089533429
383 0.5089533393
384 0.5089533364
385 0.5089533341
386 0.5089533323
387 0.5089533308
388 0.5089533297
389 0.5089533288
390 0.508953328
391 0.5089533275
392 0.508953327
393 0.5089533267
394 0.5089533264
395 0.5089533262
396 0.508953326
397 0.5089533259
398 0.5089533258
399 0.5089533257
400 0.5089533256
401 0.5089533256
402 0.5089533255
403 0.5089533255
404 0.5089533255
405 0.5089533255
406 0.5089533255
407 0.5089533255
408 0.5089533254
409 0.5089533254
410 0.5089533254
411 0.5089533254
412 0.5089533254
413 0.5089533254
414 0.5089533254
415 0.5089533254
416 0.5089533254
417 0.5089533254
418 0.5089533254
419 0.5089533254
420 0.5089533254
421 0.5089533254
422 0.5089533254
423 0.5089533254
424 0.5089533254
425 0.5089533254
426 0.5089533254
427 0.5089533254
428 0.5089533254
429 0.5089533254
430 0.5089533254
431 0.5089533254
432 0.5089533254
433 0.5089533254
434 0.5089533254
435 0.5089533254
436 0.5089533254
437 0.5089533254
438 0.5089533254
439 0.5089533254
440 0.5089533254
441 0.5089533254
442 0.5089533254
443 0.5089533254
444 0.5089533254
445 0.5089533254
446 0.5089533254
447 0.5089533254
448 0.5089533254
449 0.5089533254
450 0.5089533254
451 0.5089533254
452 0.5089533254
453 0.5089533254
454 0.5089533254
455 0.5089533254
456 0.5089533254
457 0.5089533254
458 0.5089533254
459 0.5089533254
460 0.5089533254
461 0.5089533254
462 0.5089533254
463 0.5089533254
464 0.5089533254
465 0.5089533254
466 0.5089533254
467 0.5089533254
468 0.5089533254
469 0.5089533254
470 0.5089533254
471 0.5089533254
472 0.5089533254
473 0.5089533254
474 0.5089533254
475 0.5089533254
476 0.5089533254
477 0.5089533254
478 0.5089533254
479 0.5089533254
480 0.5089533254
481 0.5089533254
482 0.5089533254
483 0.5089533254
484 0.5089533254
485 0.5089533254
486 0.5089533254
487 0.5089533254
488 0.5089533254
489 0.5089533254
490 0.5089533254
491 0.5089533254
492 0.5089533254
493 0.5089533254
494 0.5089533254
495 0.5089533254
496 0.5089533254
497 0.5089533254
498 0.5089533254
499 0.5089533254
500 0.5089533254
501 0.5089533254
502 0.5089533254
503 0.5089533254
504 0.5089533254
505 0.5089533254
506 0.5089533254
507 0.5089533254
508 0.5089533254
509 0.5089533254
510 0.5089533254
511 0.5089533254
512 0.5089533254
513 0.5089533254
514 0.5089533254
515 0.5089533254
516 0.5089533254
517 0.5089533254
518 0.5089533254
519 0.5089533254
520 0.5089533254
521 0.5089533254
522 0.5089533254
523 0.5089533254
524 0.5089533254
525 0.5089533254
526 0.5089533254
527 0.5089533254
528 0.5089533254
529 0.5089533254
530 0.5089533254
531 0.5089533254
532 0.5089533254
533 0.5089533254
534 0.5089533254
535 0.5089533254
536 0.5089533254
537 0.5089533254
538 0.5089533254
539 0.5089533254
540 0.5089533254
541 0.5089533254
542 0.5089533254
543 0.5089533254
544 0.5089533254
545 0.5089533254
546 0.5089533254
547 0.5089533254
548 0.5089533254
549 0.5089533254
550 0.5089533254
551 0.5089533254
552 0.5089533254
553 0.5089533254
554 0.5089533254
555 0.5089533254
556 0.5089533254
557 0.5089533254
558 0.5089533254
559 0.5089533254
560 0.5089533254
561 0.5089533254
562 0.5089533254
563 0.5089533254
564 0.5089533254
565 0.5089533254
566 0.5089533254
567 0.5089533254
568 0.5089533254
569 0.5089533254
570 0.5089533254
571 0.5089533254
572 0.5089533254
573 0.5089533254
574 0.5089533254
575 0.5089533254
576 0.5089533254
577 0.5089533254
578 0.5089533254
579 0.5089533254
580 0.5089533254
581 0.5089533254
582 0.5089533254
583 0.5089533254
584 0.5089533254
585 0.5089533254
586 0.5089533254
587 0.5089533254
588 0.5089533254
589 0.5089533254
590 0.5089533254
591 0.5089533254
592 0.5089533254
593 0.5089533254
594 0.5089533254
595 0.5089533254
596 0.5089533254
597 0.5089533254
598 0.5089533254
599 0.5089533254
600 0.5089533254
601 0.5089533254
602 0.5089533254
603 0.5089533254
604 0.5089533254
605 0.5089533254
606 0.5089533254
607 0.5089533254
608 0.5089533254
609 0.5089533254
610 0.5089533254
611 0.5089533254
612 0.5089533254
613 0.5089533254
614 0.5089533254
615 0.5089533254
616 0.5089533254
617 0.5089533254
618 0.5089533254
619 0.5089533254
620 0.5089533254
621 0.5089533254
622 0.5089533254
623 0.5089533254
624 0.5089533254
625 0.5089533254
626 0.5089533254
627 0.5089533254
628 0.5089533254
629 0.5089533254
630 0.5089533254
631 0.5089533254
632 0.5089533254
633 0.5089533254
634 0.5089533254
635 0.5089533254
636 0.5089533254
637 0.5089533254
638 0.5089533254
639 0.5089533254
640 0.5089533254
641 0.5089533254
642 0.5089533254
643 0.5089533254
644 0.5089533254
645 0.5089533254
646 0.5089533254
647 0.5089533254
648 0.5089533254
649 0.5089533254
650 0.5089533254
651 0.5089533254
652 0.5089533254
653 0.5089533254
654 0.5089533254
655 0.5089533254
656 0.5089533254
657 0.5089533254
658 0.5089533254
659 0.5089533254
660 0.5089533254
661 0.5089533254
662 0.5089533254
663 0.5089533254
664 0.5089533254
665 0.5089533254
666 0.5089533254
667 0.5089533254
668 0.5089533254
669 0.5089533254
670 0.5089533254
671 0.5089533254
672 0.5089533254
673 0.5089533254
674 0.5089533254
675 0.5089533254
676 0.5089533254
677 0.5089533254
678 0.5089533254
679 0.5089533254
680 0.5089533254
681 0.5089533254
682 0.5089533254
683 0.5089533254
684 0.5089533254
685 0.5089533254
686 0.5089533254
687 0.5089533254
688 0.5089533254
689 0.5089533254
690 0.5089533254
691 0.5089533254
692 0.5089533254
693 0.5089533254
694 0.5089533254
695 0.5089533254
696 0.5089533254
697 0.5089533254
698 0.5089533254
699 0.5089533254
700 0.5089533254
701 0.5089533254
702 0.5089533254
703 0.5089533254
704 0.5089533254
705 0.5089533254
706 0.5089533254
707 0.5089533254
708 0.5089533254
709 0.5089533254
710 0.5089533254
711 0.5089533254
712 0.5089533254
713 0.5089533254
714 0.5089533254
715 0.5089533254
716 0.5089533254
717 0.5089533254
718 0.5089533254
719 0.5089533254
720 0.5089533254
721 0.5089533254
722 0.5089533254
723 0.5089533254
724 0.5089533254
725 0.5089533254
726 0.5089533254
727 0.5089533254
728 0.5089533254
729 0.5089533254
730 0.5089533254
731 0.5089533254
732 0.5089533254
733 0.5089533254
734 0.5089533254
735 0.5089533254
736 0.5089533254
737 0.5089533254
738 0.5089533254
739 0.5089533254
740 0.5089533254
741 0.5089533254
742 0.5089533254
743 0.5089533254
744 0.5089533254
745 0.5089533254
746 0.5089533254
747 0.5089533254
748 0.5089533254
749 0.5089533254
750 0.5089533254
751 0.5089533254
752 0.5089533254
753 0.5089533254
754 0.5089533254
755 0.5089533254
756 0.5089533254
757 0.5089533254
758 0.5089533254
759 0.5089533254
760 0.5089533254
761 0.5089533254
762 0.5089533254
763 0.5089533254
764 0.5089533254
765 0.5089533254
766 0.5089533254
767 0.5089533254
768 0.5089533254
769 0.5089533254
770 0.5089533254
771 0.5089533254
772 0.5089533254
773 0.5089533254
774 0.5089533254
775 0.5089533254
776 0.5089533254
777 0.5089533254
778 0.5089533254
779 0.5089533254
780 0.5089533254
781 0.5089533254
782 0.5089533254
783 0.5089533254
784 0.5089533254
785 0.5089533254
786 0.5089533254
787 0.5089533254
788 0.5089533254
789 0.5089533254
790 0.5089533254
791 0.5089533254
792 0.5089533254
793 0.5089533254
794 0.5089533254
795 0.5089533254
796 0.5089533254
797 0.5089533254
798 0.5089533254
799 0.5089533254
800 0.5089533254
801 0.5089533254
802 0.5089533254
803 0.5089533254
804 0.5089533254
805 0.5089533254
806 0.5089533254
807 0.5089533254
808 0.5089533254
809 0.5089533254
810 0.5089533254
811 0.5089533254
812 0.5089533254
813 0.5089533254
814 0.5089533254
815 0.5089533254
816 0.5089533254
817 0.5089533254
818 0.5089533254
819 0.5089533254
820 0.5089533254
821 0.5089533254
822 0.5089533254
823 0.5089533254
824 0.5089533254
825 0.5089533254
826 0.5089533254
827 0.5089533254
828 0.5089533254
829 0.5089533254
830 0.5089533254
831 0.5089533254
832 0.5089533254
833 0.5089533254
834 0.5089533254
835 0.5089533254
836 0.5089533254
837 0.5089533254
838 0.5089533254
839 0.5089533254
840 0.5089533254
841 0.5089533254
842 0.5089533254
843 0.5089533254
844 0.5089533254
845 0.5089533254
846 0.5089533254
847 0.5089533254
848 0.5089533254
849 0.5089533254
850 0.5089533254
851 0.5089533254
852 0.5089533254
853 0.5089533254
854 0.5089533254
855 0.5089533254
856 0.5089533254
857 0.5089533254
858 0.5089533254
859 0.5089533254
860 0.5089533254
861 0.5089533254
862 0.5089533254
863 0.5089533254
864 0.5089533254
865 0.5089533254
866 0.5089533254
867 0.5089533254
868 0.5089533254
869 0.5089533254
870 0.5089533254
871 0.5089533254
872 0.5089533254
873 0.5089533254
874 0.5089533254
875 0.5089533254
876 0.5089533254
877 0.5089533254
878 0.5089533254
879 0.5089533254
880 0.5089533254
881 0.5089533254
882 0.5089533254
883 0.5089533254
884 0.5089533254
885 0.5089533255
886 0.5089533255
887 0.5089533255
888 0.5089533255
889 0.5089533255
890 0.5089533256
891 0.5089533256
892 0.5089533256
893 0.5089533257
894 0.5089533258
895 0.5089533259
896 0.508953326
897 0.5089533261
898 0.5089533263
899 0.5089533265
900 0.5089533268
901 0.5089533272
902 0.5089533276
903 0.5089533281
904 0.5089533288
905 0.5089533296
906 0.5089533307
907 0.5089533319
908 0.5089533335
909 0.5089533354
910 0.5089533378
911 0.5089533407
912 0.5089533442
913 0.5089533486
914 0.508953354
915 0.5089533606
916 0.5089533687
917 0.5089533786
918 0.5089533907
919 0.5089534054
920 0.5089534233
921 0.5089534452
922 0.5089534718
923 0.5089535041
924 0.5089535433
925 0.5089535908
926 0.5089536484
927 0.5089537181
928 0.5089538024
929 0.5089539041
930 0.5089540268
931 0.5089541746
932 0.5089543526
933 0.5089545665
934 0.5089548235
935 0.5089551319
936 0.5089555015
937 0.5089559441
938 0.5089564735
939 0.508957106
940 0.5089578609
941 0.5089587611
942 0.5089598332
943 0.5089611088
944 0.508962625
945 0.5089644252
946 0.5089665603
947 0.5089690899
948 0.5089720839
949 0.5089756237
950 0.5089798044
951 0.5089847367
952 0.5089905498
953 0.5089973936
954 0.5090054423
955 0.509014898
956 0.5090259949
957 0.5090390042
958 0.5090542392
959 0.5090720617
960 0.5090928891
961 0.5091172021
962 0.5091455541
963 0.5091785807
964 0.5092170118
965 0.5092616842
966 0.5093135564
967 0.5093737244
968 0.5094434407
969 0.5095241343
970 0.5096174342
971 0.5097251945
972 0.5098495235
973 0.5099928155
974 0.5101577861
975 0.5103475119
976 0.5105654739
977 0.5108156063
978 0.5111023495
979 0.5114307094
980 0.5118063225
981 0.5122355272
982 0.5127254427
983 0.5132840548
984 0.5139203106
985 0.5146442211
986 0.5154669743
987 0.516401057
988 0.5174603883
989 0.5186604638
990 0.5200185123
991 0.5215536646
992 0.5232871364
993 0.5252424244
994 0.5274455179
995 0.5299251252
996 0.5327129159
997 0.5358437806
998 0.5393561063
999 0.5432920703
1000 0.547697952
1001 0.5526244619
1002 0.5581270904
1003 0.5642664742
1004 0.5711087812
1005 0.5787261143
1006 0.5871969323
1007 0.596606489
1008 0.6070472886
1009 0.618619557
1010 0.6314317277
1011 0.645600941
1012 0.6612535544
1013 0.6785256634
1014 0.6975636284
1015 0.7185246076
1016 0.741577091
1017 0.7669014328
1018 0.7946903797
1019 0.8251495891
1020 0.858498135
1021 0.8949689954
1022 0.9348095165
1023 0.9782818488
