#53956 2909.9952941944712244 0.0045704665467377883145 1 1277 16.000049430220818044 1024 7 1 J1713+0747 0.0000000 
0 0.1260563536
1 0.1260563538
2 0.126056354
3 0.1260563543
4 0.1260563547
5 0.1260563551
6 0.1260563556
7 0.1260563563
8 0.1260563572
9 0.1260563582
10 0.1260563595
11 0.126056361
12 0.126056363
13 0.1260563654
14 0.1260563683
15 0.126056372
16 0.1260563764
17 0.1260563819
18 0.1260563886
19 0.1260563968
20 0.1260564069
21 0.1260564191
22 0.1260564341
23 0.1260564524
24 0.1260564746
25 0.1260565017
26 0.1260565346
27 0.1260565745
28 0.1260566229
29 0.1260566816
30 0.1260567527
31 0.1260568386
32 0.1260569423
33 0.1260570675
34 0.1260572184
35 0.1260574001
36 0.1260576186
37 0.1260578811
38 0.1260581963
39 0.1260585741
40 0.1260590266
41 0.1260595681
42 0.1260602152
43 0.1260609879
44 0.1260619095
45 0.1260630074
46 0.1260643142
47 0.1260658679
48 0.1260677132
49 0.1260699025
50 0.1260724971
51 0.126075569
52 0.126079202
53 0.126083494
54 0.1260885594
55 0.1260945311
56 0.1261015637
57 0.1261098371
58 0.1261195599
59 0.1261309737
60 0.1261443587
61 0.1261600385
62 0.1261783871
63 0.126199836
64 0.1262248823
65 0.1262540984
66 0.1262881423
67 0.1263277695
68 0.1263738467
69 0.1264273667
70 0.1264894654
71 0.1265614413
72 0.1266447764
73 0.1267411606
74 0.126852518
75 0.1269810376
76 0.1271292056
77 0.1272998434
78 0.1274961485
79 0.1277217397
80 0.1279807087
81 0.1282776752
82 0.1286178493
83 0.1290070991
84 0.1294520263
85 0.1299600484
86 0.1305394888
87 0.1311996763
88 0.1319510529
89 0.1328052924
90 0.1337754289
91 0.1348759968
92 0.136123183
93 0.1375349915
94 0.1391314215
95 0.1409346602
96 0.1429692897
97 0.1452625101
98 0.1478443789
99 0.1507480673
100 0.1540101339
101 0.157670817
102 0.1617743455
103 0.166369269
104 0.1715088073
105 0.1772512198
106 0.1836601948
107 0.1908052587
108 0.1987622054
109 0.2076135443
110 0.2174489681
111 0.2283658386
112 0.2404696895
113 0.2538747461
114 0.2687044589
115 0.2850920507
116 0.3031810745
117 0.3231259805
118 0.345092688
119 0.3692591614
120 0.3958159849
121 0.4249669337
122 0.4569295361
123 0.4919356229
124 0.5302318597
125 0.5720802546
126 0.6177586382
127 0.6675611078
128 0.7217984303
129 0.7807983972
130 0.844906123
131 0.9144842814
132 0.9899132705
133 1.071591299
134 1.159934385
135 1.255376262
136 1.358368178
137 1.469378582
138 1.588892695
139 1.71741195
140 1.855453289
141 2.00354833
142 2.162242366
143 2.332093217
144 2.513669916
145 2.707551218
146 2.914323944
147 3.134581137
148 3.368920046
149 3.61793992
150 3.882239618
151 4.162415047
152 4.459056406
153 4.772745265
154 5.104051466
155 5.453529864
156 5.821716913
157 6.209127109
158 6.616249297
159 7.04354287
160 7.491433852
161 7.960310917
162 8.450521331
163 8.962366856
164 9.496099638
165 10.0519181
166 10.62996288
167 11.2303128
168 11.85298096
169 12.49791093
170 13.16497311
171 13.85396126
172 14.56458924
173 15.29648804
174 16.04920302
175 16.8221915
176 17.61482076
177 18.42636624
178 19.25601036
179 20.10284157
180 20.96585404
181 21.84394765
182 22.73592864
183 23.6405107
184 24.5563166
185 25.48188039
186 26.41565016
187 27.35599138
188 28.30119076
189 29.24946071
190 30.1989444
191 31.14772129
192 32.09381326
193 33.03519124
194 33.9697823
195 34.89547733
196 35.81013898
197 36.7116102
198 37.59772297
199 38.46630748
200 39.31520158
201 40.14226038
202 40.94536612
203 41.72243817
204 42.47144304
205 43.19040449
206 43.87741353
207 44.53063844
208 45.14833451
209 45.72885365
210 46.27065375
211 46.77230766
212 47.23251186
213 47.65009466
214 48.02402394
215 48.3534144
216 48.63753419
217 48.87581099
218 49.06783741
219 49.21337571
220 49.31236188
221 49.36490888
222 49.37130929
223 49.33203701
224 49.24774834
225 49.11928219
226 48.94765953
227 48.73408205
228 48.47993009
229 48.18675966
230 47.85629891
231 47.49044366
232 47.09125231
233 46.66094007
234 46.20187243
235 45.71655806
236 45.20764102
237 44.67789244
238 44.13020159
239 43.56756649
240 42.99308389
241 42.40993897
242 41.82139447
243 41.23077945
244 40.64147775
245 40.05691608
246 39.48055175
247 38.91586028
248 38.36632264
249 37.83541238
250 37.32658252
251 36.8432524
252 36.38879432
253 35.96652019
254 35.57966808
255 35.23138883
256 34.92473263
257 34.66263573
258 34.44790718
259 34.28321576
260 34.17107711
261 34.11384108
262 34.11367933
263 34.17257326
264 34.29230238
265 34.47443304
266 34.72030771
267 35.03103473
268 35.40747876
269 35.85025187
270 36.35970535
271 36.93592239
272 37.57871154
273 38.28760122
274 39.06183521
275 39.90036914
276 40.8018683
277 41.76470647
278 42.78696614
279 43.86644003
280 45.00063395
281 46.18677113
282 47.42179793
283 48.70239113
284 50.02496662
285 51.38568971
286 52.78048682
287 54.20505885
288 55.65489582
289 57.12529317
290 58.61136926
291 60.10808437
292 61.61026091
293 63.11260473
294 64.60972768
295 66.09617102
296 67.56642972
297 69.01497752
298 70.4362925
299 71.8248832
300 73.17531487
301 74.48223595
302 75.74040444
303 76.94471398
304 78.09021965
305 79.17216302
306 80.18599655
307 81.12740699
308 81.99233765
309 82.77700946
310 83.47794051
311 84.09196404
312 84.61624474
313 85.04829311
314 85.385978
315 85.62753695
316 85.77158449
317 85.8171182
318 85.76352255
319 85.61057045
320 85.35842246
321 85.00762389
322 84.55909943
323 84.01414576
324 83.37442193
325 82.64193772
326 81.81903997
327 80.90839719
328 79.9129823
329 78.83605391
330 77.68113606
331 76.45199683
332 75.15262567
333 73.78720998
334 72.36011083
335 70.87583817
336 69.33902565
337 67.75440528
338 66.12678204
339 64.46100872
340 62.76196105
341 61.0345134
342 59.28351512
343 57.5137677
344 55.73000293
345 53.93686208
346 52.13887635
347 50.34044862
348 48.54583647
349 46.75913684
350 44.98427206
351 43.22497752
352 41.48479088
353 39.76704292
354 38.07485
355 36.41110803
356 34.77848812
357 33.17943369
358 31.61615908
359 30.09064957
360 28.60466277
361 27.15973131
362 25.75716667
363 24.39806423
364 23.08330921
365 21.81358361
366 20.58937402
367 19.41098003
368 18.27852338
369 17.1919576
370 16.15107803
371 15.15553229
372 14.20483083
373 13.29835776
374 12.43538172
375 11.61506665
376 10.83648258
377 10.09861619
378 9.400381174
379 8.740628319
380 8.118155237
381 7.531715739
382 6.980028783
383 6.46178698
384 5.975664614
385 5.520325183
386 5.094428415
387 4.696636769
388 4.325621418
389 3.980067693
390 3.658680019
391 3.360186331
392 3.083341993
393 2.826933224
394 2.589780061
395 2.370738868
396 2.16870442
397 1.982611582
398 1.811436602
399 1.654198052
400 1.509957447
401 1.377819544
402 1.256932383
403 1.146487057
404 1.045717276
405 0.953898713
406 0.8703481836
407 0.7944226689
408 0.7255182051
409 0.6630686643
410 0.6065444431
411 0.555451079
412 0.5093278102
413 0.4677460967
414 0.4303081143
415 0.3966452371
416 0.3664165186
417 0.3393071829
418 0.3150271337
419 0.2933094917
420 0.2739091646
421 0.2566014575
422 0.2411807278
423 0.2274590883
424 0.2152651632
425 0.2044428967
426 0.1948504184
427 0.1863589652
428 0.1788518602
429 0.1722235491
430 0.1663786925
431 0.1612313149
432 0.1567040073
433 0.1527271833
434 0.1492383861
435 0.1461816454
436 0.1435068808
437 0.141169351
438 0.1391291456
439 0.1373507178
440 0.1358024547
441 0.1344562848
442 0.1332873182
443 0.1322735191
444 0.1313954076
445 0.1306357884
446 0.1299795057
447 0.1294132203
448 0.1289252095
449 0.128505186
450 0.1281441352
451 0.1278341694
452 0.1275683966
453 0.1273408036
454 0.1271461515
455 0.1269798823
456 0.1268380363
457 0.1267171784
458 0.1266143325
459 0.1265269243
460 0.12645273
461 0.1263898309
462 0.1263365744
463 0.1262915389
464 0.1262535031
465 0.1262214192
466 0.1261943899
467 0.1261716473
468 0.1261525356
469 0.126136495
470 0.1261230491
471 0.126111792
472 0.1261023794
473 0.1260945187
474 0.1260879624
475 0.1260825007
476 0.1260779567
477 0.1260741807
478 0.126071047
479 0.1260684496
480 0.1260662992
481 0.1260645212
482 0.126063053
483 0.1260618421
484 0.1260608445
485 0.1260600239
486 0.1260593495
487 0.1260587961
488 0.1260583425
489 0.1260579711
490 0.1260576675
491 0.1260574195
492 0.1260572173
493 0.1260570526
494 0.1260569186
495 0.1260568097
496 0.1260567213
497 0.1260566496
498 0.1260565916
499 0.1260565447
500 0.1260565069
501 0.1260564763
502 0.1260564517
503 0.1260564319
504 0.126056416
505 0.1260564033
506 0.126056393
507 0.1260563848
508 0.1260563783
509 0.1260563731
510 0.1260563689
511 0.1260563656
512 0.1260563629
513 0.1260563608
514 0.1260563591
515 0.1260563578
516 0.1260563568
517 0.1260563559
518 0.1260563553
519 0.1260563548
520 0.1260563544
521 0.126056354
522 0.1260563538
523 0.1260563536
524 0.1260563534
525 0.1260563533
526 0.1260563532
527 0.1260563531
528 0.1260563531
529 0.126056353
530 0.126056353
531 0.126056353
532 0.126056353
533 0.1260563529
534 0.1260563529
535 0.1260563529
536 0.1260563529
537 0.1260563529
538 0.1260563529
539 0.1260563529
540 0.1260563529
541 0.1260563529
542 0.1260563529
543 0.1260563529
544 0.1260563529
545 0.1260563529
546 0.1260563529
547 0.1260563529
548 0.1260563529
549 0.1260563529
550 0.1260563529
551 0.1260563529
552 0.1260563529
553 0.1260563529
554 0.1260563529
555 0.1260563529
556 0.1260563529
557 0.1260563529
558 0.1260563529
559 0.1260563529
560 0.1260563529
561 0.1260563529
562 0.1260563529
563 0.1260563529
564 0.1260563529
565 0.1260563529
566 0.1260563529
567 0.1260563529
568 0.1260563529
569 0.1260563529
570 0.1260563529
571 0.1260563529
572 0.1260563529
573 0.1260563529
574 0.1260563529
575 0.1260563529
576 0.1260563529
577 0.1260563529
578 0.1260563529
579 0.1260563529
580 0.1260563529
581 0.1260563529
582 0.1260563529
583 0.1260563529
584 0.1260563529
585 0.1260563529
586 0.1260563529
587 0.1260563529
588 0.1260563529
589 0.1260563529
590 0.1260563529
591 0.1260563529
592 0.1260563529
593 0.1260563529
594 0.1260563529
595 0.1260563529
596 0.1260563529
597 0.1260563529
598 0.1260563529
599 0.1260563529
600 0.1260563529
601 0.1260563529
602 0.1260563529
603 0.1260563529
604 0.1260563529
605 0.1260563529
606 0.1260563529
607 0.1260563529
608 0.1260563529
609 0.1260563529
610 0.1260563529
611 0.1260563529
612 0.1260563529
613 0.1260563529
614 0.1260563529
615 0.1260563529
616 0.1260563529
617 0.1260563529
618 0.1260563529
619 0.1260563529
620 0.1260563529
621 0.1260563529
622 0.1260563529
623 0.1260563529
624 0.1260563529
625 0.1260563529
626 0.1260563529
627 0.1260563529
628 0.1260563529
629 0.1260563529
630 0.1260563529
631 0.1260563529
632 0.1260563529
633 0.1260563529
634 0.1260563529
635 0.1260563529
636 0.1260563529
637 0.1260563529
638 0.1260563529
639 0.1260563529
640 0.1260563529
641 0.1260563529
642 0.1260563529
643 0.1260563529
644 0.1260563529
645 0.1260563529
646 0.1260563529
647 0.1260563529
648 0.1260563529
649 0.1260563529
650 0.1260563529
651 0.1260563529
652 0.1260563529
653 0.1260563529
654 0.1260563529
655 0.1260563529
656 0.1260563529
657 0.1260563529
658 0.1260563529
659 0.1260563529
660 0.1260563529
661 0.1260563529
662 0.1260563529
663 0.1260563529
664 0.1260563529
665 0.1260563529
666 0.1260563529
667 0.1260563529
668 0.1260563529
669 0.1260563529
670 0.1260563529
671 0.1260563529
672 0.1260563529
673 0.1260563529
674 0.1260563529
675 0.1260563529
676 0.1260563529
677 0.1260563529
678 0.1260563529
679 0.1260563529
680 0.1260563529
681 0.1260563529
682 0.1260563529
683 0.1260563529
684 0.1260563529
685 0.1260563529
686 0.1260563529
687 0.1260563529
688 0.1260563529
689 0.1260563529
690 0.1260563529
691 0.1260563529
692 0.1260563529
693 0.1260563529
694 0.1260563529
695 0.1260563529
696 0.1260563529
697 0.1260563529
698 0.1260563529
699 0.1260563529
700 0.1260563529
701 0.1260563529
702 0.1260563529
703 0.1260563529
704 0.1260563529
705 0.1260563529
706 0.1260563529
707 0.1260563529
708 0.1260563529
709 0.1260563529
710 0.1260563529
711 0.1260563529
712 0.1260563529
713 0.1260563529
714 0.1260563529
715 0.1260563529
716 0.1260563529
717 0.1260563529
718 0.1260563529
719 0.1260563529
720 0.1260563529
721 0.1260563529
722 0.1260563529
723 0.1260563529
724 0.1260563529
725 0.1260563529
726 0.1260563529
727 0.1260563529
728 0.1260563529
729 0.1260563529
730 0.1260563529
731 0.1260563529
732 0.1260563529
733 0.1260563529
734 0.1260563529
735 0.1260563529
736 0.1260563529
737 0.1260563529
738 0.1260563529
739 0.1260563529
740 0.1260563529
741 0.1260563529
742 0.1260563529
743 0.1260563529
744 0.1260563529
745 0.1260563529
746 0.1260563529
747 0.1260563529
748 0.1260563529
749 0.1260563529
750 0.1260563529
751 0.1260563529
752 0.1260563529
753 0.1260563529
754 0.1260563529
755 0.1260563529
756 0.1260563529
757 0.1260563529
758 0.1260563529
759 0.1260563529
760 0.1260563529
761 0.1260563529
762 0.1260563529
763 0.1260563529
764 0.1260563529
765 0.1260563529
766 0.1260563529
767 0.1260563529
768 0.1260563529
769 0.1260563529
770 0.1260563529
771 0.1260563529
772 0.1260563529
773 0.1260563529
774 0.1260563529
775 0.1260563529
776 0.1260563529
777 0.1260563529
778 0.1260563529
779 0.1260563529
780 0.1260563529
781 0.1260563529
782 0.1260563529
783 0.1260563529
784 0.1260563529
785 0.1260563529
786 0.1260563529
787 0.1260563529
788 0.1260563529
789 0.1260563529
790 0.1260563529
791 0.1260563529
792 0.1260563529
793 0.1260563529
794 0.1260563529
795 0.1260563529
796 0.1260563529
797 0.1260563529
798 0.1260563529
799 0.1260563529
800 0.1260563529
801 0.1260563529
802 0.1260563529
803 0.1260563529
804 0.1260563529
805 0.1260563529
806 0.1260563529
807 0.1260563529
808 0.1260563529
809 0.1260563529
810 0.1260563529
811 0.1260563529
812 0.1260563529
813 0.1260563529
814 0.1260563529
815 0.1260563529
816 0.1260563529
817 0.1260563529
818 0.1260563529
819 0.1260563529
820 0.1260563529
821 0.1260563529
822 0.1260563529
823 0.1260563529
824 0.1260563529
825 0.1260563529
826 0.1260563529
827 0.1260563529
828 0.1260563529
829 0.1260563529
830 0.1260563529
831 0.1260563529
832 0.1260563529
833 0.1260563529
834 0.1260563529
835 0.1260563529
836 0.1260563529
837 0.1260563529
838 0.1260563529
839 0.1260563529
840 0.1260563529
841 0.1260563529
842 0.1260563529
843 0.1260563529
844 0.1260563529
845 0.1260563529
846 0.1260563529
847 0.1260563529
848 0.1260563529
849 0.1260563529
850 0.1260563529
851 0.1260563529
852 0.1260563529
853 0.1260563529
854 0.1260563529
855 0.1260563529
856 0.1260563529
857 0.1260563529
858 0.1260563529
859 0.1260563529
860 0.1260563529
861 0.1260563529
862 0.1260563529
863 0.1260563529
864 0.1260563529
865 0.1260563529
866 0.1260563529
867 0.1260563529
868 0.1260563529
869 0.1260563529
870 0.1260563529
871 0.1260563529
872 0.1260563529
873 0.1260563529
874 0.1260563529
875 0.1260563529
876 0.1260563529
877 0.1260563529
878 0.1260563529
879 0.1260563529
880 0.1260563529
881 0.1260563529
882 0.1260563529
883 0.1260563529
884 0.1260563529
885 0.1260563529
886 0.1260563529
887 0.1260563529
888 0.1260563529
889 0.1260563529
890 0.1260563529
891 0.1260563529
892 0.1260563529
893 0.1260563529
894 0.1260563529
895 0.1260563529
896 0.1260563529
897 0.1260563529
898 0.1260563529
899 0.1260563529
900 0.1260563529
901 0.1260563529
902 0.1260563529
903 0.1260563529
904 0.1260563529
905 0.1260563529
906 0.1260563529
907 0.1260563529
908 0.1260563529
909 0.1260563529
910 0.1260563529
911 0.1260563529
912 0.1260563529
913 0.1260563529
914 0.1260563529
915 0.1260563529
916 0.1260563529
917 0.1260563529
918 0.1260563529
919 0.1260563529
920 0.1260563529
921 0.1260563529
922 0.1260563529
923 0.1260563529
924 0.1260563529
925 0.1260563529
926 0.1260563529
927 0.1260563529
928 0.1260563529
929 0.1260563529
930 0.1260563529
931 0.1260563529
932 0.1260563529
933 0.1260563529
934 0.1260563529
935 0.1260563529
936 0.1260563529
937 0.1260563529
938 0.1260563529
939 0.1260563529
940 0.1260563529
941 0.1260563529
942 0.1260563529
943 0.1260563529
944 0.1260563529
945 0.1260563529
946 0.1260563529
947 0.1260563529
948 0.1260563529
949 0.1260563529
950 0.1260563529
951 0.1260563529
952 0.1260563529
953 0.1260563529
954 0.1260563529
955 0.1260563529
956 0.1260563529
957 0.1260563529
958 0.1260563529
959 0.1260563529
960 0.1260563529
961 0.1260563529
962 0.1260563529
963 0.1260563529
964 0.1260563529
965 0.1260563529
966 0.1260563529
967 0.1260563529
968 0.1260563529
969 0.1260563529
970 0.1260563529
971 0.1260563529
972 0.1260563529
973 0.1260563529
974 0.1260563529
975 0.1260563529
976 0.1260563529
977 0.1260563529
978 0.1260563529
979 0.1260563529
980 0.1260563529
981 0.1260563529
982 0.1260563529
983 0.1260563529
984 0.1260563529
985 0.1260563529
986 0.1260563529
987 0.1260563529
988 0.1260563529
989 0.1260563529
990 0.1260563529
991 0.1260563529
992 0.1260563529
993 0.1260563529
994 0.1260563529
995 0.1260563529
996 0.1260563529
997 0.1260563529
998 0.1260563529
999 0.1260563529
1000 0.1260563529
1001 0.1260563529
1002 0.1260563529
1003 0.1260563529
1004 0.1260563529
1005 0.1260563529
1006 0.1260563529
1007 0.1260563529
1008 0.1260563529
1009 0.1260563529
1010 0.1260563529
1011 0.1260563529
1012 0.1260563529
1013 0.1260563529
1014 0.126056353
1015 0.126056353
1016 0.126056353
1017 0.126056353
1018 0.1260563531
1019 0.1260563531
1020 0.1260563532
1021 0.1260563533
1022 0.1260563534
1023 0.1260563535
