#54088 2910.0073523103524327 0.0045700634576208969823 1 1285 16.000049430220818044 1024 7 1 J1713+0747 0.0000000 
0 34.06414322
1 33.93858963
2 33.8672418
3 33.85231355
4 33.8958319
5 33.99962531
6 34.16531236
7 34.39429088
8 34.68772764
9 35.0465486
10 35.47142986
11 35.96278929
12 36.52077899
13 37.1452786
14 37.83588951
15 38.59193008
16 39.41243194
17 40.29613741
18 41.24149807
19 42.24667465
20 43.3095382
21 44.42767256
22 45.59837836
23 46.81867832
24 48.08532413
25 49.39480478
26 50.7433564
27 52.12697364
28 53.54142247
29 54.98225461
30 56.44482326
31 57.92430032
32 59.41569499
33 60.91387355
34 62.41358047
35 63.90946053
36 65.39608201
37 66.86796071
38 68.31958479
39 69.74544017
40 71.14003646
41 72.49793314
42 73.81376598
43 75.08227331
44 76.29832224
45 77.45693443
46 78.55331132
47 79.58285866
48 80.54121013
49 81.42424987
50 82.22813381
51 82.94930961
52 83.58453496
53 84.13089435
54 84.58581388
55 84.94707423
56 85.2128216
57 85.38157646
58 85.45224023
59 85.42409963
60 85.29682884
61 85.07048934
62 84.74552749
63 84.32276983
64 83.80341624
65 83.18903085
66 82.48153096
67 81.68317392
68 80.79654217
69 79.82452651
70 78.77030773
71 77.63733684
72 76.42931392
73 75.15016588
74 73.80402321
75 72.39519597
76 70.92814917
77 69.4074777
78 67.83788112
79 66.22413825
80 64.57108203
81 62.8835746
82 61.16648288
83 59.42465481
84 57.66289628
85 55.88594914
86 54.09847008
87 52.30501084
88 50.50999962
89 48.71772384
90 46.93231436
91 45.15773123
92 43.39775094
93 41.65595525
94 39.93572166
95 38.24021546
96 36.57238335
97 34.93494865
98 33.33040804
99 31.76102983
100 30.22885359
101 28.73569123
102 27.28312932
103 25.87253268
104 24.50504904
105 23.18161483
106 21.90296183
107 20.66962472
108 19.48194937
109 18.34010178
110 17.24407758
111 16.19371195
112 15.18868993
113 14.22855699
114 13.31272974
115 12.44050677
116 11.61107945
117 10.8235427
118 10.07690558
119 9.370101685
120 8.701999299
121 8.071411186
122 7.477104045
123 6.917807552
124 6.392222962
125 5.899031242
126 5.436900714
127 5.004494199
128 4.600475633
129 4.223516168
130 3.872299749
131 3.545528162
132 3.241925574
133 2.960242573
134 2.699259707
135 2.457790561
136 2.234684372
137 2.028828218
138 1.839148788
139 1.664613778
140 1.504232911
141 1.357058636
142 1.222186506
143 1.098755281
144 0.9859467685
145 0.8829854335
146 0.789137804
147 0.7037116905
148 0.6260552483
149 0.5555559021
150 0.4916391551
151 0.433767302
152 0.3814380649
153 0.3341831692
154 0.291566876
155 0.2531844849
156 0.2186608217
157 0.1876487215
158 0.1598275195
159 0.1349015583
160 0.1125987197
161 0.09266898926
162 0.07488305827
163 0.05903096997
164 0.04492081281
165 0.03237746479
166 0.02124139131
167 0.01136749823
168 0.002624041382
169 -0.005108406872
170 -0.01193793406
171 -0.01796220734
172 -0.0232693374
173 -0.02793868762
174 -0.03204162996
175 -0.03564224928
176 -0.03879799786
177 -0.04156030221
178 -0.04397512432
179 -0.04608347944
180 -0.04792191284
181 -0.04952293762
182 -0.05091543603
183 -0.05212502645
184 -0.05317439828
185 -0.05408361697
186 -0.05487040119
187 -0.05555037421
188 -0.05613729151
189 -0.05664324631
190 -0.057078855
191 -0.05745342391
192 -0.05777509918
193 -0.05805100114
194 -0.0582873445
195 -0.05848954576
196 -0.05866231904
197 -0.05880976124
198 -0.05893542787
199 -0.05904240017
200 -0.05913334463
201 -0.05921056555
202 -0.05927605147
203 -0.059331516
204 -0.05937843379
205 -0.05941807206
206 -0.05945151829
207 -0.05947970442
208 -0.05950342795
209 -0.05952337045
210 -0.05954011356
211 -0.05955415299
212 -0.05956591061
213 -0.05957574499
214 -0.05958396044
215 -0.05959081491
216 -0.05959652673
217 -0.05960128044
218 -0.05960523182
219 -0.0596085122
220 -0.05961123213
221 -0.05961348456
222 -0.05961534752
223 -0.05961688643
224 -0.05961815609
225 -0.05961920229
226 -0.0596200633
227 -0.05962077101
228 -0.059621352
229 -0.05962182837
230 -0.05962221846
231 -0.05962253752
232 -0.05962279815
233 -0.05962301078
234 -0.05962318405
235 -0.05962332506
236 -0.05962343968
237 -0.05962353272
238 -0.05962360817
239 -0.05962366927
240 -0.05962371869
241 -0.0596237586
242 -0.05962379081
243 -0.05962381677
244 -0.05962383765
245 -0.05962385444
246 -0.05962386792
247 -0.05962387873
248 -0.05962388739
249 -0.05962389431
250 -0.05962389984
251 -0.05962390426
252 -0.05962390777
253 -0.05962391057
254 -0.0596239128
255 -0.05962391456
256 -0.05962391596
257 -0.05962391707
258 -0.05962391795
259 -0.05962391865
260 -0.05962391919
261 -0.05962391962
262 -0.05962391996
263 -0.05962392023
264 -0.05962392044
265 -0.0596239206
266 -0.05962392073
267 -0.05962392083
268 -0.05962392091
269 -0.05962392097
270 -0.05962392102
271 -0.05962392106
272 -0.05962392109
273 -0.05962392111
274 -0.05962392113
275 -0.05962392114
276 -0.05962392115
277 -0.05962392116
278 -0.05962392117
279 -0.05962392117
280 -0.05962392117
281 -0.05962392118
282 -0.05962392118
283 -0.05962392118
284 -0.05962392118
285 -0.05962392118
286 -0.05962392118
287 -0.05962392118
288 -0.05962392118
289 -0.05962392119
290 -0.05962392119
291 -0.05962392119
292 -0.05962392119
293 -0.05962392119
294 -0.05962392119
295 -0.05962392119
296 -0.05962392119
297 -0.05962392119
298 -0.05962392119
299 -0.05962392119
300 -0.05962392119
301 -0.05962392119
302 -0.05962392119
303 -0.05962392119
304 -0.05962392119
305 -0.05962392119
306 -0.05962392119
307 -0.05962392119
308 -0.05962392119
309 -0.05962392119
310 -0.05962392119
311 -0.05962392119
312 -0.05962392119
313 -0.05962392119
314 -0.05962392119
315 -0.05962392119
316 -0.05962392119
317 -0.05962392119
318 -0.05962392119
319 -0.05962392119
320 -0.05962392119
321 -0.05962392119
322 -0.05962392119
323 -0.05962392119
324 -0.05962392119
325 -0.05962392119
326 -0.05962392119
327 -0.05962392119
328 -0.05962392119
329 -0.05962392119
330 -0.05962392119
331 -0.05962392119
332 -0.05962392119
333 -0.05962392119
334 -0.05962392119
335 -0.05962392119
336 -0.05962392119
337 -0.05962392119
338 -0.05962392119
339 -0.05962392119
340 -0.05962392119
341 -0.05962392119
342 -0.05962392119
343 -0.05962392119
344 -0.05962392119
345 -0.05962392119
346 -0.05962392119
347 -0.05962392119
348 -0.05962392119
349 -0.05962392119
350 -0.05962392119
351 -0.05962392119
352 -0.05962392119
353 -0.05962392119
354 -0.05962392119
355 -0.05962392119
356 -0.05962392119
357 -0.05962392119
358 -0.05962392119
359 -0.05962392119
360 -0.05962392119
361 -0.05962392119
362 -0.05962392119
363 -0.05962392119
364 -0.05962392119
365 -0.05962392119
366 -0.05962392119
367 -0.05962392119
368 -0.05962392119
369 -0.05962392119
370 -0.05962392119
371 -0.05962392119
372 -0.05962392119
373 -0.05962392119
374 -0.05962392119
375 -0.05962392119
376 -0.05962392119
377 -0.05962392119
378 -0.05962392119
379 -0.05962392119
380 -0.05962392119
381 -0.05962392119
382 -0.05962392119
383 -0.05962392119
384 -0.05962392119
385 -0.05962392119
386 -0.05962392119
387 -0.05962392119
388 -0.05962392119
389 -0.05962392119
390 -0.05962392119
391 -0.05962392119
392 -0.05962392119
393 -0.05962392119
394 -0.05962392119
395 -0.05962392119
396 -0.05962392119
397 -0.05962392119
398 -0.05962392119
399 -0.05962392119
400 -0.05962392119
401 -0.05962392119
402 -0.05962392119
403 -0.05962392119
404 -0.05962392119
405 -0.05962392119
406 -0.05962392119
407 -0.05962392119
408 -0.05962392119
409 -0.05962392119
410 -0.05962392119
411 -0.05962392119
412 -0.05962392119
413 -0.05962392119
414 -0.05962392119
415 -0.05962392119
416 -0.05962392119
417 -0.05962392119
418 -0.05962392119
419 -0.05962392119
420 -0.05962392119
421 -0.05962392119
422 -0.05962392119
423 -0.05962392119
424 -0.05962392119
425 -0.05962392119
426 -0.05962392119
427 -0.05962392119
428 -0.05962392119
429 -0.05962392119
430 -0.05962392119
431 -0.05962392119
432 -0.05962392119
433 -0.05962392119
434 -0.05962392119
435 -0.05962392119
436 -0.05962392119
437 -0.05962392119
438 -0.05962392119
439 -0.05962392119
440 -0.05962392119
441 -0.05962392119
442 -0.05962392119
443 -0.05962392119
444 -0.05962392119
445 -0.05962392119
446 -0.05962392119
447 -0.05962392119
448 -0.05962392119
449 -0.05962392119
450 -0.05962392119
451 -0.05962392119
452 -0.05962392119
453 -0.05962392119
454 -0.05962392119
455 -0.05962392119
456 -0.05962392119
457 -0.05962392119
458 -0.05962392119
459 -0.05962392119
460 -0.05962392119
461 -0.05962392119
462 -0.05962392119
463 -0.05962392119
464 -0.05962392119
465 -0.05962392119
466 -0.05962392119
467 -0.05962392119
468 -0.05962392119
469 -0.05962392119
470 -0.05962392119
471 -0.05962392119
472 -0.05962392119
473 -0.05962392119
474 -0.05962392119
475 -0.05962392119
476 -0.05962392119
477 -0.05962392119
478 -0.05962392119
479 -0.05962392119
480 -0.05962392119
481 -0.05962392119
482 -0.05962392119
483 -0.05962392119
484 -0.05962392119
485 -0.05962392119
486 -0.05962392119
487 -0.05962392119
488 -0.05962392119
489 -0.05962392119
490 -0.05962392119
491 -0.05962392119
492 -0.05962392119
493 -0.05962392119
494 -0.05962392119
495 -0.05962392119
496 -0.05962392119
497 -0.05962392119
498 -0.05962392119
499 -0.05962392119
500 -0.05962392119
501 -0.05962392119
502 -0.05962392119
503 -0.05962392119
504 -0.05962392119
505 -0.05962392119
506 -0.05962392119
507 -0.05962392119
508 -0.05962392119
509 -0.05962392119
510 -0.05962392119
511 -0.05962392119
512 -0.05962392119
513 -0.05962392119
514 -0.05962392119
515 -0.05962392119
516 -0.05962392119
517 -0.05962392119
518 -0.05962392119
519 -0.05962392119
520 -0.05962392119
521 -0.05962392119
522 -0.05962392119
523 -0.05962392119
524 -0.05962392119
525 -0.05962392119
526 -0.05962392119
527 -0.05962392119
528 -0.05962392119
529 -0.05962392119
530 -0.05962392119
531 -0.05962392119
532 -0.05962392119
533 -0.05962392119
534 -0.05962392119
535 -0.05962392119
536 -0.05962392119
537 -0.05962392119
538 -0.05962392119
539 -0.05962392119
540 -0.05962392119
541 -0.05962392119
542 -0.05962392119
543 -0.05962392119
544 -0.05962392119
545 -0.05962392119
546 -0.05962392119
547 -0.05962392119
548 -0.05962392119
549 -0.05962392119
550 -0.05962392119
551 -0.05962392119
552 -0.05962392119
553 -0.05962392119
554 -0.05962392119
555 -0.05962392119
556 -0.05962392119
557 -0.05962392119
558 -0.05962392119
559 -0.05962392119
560 -0.05962392119
561 -0.05962392119
562 -0.05962392119
563 -0.05962392119
564 -0.05962392119
565 -0.05962392119
566 -0.05962392119
567 -0.05962392119
568 -0.05962392119
569 -0.05962392119
570 -0.05962392119
571 -0.05962392119
572 -0.05962392119
573 -0.05962392119
574 -0.05962392119
575 -0.05962392119
576 -0.05962392119
577 -0.05962392119
578 -0.05962392119
579 -0.05962392119
580 -0.05962392119
581 -0.05962392119
582 -0.05962392119
583 -0.05962392119
584 -0.05962392119
585 -0.05962392119
586 -0.05962392119
587 -0.05962392119
588 -0.05962392119
589 -0.05962392119
590 -0.05962392119
591 -0.05962392119
592 -0.05962392119
593 -0.05962392119
594 -0.05962392119
595 -0.05962392119
596 -0.05962392119
597 -0.05962392119
598 -0.05962392119
599 -0.05962392119
600 -0.05962392119
601 -0.05962392119
602 -0.05962392119
603 -0.05962392119
604 -0.05962392119
605 -0.05962392119
606 -0.05962392119
607 -0.05962392119
608 -0.05962392119
609 -0.05962392119
610 -0.05962392119
611 -0.05962392119
612 -0.05962392119
613 -0.05962392119
614 -0.05962392119
615 -0.05962392119
616 -0.05962392119
617 -0.05962392119
618 -0.05962392119
619 -0.05962392119
620 -0.05962392119
621 -0.05962392119
622 -0.05962392119
623 -0.05962392119
624 -0.05962392119
625 -0.05962392119
626 -0.05962392119
627 -0.05962392119
628 -0.05962392119
629 -0.05962392119
630 -0.05962392119
631 -0.05962392119
632 -0.05962392119
633 -0.05962392119
634 -0.05962392119
635 -0.05962392119
636 -0.05962392119
637 -0.05962392119
638 -0.05962392119
639 -0.05962392119
640 -0.05962392119
641 -0.05962392119
642 -0.05962392119
643 -0.05962392119
644 -0.05962392119
645 -0.05962392119
646 -0.05962392119
647 -0.05962392119
648 -0.05962392119
649 -0.05962392119
650 -0.05962392119
651 -0.05962392119
652 -0.05962392119
653 -0.05962392119
654 -0.05962392119
655 -0.05962392119
656 -0.05962392119
657 -0.05962392119
658 -0.05962392119
659 -0.05962392119
660 -0.05962392119
661 -0.05962392119
662 -0.05962392119
663 -0.05962392119
664 -0.05962392119
665 -0.05962392119
666 -0.05962392119
667 -0.05962392119
668 -0.05962392119
669 -0.05962392119
670 -0.05962392119
671 -0.05962392119
672 -0.05962392119
673 -0.05962392119
674 -0.05962392119
675 -0.05962392119
676 -0.05962392119
677 -0.05962392119
678 -0.05962392119
679 -0.05962392119
680 -0.05962392119
681 -0.05962392119
682 -0.05962392119
683 -0.05962392119
684 -0.05962392119
685 -0.05962392119
686 -0.05962392119
687 -0.05962392119
688 -0.05962392119
689 -0.05962392119
690 -0.05962392119
691 -0.05962392119
692 -0.05962392119
693 -0.05962392119
694 -0.05962392119
695 -0.05962392119
696 -0.05962392119
697 -0.05962392119
698 -0.05962392119
699 -0.05962392119
700 -0.05962392119
701 -0.05962392119
702 -0.05962392119
703 -0.05962392119
704 -0.05962392119
705 -0.05962392119
706 -0.05962392119
707 -0.05962392119
708 -0.05962392119
709 -0.05962392119
710 -0.05962392119
711 -0.05962392119
712 -0.05962392119
713 -0.05962392119
714 -0.05962392119
715 -0.05962392119
716 -0.05962392119
717 -0.05962392119
718 -0.05962392119
719 -0.05962392119
720 -0.05962392119
721 -0.05962392119
722 -0.05962392119
723 -0.05962392119
724 -0.05962392119
725 -0.05962392119
726 -0.05962392119
727 -0.05962392119
728 -0.05962392119
729 -0.05962392119
730 -0.05962392119
731 -0.05962392119
732 -0.05962392119
733 -0.05962392119
734 -0.05962392119
735 -0.05962392119
736 -0.05962392119
737 -0.05962392119
738 -0.05962392119
739 -0.05962392119
740 -0.05962392118
741 -0.05962392118
742 -0.05962392118
743 -0.05962392118
744 -0.05962392118
745 -0.05962392118
746 -0.05962392118
747 -0.05962392118
748 -0.05962392117
749 -0.05962392117
750 -0.05962392117
751 -0.05962392116
752 -0.05962392115
753 -0.05962392114
754 -0.05962392113
755 -0.05962392112
756 -0.0596239211
757 -0.05962392108
758 -0.05962392105
759 -0.05962392101
760 -0.05962392097
761 -0.05962392091
762 -0.05962392084
763 -0.05962392075
764 -0.05962392064
765 -0.0596239205
766 -0.05962392033
767 -0.05962392012
768 -0.05962391985
769 -0.05962391952
770 -0.0596239191
771 -0.05962391859
772 -0.05962391795
773 -0.05962391716
774 -0.05962391618
775 -0.05962391498
776 -0.05962391348
777 -0.05962391164
778 -0.05962390937
779 -0.05962390658
780 -0.05962390314
781 -0.05962389892
782 -0.05962389374
783 -0.05962388739
784 -0.05962387961
785 -0.05962387009
786 -0.05962385846
787 -0.05962384426
788 -0.05962382693
789 -0.05962380583
790 -0.05962378014
791 -0.05962374892
792 -0.05962371099
793 -0.05962366497
794 -0.0596236092
795 -0.05962354168
796 -0.05962346001
797 -0.05962336135
798 -0.05962324227
799 -0.05962309871
800 -0.0596229258
801 -0.05962271778
802 -0.05962246776
803 -0.05962216761
804 -0.05962180762
805 -0.05962137634
806 -0.05962086019
807 -0.05962024311
808 -0.05961950615
809 -0.05961862695
810 -0.05961757915
811 -0.05961633173
812 -0.05961484825
813 -0.05961308588
814 -0.0596109944
815 -0.05960851498
816 -0.05960557875
817 -0.05960210524
818 -0.05959800046
819 -0.05959315481
820 -0.05958744064
821 -0.05958070939
822 -0.05957278843
823 -0.05956347734
824 -0.05955254375
825 -0.05953971854
826 -0.05952469039
827 -0.05950709958
828 -0.05948653097
829 -0.05946250599
830 -0.05943447365
831 -0.05940180026
832 -0.05936375795
833 -0.05931951159
834 -0.05926810417
835 -0.05920844032
836 -0.05913926774
837 -0.0590591565
838 -0.05896647576
839 -0.05885936776
840 -0.05873571882
841 -0.058593127
842 -0.05842886602
843 -0.05823984532
844 -0.05802256555
845 -0.0577730694
846 -0.05748688711
847 -0.05715897636
848 -0.05678365586
849 -0.05635453236
850 -0.05586442033
851 -0.0553052538
852 -0.05466798988
853 -0.05394250307
854 -0.05311746995
855 -0.0521802435
856 -0.05111671629
857 -0.04991117188
858 -0.04854612376
859 -0.04700214103
860 -0.04525766002
861 -0.04328878138
862 -0.04106905154
863 -0.03856922824
864 -0.03575702907
865 -0.03259686273
866 -0.02904954218
867 -0.02507197921
868 -0.02061685998
869 -0.01563230123
870 -0.01006148665
871 -0.003842283542
872 0.003093160593
873 0.01081884111
874 0.01941533894
875 0.02897028225
876 0.03957882673
877 0.05134415322
878 0.06437798198
879 0.07880110188
880 0.09474391321
881 0.1123469818
882 0.1317616025
883 0.1531503694
884 0.1766877496
885 0.2025606575
886 0.2309690258
887 0.2621263699
888 0.296260339
889 0.3336132528
890 0.3744426146
891 0.4190215979
892 0.4676394998
893 0.5206021542
894 0.5782322985
895 0.6408698867
896 0.7088723423
897 0.7826147411
898 0.8624899191
899 0.948908494
900 1.042298795
901 1.143106692
902 1.251795311
903 1.368844638
904 1.494750991
905 1.630026361
906 1.775197607
907 1.930805509
908 2.097403656
909 2.275557176
910 2.465841299
911 2.668839741
912 2.885142917
913 3.115345971
914 3.360046623
915 3.619842832
916 3.895330281
917 4.187099681
918 4.495733888
919 4.821804866
920 5.165870468
921 5.528471072
922 5.910126061
923 6.311330177
924 6.73254975
925 7.17421882
926 7.636735177
927 8.120456327
928 8.625695418
929 9.152717131
930 9.701733588
931 10.27290027
932 10.86631198
933 11.48199896
934 12.11992299
935 12.77997375
936 13.46196531
937 14.16563283
938 14.89062948
939 15.63652364
940 16.40279647
941 17.1888397
942 17.99395387
943 18.81734691
944 19.65813322
945 20.51533311
946 21.38787279
947 22.27458478
948 23.17420891
949 24.08539382
950 25.00669901
951 25.93659742
952 26.87347865
953 27.81565263
954 28.76135401
955 29.70874694
956 30.65593056
957 31.60094492
958 32.54177749
959 33.47637012
960 34.40262655
961 35.31842026
962 36.22160287
963 37.11001276
964 37.9814842
965 38.83385662
966 39.66498424
967 40.4727458
968 41.25505453
969 42.00986815
970 42.73519893
971 43.42912371
972 44.08979387
973 44.71544519
974 45.30440741
975 45.85511367
976 46.3661096
977 46.836062
978 47.26376719
979 47.64815885
980 47.98831535
981 48.28346661
982 48.53300019
983 48.73646697
984 48.89358599
985 49.00424866
986 49.06852226
987 49.08665271
988 49.05906652
989 48.986372
990 48.86935973
991 48.70900219
992 48.50645264
993 48.26304319
994 47.9802821
995 47.6598504
996 47.30359763
997 46.91353698
998 46.49183962
999 46.04082847
1000 45.56297115
1001 45.06087247
1002 44.53726623
1003 43.99500645
1004 43.43705811
1005 42.86648733
1006 42.28645116
1007 41.70018683
1008 41.11100069
1009 40.52225674
1010 39.9373648
1011 39.3597684
1012 38.79293245
1013 38.24033053
1014 37.70543217
1015 37.19168975
1016 36.70252539
1017 36.24131771
1018 35.81138848
1019 35.4159892
1020 35.05828775
1021 34.74135499
1022 34.46815144
1023 34.24151408
