#53978 2910.0006301083360221 0.0045705140171573774288 1 1405 16.000049430220818044 1024 7 1 J1713+0747 0.0000000 
0 29.06667953
1 29.92676786
2 30.780915
3 31.62719948
4 32.46367307
5 33.28836849
6 34.09930736
7 34.89450856
8 35.67199675
9 36.42981121
10 37.16601475
11 37.87870286
12 38.56601284
13 39.22613303
14 39.85731196
15 40.45786744
16 41.0261956
17 41.56077957
18 42.06019812
19 42.52313391
20 42.94838141
21 43.33485446
22 43.68159342
23 43.98777183
24 44.25270252
25 44.47584326
26 44.65680177
27 44.79534012
28 44.89137849
29 44.9449983
30 44.95644463
31 44.92612796
32 44.85462518
33 44.74267989
34 44.59120204
35 44.40126674
36 44.17411249
37 43.91113859
38 43.61390193
39 43.28411306
40 42.92363162
41 42.53446115
42 42.1187432
43 41.67875093
44 41.2168821
45 40.7356515
46 40.23768291
47 39.72570053
48 39.20251998
49 38.67103885
50 38.13422691
51 37.59511585
52 37.0567888
53 36.5223695
54 35.99501112
55 35.477885
56 34.97416899
57 34.48703578
58 34.01964091
59 33.57511076
60 33.15653044
61 32.76693151
62 32.40927981
63 32.08646313
64 31.80127906
65 31.55642274
66 31.3544748
67 31.19788942
68 31.08898255
69 31.02992025
70 31.02270745
71 31.06917684
72 31.17097818
73 31.32956799
74 31.54619967
75 31.8219141
76 32.15753085
77 32.55363992
78 33.01059421
79 33.52850268
80 34.10722435
81 34.74636312
82 35.4452635
83 36.20300735
84 37.01841162
85 37.89002727
86 38.81613921
87 39.79476755
88 40.82367007
89 41.90034595
90 43.02204086
91 44.18575338
92 45.38824278
93 46.62603824
94 47.89544936
95 49.1925781
96 50.5133321
97 51.85343926
98 53.20846364
99 54.5738226
100 55.94480508
101 57.31659099
102 58.6842716
103 60.04287084
104 61.38736737
105 62.71271738
106 64.01387792
107 65.28583058
108 66.52360558
109 67.7223058
110 68.87713097
111 69.98340148
112 71.03658197
113 72.03230435
114 72.96639009
115 73.83487177
116 74.63401356
117 75.36033053
118 76.01060678
119 76.581912
120 77.07161656
121 77.47740491
122 77.79728719
123 78.02960899
124 78.17305918
125 78.2266757
126 78.18984931
127 78.06232535
128 77.84420329
129 77.53593425
130 77.13831653
131 76.65248903
132 76.07992274
133 75.42241035
134 74.68205406
135 73.86125166
136 72.96268107
137 71.98928335
138 70.94424445
139 69.83097576
140 68.65309357
141 67.41439779
142 66.11884988
143 64.77055025
144 63.37371532
145 61.9326544
146 60.45174651
147 58.93541735
148 57.38811661
149 55.81429562
150 54.21838575
151 52.60477737
152 50.97779988
153 49.34170247
154 47.70063621
155 46.05863712
156 44.41961061
157 42.78731721
158 41.16535967
159 39.55717151
160 37.96600693
161 36.39493235
162 34.84681922
163 33.32433844
164 31.82995609
165 30.36593068
166 28.93431169
167 27.53693938
168 26.17544597
169 24.85125784
170 23.56559903
171 22.31949553
172 21.11378077
173 19.94910175
174 18.82592604
175 17.74454949
176 16.70510442
177 15.70756836
178 14.75177325
179 13.8374148
180 12.96406226
181 12.1311682
182 11.33807844
183 10.58404191
184 9.868220511
185 9.189698767
186 8.547493324
187 7.940562181
188 7.367813632
189 6.828114859
190 6.320300162
191 5.843178773
192 5.395542242
193 4.97617138
194 4.583842728
195 4.217334556
196 3.875432388
197 3.556934036
198 3.26065417
199 2.985428412
200 2.730116971
201 2.493607832
202 2.274819517
203 2.072703431
204 1.88624581
205 1.714469305
206 1.556434209
207 1.411239359
208 1.278022733
209 1.155961767
210 1.044273418
211 0.9422139891
212 0.849078752
213 0.764201378
214 0.6869532072
215 0.6167423732
216 0.5530128063
217 0.4952431314
218 0.4429454816
219 0.3956642428
220 0.3529747451
221 0.3144819163
222 0.2798189099
223 0.2486457206
224 0.2206477968
225 0.1955346618
226 0.17303855
227 0.1529130676
228 0.1349318832
229 0.1188874533
230 0.1045897895
231 0.09186526812
232 0.08055548765
233 0.07051617502
234 0.06161614267
235 0.05373629729
236 0.04676870086
237 0.04061568372
238 0.03518900949
239 0.03040909099
240 0.02620425599
241 0.02251006161
242 0.01926865564
243 0.01642818323
244 0.013942237
245 0.01176934852
246 0.00987251939
247 0.008218789549
248 0.006778840946
249 0.005526634379
250 0.004439077459
251 0.003495721695
252 0.002678486686
253 0.00197140954
254 0.001360417643
255 0.0008331230338
256 0.0003786366741
257 -1.259897098e-05
258 -0.0003489605715
259 -0.0006377792113
260 -0.0008854616492
261 -0.001097598814
262 -0.001279062705
263 -0.001434092772
264 -0.001566372791
265 -0.001679099156
266 -0.001775041431
267 -0.001856595964
268 -0.001925833259
269 -0.001984539772
270 -0.002034254719
271 -0.00207630244
272 -0.00211182081
273 -0.002141786134
274 -0.002167034923
275 -0.002188282922
276 -0.002206141699
277 -0.002221133086
278 -0.002233701735
279 -0.002244226014
280 -0.002253027446
281 -0.002260378873
282 -0.002266511515
283 -0.002271621053
284 -0.002275872861
285 -0.002279406515
286 -0.002282339656
287 -0.002284771304
288 -0.002286784691
289 -0.002288449687
290 -0.002289824864
291 -0.002290959257
292 -0.002291893862
293 -0.002292662909
294 -0.002293294939
295 -0.002293813718
296 -0.002294239012
297 -0.002294587233
298 -0.002294871995
299 -0.002295104574
300 -0.002295294297
301 -0.002295448869
302 -0.002295574647
303 -0.002295676867
304 -0.00229575984
305 -0.002295827105
306 -0.00229588157
307 -0.002295925615
308 -0.002295961189
309 -0.002295989887
310 -0.002296013009
311 -0.002296031615
312 -0.002296046568
313 -0.002296058572
314 -0.002296068195
315 -0.002296075901
316 -0.002296082064
317 -0.002296086986
318 -0.002296090913
319 -0.002296094042
320 -0.002296096532
321 -0.002296098512
322 -0.002296100083
323 -0.002296101328
324 -0.002296102315
325 -0.002296103095
326 -0.002296103711
327 -0.002296104198
328 -0.002296104581
329 -0.002296104882
330 -0.002296105119
331 -0.002296105305
332 -0.002296105451
333 -0.002296105566
334 -0.002296105655
335 -0.002296105725
336 -0.002296105779
337 -0.002296105822
338 -0.002296105855
339 -0.00229610588
340 -0.0022961059
341 -0.002296105916
342 -0.002296105928
343 -0.002296105937
344 -0.002296105944
345 -0.00229610595
346 -0.002296105954
347 -0.002296105957
348 -0.00229610596
349 -0.002296105962
350 -0.002296105963
351 -0.002296105964
352 -0.002296105965
353 -0.002296105966
354 -0.002296105967
355 -0.002296105967
356 -0.002296105967
357 -0.002296105967
358 -0.002296105968
359 -0.002296105968
360 -0.002296105968
361 -0.002296105968
362 -0.002296105968
363 -0.002296105968
364 -0.002296105968
365 -0.002296105968
366 -0.002296105968
367 -0.002296105968
368 -0.002296105968
369 -0.002296105968
370 -0.002296105968
371 -0.002296105968
372 -0.002296105968
373 -0.002296105968
374 -0.002296105968
375 -0.002296105968
376 -0.002296105968
377 -0.002296105968
378 -0.002296105968
379 -0.002296105968
380 -0.002296105968
381 -0.002296105968
382 -0.002296105968
383 -0.002296105968
384 -0.002296105968
385 -0.002296105968
386 -0.002296105968
387 -0.002296105968
388 -0.002296105968
389 -0.002296105968
390 -0.002296105968
391 -0.002296105968
392 -0.002296105968
393 -0.002296105968
394 -0.002296105968
395 -0.002296105968
396 -0.002296105968
397 -0.002296105968
398 -0.002296105968
399 -0.002296105968
400 -0.002296105968
401 -0.002296105968
402 -0.002296105968
403 -0.002296105968
404 -0.002296105968
405 -0.002296105968
406 -0.002296105968
407 -0.002296105968
408 -0.002296105968
409 -0.002296105968
410 -0.002296105968
411 -0.002296105968
412 -0.002296105968
413 -0.002296105968
414 -0.002296105968
415 -0.002296105968
416 -0.002296105968
417 -0.002296105968
418 -0.002296105968
419 -0.002296105968
420 -0.002296105968
421 -0.002296105968
422 -0.002296105968
423 -0.002296105968
424 -0.002296105968
425 -0.002296105968
426 -0.002296105968
427 -0.002296105968
428 -0.002296105968
429 -0.002296105968
430 -0.002296105968
431 -0.002296105968
432 -0.002296105968
433 -0.002296105968
434 -0.002296105968
435 -0.002296105968
436 -0.002296105968
437 -0.002296105968
438 -0.002296105968
439 -0.002296105968
440 -0.002296105968
441 -0.002296105968
442 -0.002296105968
443 -0.002296105968
444 -0.002296105968
445 -0.002296105968
446 -0.002296105968
447 -0.002296105968
448 -0.002296105968
449 -0.002296105968
450 -0.002296105968
451 -0.002296105968
452 -0.002296105968
453 -0.002296105968
454 -0.002296105968
455 -0.002296105968
456 -0.002296105968
457 -0.002296105968
458 -0.002296105968
459 -0.002296105968
460 -0.002296105968
461 -0.002296105968
462 -0.002296105968
463 -0.002296105968
464 -0.002296105968
465 -0.002296105968
466 -0.002296105968
467 -0.002296105968
468 -0.002296105968
469 -0.002296105968
470 -0.002296105968
471 -0.002296105968
472 -0.002296105968
473 -0.002296105968
474 -0.002296105968
475 -0.002296105968
476 -0.002296105968
477 -0.002296105968
478 -0.002296105968
479 -0.002296105968
480 -0.002296105968
481 -0.002296105968
482 -0.002296105968
483 -0.002296105968
484 -0.002296105968
485 -0.002296105968
486 -0.002296105968
487 -0.002296105968
488 -0.002296105968
489 -0.002296105968
490 -0.002296105968
491 -0.002296105968
492 -0.002296105968
493 -0.002296105968
494 -0.002296105968
495 -0.002296105968
496 -0.002296105968
497 -0.002296105968
498 -0.002296105968
499 -0.002296105968
500 -0.002296105968
501 -0.002296105968
502 -0.002296105968
503 -0.002296105968
504 -0.002296105968
505 -0.002296105968
506 -0.002296105968
507 -0.002296105968
508 -0.002296105968
509 -0.002296105968
510 -0.002296105968
511 -0.002296105968
512 -0.002296105968
513 -0.002296105968
514 -0.002296105968
515 -0.002296105968
516 -0.002296105968
517 -0.002296105968
518 -0.002296105968
519 -0.002296105968
520 -0.002296105968
521 -0.002296105968
522 -0.002296105968
523 -0.002296105968
524 -0.002296105968
525 -0.002296105968
526 -0.002296105968
527 -0.002296105968
528 -0.002296105968
529 -0.002296105968
530 -0.002296105968
531 -0.002296105968
532 -0.002296105968
533 -0.002296105968
534 -0.002296105968
535 -0.002296105968
536 -0.002296105968
537 -0.002296105968
538 -0.002296105968
539 -0.002296105968
540 -0.002296105968
541 -0.002296105968
542 -0.002296105968
543 -0.002296105968
544 -0.002296105968
545 -0.002296105968
546 -0.002296105968
547 -0.002296105968
548 -0.002296105968
549 -0.002296105968
550 -0.002296105968
551 -0.002296105968
552 -0.002296105968
553 -0.002296105968
554 -0.002296105968
555 -0.002296105968
556 -0.002296105968
557 -0.002296105968
558 -0.002296105968
559 -0.002296105968
560 -0.002296105968
561 -0.002296105968
562 -0.002296105968
563 -0.002296105968
564 -0.002296105968
565 -0.002296105968
566 -0.002296105968
567 -0.002296105968
568 -0.002296105968
569 -0.002296105968
570 -0.002296105968
571 -0.002296105968
572 -0.002296105968
573 -0.002296105968
574 -0.002296105968
575 -0.002296105968
576 -0.002296105968
577 -0.002296105968
578 -0.002296105968
579 -0.002296105968
580 -0.002296105968
581 -0.002296105968
582 -0.002296105968
583 -0.002296105968
584 -0.002296105968
585 -0.002296105968
586 -0.002296105968
587 -0.002296105968
588 -0.002296105968
589 -0.002296105968
590 -0.002296105968
591 -0.002296105968
592 -0.002296105968
593 -0.002296105968
594 -0.002296105968
595 -0.002296105968
596 -0.002296105968
597 -0.002296105968
598 -0.002296105968
599 -0.002296105968
600 -0.002296105968
601 -0.002296105968
602 -0.002296105968
603 -0.002296105968
604 -0.002296105968
605 -0.002296105968
606 -0.002296105968
607 -0.002296105968
608 -0.002296105968
609 -0.002296105968
610 -0.002296105968
611 -0.002296105968
612 -0.002296105968
613 -0.002296105968
614 -0.002296105968
615 -0.002296105968
616 -0.002296105968
617 -0.002296105968
618 -0.002296105968
619 -0.002296105968
620 -0.002296105968
621 -0.002296105968
622 -0.002296105968
623 -0.002296105968
624 -0.002296105968
625 -0.002296105968
626 -0.002296105968
627 -0.002296105968
628 -0.002296105968
629 -0.002296105968
630 -0.002296105968
631 -0.002296105968
632 -0.002296105968
633 -0.002296105968
634 -0.002296105968
635 -0.002296105968
636 -0.002296105968
637 -0.002296105968
638 -0.002296105968
639 -0.002296105968
640 -0.002296105968
641 -0.002296105968
642 -0.002296105968
643 -0.002296105968
644 -0.002296105968
645 -0.002296105968
646 -0.002296105968
647 -0.002296105968
648 -0.002296105968
649 -0.002296105968
650 -0.002296105968
651 -0.002296105968
652 -0.002296105968
653 -0.002296105968
654 -0.002296105968
655 -0.002296105968
656 -0.002296105968
657 -0.002296105968
658 -0.002296105968
659 -0.002296105968
660 -0.002296105968
661 -0.002296105968
662 -0.002296105968
663 -0.002296105968
664 -0.002296105968
665 -0.002296105968
666 -0.002296105968
667 -0.002296105968
668 -0.002296105968
669 -0.002296105968
670 -0.002296105968
671 -0.002296105968
672 -0.002296105968
673 -0.002296105968
674 -0.002296105968
675 -0.002296105968
676 -0.002296105968
677 -0.002296105968
678 -0.002296105968
679 -0.002296105968
680 -0.002296105968
681 -0.002296105968
682 -0.002296105968
683 -0.002296105968
684 -0.002296105968
685 -0.002296105968
686 -0.002296105968
687 -0.002296105968
688 -0.002296105968
689 -0.002296105968
690 -0.002296105968
691 -0.002296105968
692 -0.002296105968
693 -0.002296105968
694 -0.002296105968
695 -0.002296105968
696 -0.002296105968
697 -0.002296105968
698 -0.002296105968
699 -0.002296105968
700 -0.002296105968
701 -0.002296105968
702 -0.002296105968
703 -0.002296105968
704 -0.002296105968
705 -0.002296105968
706 -0.002296105968
707 -0.002296105968
708 -0.002296105968
709 -0.002296105968
710 -0.002296105968
711 -0.002296105968
712 -0.002296105968
713 -0.002296105968
714 -0.002296105968
715 -0.002296105968
716 -0.002296105968
717 -0.002296105968
718 -0.002296105968
719 -0.002296105968
720 -0.002296105968
721 -0.002296105968
722 -0.002296105968
723 -0.002296105968
724 -0.002296105968
725 -0.002296105968
726 -0.002296105968
727 -0.002296105968
728 -0.002296105968
729 -0.002296105968
730 -0.002296105968
731 -0.002296105968
732 -0.002296105968
733 -0.002296105968
734 -0.002296105968
735 -0.002296105968
736 -0.002296105968
737 -0.002296105968
738 -0.002296105968
739 -0.002296105968
740 -0.002296105968
741 -0.002296105968
742 -0.002296105968
743 -0.002296105968
744 -0.002296105968
745 -0.002296105968
746 -0.002296105968
747 -0.002296105968
748 -0.002296105968
749 -0.002296105968
750 -0.002296105968
751 -0.002296105968
752 -0.002296105968
753 -0.002296105968
754 -0.002296105968
755 -0.002296105968
756 -0.002296105968
757 -0.002296105968
758 -0.002296105968
759 -0.002296105968
760 -0.002296105968
761 -0.002296105968
762 -0.002296105968
763 -0.002296105968
764 -0.002296105968
765 -0.002296105968
766 -0.002296105968
767 -0.002296105968
768 -0.002296105968
769 -0.002296105968
770 -0.002296105968
771 -0.002296105968
772 -0.002296105968
773 -0.002296105968
774 -0.002296105968
775 -0.002296105968
776 -0.002296105968
777 -0.002296105968
778 -0.002296105968
779 -0.002296105968
780 -0.002296105968
781 -0.002296105968
782 -0.002296105968
783 -0.002296105968
784 -0.002296105968
785 -0.002296105968
786 -0.002296105968
787 -0.002296105968
788 -0.002296105968
789 -0.002296105968
790 -0.002296105968
791 -0.002296105968
792 -0.002296105968
793 -0.002296105968
794 -0.002296105968
795 -0.002296105968
796 -0.002296105968
797 -0.002296105968
798 -0.002296105968
799 -0.002296105968
800 -0.002296105968
801 -0.002296105968
802 -0.002296105968
803 -0.002296105968
804 -0.002296105967
805 -0.002296105967
806 -0.002296105967
807 -0.002296105966
808 -0.002296105966
809 -0.002296105965
810 -0.002296105965
811 -0.002296105964
812 -0.002296105962
813 -0.002296105961
814 -0.002296105959
815 -0.002296105956
816 -0.002296105953
817 -0.002296105949
818 -0.002296105944
819 -0.002296105937
820 -0.002296105929
821 -0.002296105918
822 -0.002296105905
823 -0.002296105888
824 -0.002296105866
825 -0.00229610584
826 -0.002296105806
827 -0.002296105764
828 -0.002296105711
829 -0.002296105644
830 -0.002296105561
831 -0.002296105457
832 -0.002296105327
833 -0.002296105165
834 -0.002296104963
835 -0.002296104711
836 -0.002296104399
837 -0.00229610401
838 -0.002296103527
839 -0.002296102928
840 -0.002296102187
841 -0.002296101269
842 -0.002296100135
843 -0.002296098734
844 -0.002296097006
845 -0.002296094876
846 -0.002296092255
847 -0.002296089031
848 -0.002296085072
849 -0.002296080212
850 -0.002296074255
851 -0.00229606696
852 -0.002296058036
853 -0.00229604713
854 -0.002296033817
855 -0.002296017582
856 -0.002295997805
857 -0.002295973738
858 -0.002295944481
859 -0.002295908952
860 -0.002295865852
861 -0.002295813621
862 -0.002295750394
863 -0.002295673934
864 -0.002295581569
865 -0.002295470108
866 -0.002295335744
867 -0.002295173941
868 -0.002294979299
869 -0.002294745401
870 -0.002294464625
871 -0.002294127929
872 -0.002293724602
873 -0.002293241964
874 -0.00229266503
875 -0.0022919761
876 -0.002291154301
877 -0.002290175041
878 -0.002289009378
879 -0.002287623293
880 -0.002285976845
881 -0.002284023189
882 -0.00228170745
883 -0.002278965421
884 -0.002275722056
885 -0.002271889748
886 -0.002267366342
887 -0.002262032855
888 -0.002255750863
889 -0.002248359517
890 -0.002239672119
891 -0.002229472227
892 -0.002217509203
893 -0.00220349315
894 -0.002187089154
895 -0.002167910752
896 -0.002145512509
897 -0.002119381635
898 -0.002088928488
899 -0.002053475859
900 -0.002012246885
901 -0.001964351447
902 -0.001908770866
903 -0.001844340723
904 -0.001769731603
905 -0.00168342753
906 -0.001583701858
907 -0.00146859037
908 -0.001335861278
909 -0.00118298185
910 -0.001007081312
911 -0.0008049096969
912 -0.0005727922436
913 -0.0003065789676
914 -1.588959927e-06
915 0.0003474510261
916 0.0007464741846
917 0.001202147963
918 0.001721955598
919 0.002314285426
920 0.002988528559
921 0.003755185517
922 0.004625982431
923 0.005613997465
924 0.006733798103
925 0.008001589964
926 0.009435377806
927 0.01105513941
928 0.01288301298
929 0.01494349874
930 0.0172636754
931 0.01987343198
932 0.02280571573
933 0.0260967966
934 0.02978654872
935 0.03391874937
936 0.03854139573
937 0.0437070397
938 0.04947314085
939 0.05590243762
940 0.06306333663
941 0.07103031976
942 0.07988436868
943 0.08971340611
944 0.1006127531
945 0.112685601
946 0.1260434976
947 0.1408068445
948 0.1571054058
949 0.175078824
950 0.1948771424
951 0.2166613299
952 0.240603807
953 0.2668889667
954 0.2957136898
955 0.3272878483
956 0.3618347931
957 0.3995918213
958 0.4408106179
959 0.4857576661
960 0.5347146205
961 0.5879786372
962 0.6458626537
963 0.7086956126
964 0.7768226213
965 0.8506050408
966 0.9304204961
967 1.016662801
968 1.109741789
969 1.210083041
970 1.318127511
971 1.434331024
972 1.559163662
973 1.693109008
974 1.836663265
975 1.990334219
976 2.154640061
977 2.330108048
978 2.517273013
979 2.716675703
980 2.92886096
981 3.15437573
982 3.393766906
983 3.647579004
984 3.916351679
985 4.20061707
986 4.500896996
987 4.817700003
988 5.151518258
989 5.502824325
990 5.872067808
991 6.25967189
992 6.666029776
993 7.09150106
994 7.53640803
995 8.001031937
996 8.485609234
997 8.990327833
998 9.515323377
999 10.06067557
1000 10.62640458
1001 11.21246758
1002 11.81875534
1003 12.44508911
1004 13.09121757
1005 13.75681407
1006 14.44147415
1007 15.14471324
1008 15.86596476
1009 16.60457854
1010 17.35981957
1011 18.13086717
1012 18.91681458
1013 19.71666895
1014 20.52935185
1015 21.35370017
1016 22.18846758
1017 23.03232647
1018 23.88387037
1019 24.74161697
1020 25.60401153
1021 26.46943094
1022 27.3361882
1023 28.20253746
