#53978 2909.9967850824399238 0.0045705140171573774288 1 1493 16.000049430220818044 1024 7 1 J1713+0747 0.0000000 
0 -0.0351865588
1 -0.03518648761
2 -0.03518640162
3 -0.03518629785
4 -0.03518617276
5 -0.03518602213
6 -0.03518584092
7 -0.03518562317
8 -0.03518536179
9 -0.03518504835
10 -0.03518467288
11 -0.03518422359
12 -0.03518368652
13 -0.03518304521
14 -0.03518228022
15 -0.03518136866
16 -0.03518028359
17 -0.03517899337
18 -0.0351774608
19 -0.0351756423
20 -0.03517348678
21 -0.03517093451
22 -0.03516791562
23 -0.0351643486
24 -0.03516013837
25 -0.0351551742
26 -0.03514932728
27 -0.03514244791
28 -0.03513436236
29 -0.03512486921
30 -0.03511373523
31 -0.03510069065
32 -0.03508542383
33 -0.03506757513
34 -0.03504673009
35 -0.03502241155
36 -0.03499407084
37 -0.03496107785
38 -0.03492270971
39 -0.03487813823
40 -0.03482641557
41 -0.03476645833
42 -0.03469702959
43 -0.03461671887
44 -0.03452391973
45 -0.03441680469
46 -0.03429329736
47 -0.03415104141
48 -0.03398736604
49 -0.03379924769
50 -0.03358326768
51 -0.03333556527
52 -0.03305178583
53 -0.03272702378
54 -0.03235575967
55 -0.0319317911
56 -0.03144815685
57 -0.03089705387
58 -0.03026974643
59 -0.02955646693
60 -0.02874630788
61 -0.02782710431
62 -0.02678530611
63 -0.02560583968
64 -0.02427195819
65 -0.02276507989
66 -0.02106461389
67 -0.0191477727
68 -0.01698937097
69 -0.01456160997
70 -0.01183384703
71 -0.008772349746
72 -0.005340034222
73 -0.001496187169
74 0.002803828572
75 0.007608885261
76 0.01297241838
77 0.0189527717
78 0.02561355909
79 0.03302404294
80 0.04125952877
81 0.05040177528
82 0.06053941939
83 0.07176841497
84 0.08419248432
85 0.0979235808
86 0.113082361
87 0.1297986646
88 0.1482119995
89 0.1684720295
90 0.1907390626
91 0.2151845356
92 0.2419914921
93 0.2713550502
94 0.3034828557
95 0.3385955156
96 0.3769270084
97 0.4187250648
98 0.4642515141
99 0.5137825905
100 0.5676091924
101 0.6260370894
102 0.6893870706
103 0.7579950255
104 0.8322119538
105 0.9124038936
106 0.9989517636
107 1.092251111
108 1.192711757
109 1.300757336
110 1.416824719
111 1.541363315
112 1.674834241
113 1.81770937
114 1.970470223
115 2.133606736
116 2.30761586
117 2.493000027
118 2.69026545
119 2.899920278
120 3.122472587
121 3.358428218
122 3.608288471
123 3.872547634
124 4.151690377
125 4.446189007
126 4.756500583
127 5.083063916
128 5.426296452
129 5.786591051
130 6.164312689
131 6.559795076
132 6.973337223
133 7.405199977
134 7.85560253
135 8.324718934
136 8.812674644
137 9.319543108
138 9.84534243
139 10.39003213
140 10.95351005
141 11.53560935
142 12.1360958
143 12.75466512
144 13.39094073
145 14.04447159
146 14.71473046
147 15.40111244
148 16.10293377
149 16.81943111
150 17.54976115
151 18.2930006
152 19.04814665
153 19.81411784
154 20.58975543
155 21.37382518
156 22.16501961
157 22.9619608
158 23.76320361
159 24.5672394
160 25.37250025
161 26.17736358
162 26.98015736
163 27.77916559
164 28.57263436
165 29.35877822
166 30.13578694
167 30.90183267
168 31.65507734
169 32.39368042
170 33.11580683
171 33.81963517
172 34.50336601
173 35.16523035
174 35.80349815
175 36.41648688
176 37.00257001
177 37.56018549
178 38.08784411
179 38.58413758
180 39.04774656
181 39.4774483
182 39.87212401
183 40.23076589
184 40.55248374
185 40.83651115
186 41.0822112
187 41.28908168
188 41.45675971
189 41.58502586
190 41.67380767
191 41.72318245
192 41.73337962
193 41.70478225
194 41.63792803
195 41.53350954
196 41.39237388
197 41.2155216
198 41.00410499
199 40.75942574
200 40.48293187
201 40.17621414
202 39.84100178
203 39.47915762
204 39.09267265
205 38.68366009
206 38.25434881
207 37.80707635
208 37.34428139
209 36.86849584
210 36.38233644
211 35.88849599
212 35.38973422
213 34.88886831
214 34.38876309
215 33.89232102
216 33.4024718
217 32.92216184
218 32.45434355
219 32.00196435
220 31.56795565
221 31.15522163
222 30.766628
223 30.40499059
224 30.07306404
225 29.77353039
226 29.50898769
227 29.28193871
228 29.09477975
229 28.94978945
230 28.84911793
231 28.79477595
232 28.78862444
233 28.83236419
234 28.92752594
235 29.07546082
236 29.27733111
237 29.53410159
238 29.84653131
239 30.21516599
240 30.64033098
241 31.12212495
242 31.66041429
243 32.25482831
244 32.90475532
245 33.60933958
246 34.36747924
247 35.17782528
248 36.03878155
249 36.9485059
250 37.9049125
251 38.90567531
252 39.94823283
253 41.02979406
254 42.1473458
255 43.29766113
256 44.4773093
257 45.68266676
258 46.90992958
259 48.155127
260 49.41413622
261 50.68269833
262 51.95643531
263 53.23086805
264 54.50143531
265 55.76351351
266 57.01243726
267 58.24352053
268 59.4520783
269 60.63344866
270 61.78301507
271 62.89622879
272 63.96863128
273 64.99587635
274 65.97375208
275 66.89820218
276 67.76534669
277 68.57150202
278 69.31319992
279 69.98720545
280 70.59053378
281 71.12046558
282 71.574561
283 71.95067214
284 72.24695376
285 72.46187239
286 72.59421353
287 72.64308702
288 72.60793058
289 72.48851127
290 72.28492518
291 71.99759508
292 71.6272662
293 71.17500013
294 70.64216689
295 70.03043525
296 69.3417614
297 68.57837599
298 67.74276976
299 66.83767773
300 65.86606224
301 64.83109484
302 63.73613727
303 62.58472161
304 61.38052979
305 60.12737258
306 58.82916833
307 57.48992143
308 56.11370076
309 54.7046184
310 53.2668084
311 51.80440616
312 50.3215283
313 48.82225315
314 47.31060215
315 45.79052208
316 44.26586834
317 42.7403893
318 41.21771182
319 39.70132802
320 38.19458332
321 36.70066577
322 35.22259679
323 33.76322319
324 32.32521064
325 30.9110384
326 29.52299542
327 28.16317781
328 26.83348741
329 25.53563176
330 24.27112509
331 23.04129046
332 21.84726296
333 20.68999377
334 19.57025518
335 18.48864639
336 17.44559998
337 16.44138905
338 15.47613486
339 14.54981501
340 13.66227185
341 12.81322135
342 12.00226205
343 11.2288842
344 10.49247898
345 9.79234766
346 9.127710746
347 8.49771697
348 7.901452093
349 7.337947489
350 6.806188442
351 6.305122132
352 5.833665269
353 5.390711356
354 4.975137544
355 4.585811074
356 4.221595286
357 3.881355189
358 3.56396258
359 3.268300727
360 2.993268605
361 2.737784692
362 2.500790344
363 2.281252755
364 2.078167515
365 1.890560784
366 1.717491103
367 1.558050858
368 1.411367415
369 1.276603959
370 1.152960043
371 1.039671879
372 0.9360123953
373 0.841291074
374 0.7548535931
375 0.6760812998
376 0.6043905287
377 0.5392317875
378 0.4800888294
379 0.4264776289
380 0.3779452781
381 0.33406882
382 0.2944540324
383 0.2587341765
384 0.2265687221
385 0.197642061
386 0.1716622185
387 0.1483595722
388 0.127485585
389 0.1088115618
390 0.09212743244
391 0.07724056896
392 0.06397463988
393 0.05216850533
394 0.04167515581
395 0.03236069668
396 0.02410337973
397 0.0167926828
398 0.010328438
399 0.004620008241
400 -0.0004144880347
401 -0.004848904809
402 -0.008749750087
403 -0.01217682239
404 -0.01518380361
405 -0.01781880974
406 -0.0201249014
407 -0.0221405557
408 -0.02390010165
409 -0.02543412071
410 -0.02676981474
411 -0.02793134298
412 -0.02894013027
413 -0.02981514814
414 -0.03057317083
415 -0.03122900775
416 -0.03179571444
417 -0.03228478335
418 -0.03270631619
419 -0.0330691793
420 -0.03338114343
421 -0.03364900926
422 -0.03387871994
423 -0.03407546171
424 -0.03424375387
425 -0.03438752891
426 -0.03451020379
427 -0.03461474338
428 -0.03470371658
429 -0.03477934606
430 -0.03484355227
431 -0.03489799215
432 -0.03494409329
433 -0.03498308399
434 -0.03501601959
435 -0.03504380555
436 -0.03506721767
437 -0.03508691976
438 -0.03510347898
439 -0.03511737927
440 -0.03512903299
441 -0.03513879102
442 -0.03514695153
443 -0.03515376753
444 -0.03515945343
445 -0.03516419069
446 -0.03516813266
447 -0.03517140876
448 -0.03517412808
449 -0.03517638243
450 -0.03517824899
451 -0.03517979255
452 -0.03518106741
453 -0.03518211903
454 -0.03518298543
455 -0.03518369835
456 -0.03518428424
457 -0.03518476514
458 -0.03518515938
459 -0.03518548216
460 -0.03518574612
461 -0.03518596171
462 -0.03518613757
463 -0.03518628084
464 -0.03518639742
465 -0.03518649217
466 -0.03518656907
467 -0.03518663142
468 -0.0351866819
469 -0.03518672272
470 -0.03518675569
471 -0.03518678229
472 -0.03518680372
473 -0.03518682096
474 -0.03518683482
475 -0.03518684595
476 -0.03518685486
477 -0.03518686201
478 -0.03518686772
479 -0.03518687228
480 -0.03518687592
481 -0.03518687882
482 -0.03518688112
483 -0.03518688296
484 -0.03518688441
485 -0.03518688557
486 -0.03518688648
487 -0.03518688721
488 -0.03518688778
489 -0.03518688823
490 -0.03518688858
491 -0.03518688886
492 -0.03518688908
493 -0.03518688925
494 -0.03518688939
495 -0.03518688949
496 -0.03518688958
497 -0.03518688964
498 -0.03518688969
499 -0.03518688973
500 -0.03518688976
501 -0.03518688979
502 -0.0351868898
503 -0.03518688982
504 -0.03518688983
505 -0.03518688984
506 -0.03518688985
507 -0.03518688985
508 -0.03518688985
509 -0.03518688986
510 -0.03518688986
511 -0.03518688986
512 -0.03518688986
513 -0.03518688986
514 -0.03518688986
515 -0.03518688987
516 -0.03518688987
517 -0.03518688987
518 -0.03518688987
519 -0.03518688987
520 -0.03518688987
521 -0.03518688987
522 -0.03518688987
523 -0.03518688987
524 -0.03518688987
525 -0.03518688987
526 -0.03518688987
527 -0.03518688987
528 -0.03518688987
529 -0.03518688987
530 -0.03518688987
531 -0.03518688987
532 -0.03518688987
533 -0.03518688987
534 -0.03518688987
535 -0.03518688987
536 -0.03518688987
537 -0.03518688987
538 -0.03518688987
539 -0.03518688987
540 -0.03518688987
541 -0.03518688987
542 -0.03518688987
543 -0.03518688987
544 -0.03518688987
545 -0.03518688987
546 -0.03518688987
547 -0.03518688987
548 -0.03518688987
549 -0.03518688987
550 -0.03518688987
551 -0.03518688987
552 -0.03518688987
553 -0.03518688987
554 -0.03518688987
555 -0.03518688987
556 -0.03518688987
557 -0.03518688987
558 -0.03518688987
559 -0.03518688987
560 -0.03518688987
561 -0.03518688987
562 -0.03518688987
563 -0.03518688987
564 -0.03518688987
565 -0.03518688987
566 -0.03518688987
567 -0.03518688987
568 -0.03518688987
569 -0.03518688987
570 -0.03518688987
571 -0.03518688987
572 -0.03518688987
573 -0.03518688987
574 -0.03518688987
575 -0.03518688987
576 -0.03518688987
577 -0.03518688987
578 -0.03518688987
579 -0.03518688987
580 -0.03518688987
581 -0.03518688987
582 -0.03518688987
583 -0.03518688987
584 -0.03518688987
585 -0.03518688987
586 -0.03518688987
587 -0.03518688987
588 -0.03518688987
589 -0.03518688987
590 -0.03518688987
591 -0.03518688987
592 -0.03518688987
593 -0.03518688987
594 -0.03518688987
595 -0.03518688987
596 -0.03518688987
597 -0.03518688987
598 -0.03518688987
599 -0.03518688987
600 -0.03518688987
601 -0.03518688987
602 -0.03518688987
603 -0.03518688987
604 -0.03518688987
605 -0.03518688987
606 -0.03518688987
607 -0.03518688987
608 -0.03518688987
609 -0.03518688987
610 -0.03518688987
611 -0.03518688987
612 -0.03518688987
613 -0.03518688987
614 -0.03518688987
615 -0.03518688987
616 -0.03518688987
617 -0.03518688987
618 -0.03518688987
619 -0.03518688987
620 -0.03518688987
621 -0.03518688987
622 -0.03518688987
623 -0.03518688987
624 -0.03518688987
625 -0.03518688987
626 -0.03518688987
627 -0.03518688987
628 -0.03518688987
629 -0.03518688987
630 -0.03518688987
631 -0.03518688987
632 -0.03518688987
633 -0.03518688987
634 -0.03518688987
635 -0.03518688987
636 -0.03518688987
637 -0.03518688987
638 -0.03518688987
639 -0.03518688987
640 -0.03518688987
641 -0.03518688987
642 -0.03518688987
643 -0.03518688987
644 -0.03518688987
645 -0.03518688987
646 -0.03518688987
647 -0.03518688987
648 -0.03518688987
649 -0.03518688987
650 -0.03518688987
651 -0.03518688987
652 -0.03518688987
653 -0.03518688987
654 -0.03518688987
655 -0.03518688987
656 -0.03518688987
657 -0.03518688987
658 -0.03518688987
659 -0.03518688987
660 -0.03518688987
661 -0.03518688987
662 -0.03518688987
663 -0.03518688987
664 -0.03518688987
665 -0.03518688987
666 -0.03518688987
667 -0.03518688987
668 -0.03518688987
669 -0.03518688987
670 -0.03518688987
671 -0.03518688987
672 -0.03518688987
673 -0.03518688987
674 -0.03518688987
675 -0.03518688987
676 -0.03518688987
677 -0.03518688987
678 -0.03518688987
679 -0.03518688987
680 -0.03518688987
681 -0.03518688987
682 -0.03518688987
683 -0.03518688987
684 -0.03518688987
685 -0.03518688987
686 -0.03518688987
687 -0.03518688987
688 -0.03518688987
689 -0.03518688987
690 -0.03518688987
691 -0.03518688987
692 -0.03518688987
693 -0.03518688987
694 -0.03518688987
695 -0.03518688987
696 -0.03518688987
697 -0.03518688987
698 -0.03518688987
699 -0.03518688987
700 -0.03518688987
701 -0.03518688987
702 -0.03518688987
703 -0.03518688987
704 -0.03518688987
705 -0.03518688987
706 -0.03518688987
707 -0.03518688987
708 -0.03518688987
709 -0.03518688987
710 -0.03518688987
711 -0.03518688987
712 -0.03518688987
713 -0.03518688987
714 -0.03518688987
715 -0.03518688987
716 -0.03518688987
717 -0.03518688987
718 -0.03518688987
719 -0.03518688987
720 -0.03518688987
721 -0.03518688987
722 -0.03518688987
723 -0.03518688987
724 -0.03518688987
725 -0.03518688987
726 -0.03518688987
727 -0.03518688987
728 -0.03518688987
729 -0.03518688987
730 -0.03518688987
731 -0.03518688987
732 -0.03518688987
733 -0.03518688987
734 -0.03518688987
735 -0.03518688987
736 -0.03518688987
737 -0.03518688987
738 -0.03518688987
739 -0.03518688987
740 -0.03518688987
741 -0.03518688987
742 -0.03518688987
743 -0.03518688987
744 -0.03518688987
745 -0.03518688987
746 -0.03518688987
747 -0.03518688987
748 -0.03518688987
749 -0.03518688987
750 -0.03518688987
751 -0.03518688987
752 -0.03518688987
753 -0.03518688987
754 -0.03518688987
755 -0.03518688987
756 -0.03518688987
757 -0.03518688987
758 -0.03518688987
759 -0.03518688987
760 -0.03518688987
761 -0.03518688987
762 -0.03518688987
763 -0.03518688987
764 -0.03518688987
765 -0.03518688987
766 -0.03518688987
767 -0.03518688987
768 -0.03518688987
769 -0.03518688987
770 -0.03518688987
771 -0.03518688987
772 -0.03518688987
773 -0.03518688987
774 -0.03518688987
775 -0.03518688987
776 -0.03518688987
777 -0.03518688987
778 -0.03518688987
779 -0.03518688987
780 -0.03518688987
781 -0.03518688987
782 -0.03518688987
783 -0.03518688987
784 -0.03518688987
785 -0.03518688987
786 -0.03518688987
787 -0.03518688987
788 -0.03518688987
789 -0.03518688987
790 -0.03518688987
791 -0.03518688987
792 -0.03518688987
793 -0.03518688987
794 -0.03518688987
795 -0.03518688987
796 -0.03518688987
797 -0.03518688987
798 -0.03518688987
799 -0.03518688987
800 -0.03518688987
801 -0.03518688987
802 -0.03518688987
803 -0.03518688987
804 -0.03518688987
805 -0.03518688987
806 -0.03518688987
807 -0.03518688987
808 -0.03518688987
809 -0.03518688987
810 -0.03518688987
811 -0.03518688987
812 -0.03518688987
813 -0.03518688987
814 -0.03518688987
815 -0.03518688987
816 -0.03518688987
817 -0.03518688987
818 -0.03518688987
819 -0.03518688987
820 -0.03518688987
821 -0.03518688987
822 -0.03518688987
823 -0.03518688987
824 -0.03518688987
825 -0.03518688987
826 -0.03518688987
827 -0.03518688987
828 -0.03518688987
829 -0.03518688987
830 -0.03518688987
831 -0.03518688987
832 -0.03518688987
833 -0.03518688987
834 -0.03518688987
835 -0.03518688987
836 -0.03518688987
837 -0.03518688987
838 -0.03518688987
839 -0.03518688987
840 -0.03518688987
841 -0.03518688987
842 -0.03518688987
843 -0.03518688987
844 -0.03518688987
845 -0.03518688987
846 -0.03518688987
847 -0.03518688987
848 -0.03518688987
849 -0.03518688987
850 -0.03518688987
851 -0.03518688987
852 -0.03518688987
853 -0.03518688987
854 -0.03518688987
855 -0.03518688987
856 -0.03518688987
857 -0.03518688987
858 -0.03518688987
859 -0.03518688987
860 -0.03518688987
861 -0.03518688987
862 -0.03518688987
863 -0.03518688987
864 -0.03518688987
865 -0.03518688987
866 -0.03518688987
867 -0.03518688987
868 -0.03518688987
869 -0.03518688987
870 -0.03518688987
871 -0.03518688987
872 -0.03518688987
873 -0.03518688987
874 -0.03518688987
875 -0.03518688987
876 -0.03518688987
877 -0.03518688987
878 -0.03518688987
879 -0.03518688987
880 -0.03518688987
881 -0.03518688987
882 -0.03518688987
883 -0.03518688987
884 -0.03518688987
885 -0.03518688987
886 -0.03518688987
887 -0.03518688987
888 -0.03518688987
889 -0.03518688987
890 -0.03518688987
891 -0.03518688987
892 -0.03518688987
893 -0.03518688987
894 -0.03518688987
895 -0.03518688987
896 -0.03518688987
897 -0.03518688987
898 -0.03518688987
899 -0.03518688987
900 -0.03518688987
901 -0.03518688987
902 -0.03518688987
903 -0.03518688987
904 -0.03518688987
905 -0.03518688987
906 -0.03518688987
907 -0.03518688987
908 -0.03518688987
909 -0.03518688987
910 -0.03518688987
911 -0.03518688987
912 -0.03518688987
913 -0.03518688987
914 -0.03518688987
915 -0.03518688987
916 -0.03518688987
917 -0.03518688987
918 -0.03518688987
919 -0.03518688987
920 -0.03518688987
921 -0.03518688987
922 -0.03518688987
923 -0.03518688987
924 -0.03518688987
925 -0.03518688987
926 -0.03518688987
927 -0.03518688987
928 -0.03518688987
929 -0.03518688987
930 -0.03518688987
931 -0.03518688987
932 -0.03518688987
933 -0.03518688987
934 -0.03518688987
935 -0.03518688987
936 -0.03518688987
937 -0.03518688987
938 -0.03518688987
939 -0.03518688987
940 -0.03518688987
941 -0.03518688987
942 -0.03518688987
943 -0.03518688987
944 -0.03518688987
945 -0.03518688987
946 -0.03518688987
947 -0.03518688987
948 -0.03518688987
949 -0.03518688987
950 -0.03518688987
951 -0.03518688987
952 -0.03518688987
953 -0.03518688987
954 -0.03518688987
955 -0.03518688987
956 -0.03518688987
957 -0.03518688987
958 -0.03518688987
959 -0.03518688987
960 -0.03518688987
961 -0.03518688987
962 -0.03518688987
963 -0.03518688987
964 -0.03518688987
965 -0.03518688987
966 -0.03518688987
967 -0.03518688987
968 -0.03518688987
969 -0.03518688987
970 -0.03518688987
971 -0.03518688987
972 -0.03518688986
973 -0.03518688986
974 -0.03518688986
975 -0.03518688986
976 -0.03518688986
977 -0.03518688986
978 -0.03518688985
979 -0.03518688985
980 -0.03518688984
981 -0.03518688984
982 -0.03518688983
983 -0.03518688982
984 -0.03518688981
985 -0.03518688979
986 -0.03518688977
987 -0.03518688975
988 -0.03518688972
989 -0.03518688968
990 -0.03518688963
991 -0.03518688957
992 -0.03518688949
993 -0.03518688939
994 -0.03518688927
995 -0.03518688912
996 -0.03518688893
997 -0.0351868887
998 -0.03518688841
999 -0.03518688804
1000 -0.03518688759
1001 -0.03518688704
1002 -0.03518688635
1003 -0.03518688549
1004 -0.03518688443
1005 -0.03518688313
1006 -0.03518688152
1007 -0.03518687954
1008 -0.0351868771
1009 -0.0351868741
1010 -0.03518687041
1011 -0.03518686588
1012 -0.03518686034
1013 -0.03518685354
1014 -0.03518684523
1015 -0.03518683508
1016 -0.03518682268
1017 -0.03518680757
1018 -0.03518678915
1019 -0.03518676674
1020 -0.0351867395
1021 -0.03518670642
1022 -0.0351866663
1023 -0.03518661767
