#54307 2910.0030343965379391 0.0045704116743918894727 1 1405 16.000049430220818044 1024 7 1 J1713+0747 0.0000000 
0 34.44993903
1 35.17136269
2 35.94983959
3 36.78404833
4 37.67240632
5 38.61307059
6 39.60393964
7 40.64265672
8 41.72661421
9 42.85295952
10 44.01860212
11 45.22022208
12 46.45427992
13 47.71702774
14 49.0045218
15 50.31263635
16 51.63707875
17 52.97340578
18 54.31704122
19 55.66329444
20 57.00738
21 58.34443828
22 59.66955684
23 60.9777925
24 62.26419408
25 63.5238255
26 64.7517893
27 65.94325023
28 67.09345897
29 68.19777564
30 69.25169305
31 70.25085953
32 71.19110108
33 72.06844281
34 72.87912949
35 73.61964492
36 74.28673018
37 74.8774005
38 75.38896066
39 75.81901873
40 76.16549819
41 76.42664821
42 76.60105205
43 76.68763352
44 76.68566146
45 76.59475219
46 76.41486992
47 76.14632506
48 75.78977061
49 75.34619646
50 74.81692179
51 74.20358558
52 73.50813526
53 72.73281377
54 71.88014491
55 70.95291723
56 69.95416662
57 68.88715758
58 67.75536358
59 66.56244635
60 65.3122345
61 64.00870159
62 62.65594366
63 61.25815665
64 59.81961363
65 58.34464214
66 56.83760175
67 55.30286201
68 53.74478098
69 52.16768432
70 50.57584528
71 48.97346556
72 47.3646572
73 45.7534256
74 44.14365373
75 42.53908761
76 40.94332319
77 39.35979446
78 37.79176317
79 36.24230979
80 34.71432605
81 33.21050883
82 31.7333555
83 30.28516064
84 28.86801409
85 27.48380039
86 26.1341993
87 24.82068771
88 23.54454249
89 22.30684445
90 21.10848333
91 19.95016347
92 18.83241051
93 17.75557856
94 16.71985813
95 15.72528454
96 14.7717467
97 13.85899632
98 12.98665731
99 12.15423541
100 11.36112784
101 10.60663305
102 9.88996041
103 9.210239716
104 8.566530625
105 7.957831796
106 7.383089783
107 6.841207599
108 6.331052939
109 5.851465997
110 5.401266889
111 4.979262625
112 4.58425364
113 4.21503986
114 3.870426298
115 3.549228182
116 3.250275613
117 2.972417759
118 2.714526593
119 2.475500192
120 2.254265602
121 2.049781296
122 1.861039232
123 1.687066543
124 1.526926874
125 1.379721384
126 1.244589445
127 1.120709059
128 1.007297008
129 0.9036087726
130 0.8089382347
131 0.7226171883
132 0.6440146814
133 0.5725362089
134 0.5076227784
135 0.4487498663
136 0.3954262834
137 0.3471929674
138 0.3036217169
139 0.2643138832
140 0.2288990322
141 0.1970335893
142 0.1683994778
143 0.142702762
144 0.119672302
145 0.0990584302
146 0.08063165372
147 0.06418139089
148 0.049514745
149 0.03645531996
150 0.02484208102
151 0.0145282629
152 0.005380327163
153 -0.002723029933
154 -0.009891818538
155 -0.01622564504
156 -0.0218145509
157 -0.02673980115
158 -0.03107462349
159 -0.03488489915
160 -0.03822980708
161 -0.04116242299
162 -0.04373027509
163 -0.04597585839
164 -0.0479371095
165 -0.04964784403
166 -0.05113815852
167 -0.05243479908
168 -0.05356149865
169 -0.05453928501
170 -0.05538676138
171 -0.05612036155
172 -0.05675458152
173 -0.05730218911
174 -0.05777441359
175 -0.05818111663
176 -0.05853094629
177 -0.05883147538
178 -0.05908932555
179 -0.05931027847
180 -0.05949937514
181 -0.05966100444
182 -0.0597989821
183 -0.05991662083
184 -0.06001679251
185 -0.06010198338
186 -0.06017434277
187 -0.06023572617
188 -0.0602877331
189 -0.06033174056
190 -0.06036893228
191 -0.06040032447
192 -0.06042678827
193 -0.06044906949
194 -0.0604678057
195 -0.06048354121
196 -0.06049674006
197 -0.06050779735
198 -0.06051704899
199 -0.06052478016
200 -0.06053123268
201 -0.06053661132
202 -0.06054108919
203 -0.06054481252
204 -0.06054790458
205 -0.0605504692
206 -0.06055259371
207 -0.06055435144
208 -0.0605558039
209 -0.06055700262
210 -0.0605579907
211 -0.06055880413
212 -0.06055947296
213 -0.06056002221
214 -0.06056047269
215 -0.06056084172
216 -0.06056114363
217 -0.06056139034
218 -0.06056159169
219 -0.06056175581
220 -0.06056188942
221 -0.06056199805
222 -0.06056208628
223 -0.06056215783
224 -0.0605622158
225 -0.0605622627
226 -0.0605623006
227 -0.06056233118
228 -0.06056235584
229 -0.06056237569
230 -0.06056239165
231 -0.06056240446
232 -0.06056241475
233 -0.06056242298
234 -0.06056242957
235 -0.06056243484
236 -0.06056243904
237 -0.06056244239
238 -0.06056244506
239 -0.06056244718
240 -0.06056244887
241 -0.0605624502
242 -0.06056245126
243 -0.0605624521
244 -0.06056245276
245 -0.06056245329
246 -0.0605624537
247 -0.06056245402
248 -0.06056245428
249 -0.06056245448
250 -0.06056245464
251 -0.06056245476
252 -0.06056245485
253 -0.06056245493
254 -0.06056245499
255 -0.06056245503
256 -0.06056245507
257 -0.0605624551
258 -0.06056245512
259 -0.06056245514
260 -0.06056245515
261 -0.06056245516
262 -0.06056245517
263 -0.06056245517
264 -0.06056245518
265 -0.06056245518
266 -0.06056245518
267 -0.06056245519
268 -0.06056245519
269 -0.06056245519
270 -0.06056245519
271 -0.06056245519
272 -0.06056245519
273 -0.06056245519
274 -0.06056245519
275 -0.06056245519
276 -0.06056245519
277 -0.06056245519
278 -0.06056245519
279 -0.06056245519
280 -0.06056245519
281 -0.06056245519
282 -0.06056245519
283 -0.06056245519
284 -0.06056245519
285 -0.06056245519
286 -0.06056245519
287 -0.06056245519
288 -0.06056245519
289 -0.06056245519
290 -0.06056245519
291 -0.06056245519
292 -0.06056245519
293 -0.06056245519
294 -0.06056245519
295 -0.06056245519
296 -0.06056245519
297 -0.06056245519
298 -0.06056245519
299 -0.06056245519
300 -0.06056245519
301 -0.06056245519
302 -0.06056245519
303 -0.06056245519
304 -0.06056245519
305 -0.06056245519
306 -0.06056245519
307 -0.06056245519
308 -0.06056245519
309 -0.06056245519
310 -0.06056245519
311 -0.06056245519
312 -0.06056245519
313 -0.06056245519
314 -0.06056245519
315 -0.06056245519
316 -0.06056245519
317 -0.06056245519
318 -0.06056245519
319 -0.06056245519
320 -0.06056245519
321 -0.06056245519
322 -0.06056245519
323 -0.06056245519
324 -0.06056245519
325 -0.06056245519
326 -0.06056245519
327 -0.06056245519
328 -0.06056245519
329 -0.06056245519
330 -0.06056245519
331 -0.06056245519
332 -0.06056245519
333 -0.06056245519
334 -0.06056245519
335 -0.06056245519
336 -0.06056245519
337 -0.06056245519
338 -0.06056245519
339 -0.06056245519
340 -0.06056245519
341 -0.06056245519
342 -0.06056245519
343 -0.06056245519
344 -0.06056245519
345 -0.06056245519
346 -0.06056245519
347 -0.06056245519
348 -0.06056245519
349 -0.06056245519
350 -0.06056245519
351 -0.06056245519
352 -0.06056245519
353 -0.06056245519
354 -0.06056245519
355 -0.06056245519
356 -0.06056245519
357 -0.06056245519
358 -0.06056245519
359 -0.06056245519
360 -0.06056245519
361 -0.06056245519
362 -0.06056245519
363 -0.06056245519
364 -0.06056245519
365 -0.06056245519
366 -0.06056245519
367 -0.06056245519
368 -0.06056245519
369 -0.06056245519
370 -0.06056245519
371 -0.06056245519
372 -0.06056245519
373 -0.06056245519
374 -0.06056245519
375 -0.06056245519
376 -0.06056245519
377 -0.06056245519
378 -0.06056245519
379 -0.06056245519
380 -0.06056245519
381 -0.06056245519
382 -0.06056245519
383 -0.06056245519
384 -0.06056245519
385 -0.06056245519
386 -0.06056245519
387 -0.06056245519
388 -0.06056245519
389 -0.06056245519
390 -0.06056245519
391 -0.06056245519
392 -0.06056245519
393 -0.06056245519
394 -0.06056245519
395 -0.06056245519
396 -0.06056245519
397 -0.06056245519
398 -0.06056245519
399 -0.06056245519
400 -0.06056245519
401 -0.06056245519
402 -0.06056245519
403 -0.06056245519
404 -0.06056245519
405 -0.06056245519
406 -0.06056245519
407 -0.06056245519
408 -0.06056245519
409 -0.06056245519
410 -0.06056245519
411 -0.06056245519
412 -0.06056245519
413 -0.06056245519
414 -0.06056245519
415 -0.06056245519
416 -0.06056245519
417 -0.06056245519
418 -0.06056245519
419 -0.06056245519
420 -0.06056245519
421 -0.06056245519
422 -0.06056245519
423 -0.06056245519
424 -0.06056245519
425 -0.06056245519
426 -0.06056245519
427 -0.06056245519
428 -0.06056245519
429 -0.06056245519
430 -0.06056245519
431 -0.06056245519
432 -0.06056245519
433 -0.06056245519
434 -0.06056245519
435 -0.06056245519
436 -0.06056245519
437 -0.06056245519
438 -0.06056245519
439 -0.06056245519
440 -0.06056245519
441 -0.06056245519
442 -0.06056245519
443 -0.06056245519
444 -0.06056245519
445 -0.06056245519
446 -0.06056245519
447 -0.06056245519
448 -0.06056245519
449 -0.06056245519
450 -0.06056245519
451 -0.06056245519
452 -0.06056245519
453 -0.06056245519
454 -0.06056245519
455 -0.06056245519
456 -0.06056245519
457 -0.06056245519
458 -0.06056245519
459 -0.06056245519
460 -0.06056245519
461 -0.06056245519
462 -0.06056245519
463 -0.06056245519
464 -0.06056245519
465 -0.06056245519
466 -0.06056245519
467 -0.06056245519
468 -0.06056245519
469 -0.06056245519
470 -0.06056245519
471 -0.06056245519
472 -0.06056245519
473 -0.06056245519
474 -0.06056245519
475 -0.06056245519
476 -0.06056245519
477 -0.06056245519
478 -0.06056245519
479 -0.06056245519
480 -0.06056245519
481 -0.06056245519
482 -0.06056245519
483 -0.06056245519
484 -0.06056245519
485 -0.06056245519
486 -0.06056245519
487 -0.06056245519
488 -0.06056245519
489 -0.06056245519
490 -0.06056245519
491 -0.06056245519
492 -0.06056245519
493 -0.06056245519
494 -0.06056245519
495 -0.06056245519
496 -0.06056245519
497 -0.06056245519
498 -0.06056245519
499 -0.06056245519
500 -0.06056245519
501 -0.06056245519
502 -0.06056245519
503 -0.06056245519
504 -0.06056245519
505 -0.06056245519
506 -0.06056245519
507 -0.06056245519
508 -0.06056245519
509 -0.06056245519
510 -0.06056245519
511 -0.06056245519
512 -0.06056245519
513 -0.06056245519
514 -0.06056245519
515 -0.06056245519
516 -0.06056245519
517 -0.06056245519
518 -0.06056245519
519 -0.06056245519
520 -0.06056245519
521 -0.06056245519
522 -0.06056245519
523 -0.06056245519
524 -0.06056245519
525 -0.06056245519
526 -0.06056245519
527 -0.06056245519
528 -0.06056245519
529 -0.06056245519
530 -0.06056245519
531 -0.06056245519
532 -0.06056245519
533 -0.06056245519
534 -0.06056245519
535 -0.06056245519
536 -0.06056245519
537 -0.06056245519
538 -0.06056245519
539 -0.06056245519
540 -0.06056245519
541 -0.06056245519
542 -0.06056245519
543 -0.06056245519
544 -0.06056245519
545 -0.06056245519
546 -0.06056245519
547 -0.06056245519
548 -0.06056245519
549 -0.06056245519
550 -0.06056245519
551 -0.06056245519
552 -0.06056245519
553 -0.06056245519
554 -0.06056245519
555 -0.06056245519
556 -0.06056245519
557 -0.06056245519
558 -0.06056245519
559 -0.06056245519
560 -0.06056245519
561 -0.06056245519
562 -0.06056245519
563 -0.06056245519
564 -0.06056245519
565 -0.06056245519
566 -0.06056245519
567 -0.06056245519
568 -0.06056245519
569 -0.06056245519
570 -0.06056245519
571 -0.06056245519
572 -0.06056245519
573 -0.06056245519
574 -0.06056245519
575 -0.06056245519
576 -0.06056245519
577 -0.06056245519
578 -0.06056245519
579 -0.06056245519
580 -0.06056245519
581 -0.06056245519
582 -0.06056245519
583 -0.06056245519
584 -0.06056245519
585 -0.06056245519
586 -0.06056245519
587 -0.06056245519
588 -0.06056245519
589 -0.06056245519
590 -0.06056245519
591 -0.06056245519
592 -0.06056245519
593 -0.06056245519
594 -0.06056245519
595 -0.06056245519
596 -0.06056245519
597 -0.06056245519
598 -0.06056245519
599 -0.06056245519
600 -0.06056245519
601 -0.06056245519
602 -0.06056245519
603 -0.06056245519
604 -0.06056245519
605 -0.06056245519
606 -0.06056245519
607 -0.06056245519
608 -0.06056245519
609 -0.06056245519
610 -0.06056245519
611 -0.06056245519
612 -0.06056245519
613 -0.06056245519
614 -0.06056245519
615 -0.06056245519
616 -0.06056245519
617 -0.06056245519
618 -0.06056245519
619 -0.06056245519
620 -0.06056245519
621 -0.06056245519
622 -0.06056245519
623 -0.06056245519
624 -0.06056245519
625 -0.06056245519
626 -0.06056245519
627 -0.06056245519
628 -0.06056245519
629 -0.06056245519
630 -0.06056245519
631 -0.06056245519
632 -0.06056245519
633 -0.06056245519
634 -0.06056245519
635 -0.06056245519
636 -0.06056245519
637 -0.06056245519
638 -0.06056245519
639 -0.06056245519
640 -0.06056245519
641 -0.06056245519
642 -0.06056245519
643 -0.06056245519
644 -0.06056245519
645 -0.06056245519
646 -0.06056245519
647 -0.06056245519
648 -0.06056245519
649 -0.06056245519
650 -0.06056245519
651 -0.06056245519
652 -0.06056245519
653 -0.06056245519
654 -0.06056245519
655 -0.06056245519
656 -0.06056245519
657 -0.06056245519
658 -0.06056245519
659 -0.06056245519
660 -0.06056245519
661 -0.06056245519
662 -0.06056245519
663 -0.06056245519
664 -0.06056245519
665 -0.06056245519
666 -0.06056245519
667 -0.06056245519
668 -0.06056245519
669 -0.06056245519
670 -0.06056245519
671 -0.06056245519
672 -0.06056245519
673 -0.06056245519
674 -0.06056245519
675 -0.06056245519
676 -0.06056245519
677 -0.06056245519
678 -0.06056245519
679 -0.06056245519
680 -0.06056245519
681 -0.06056245519
682 -0.06056245519
683 -0.06056245519
684 -0.06056245519
685 -0.06056245519
686 -0.06056245519
687 -0.06056245519
688 -0.06056245519
689 -0.06056245519
690 -0.06056245519
691 -0.06056245519
692 -0.06056245519
693 -0.06056245519
694 -0.06056245519
695 -0.06056245519
696 -0.06056245519
697 -0.06056245519
698 -0.06056245519
699 -0.06056245519
700 -0.06056245519
701 -0.06056245519
702 -0.06056245519
703 -0.06056245519
704 -0.06056245519
705 -0.06056245519
706 -0.06056245519
707 -0.06056245519
708 -0.06056245519
709 -0.06056245519
710 -0.06056245519
711 -0.06056245519
712 -0.06056245519
713 -0.06056245519
714 -0.06056245519
715 -0.06056245519
716 -0.06056245519
717 -0.06056245519
718 -0.06056245519
719 -0.06056245519
720 -0.06056245519
721 -0.06056245519
722 -0.06056245519
723 -0.06056245519
724 -0.06056245519
725 -0.06056245519
726 -0.06056245519
727 -0.06056245519
728 -0.06056245519
729 -0.06056245519
730 -0.06056245519
731 -0.06056245519
732 -0.06056245518
733 -0.06056245518
734 -0.06056245518
735 -0.06056245518
736 -0.06056245517
737 -0.06056245517
738 -0.06056245516
739 -0.06056245515
740 -0.06056245514
741 -0.06056245512
742 -0.0605624551
743 -0.06056245508
744 -0.06056245505
745 -0.06056245501
746 -0.06056245496
747 -0.0605624549
748 -0.06056245483
749 -0.06056245473
750 -0.06056245462
751 -0.06056245447
752 -0.06056245429
753 -0.06056245406
754 -0.06056245378
755 -0.06056245343
756 -0.06056245299
757 -0.06056245245
758 -0.06056245178
759 -0.06056245095
760 -0.06056244993
761 -0.06056244866
762 -0.06056244709
763 -0.06056244517
764 -0.06056244279
765 -0.06056243987
766 -0.06056243628
767 -0.06056243187
768 -0.06056242646
769 -0.06056241984
770 -0.06056241174
771 -0.06056240183
772 -0.06056238973
773 -0.06056237497
774 -0.06056235698
775 -0.06056233508
776 -0.06056230844
777 -0.06056227609
778 -0.06056223682
779 -0.06056218921
780 -0.06056213156
781 -0.06056206182
782 -0.06056197753
783 -0.06056187577
784 -0.06056175306
785 -0.06056160522
786 -0.06056142731
787 -0.06056121344
788 -0.06056095659
789 -0.06056064847
790 -0.06056027922
791 -0.06055983718
792 -0.06055930856
793 -0.06055867707
794 -0.06055792348
795 -0.06055702514
796 -0.06055595536
797 -0.06055468278
798 -0.06055317054
799 -0.06055137541
800 -0.06054924671
801 -0.06054672513
802 -0.0605437413
803 -0.06054021423
804 -0.06053604941
805 -0.06053113673
806 -0.06052534802
807 -0.0605185343
808 -0.06051052255
809 -0.06050111211
810 -0.06049007049
811 -0.06047712869
812 -0.0604619758
813 -0.06044425286
814 -0.06042354599
815 -0.06039937848
816 -0.06037120193
817 -0.06033838624
818 -0.06030020822
819 -0.06025583889
820 -0.06020432912
821 -0.06014459347
822 -0.06007539212
823 -0.05999531064
824 -0.05990273727
825 -0.05979583766
826 -0.05967252658
827 -0.05953043655
828 -0.05936688282
829 -0.05917882462
830 -0.05896282209
831 -0.0587149887
832 -0.05843093864
833 -0.05810572875
834 -0.05773379456
835 -0.05730888003
836 -0.05682396026
837 -0.05627115693
838 -0.05564164563
839 -0.0549255547
840 -0.05411185489
841 -0.05318823929
842 -0.0521409927
843 -0.05095485015
844 -0.04961284352
845 -0.0480961359
846 -0.04638384287
847 -0.04445284013
848 -0.04227755681
849 -0.03982975383
850 -0.03707828678
851 -0.03398885275
852 -0.0305237206
853 -0.02664144426
854 -0.02229655863
855 -0.01743925797
856 -0.01201505639
857 -0.005964430492
858 0.0007775557722
859 0.008281643886
860 0.01662479079
861 0.02589059562
862 0.03616974244
863 0.04756045799
864 0.06016898342
865 0.07411005833
866 0.0895074158
867 0.1064942862
868 0.1252139074
869 0.1458200396
870 0.168477481
871 0.1933625811
872 0.2206637493
873 0.2505819535
874 0.2833312053
875 0.3191390266
876 0.3582468934
877 0.400910651
878 0.4474008944
879 0.49800331
880 0.553018969
881 0.6127645698
882 0.6775726189
883 0.747791546
884 0.823785745
885 0.9059355325
886 0.9946370189
887 1.090301881
888 1.193357035
889 1.304244188
890 1.423419286
891 1.551351823
892 1.688524023
893 1.835429882
894 1.992574071
895 2.160470676
896 2.339641801
897 2.530615995
898 2.733926534
899 2.950109525
900 3.179701858
901 3.423238988
902 3.681252555
903 3.954267842
904 4.242801086
905 4.547356626
906 4.868423922
907 5.206474429
908 5.561958352
909 5.935301291
910 6.326900781
911 6.737122759
912 7.166297955
913 7.614718245
914 8.082632969
915 8.570245248
916 9.077708318
917 9.605121906
918 10.15252867
919 10.71991074
920 11.30718637
921 11.91420675
922 12.54075299
923 13.18653331
924 13.85118047
925 14.53424947
926 15.23521552
927 15.95347238
928 16.68833096
929 17.43901841
930 18.20467751
931 18.98436652
932 19.77705948
933 20.58164695
934 21.39693723
935 22.22165808
936 23.05445891
937 23.89391349
938 24.73852322
939 25.58672078
940 26.43687446
941 27.28729281
942 28.13622992
943 28.98189111
944 29.82243906
945 30.65600044
946 31.48067289
947 32.29453238
948 33.09564098
949 33.88205487
950 34.65183268
951 35.40304399
952 36.13377812
953 36.84215299
954 37.52632409
955 38.18449351
956 38.81491893
957 39.41592264
958 39.98590033
959 40.52332985
960 41.02677965
961 41.49491703
962 41.92651604
963 42.32046509
964 42.67577406
965 42.99158105
966 43.26715859
967 43.50191938
968 43.69542141
969 43.84737252
970 43.95763436
971 44.02622569
972 44.05332502
973 44.03927256
974 43.98457151
975 43.88988862
976 43.75605408
977 43.58406065
978 43.3750622
979 43.13037137
980 42.85145677
981 42.53993932
982 42.19758804
983 41.82631516
984 41.42817061
985 41.00533595
986 40.56011772
987 40.09494017
988 39.6123376
989 39.11494615
990 38.60549507
991 38.08679767
992 37.56174181
993 37.03328004
994 36.50441934
995 35.97821067
996 35.45773812
997 34.94610786
998 34.4464369
999 33.96184159
1000 33.49542598
1001 33.05027008
1002 32.62941795
1003 32.23586578
1004 31.87254985
1005 31.5423345
1006 31.24800016
1007 30.99223132
1008 30.7776047
1009 30.60657739
1010 30.48147529
1011 30.40448158
1012 30.37762559
1013 30.40277175
1014 30.48160903
1015 30.61564061
1016 30.80617405
1017 31.05431189
1018 31.36094273
1019 31.72673298
1020 32.15211918
1021 32.63730098
1022 33.18223498
1023 33.78662929
