#53518 2909.9979622448191958 0.0045700695003552957787 1 1333 16.000049430220818044 1024 7 1 J1713+0747 0.0000000 
0 0.1864449858
1 0.1864449858
2 0.1864449858
3 0.1864449858
4 0.1864449858
5 0.1864449858
6 0.1864449858
7 0.1864449858
8 0.1864449858
9 0.1864449858
10 0.1864449858
11 0.1864449858
12 0.1864449858
13 0.1864449858
14 0.1864449858
15 0.1864449858
16 0.1864449858
17 0.1864449858
18 0.1864449858
19 0.1864449858
20 0.1864449858
21 0.1864449858
22 0.1864449858
23 0.1864449858
24 0.1864449858
25 0.1864449858
26 0.1864449858
27 0.1864449858
28 0.1864449858
29 0.1864449858
30 0.1864449858
31 0.1864449858
32 0.1864449858
33 0.1864449858
34 0.1864449858
35 0.1864449858
36 0.1864449858
37 0.1864449858
38 0.1864449858
39 0.1864449858
40 0.1864449858
41 0.1864449858
42 0.1864449858
43 0.1864449858
44 0.1864449858
45 0.1864449858
46 0.1864449858
47 0.1864449858
48 0.1864449858
49 0.1864449858
50 0.1864449858
51 0.1864449858
52 0.1864449858
53 0.1864449858
54 0.1864449858
55 0.1864449858
56 0.1864449858
57 0.1864449858
58 0.1864449858
59 0.1864449858
60 0.1864449858
61 0.1864449858
62 0.1864449858
63 0.1864449858
64 0.1864449858
65 0.1864449858
66 0.1864449858
67 0.1864449858
68 0.1864449858
69 0.1864449858
70 0.1864449859
71 0.1864449859
72 0.1864449859
73 0.1864449859
74 0.1864449859
75 0.1864449859
76 0.1864449859
77 0.1864449859
78 0.186444986
79 0.186444986
80 0.186444986
81 0.1864449861
82 0.1864449862
83 0.1864449862
84 0.1864449863
85 0.1864449865
86 0.1864449866
87 0.1864449868
88 0.1864449871
89 0.1864449874
90 0.1864449878
91 0.1864449883
92 0.1864449888
93 0.1864449896
94 0.1864449905
95 0.1864449916
96 0.186444993
97 0.1864449947
98 0.1864449968
99 0.1864449995
100 0.1864450027
101 0.1864450066
102 0.1864450114
103 0.1864450174
104 0.1864450247
105 0.1864450335
106 0.1864450444
107 0.1864450577
108 0.1864450739
109 0.1864450936
110 0.1864451177
111 0.1864451469
112 0.1864451824
113 0.1864452254
114 0.1864452777
115 0.1864453409
116 0.1864454174
117 0.1864455098
118 0.1864456214
119 0.1864457559
120 0.1864459179
121 0.1864461129
122 0.1864463474
123 0.1864466288
124 0.1864469665
125 0.1864473711
126 0.1864478554
127 0.1864484345
128 0.1864491263
129 0.1864499517
130 0.1864509356
131 0.1864521072
132 0.1864535007
133 0.1864551566
134 0.186457122
135 0.1864594525
136 0.1864622128
137 0.1864654788
138 0.1864693392
139 0.1864738971
140 0.1864792731
141 0.1864856071
142 0.1864930621
143 0.1865018271
144 0.1865121213
145 0.1865241989
146 0.1865383538
147 0.1865549255
148 0.1865743062
149 0.1865969481
150 0.1866233716
151 0.1866541757
152 0.1866900485
153 0.1867317794
154 0.1867802737
155 0.1868365673
156 0.186901845
157 0.18697746
158 0.1870649559
159 0.1871660914
160 0.1872828679
161 0.1874175604
162 0.1875727515
163 0.1877513696
164 0.1879567312
165 0.1881925876
166 0.1884631768
167 0.1887732808
168 0.1891282886
169 0.1895342662
170 0.1899980325
171 0.1905272439
172 0.1911304859
173 0.1918173742
174 0.1925986644
175 0.193486372
176 0.1944939033
177 0.1956361968
178 0.1969298776
179 0.1983934234
180 0.2000473451
181 0.2019143803
182 0.2040197029
183 0.206391147
184 0.2090594477
185 0.2120584987
186 0.2154256267
187 0.2192018846
188 0.223432362
189 0.2281665156
190 0.2334585174
191 0.2393676235
192 0.2459585609
193 0.2533019345
194 0.2614746524
195 0.2705603702
196 0.2806499535
197 0.2918419565
198 0.3042431183
199 0.3179688729
200 0.3331438728
201 0.3499025245
202 0.368389533
203 0.3887604534
204 0.4111822464
205 0.4358338352
206 0.46290666
207 0.4926052253
208 0.525147638
209 0.5607661295
210 0.5997075578
211 0.6422338839
212 0.6886226176
213 0.7391672255
214 0.7941774944
215 0.8539798455
216 0.9189175899
217 0.9893511187
218 1.065658021
219 1.148233121
220 1.237488426
221 1.333852979
222 1.437772604
223 1.549709543
224 1.670141963
225 1.799563347
226 1.93848174
227 2.087418849
228 2.246909002
229 2.417497943
230 2.599741469
231 2.794203894
232 3.001456351
233 3.222074911
234 3.456638529
235 3.705726816
236 3.969917628
237 4.249784482
238 4.545893805
239 4.858802007
240 5.189052397
241 5.537171946
242 5.903667907
243 6.289024295
244 6.69369826
245 7.118116343
246 7.562670652
247 8.027714963
248 8.513560781
249 9.020473359
250 9.548667727
251 10.09830473
252 10.66948714
253 11.26225578
254 11.87658584
255 12.51238326
256 13.16948129
257 13.84763728
258 14.54652961
259 15.26575503
260 16.00482611
261 16.76316911
262 17.54012224
263 18.33493415
264 19.14676299
265 19.97467581
266 20.81764839
267 21.67456564
268 22.54422244
269 23.42532498
270 24.31649268
271 25.21626058
272 26.12308233
273 27.03533375
274 27.95131683
275 28.86926443
276 29.78734536
277 30.70367013
278 31.6162971
279 32.5232392
280 33.42247103
281 34.31193653
282 35.1895569
283 36.05323904
284 36.90088421
285 37.73039704
286 38.5396948
287 39.32671681
288 40.08943408
289 40.82585897
290 41.53405494
291 42.2121463
292 42.85832785
293 43.47087448
294 44.04815048
295 44.58861871
296 45.0908495
297 45.55352908
298 45.97546781
299 46.35560781
300 46.69303019
301 46.98696175
302 47.23678106
303 47.442024
304 47.60238862
305 47.71773934
306 47.78811044
307 47.8137089
308 47.7949164
309 47.73229068
310 47.62656608
311 47.47865332
312 47.28963856
313 47.0607817
314 46.79351386
315 46.48943424
316 46.15030611
317 45.77805227
318 45.37474963
319 44.94262329
320 44.48403987
321 44.0015003
322 43.49763196
323 42.97518032
324 42.43700003
325 41.88604551
326 41.3253611
327 40.75807075
328 40.18736737
329 39.61650174
330 39.04877114
331 38.48750766
332 37.93606627
333 37.39781259
334 36.87611052
335 36.37430966
336 35.89573259
337 35.44366203
338 35.02132795
339 34.63189458
340 34.27844742
341 33.96398031
342 33.69138246
343 33.46342566
344 33.28275154
345 33.15185903
346 33.07309203
347 33.04862728
348 33.0804626
349 33.17040542
350 33.32006171
351 33.53082537
352 33.80386815
353 34.14013009
354 34.54031062
355 35.00486033
356 35.53397352
357 36.12758153
358 36.78534701
359 37.50665908
360 38.29062959
361 39.13609034
362 40.04159158
363 41.00540161
364 42.0255077
365 43.09961827
366 44.22516648
367 45.39931512
368 46.61896306
369 47.880753
370 49.18108077
371 50.5161061
372 51.88176477
373 53.2737823
374 54.68768898
375 56.1188363
376 57.56241475
377 59.01347277
378 60.46693697
379 61.91763345
380 63.36031002
381 64.78965942
382 66.2003432
383 67.58701627
384 68.94435195
385 70.2670673
386 71.54994869
387 72.78787732
388 73.97585462
389 75.10902734
390 76.18271208
391 77.19241923
392 78.13387599
393 79.00304847
394 79.79616251
395 80.50972328
396 81.14053336
397 81.68570919
398 82.14269582
399 82.50927981
400 82.78360017
401 82.96415724
402 83.04981953
403 83.03982835
404 82.93380025
405 82.73172734
406 82.43397527
407 82.0412791
408 81.55473706
409 80.97580207
410 80.30627143
411 79.54827438
412 78.70425793
413 77.77697096
414 76.76944674
415 75.68498389
416 74.52712623
417 73.29964132
418 72.00649814
419 70.65184394
420 69.23998043
421 67.77533963
422 66.26245937
423 64.70595872
424 63.11051359
425 61.4808325
426 59.8216328
427 58.13761757
428 56.4334531
429 54.71374737
430 52.98302945
431 51.24573009
432 49.50616342
433 47.76851007
434 46.03680164
435 44.31490651
436 42.60651732
437 40.91513985
438 39.24408346
439 37.59645314
440 35.97514303
441 34.38283155
442 32.82197793
443 31.29482029
444 29.80337504
445 28.34943768
446 26.93458486
447 25.5601776
448 24.22736568
449 22.93709299
450 21.6901039
451 20.4869504
452 19.32799999
453 18.21344428
454 17.14330806
455 16.11745889
456 15.135617
457 14.1973655
458 13.30216076
459 12.44934287
460 11.63814614
461 10.86770954
462 10.13708699
463 9.445257484
464 8.791134983
465 8.173577947
466 7.591398582
467 7.043371662
468 6.528242953
469 6.044737173
470 5.59156549
471 5.167432528
472 4.771042876
473 4.40110709
474 4.056347183
475 3.735501617
476 3.437329789
477 3.160616025
478 2.904173106
479 2.666845322
480 2.447511093
481 2.245085151
482 2.058520341
483 1.886809025
484 1.728984144
485 1.58411994
486 1.451332388
487 1.32977933
488 1.218660373
489 1.117216546
490 1.024729759
491 0.9405220747
492 0.863954829
493 0.79442761
494 0.731377122
495 0.6742759547
496 0.6226312726
497 0.5759834447
498 0.5339046287
499 0.4959973243
500 0.4618929089
501 0.4312501684
502 0.4037538318
503 0.3791131216
504 0.3570603264
505 0.3373494026
506 0.3197546138
507 0.3040692105
508 0.2901041547
509 0.2776868946
510 0.26666019
511 0.2568809909
512 0.2482193707
513 0.2405575151
514 0.2337887658
515 0.2278167191
516 0.2225543793
517 0.2179233649
518 0.2138531672
519 0.2102804585
520 0.2071484495
521 0.204406293
522 0.2020085321
523 0.1999145913
524 0.198088307
525 0.1964974971
526 0.1951135657
527 0.1939111413
528 0.1928677473
529 0.1919635011
530 0.1911808408
531 0.1905042772
532 0.1899201694
533 0.1894165216
534 0.1889828003
535 0.1886097693
536 0.1882893419
537 0.1880144476
538 0.1877789139
539 0.1875773595
540 0.1874050999
541 0.1872580626
542 0.1871327127
543 0.1870259858
544 0.1869352294
545 0.1868581507
546 0.1867927706
547 0.1867373832
548 0.1866905201
549 0.186650919
550 0.1866174966
551 0.1865893242
552 0.1865656069
553 0.1865456651
554 0.1865289189
555 0.1865148736
556 0.1865031085
557 0.1864932656
558 0.1864850412
559 0.1864781777
560 0.1864724571
561 0.186467695
562 0.1864637358
563 0.1864604481
564 0.1864577215
565 0.1864554631
566 0.1864535948
567 0.1864520511
568 0.1864507772
569 0.1864497272
570 0.186448863
571 0.1864481524
572 0.186447569
573 0.1864470905
574 0.1864466985
575 0.1864463779
576 0.1864461159
577 0.1864459022
578 0.1864457279
579 0.1864455861
580 0.1864454708
581 0.1864453772
582 0.1864453012
583 0.1864452397
584 0.18644519
585 0.1864451498
586 0.1864451173
587 0.1864450912
588 0.1864450701
589 0.1864450532
590 0.1864450396
591 0.1864450287
592 0.18644502
593 0.186445013
594 0.1864450074
595 0.1864450029
596 0.1864449994
597 0.1864449966
598 0.1864449943
599 0.1864449925
600 0.1864449911
601 0.18644499
602 0.1864449891
603 0.1864449884
604 0.1864449879
605 0.1864449874
606 0.1864449871
607 0.1864449868
608 0.1864449866
609 0.1864449864
610 0.1864449863
611 0.1864449862
612 0.1864449861
613 0.186444986
614 0.186444986
615 0.186444986
616 0.1864449859
617 0.1864449859
618 0.1864449859
619 0.1864449859
620 0.1864449859
621 0.1864449859
622 0.1864449859
623 0.1864449858
624 0.1864449858
625 0.1864449858
626 0.1864449858
627 0.1864449858
628 0.1864449858
629 0.1864449858
630 0.1864449858
631 0.1864449858
632 0.1864449858
633 0.1864449858
634 0.1864449858
635 0.1864449858
636 0.1864449858
637 0.1864449858
638 0.1864449858
639 0.1864449858
640 0.1864449858
641 0.1864449858
642 0.1864449858
643 0.1864449858
644 0.1864449858
645 0.1864449858
646 0.1864449858
647 0.1864449858
648 0.1864449858
649 0.1864449858
650 0.1864449858
651 0.1864449858
652 0.1864449858
653 0.1864449858
654 0.1864449858
655 0.1864449858
656 0.1864449858
657 0.1864449858
658 0.1864449858
659 0.1864449858
660 0.1864449858
661 0.1864449858
662 0.1864449858
663 0.1864449858
664 0.1864449858
665 0.1864449858
666 0.1864449858
667 0.1864449858
668 0.1864449858
669 0.1864449858
670 0.1864449858
671 0.1864449858
672 0.1864449858
673 0.1864449858
674 0.1864449858
675 0.1864449858
676 0.1864449858
677 0.1864449858
678 0.1864449858
679 0.1864449858
680 0.1864449858
681 0.1864449858
682 0.1864449858
683 0.1864449858
684 0.1864449858
685 0.1864449858
686 0.1864449858
687 0.1864449858
688 0.1864449858
689 0.1864449858
690 0.1864449858
691 0.1864449858
692 0.1864449858
693 0.1864449858
694 0.1864449858
695 0.1864449858
696 0.1864449858
697 0.1864449858
698 0.1864449858
699 0.1864449858
700 0.1864449858
701 0.1864449858
702 0.1864449858
703 0.1864449858
704 0.1864449858
705 0.1864449858
706 0.1864449858
707 0.1864449858
708 0.1864449858
709 0.1864449858
710 0.1864449858
711 0.1864449858
712 0.1864449858
713 0.1864449858
714 0.1864449858
715 0.1864449858
716 0.1864449858
717 0.1864449858
718 0.1864449858
719 0.1864449858
720 0.1864449858
721 0.1864449858
722 0.1864449858
723 0.1864449858
724 0.1864449858
725 0.1864449858
726 0.1864449858
727 0.1864449858
728 0.1864449858
729 0.1864449858
730 0.1864449858
731 0.1864449858
732 0.1864449858
733 0.1864449858
734 0.1864449858
735 0.1864449858
736 0.1864449858
737 0.1864449858
738 0.1864449858
739 0.1864449858
740 0.1864449858
741 0.1864449858
742 0.1864449858
743 0.1864449858
744 0.1864449858
745 0.1864449858
746 0.1864449858
747 0.1864449858
748 0.1864449858
749 0.1864449858
750 0.1864449858
751 0.1864449858
752 0.1864449858
753 0.1864449858
754 0.1864449858
755 0.1864449858
756 0.1864449858
757 0.1864449858
758 0.1864449858
759 0.1864449858
760 0.1864449858
761 0.1864449858
762 0.1864449858
763 0.1864449858
764 0.1864449858
765 0.1864449858
766 0.1864449858
767 0.1864449858
768 0.1864449858
769 0.1864449858
770 0.1864449858
771 0.1864449858
772 0.1864449858
773 0.1864449858
774 0.1864449858
775 0.1864449858
776 0.1864449858
777 0.1864449858
778 0.1864449858
779 0.1864449858
780 0.1864449858
781 0.1864449858
782 0.1864449858
783 0.1864449858
784 0.1864449858
785 0.1864449858
786 0.1864449858
787 0.1864449858
788 0.1864449858
789 0.1864449858
790 0.1864449858
791 0.1864449858
792 0.1864449858
793 0.1864449858
794 0.1864449858
795 0.1864449858
796 0.1864449858
797 0.1864449858
798 0.1864449858
799 0.1864449858
800 0.1864449858
801 0.1864449858
802 0.1864449858
803 0.1864449858
804 0.1864449858
805 0.1864449858
806 0.1864449858
807 0.1864449858
808 0.1864449858
809 0.1864449858
810 0.1864449858
811 0.1864449858
812 0.1864449858
813 0.1864449858
814 0.1864449858
815 0.1864449858
816 0.1864449858
817 0.1864449858
818 0.1864449858
819 0.1864449858
820 0.1864449858
821 0.1864449858
822 0.1864449858
823 0.1864449858
824 0.1864449858
825 0.1864449858
826 0.1864449858
827 0.1864449858
828 0.1864449858
829 0.1864449858
830 0.1864449858
831 0.1864449858
832 0.1864449858
833 0.1864449858
834 0.1864449858
835 0.1864449858
836 0.1864449858
837 0.1864449858
838 0.1864449858
839 0.1864449858
840 0.1864449858
841 0.1864449858
842 0.1864449858
843 0.1864449858
844 0.1864449858
845 0.1864449858
846 0.1864449858
847 0.1864449858
848 0.1864449858
849 0.1864449858
850 0.1864449858
851 0.1864449858
852 0.1864449858
853 0.1864449858
854 0.1864449858
855 0.1864449858
856 0.1864449858
857 0.1864449858
858 0.1864449858
859 0.1864449858
860 0.1864449858
861 0.1864449858
862 0.1864449858
863 0.1864449858
864 0.1864449858
865 0.1864449858
866 0.1864449858
867 0.1864449858
868 0.1864449858
869 0.1864449858
870 0.1864449858
871 0.1864449858
872 0.1864449858
873 0.1864449858
874 0.1864449858
875 0.1864449858
876 0.1864449858
877 0.1864449858
878 0.1864449858
879 0.1864449858
880 0.1864449858
881 0.1864449858
882 0.1864449858
883 0.1864449858
884 0.1864449858
885 0.1864449858
886 0.1864449858
887 0.1864449858
888 0.1864449858
889 0.1864449858
890 0.1864449858
891 0.1864449858
892 0.1864449858
893 0.1864449858
894 0.1864449858
895 0.1864449858
896 0.1864449858
897 0.1864449858
898 0.1864449858
899 0.1864449858
900 0.1864449858
901 0.1864449858
902 0.1864449858
903 0.1864449858
904 0.1864449858
905 0.1864449858
906 0.1864449858
907 0.1864449858
908 0.1864449858
909 0.1864449858
910 0.1864449858
911 0.1864449858
912 0.1864449858
913 0.1864449858
914 0.1864449858
915 0.1864449858
916 0.1864449858
917 0.1864449858
918 0.1864449858
919 0.1864449858
920 0.1864449858
921 0.1864449858
922 0.1864449858
923 0.1864449858
924 0.1864449858
925 0.1864449858
926 0.1864449858
927 0.1864449858
928 0.1864449858
929 0.1864449858
930 0.1864449858
931 0.1864449858
932 0.1864449858
933 0.1864449858
934 0.1864449858
935 0.1864449858
936 0.1864449858
937 0.1864449858
938 0.1864449858
939 0.1864449858
940 0.1864449858
941 0.1864449858
942 0.1864449858
943 0.1864449858
944 0.1864449858
945 0.1864449858
946 0.1864449858
947 0.1864449858
948 0.1864449858
949 0.1864449858
950 0.1864449858
951 0.1864449858
952 0.1864449858
953 0.1864449858
954 0.1864449858
955 0.1864449858
956 0.1864449858
957 0.1864449858
958 0.1864449858
959 0.1864449858
960 0.1864449858
961 0.1864449858
962 0.1864449858
963 0.1864449858
964 0.1864449858
965 0.1864449858
966 0.1864449858
967 0.1864449858
968 0.1864449858
969 0.1864449858
970 0.1864449858
971 0.1864449858
972 0.1864449858
973 0.1864449858
974 0.1864449858
975 0.1864449858
976 0.1864449858
977 0.1864449858
978 0.1864449858
979 0.1864449858
980 0.1864449858
981 0.1864449858
982 0.1864449858
983 0.1864449858
984 0.1864449858
985 0.1864449858
986 0.1864449858
987 0.1864449858
988 0.1864449858
989 0.1864449858
990 0.1864449858
991 0.1864449858
992 0.1864449858
993 0.1864449858
994 0.1864449858
995 0.1864449858
996 0.1864449858
997 0.1864449858
998 0.1864449858
999 0.1864449858
1000 0.1864449858
1001 0.1864449858
1002 0.1864449858
1003 0.1864449858
1004 0.1864449858
1005 0.1864449858
1006 0.1864449858
1007 0.1864449858
1008 0.1864449858
1009 0.1864449858
1010 0.1864449858
1011 0.1864449858
1012 0.1864449858
1013 0.1864449858
1014 0.1864449858
1015 0.1864449858
1016 0.1864449858
1017 0.1864449858
1018 0.1864449858
1019 0.1864449858
1020 0.1864449858
1021 0.1864449858
1022 0.1864449858
1023 0.1864449858
