#54175 2910.0037537394386093 0.0045697528821558620893 1 1333 16.000049430220818044 1024 7 1 J1713+0747 0.0000000 
0 0.09447336944
1 0.09447336876
2 0.09447336823
3 0.0944733678
4 0.09447336747
5 0.09447336721
6 0.09447336701
7 0.09447336685
8 0.09447336672
9 0.09447336662
10 0.09447336655
11 0.09447336649
12 0.09447336644
13 0.0944733664
14 0.09447336638
15 0.09447336635
16 0.09447336634
17 0.09447336632
18 0.09447336631
19 0.09447336631
20 0.0944733663
21 0.09447336629
22 0.09447336629
23 0.09447336629
24 0.09447336629
25 0.09447336628
26 0.09447336628
27 0.09447336628
28 0.09447336628
29 0.09447336628
30 0.09447336628
31 0.09447336628
32 0.09447336628
33 0.09447336628
34 0.09447336628
35 0.09447336628
36 0.09447336628
37 0.09447336628
38 0.09447336628
39 0.09447336628
40 0.09447336628
41 0.09447336628
42 0.09447336628
43 0.09447336628
44 0.09447336628
45 0.09447336628
46 0.09447336628
47 0.09447336628
48 0.09447336628
49 0.09447336628
50 0.09447336628
51 0.09447336628
52 0.09447336628
53 0.09447336628
54 0.09447336628
55 0.09447336628
56 0.09447336628
57 0.09447336628
58 0.09447336628
59 0.09447336628
60 0.09447336628
61 0.09447336628
62 0.09447336628
63 0.09447336628
64 0.09447336628
65 0.09447336628
66 0.09447336628
67 0.09447336628
68 0.09447336628
69 0.09447336628
70 0.09447336628
71 0.09447336628
72 0.09447336628
73 0.09447336628
74 0.09447336628
75 0.09447336628
76 0.09447336628
77 0.09447336628
78 0.09447336628
79 0.09447336628
80 0.09447336628
81 0.09447336628
82 0.09447336628
83 0.09447336628
84 0.09447336628
85 0.09447336628
86 0.09447336628
87 0.09447336628
88 0.09447336628
89 0.09447336628
90 0.09447336628
91 0.09447336628
92 0.09447336628
93 0.09447336628
94 0.09447336628
95 0.09447336628
96 0.09447336628
97 0.09447336628
98 0.09447336628
99 0.09447336628
100 0.09447336628
101 0.09447336628
102 0.09447336628
103 0.09447336628
104 0.09447336628
105 0.09447336628
106 0.09447336628
107 0.09447336628
108 0.09447336628
109 0.09447336628
110 0.09447336628
111 0.09447336628
112 0.09447336628
113 0.09447336628
114 0.09447336628
115 0.09447336628
116 0.09447336628
117 0.09447336628
118 0.09447336628
119 0.09447336628
120 0.09447336628
121 0.09447336628
122 0.09447336628
123 0.09447336628
124 0.09447336628
125 0.09447336628
126 0.09447336628
127 0.09447336628
128 0.09447336628
129 0.09447336628
130 0.09447336628
131 0.09447336628
132 0.09447336628
133 0.09447336628
134 0.09447336628
135 0.09447336628
136 0.09447336628
137 0.09447336628
138 0.09447336628
139 0.09447336628
140 0.09447336628
141 0.09447336628
142 0.09447336628
143 0.09447336628
144 0.09447336628
145 0.09447336628
146 0.09447336628
147 0.09447336628
148 0.09447336628
149 0.09447336628
150 0.09447336628
151 0.09447336628
152 0.09447336628
153 0.09447336628
154 0.09447336628
155 0.09447336628
156 0.09447336628
157 0.09447336628
158 0.09447336628
159 0.09447336628
160 0.09447336628
161 0.09447336628
162 0.09447336628
163 0.09447336628
164 0.09447336628
165 0.09447336628
166 0.09447336628
167 0.09447336628
168 0.09447336628
169 0.09447336628
170 0.09447336628
171 0.09447336628
172 0.09447336628
173 0.09447336628
174 0.09447336628
175 0.09447336628
176 0.09447336628
177 0.09447336628
178 0.09447336628
179 0.09447336628
180 0.09447336628
181 0.09447336628
182 0.09447336628
183 0.09447336628
184 0.09447336628
185 0.09447336628
186 0.09447336628
187 0.09447336628
188 0.09447336628
189 0.09447336628
190 0.09447336628
191 0.09447336628
192 0.09447336628
193 0.09447336628
194 0.09447336628
195 0.09447336628
196 0.09447336628
197 0.09447336628
198 0.09447336628
199 0.09447336628
200 0.09447336628
201 0.09447336628
202 0.09447336628
203 0.09447336628
204 0.09447336628
205 0.09447336628
206 0.09447336628
207 0.09447336628
208 0.09447336628
209 0.09447336628
210 0.09447336628
211 0.09447336628
212 0.09447336628
213 0.09447336628
214 0.09447336628
215 0.09447336628
216 0.09447336628
217 0.09447336628
218 0.09447336628
219 0.09447336628
220 0.09447336628
221 0.09447336628
222 0.09447336628
223 0.09447336628
224 0.09447336628
225 0.09447336628
226 0.09447336628
227 0.09447336628
228 0.09447336628
229 0.09447336628
230 0.09447336628
231 0.09447336628
232 0.09447336628
233 0.09447336628
234 0.09447336628
235 0.09447336628
236 0.09447336628
237 0.09447336628
238 0.09447336628
239 0.09447336628
240 0.09447336628
241 0.09447336628
242 0.09447336628
243 0.09447336628
244 0.09447336628
245 0.09447336628
246 0.09447336628
247 0.09447336628
248 0.09447336628
249 0.09447336628
250 0.09447336628
251 0.09447336628
252 0.09447336628
253 0.09447336628
254 0.09447336628
255 0.09447336628
256 0.09447336628
257 0.09447336628
258 0.09447336628
259 0.09447336628
260 0.09447336628
261 0.09447336628
262 0.09447336628
263 0.09447336628
264 0.09447336628
265 0.09447336628
266 0.09447336628
267 0.09447336628
268 0.09447336628
269 0.09447336628
270 0.09447336628
271 0.09447336628
272 0.09447336628
273 0.09447336628
274 0.09447336628
275 0.09447336628
276 0.09447336628
277 0.09447336628
278 0.09447336628
279 0.09447336628
280 0.09447336628
281 0.09447336628
282 0.09447336628
283 0.09447336628
284 0.09447336628
285 0.09447336628
286 0.09447336628
287 0.09447336628
288 0.09447336628
289 0.09447336628
290 0.09447336628
291 0.09447336628
292 0.09447336628
293 0.09447336628
294 0.09447336628
295 0.09447336628
296 0.09447336628
297 0.09447336628
298 0.09447336628
299 0.09447336628
300 0.09447336628
301 0.09447336628
302 0.09447336628
303 0.09447336628
304 0.09447336628
305 0.09447336628
306 0.09447336628
307 0.09447336628
308 0.09447336628
309 0.09447336628
310 0.09447336628
311 0.09447336628
312 0.09447336628
313 0.09447336628
314 0.09447336628
315 0.09447336628
316 0.09447336628
317 0.09447336628
318 0.09447336628
319 0.09447336628
320 0.09447336628
321 0.09447336628
322 0.09447336628
323 0.09447336628
324 0.09447336628
325 0.09447336628
326 0.09447336628
327 0.09447336628
328 0.09447336628
329 0.09447336628
330 0.09447336628
331 0.09447336628
332 0.09447336628
333 0.09447336628
334 0.09447336628
335 0.09447336628
336 0.09447336628
337 0.09447336628
338 0.09447336628
339 0.09447336628
340 0.09447336628
341 0.09447336628
342 0.09447336628
343 0.09447336628
344 0.09447336628
345 0.09447336628
346 0.09447336628
347 0.09447336628
348 0.09447336628
349 0.09447336628
350 0.09447336628
351 0.09447336628
352 0.09447336628
353 0.09447336628
354 0.09447336628
355 0.09447336628
356 0.09447336628
357 0.09447336628
358 0.09447336628
359 0.09447336628
360 0.09447336628
361 0.09447336628
362 0.09447336628
363 0.09447336628
364 0.09447336628
365 0.09447336628
366 0.09447336628
367 0.09447336628
368 0.09447336628
369 0.09447336628
370 0.09447336628
371 0.09447336628
372 0.09447336628
373 0.09447336628
374 0.09447336628
375 0.09447336628
376 0.09447336628
377 0.09447336628
378 0.09447336628
379 0.09447336628
380 0.09447336628
381 0.09447336628
382 0.09447336628
383 0.09447336628
384 0.09447336628
385 0.09447336628
386 0.09447336628
387 0.09447336628
388 0.09447336628
389 0.09447336628
390 0.09447336628
391 0.09447336628
392 0.09447336628
393 0.09447336628
394 0.09447336628
395 0.09447336628
396 0.09447336628
397 0.09447336628
398 0.09447336628
399 0.09447336628
400 0.09447336628
401 0.09447336628
402 0.09447336628
403 0.09447336628
404 0.09447336628
405 0.09447336628
406 0.09447336628
407 0.09447336628
408 0.09447336628
409 0.09447336628
410 0.09447336628
411 0.09447336628
412 0.09447336628
413 0.09447336628
414 0.09447336628
415 0.09447336628
416 0.09447336628
417 0.09447336628
418 0.09447336628
419 0.09447336628
420 0.09447336628
421 0.09447336628
422 0.09447336628
423 0.09447336628
424 0.09447336628
425 0.09447336628
426 0.09447336628
427 0.09447336628
428 0.09447336628
429 0.09447336628
430 0.09447336628
431 0.09447336628
432 0.09447336628
433 0.09447336628
434 0.09447336628
435 0.09447336628
436 0.09447336628
437 0.09447336628
438 0.09447336628
439 0.09447336628
440 0.09447336628
441 0.09447336628
442 0.09447336628
443 0.09447336628
444 0.09447336628
445 0.09447336628
446 0.09447336628
447 0.09447336628
448 0.09447336628
449 0.09447336628
450 0.09447336628
451 0.09447336628
452 0.09447336628
453 0.09447336628
454 0.09447336628
455 0.09447336628
456 0.09447336628
457 0.09447336628
458 0.09447336628
459 0.09447336628
460 0.09447336628
461 0.09447336628
462 0.09447336628
463 0.09447336628
464 0.09447336628
465 0.09447336628
466 0.09447336628
467 0.09447336628
468 0.09447336628
469 0.09447336628
470 0.09447336628
471 0.09447336628
472 0.09447336628
473 0.09447336628
474 0.09447336628
475 0.09447336628
476 0.09447336628
477 0.09447336628
478 0.09447336628
479 0.09447336628
480 0.09447336628
481 0.09447336628
482 0.09447336628
483 0.09447336628
484 0.09447336628
485 0.09447336628
486 0.09447336628
487 0.09447336629
488 0.09447336629
489 0.09447336629
490 0.09447336629
491 0.09447336629
492 0.0944733663
493 0.0944733663
494 0.09447336631
495 0.09447336632
496 0.09447336633
497 0.09447336634
498 0.09447336636
499 0.09447336638
500 0.09447336641
501 0.09447336644
502 0.09447336648
503 0.09447336654
504 0.0944733666
505 0.09447336668
506 0.09447336679
507 0.09447336692
508 0.09447336708
509 0.09447336728
510 0.09447336753
511 0.09447336784
512 0.09447336823
513 0.09447336871
514 0.09447336931
515 0.09447337005
516 0.09447337097
517 0.0944733721
518 0.0944733735
519 0.09447337523
520 0.09447337736
521 0.09447337998
522 0.0944733832
523 0.09447338716
524 0.09447339202
525 0.09447339798
526 0.09447340528
527 0.09447341422
528 0.09447342514
529 0.09447343847
530 0.09447345473
531 0.09447347455
532 0.09447349867
533 0.09447352799
534 0.09447356361
535 0.09447360684
536 0.09447365922
537 0.09447372266
538 0.09447379938
539 0.09447389209
540 0.09447400399
541 0.09447413891
542 0.09447430142
543 0.09447449695
544 0.09447473198
545 0.09447501416
546 0.09447535263
547 0.09447575816
548 0.09447624355
549 0.0944768239
550 0.09447751706
551 0.09447834409
552 0.09447932981
553 0.09448050341
554 0.09448189925
555 0.09448355765
556 0.09448552592
557 0.0944878595
558 0.09449062327
559 0.09449389308
560 0.0944977575
561 0.09450231981
562 0.09450770037
563 0.09451403921
564 0.09452149911
565 0.09453026903
566 0.09454056811
567 0.09455265016
568 0.09456680882
569 0.09458338341
570 0.09460276559
571 0.09462540688
572 0.09465182719
573 0.09468262454
574 0.0947184859
575 0.09476019952
576 0.09480866881
577 0.09486492793
578 0.09493015925
579 0.09500571306
580 0.09509312951
581 0.09519416321
582 0.09531081073
583 0.09544534115
584 0.09560033023
585 0.0957786982
586 0.09598375193
587 0.09621923142
588 0.09648936146
589 0.09679890856
590 0.09715324377
591 0.09755841194
592 0.09802120775
593 0.09854925921
594 0.09915111923
595 0.09983636569
596 0.1006157108
597 0.1015011202
598 0.1025059428
599 0.1036450517
600 0.1049349969
601 0.1063941709
602 0.108042987
603 0.1099040724
604 0.1120024754
605 0.1143658881
606 0.117024885
607 0.1200131784
608 0.123367891
609 0.1271298459
610 0.131343875
611 0.1360591457
612 0.141329507
613 0.1472138535
614 0.1537765096
615 0.1610876316
616 0.1692236291
617 0.1782676048
618 0.1883098114
619 0.1994481257
620 0.2117885383
621 0.2254456587
622 0.2405432318
623 0.2572146671
624 0.2756035758
625 0.2958643157
626 0.3181625384
627 0.3426757386
628 0.3695938
629 0.3991195344
630 0.4314692108
631 0.4668730681
632 0.5055758085
633 0.5478370646
634 0.593931835
635 0.6441508832
636 0.698801092
637 0.7582057673
638 0.822704885
639 0.8926552719
640 0.9684307153
641 1.050421991
642 1.139036805
643 1.234699638
644 1.337851483
645 1.44894948
646 1.568466417
647 1.696890117
648 1.834722681
649 1.982479591
650 2.140688668
651 2.309888867
652 2.490628922
653 2.683465815
654 2.888963086
655 3.107688963
656 3.340214324
657 3.587110476
658 3.848946774
659 4.12628805
660 4.419691888
661 4.729705721
662 5.056863782
663 5.401683896
664 5.764664134
665 6.146279336
666 6.546977522
667 6.967176192
668 7.407258552
669 7.867569667
670 8.348412565
671 8.850044323
672 9.372672147
673 9.916449473
674 10.48147212
675 11.06777453
676 11.67532608
677 12.30402758
678 12.95370786
679 13.62412067
680 14.31494166
681 15.02576573
682 15.75610462
683 16.50538481
684 17.27294582
685 18.0580388
686 18.85982559
687 19.6773782
688 20.5096787
689 21.35561961
690 22.21400483
691 23.08355095
692 23.96288925
693 24.85056806
694 25.74505581
695 26.64474449
696 27.54795378
697 28.4529356
698 29.35787927
699 30.26091716
700 31.16013082
701 32.05355764
702 32.93919795
703 33.81502249
704 34.67898039
705 35.52900742
706 36.36303464
707 37.17899723
708 37.9748437
709 38.74854516
710 39.49810484
711 40.22156759
712 40.91702957
713 41.58264777
714 42.21664957
715 42.81734212
716 43.38312158
717 43.9124821
718 44.4040245
719 44.8564647
720 45.26864164
721 45.63952483
722 45.96822145
723 46.25398285
724 46.49621054
725 46.69446155
726 46.84845322
727 46.95806719
728 47.02335288
729 47.04453015
730 47.02199122
731 46.95630195
732 46.8482023
733 46.69860606
734 46.50859984
735 46.2794413
736 46.01255665
737 45.70953744
738 45.37213659
739 45.0022638
740 44.60198019
741 44.17349236
742 43.71914582
743 43.24141776
744 42.74290929
745 42.22633715
746 41.69452487
747 41.15039344
748 40.59695158
749 40.03728555
750 39.47454856
751 38.91194987
752 38.35274352
753 37.8002168
754 37.25767844
755 36.72844655
756 36.21583643
757 35.72314808
758 35.25365377
759 34.81058525
760 34.3971211
761 34.01637395
762 33.6713776
763 33.36507432
764 33.10030209
765 32.87978196
766 32.70610553
767 32.58172258
768 32.50892896
769 32.48985468
770 32.52645228
771 32.6204856
772 32.77351892
773 32.98690651
774 33.26178277
775 33.59905282
776 33.99938384
777 34.46319699
778 34.99066014
779 35.5816814
780 36.2359035
781 36.95269917
782 37.7311675
783 38.57013134
784 39.4681359
785 40.42344848
786 41.4340595
787 42.49768475
788 43.61176906
789 44.7734913
790 45.97977076
791 47.22727504
792 48.51242928
793 49.83142692
794 51.18024181
795 52.55464187
796 53.95020399
797 55.36233036
798 56.78626614
799 58.21711825
800 59.64987542
801 61.07942927
802 62.50059632
803 63.90814096
804 65.29679901
805 66.66130206
806 67.9964021
807 69.29689657
808 70.55765355
809 71.77363694
810 72.93993144
811 74.05176728
812 75.10454431
813 76.09385556
814 77.01550984
815 77.8655534
816 78.6402904
817 79.33630204
818 79.95046426
819 80.47996384
820 80.92231273
821 81.27536061
822 81.53730548
823 81.70670228
824 81.78246935
825 81.76389286
826 81.65062903
827 81.44270416
828 81.14051251
829 80.74481204
830 80.25671798
831 79.67769441
832 79.00954378
833 78.2543946
834 77.41468721
835 76.49315803
836 75.49282212
837 74.41695437
838 73.26906944
839 72.05290059
840 70.77237753
841 69.43160358
842 68.03483213
843 66.58644281
844 65.09091732
845 63.55281523
846 61.9767499
847 60.36736466
848 58.72930944
849 57.06721799
850 55.38568582
851 53.68924902
852 51.9823641
853 50.26938892
854 48.55456479
855 46.84199996
856 45.13565437
857 43.43932594
858 41.7566382
859 40.09102958
860 38.4457441
861 36.82382363
862 35.22810173
863 33.66119889
864 32.12551932
865 30.62324912
866 29.1563559
867 27.72658961
868 26.33548468
869 24.98436339
870 23.67434018
871 22.4063271
872 21.18104012
873 19.99900626
874 18.86057142
875 17.76590894
876 16.71502854
877 15.70778584
878 14.74389216
879 13.82292457
880 12.94433617
881 12.10746636
882 11.31155125
883 10.55573388
884 9.839074411
885 9.160560028
886 8.519114694
887 7.913608524
888 7.342866849
889 6.80567889
890 6.300806011
891 5.826989531
892 5.382958071
893 4.967434412
894 4.579141869
895 4.216810157
896 3.879180763
897 3.565011816
898 3.273082467
899 3.00219678
900 2.751187169
901 2.518917363
902 2.304284949
903 2.106223496
904 1.923704282
905 1.755737652
906 1.601374032
907 1.459704616
908 1.329861754
909 1.211019076
910 1.102391356
911 1.003234161
912 0.9128432999
913 0.8305540878
914 0.7557404677
915 0.6878139914
916 0.6262226913
917 0.5704498583
918 0.520012744
919 0.4744612054
920 0.4333763051
921 0.3963688838
922 0.3630781155
923 0.3331700594
924 0.3063362161
925 0.2822921004
926 0.2607758367
927 0.2415467838
928 0.2243841968
929 0.2090859296
930 0.1954671827
931 0.1833592988
932 0.1726086105
933 0.1630753392
934 0.1546325492
935 0.1471651551
936 0.1405689849
937 0.134749896
938 0.1296229455
939 0.1251116129
940 0.1211470733
941 0.1176675202
942 0.1146175366
943 0.1119475109
944 0.1096130972
945 0.1075747171
946 0.1057971011
947 0.1042488665
948 0.102902132
949 0.1017321636
950 0.1007170521
951 0.09983741984
952 0.09907615309
953 0.09841816006
954 0.09785015152
955 0.09736044261
956 0.09693877417
957 0.09657615185
958 0.09626470158
959 0.09599754001
960 0.09576865848
961 0.0955728194
962 0.09540546385
963 0.09526262924
964 0.09514087626
965 0.09503722395
966 0.0949490923
967 0.09487425147
968 0.09481077695
969 0.09475701009
970 0.09471152335
971 0.09467308987
972 0.09464065664
973 0.0946133212
974 0.09459031113
975 0.09457096626
976 0.09455472312
977 0.09454110143
978 0.09452969239
979 0.09452014854
980 0.0945121749
981 0.09450552146
982 0.09449997656
983 0.09449536126
984 0.09449152451
985 0.09448833894
986 0.09448569733
987 0.09448350953
988 0.09448169982
989 0.09448020474
990 0.0944789711
991 0.09447795447
992 0.09447711771
993 0.09447642985
994 0.0944758651
995 0.094475402
996 0.09447502272
997 0.09447471248
998 0.09447445902
999 0.09447425222
1000 0.09447408369
1001 0.09447394651
1002 0.094473835
1003 0.09447374446
1004 0.09447367104
1005 0.09447361158
1006 0.09447356349
1007 0.09447352463
1008 0.09447349327
1009 0.094473468
1010 0.09447344766
1011 0.09447343131
1012 0.09447341818
1013 0.09447340766
1014 0.09447339922
1015 0.09447339248
1016 0.09447338709
1017 0.09447338279
1018 0.09447337936
1019 0.09447337663
1020 0.09447337446
1021 0.09447337274
1022 0.09447337137
1023 0.09447337029
