#54219 2910.0008629145372789 0.0045698963749003880183 1 1389 16.000049430220818044 1024 7 1 J1713+0747 0.0000000 
0 23.98930329
1 22.73984453
2 21.53059581
3 20.36222873
4 19.23523479
5 18.14993291
6 17.10647762
7 16.1048677
8 15.14495525
9 14.2264551
10 13.34895445
11 12.51192263
12 11.71472105
13 10.95661301
14 10.23677356
15 9.554299154
16 8.908217199
17 8.297495264
18 7.721050071
19 7.177756119
20 6.666453953
21 6.185958022
22 5.735064117
23 5.312556361
24 4.917213735
25 4.547816131
26 4.203149937
27 3.882013127
28 3.58321989
29 3.305604783
30 3.04802642
31 2.809370722
32 2.588553729
33 2.384523996
34 2.1962646
35 2.022794763
36 1.863171131
37 1.716488716
38 1.581881532
39 1.458522954
40 1.34562581
41 1.242442242
42 1.148263355
43 1.062418672
44 0.9842754319
45 0.9132377292
46 0.8487455373
47 0.7902736222
48 0.7373303682
49 0.6894565342
50 0.6462239536
51 0.6072341947
52 0.5721171945
53 0.540529877
54 0.5121547689
55 0.4866986207
56 0.4638910435
57 0.4434831677
58 0.4252463317
59 0.4089708046
60 0.3944645492
61 0.381552028
62 0.3700730553
63 0.3598816994
64 0.3508452332
65 0.3428431385
66 0.3357661607
67 0.3295154164
68 0.3240015526
69 0.3191439569
70 0.3148700178
71 0.3111144333
72 0.3078185672
73 0.3049298504
74 0.302401226
75 0.3001906364
76 0.2982605492
77 0.2965775215
78 0.2951117996
79 0.2938369517
80 0.2927295321
81 0.2917687755
82 0.2909363172
83 0.2902159401
84 0.2895933445
85 0.2890559399
86 0.2885926569
87 0.2881937779
88 0.2878507839
89 0.2875562179
90 0.2873035618
91 0.2870871264
92 0.2869019528
93 0.2867437254
94 0.2866086933
95 0.2864936013
96 0.2863956282
97 0.2863123327
98 0.2862416049
99 0.2861816239
100 0.2861308208
101 0.2860878451
102 0.2860515364
103 0.286020899
104 0.2859950793
105 0.2859733471
106 0.285955078
107 0.2859397396
108 0.2859268777
109 0.285916106
110 0.285907096
111 0.2858995691
112 0.285893289
113 0.2858880556
114 0.2858837001
115 0.2858800795
116 0.2858770737
117 0.2858745814
118 0.2858725174
119 0.2858708103
120 0.2858694001
121 0.2858682365
122 0.2858672778
123 0.2858664887
124 0.2858658401
125 0.2858653077
126 0.2858648711
127 0.2858645135
128 0.2858642211
129 0.2858639822
130 0.2858637873
131 0.2858636285
132 0.2858634993
133 0.2858633942
134 0.2858633089
135 0.2858632397
136 0.2858631837
137 0.2858631384
138 0.2858631018
139 0.2858630723
140 0.2858630485
141 0.2858630294
142 0.285863014
143 0.2858630016
144 0.2858629917
145 0.2858629838
146 0.2858629774
147 0.2858629723
148 0.2858629683
149 0.2858629651
150 0.2858629625
151 0.2858629605
152 0.2858629588
153 0.2858629575
154 0.2858629565
155 0.2858629557
156 0.2858629551
157 0.2858629546
158 0.2858629542
159 0.2858629539
160 0.2858629536
161 0.2858629534
162 0.2858629533
163 0.2858629532
164 0.2858629531
165 0.285862953
166 0.285862953
167 0.2858629529
168 0.2858629529
169 0.2858629528
170 0.2858629528
171 0.2858629528
172 0.2858629528
173 0.2858629528
174 0.2858629528
175 0.2858629528
176 0.2858629528
177 0.2858629528
178 0.2858629528
179 0.2858629528
180 0.2858629528
181 0.2858629528
182 0.2858629528
183 0.2858629528
184 0.2858629528
185 0.2858629528
186 0.2858629528
187 0.2858629528
188 0.2858629528
189 0.2858629528
190 0.2858629528
191 0.2858629528
192 0.2858629528
193 0.2858629528
194 0.2858629528
195 0.2858629528
196 0.2858629528
197 0.2858629528
198 0.2858629528
199 0.2858629528
200 0.2858629528
201 0.2858629528
202 0.2858629528
203 0.2858629528
204 0.2858629528
205 0.2858629528
206 0.2858629528
207 0.2858629528
208 0.2858629528
209 0.2858629528
210 0.2858629528
211 0.2858629528
212 0.2858629528
213 0.2858629528
214 0.2858629528
215 0.2858629528
216 0.2858629528
217 0.2858629528
218 0.2858629528
219 0.2858629528
220 0.2858629528
221 0.2858629528
222 0.2858629528
223 0.2858629528
224 0.2858629528
225 0.2858629528
226 0.2858629528
227 0.2858629528
228 0.2858629528
229 0.2858629528
230 0.2858629528
231 0.2858629528
232 0.2858629528
233 0.2858629528
234 0.2858629528
235 0.2858629528
236 0.2858629528
237 0.2858629528
238 0.2858629528
239 0.2858629528
240 0.2858629528
241 0.2858629528
242 0.2858629528
243 0.2858629528
244 0.2858629528
245 0.2858629528
246 0.2858629528
247 0.2858629528
248 0.2858629528
249 0.2858629528
250 0.2858629528
251 0.2858629528
252 0.2858629528
253 0.2858629528
254 0.2858629528
255 0.2858629528
256 0.2858629528
257 0.2858629528
258 0.2858629528
259 0.2858629528
260 0.2858629528
261 0.2858629528
262 0.2858629528
263 0.2858629528
264 0.2858629528
265 0.2858629528
266 0.2858629528
267 0.2858629528
268 0.2858629528
269 0.2858629528
270 0.2858629528
271 0.2858629528
272 0.2858629528
273 0.2858629528
274 0.2858629528
275 0.2858629528
276 0.2858629528
277 0.2858629528
278 0.2858629528
279 0.2858629528
280 0.2858629528
281 0.2858629528
282 0.2858629528
283 0.2858629528
284 0.2858629528
285 0.2858629528
286 0.2858629528
287 0.2858629528
288 0.2858629528
289 0.2858629528
290 0.2858629528
291 0.2858629528
292 0.2858629528
293 0.2858629528
294 0.2858629528
295 0.2858629528
296 0.2858629528
297 0.2858629528
298 0.2858629528
299 0.2858629528
300 0.2858629528
301 0.2858629528
302 0.2858629528
303 0.2858629528
304 0.2858629528
305 0.2858629528
306 0.2858629528
307 0.2858629528
308 0.2858629528
309 0.2858629528
310 0.2858629528
311 0.2858629528
312 0.2858629528
313 0.2858629528
314 0.2858629528
315 0.2858629528
316 0.2858629528
317 0.2858629528
318 0.2858629528
319 0.2858629528
320 0.2858629528
321 0.2858629528
322 0.2858629528
323 0.2858629528
324 0.2858629528
325 0.2858629528
326 0.2858629528
327 0.2858629528
328 0.2858629528
329 0.2858629528
330 0.2858629528
331 0.2858629528
332 0.2858629528
333 0.2858629528
334 0.2858629528
335 0.2858629528
336 0.2858629528
337 0.2858629528
338 0.2858629528
339 0.2858629528
340 0.2858629528
341 0.2858629528
342 0.2858629528
343 0.2858629528
344 0.2858629528
345 0.2858629528
346 0.2858629528
347 0.2858629528
348 0.2858629528
349 0.2858629528
350 0.2858629528
351 0.2858629528
352 0.2858629528
353 0.2858629528
354 0.2858629528
355 0.2858629528
356 0.2858629528
357 0.2858629528
358 0.2858629528
359 0.2858629528
360 0.2858629528
361 0.2858629528
362 0.2858629528
363 0.2858629528
364 0.2858629528
365 0.2858629528
366 0.2858629528
367 0.2858629528
368 0.2858629528
369 0.2858629528
370 0.2858629528
371 0.2858629528
372 0.2858629528
373 0.2858629528
374 0.2858629528
375 0.2858629528
376 0.2858629528
377 0.2858629528
378 0.2858629528
379 0.2858629528
380 0.2858629528
381 0.2858629528
382 0.2858629528
383 0.2858629528
384 0.2858629528
385 0.2858629528
386 0.2858629528
387 0.2858629528
388 0.2858629528
389 0.2858629528
390 0.2858629528
391 0.2858629528
392 0.2858629528
393 0.2858629528
394 0.2858629528
395 0.2858629528
396 0.2858629528
397 0.2858629528
398 0.2858629528
399 0.2858629528
400 0.2858629528
401 0.2858629528
402 0.2858629528
403 0.2858629528
404 0.2858629528
405 0.2858629528
406 0.2858629528
407 0.2858629528
408 0.2858629528
409 0.2858629528
410 0.2858629528
411 0.2858629528
412 0.2858629528
413 0.2858629528
414 0.2858629528
415 0.2858629528
416 0.2858629528
417 0.2858629528
418 0.2858629528
419 0.2858629528
420 0.2858629528
421 0.2858629528
422 0.2858629528
423 0.2858629528
424 0.2858629528
425 0.2858629528
426 0.2858629528
427 0.2858629528
428 0.2858629528
429 0.2858629528
430 0.2858629528
431 0.2858629528
432 0.2858629528
433 0.2858629528
434 0.2858629528
435 0.2858629528
436 0.2858629528
437 0.2858629528
438 0.2858629528
439 0.2858629528
440 0.2858629528
441 0.2858629528
442 0.2858629528
443 0.2858629528
444 0.2858629528
445 0.2858629528
446 0.2858629528
447 0.2858629528
448 0.2858629528
449 0.2858629528
450 0.2858629528
451 0.2858629528
452 0.2858629528
453 0.2858629528
454 0.2858629528
455 0.2858629528
456 0.2858629528
457 0.2858629528
458 0.2858629528
459 0.2858629528
460 0.2858629528
461 0.2858629528
462 0.2858629528
463 0.2858629528
464 0.2858629528
465 0.2858629528
466 0.2858629528
467 0.2858629528
468 0.2858629528
469 0.2858629528
470 0.2858629528
471 0.2858629528
472 0.2858629528
473 0.2858629528
474 0.2858629528
475 0.2858629528
476 0.2858629528
477 0.2858629528
478 0.2858629528
479 0.2858629528
480 0.2858629528
481 0.2858629528
482 0.2858629528
483 0.2858629528
484 0.2858629528
485 0.2858629528
486 0.2858629528
487 0.2858629528
488 0.2858629528
489 0.2858629528
490 0.2858629528
491 0.2858629528
492 0.2858629528
493 0.2858629528
494 0.2858629528
495 0.2858629528
496 0.2858629528
497 0.2858629528
498 0.2858629528
499 0.2858629528
500 0.2858629528
501 0.2858629528
502 0.2858629528
503 0.2858629528
504 0.2858629528
505 0.2858629528
506 0.2858629528
507 0.2858629528
508 0.2858629528
509 0.2858629528
510 0.2858629528
511 0.2858629528
512 0.2858629528
513 0.2858629528
514 0.2858629528
515 0.2858629528
516 0.2858629528
517 0.2858629528
518 0.2858629528
519 0.2858629528
520 0.2858629528
521 0.2858629528
522 0.2858629528
523 0.2858629528
524 0.2858629528
525 0.2858629528
526 0.2858629528
527 0.2858629528
528 0.2858629528
529 0.2858629528
530 0.2858629528
531 0.2858629528
532 0.2858629528
533 0.2858629528
534 0.2858629528
535 0.2858629528
536 0.2858629528
537 0.2858629528
538 0.2858629528
539 0.2858629528
540 0.2858629528
541 0.2858629528
542 0.2858629528
543 0.2858629528
544 0.2858629528
545 0.2858629528
546 0.2858629528
547 0.2858629528
548 0.2858629528
549 0.2858629528
550 0.2858629528
551 0.2858629528
552 0.2858629528
553 0.2858629528
554 0.2858629528
555 0.2858629528
556 0.2858629528
557 0.2858629528
558 0.2858629528
559 0.2858629528
560 0.2858629528
561 0.2858629528
562 0.2858629528
563 0.2858629528
564 0.2858629528
565 0.2858629528
566 0.2858629528
567 0.2858629528
568 0.2858629528
569 0.2858629528
570 0.2858629528
571 0.2858629528
572 0.2858629528
573 0.2858629528
574 0.2858629528
575 0.2858629528
576 0.2858629528
577 0.2858629528
578 0.2858629528
579 0.2858629528
580 0.2858629528
581 0.2858629528
582 0.2858629528
583 0.2858629528
584 0.2858629528
585 0.2858629528
586 0.2858629528
587 0.2858629528
588 0.2858629528
589 0.2858629528
590 0.2858629528
591 0.2858629528
592 0.2858629528
593 0.2858629528
594 0.2858629528
595 0.2858629528
596 0.2858629528
597 0.2858629528
598 0.2858629528
599 0.2858629528
600 0.2858629528
601 0.2858629528
602 0.2858629528
603 0.2858629528
604 0.2858629528
605 0.2858629528
606 0.2858629528
607 0.2858629528
608 0.2858629528
609 0.2858629528
610 0.2858629528
611 0.2858629528
612 0.2858629528
613 0.2858629528
614 0.2858629528
615 0.2858629528
616 0.2858629528
617 0.2858629528
618 0.2858629528
619 0.2858629528
620 0.2858629528
621 0.2858629528
622 0.2858629528
623 0.2858629528
624 0.2858629528
625 0.2858629528
626 0.2858629528
627 0.2858629528
628 0.2858629528
629 0.2858629528
630 0.2858629528
631 0.2858629528
632 0.2858629528
633 0.2858629528
634 0.2858629528
635 0.2858629528
636 0.2858629528
637 0.2858629528
638 0.2858629528
639 0.2858629528
640 0.2858629528
641 0.2858629528
642 0.2858629528
643 0.2858629528
644 0.2858629528
645 0.2858629528
646 0.2858629528
647 0.2858629528
648 0.2858629528
649 0.2858629528
650 0.2858629528
651 0.2858629528
652 0.2858629528
653 0.2858629528
654 0.2858629529
655 0.2858629529
656 0.2858629529
657 0.285862953
658 0.285862953
659 0.2858629531
660 0.2858629532
661 0.2858629533
662 0.2858629534
663 0.2858629535
664 0.2858629537
665 0.285862954
666 0.2858629543
667 0.2858629547
668 0.2858629551
669 0.2858629557
670 0.2858629564
671 0.2858629573
672 0.2858629584
673 0.2858629598
674 0.2858629614
675 0.2858629635
676 0.285862966
677 0.2858629692
678 0.285862973
679 0.2858629777
680 0.2858629835
681 0.2858629906
682 0.2858629992
683 0.2858630098
684 0.2858630227
685 0.2858630385
686 0.2858630577
687 0.2858630811
688 0.2858631095
689 0.285863144
690 0.2858631859
691 0.2858632366
692 0.2858632981
693 0.2858633724
694 0.2858634622
695 0.2858635705
696 0.2858637012
697 0.2858638585
698 0.2858640478
699 0.2858642754
700 0.2858645486
701 0.2858648762
702 0.2858652687
703 0.2858657385
704 0.2858663001
705 0.2858669709
706 0.2858677712
707 0.2858687249
708 0.2858698604
709 0.2858712107
710 0.285872815
711 0.2858747188
712 0.2858769759
713 0.2858796488
714 0.285882811
715 0.2858865478
716 0.2858909592
717 0.2858961614
718 0.2859022897
719 0.2859095013
720 0.2859179786
721 0.2859279334
722 0.2859396107
723 0.285953294
724 0.2859693109
725 0.2859880396
726 0.2860099158
727 0.2860354416
728 0.286065194
729 0.2860998359
730 0.2861401282
731 0.2861869426
732 0.2862412767
733 0.2863042714
734 0.2863772292
735 0.2864616358
736 0.2865591836
737 0.2866717981
738 0.2868016676
739 0.2869512758
740 0.2871234385
741 0.2873213438
742 0.2875485973
743 0.2878092714
744 0.2881079606
745 0.2884498414
746 0.2888407392
747 0.2892872016
748 0.2897965786
749 0.2903771104
750 0.2910380242
751 0.291789639
752 0.2926434801
753 0.2936124042
754 0.2947107346
755 0.2959544081
756 0.2973611341
757 0.2989505661
758 0.3007444871
759 0.3027670086
760 0.3050447846
761 0.3076072409
762 0.3104868201
763 0.3137192433
764 0.3173437888
765 0.3214035878
766 0.3259459384
767 0.331022637
768 0.3366903279
769 0.3430108719
770 0.3500517316
771 0.3578863759
772 0.366594701
773 0.3762634685
774 0.3869867601
775 0.3988664464
776 0.4120126699
777 0.4265443408
778 0.4425896427
779 0.460286547
780 0.4797833333
781 0.5012391135
782 0.5248243563
783 0.5507214088
784 0.5791250115
785 0.6102428024
786 0.6442958069
787 0.6815189073
788 0.7221612873
789 0.7664868465
790 0.8147745787
791 0.8673189076
792 0.9244299735
793 0.9864338655
794 1.05367279
795 1.126505168
796 1.205305662
797 1.290465106
798 1.382390358
799 1.481504039
800 1.588244172
801 1.703063703
802 1.826429906
803 1.958823642
804 2.100738505
805 2.252679802
806 2.415163402
807 2.588714424
808 2.773865764
809 2.971156468
810 3.181129933
811 3.404331945
812 3.641308554
813 3.89260377
814 4.158757111
815 4.440300974
816 4.73775786
817 5.05163744
818 5.382433486
819 5.730620658
820 6.096651177
821 6.480951384
822 6.8839182
823 7.30591551
824 7.747270484
825 8.20826985
826 8.689156153
827 9.190124008
828 9.711316373
829 10.25282088
830 10.81466625
831 11.39681876
832 11.99917891
833 12.62157823
834 13.2637762
835 13.92545752
836 14.60622951
837 15.30561986
838 16.02307464
839 16.75795666
840 17.50954422
841 18.2770302
842 19.05952157
843 19.85603935
844 20.66551903
845 21.48681142
846 22.31868402
847 23.1598229
848 24.00883507
849 24.86425131
850 25.72452966
851 26.58805927
852 27.45316489
853 28.31811176
854 29.18111109
855 30.04032593
856 30.8938776
857 31.73985243
858 32.57630904
859 33.40128589
860 34.21280926
861 35.00890147
862 35.78758943
863 36.54691336
864 37.28493574
865 37.99975036
866 38.68949145
867 39.35234292
868 39.98654745
869 40.59041565
870 41.16233497
871 41.70077859
872 42.20431389
873 42.67161084
874 43.10144992
875 43.49272975
876 43.84447423
877 44.15583931
878 44.42611915
879 44.65475185
880 44.84132449
881 44.98557764
882 45.08740923
883 45.14687773
884 45.16420467
885 45.13977649
886 45.07414562
887 44.96803093
888 44.8223174
889 44.63805511
890 44.41645751
891 44.15889895
892 43.86691161
893 43.54218163
894 43.18654465
895 42.80198071
896 42.39060849
897 41.95467896
898 41.49656849
899 41.01877137
900 40.52389182
901 40.01463555
902 39.49380081
903 38.96426903
904 38.42899506
905 37.89099706
906 37.35334601
907 36.81915493
908 36.29156786
909 35.77374853
910 35.26886886
911 34.78009721
912 34.31058656
913 33.86346246
914 33.44181096
915 33.04866641
916 32.68699924
917 32.35970373
918 32.0695858
919 31.81935083
920 31.6115916
921 31.44877633
922 31.33323687
923 31.26715712
924 31.25256168
925 31.29130476
926 31.38505947
927 31.53530742
928 31.74332885
929 32.01019317
930 32.33675002
931 32.72362106
932 33.17119227
933 33.67960706
934 34.24876014
935 34.87829221
936 35.56758563
937 36.31576094
938 37.12167456
939 37.98391742
940 38.90081486
941 39.87042763
942 40.89055422
943 41.95873436
944 43.07225396
945 44.22815126
946 45.42322451
947 46.65404085
948 47.91694671
949 49.20807948
950 50.52338065
951 51.85861015
952 53.20936207
953 54.57108159
954 55.93908304
955 57.30856916
956 58.67465129
957 60.03237048
958 61.3767195
959 62.7026654
960 64.00517281
961 65.27922753
962 66.51986044
963 67.72217166
964 68.88135454
965 69.99271956
966 71.05171791
967 72.05396454
968 72.99526054
969 73.87161477
970 74.67926442
971 75.41469454
972 76.07465621
973 76.65618338
974 77.15660809
975 77.57357414
976 77.90504891
977 78.14933335
978 78.3050701
979 78.37124954
980 78.34721386
981 78.23265902
982 78.02763469
983 77.73254202
984 77.34812947
985 76.87548651
986 76.31603541
987 75.67152116
988 74.94399947
989 74.13582321
990 73.2496271
991 72.28831099
992 71.25502184
993 70.15313441
994 68.98623097
995 67.75808008
996 66.47261468
997 65.13390965
998 63.74615887
999 62.31365223
1000 60.84075241
1001 59.33187196
1002 57.79145048
1003 56.22393236
1004 54.63374502
1005 53.0252779
1006 51.40286229
1007 49.77075209
1008 48.13310567
1009 46.49396887
1010 44.85725929
1011 43.2267518
1012 41.60606552
1013 39.99865214
1014 38.40778575
1015 36.83655401
1016 35.28785095
1017 33.76437108
1018 32.26860499
1019 30.80283638
1020 29.36914039
1021 27.96938332
1022 26.6052235
1023 25.27811351
