#54263 2909.9983302425141218 0.0045701622670845151036 1 1405 16.000049430220818044 1024 7 1 J1713+0747 0.0000000 
0 8.394551288
1 7.797608579
2 7.234455113
3 6.703956238
4 6.204946203
5 5.736235848
6 5.296619866
7 4.884883614
8 4.49980946
9 4.140182656
10 3.804796731
11 3.492458412
12 3.201992074
13 2.932243714
14 2.682084483
15 2.450413769
16 2.236161858
17 2.038292183
18 1.855803197
19 1.687729863
20 1.533144813
21 1.391159182
22 1.260923142
23 1.141626163
24 1.032497028
25 0.9328036129
26 0.8418524724
27 0.7589882382
28 0.6835928601
29 0.61508471
30 0.5529175658
31 0.4965794967
32 0.4455916671
33 0.3995070752
34 0.357909242
35 0.320410865
36 0.2866524494
37 0.2563009291
38 0.2290482867
39 0.2046101838
40 0.1827246084
41 0.1631505477
42 0.1456666915
43 0.1300701724
44 0.1161753467
45 0.1038126203
46 0.09282732049
47 0.08307861831
48 0.074438501
49 0.06679079614
50 0.06003024787
51 0.05406164485
52 0.04879899968
53 0.04416477885
54 0.04008918208
55 0.03650946972
56 0.03336933653
57 0.03061833025
58 0.02821131293
59 0.02610796312
60 0.02427231695
61 0.02267234593
62 0.02127956942
63 0.02006869971
64 0.01901731777
65 0.01810557735
66 0.01731593592
67 0.01663291009
68 0.01604285411
69 0.01553375935
70 0.01509507336
71 0.0147175368
72 0.01439303675
73 0.01411447503
74 0.01387565027
75 0.01367115235
76 0.01349626821
77 0.01334689791
78 0.0132194799
79 0.01311092478
80 0.01301855643
81 0.01294006005
82 0.01287343614
83 0.01281696002
84 0.01276914612
85 0.01272871663
86 0.01269457396
87 0.01266577662
88 0.0126415182
89 0.01262110885
90 0.01260395935
91 0.01258956703
92 0.01257750372
93 0.01256740516
94 0.01255896192
95 0.01255191147
96 0.0125460314
97 0.01254113355
98 0.01253705893
99 0.0125336734
100 0.01253086393
101 0.0125285354
102 0.01252660788
103 0.0125250143
104 0.01252369845
105 0.01252261326
106 0.01252171943
107 0.01252098412
108 0.01252037997
109 0.01251988419
110 0.01251947787
111 0.01251914526
112 0.01251887333
113 0.01251865129
114 0.01251847021
115 0.01251832272
116 0.01251820274
117 0.01251810525
118 0.01251802613
119 0.01251796202
120 0.01251791011
121 0.01251786815
122 0.01251783426
123 0.01251780693
124 0.01251778492
125 0.01251776721
126 0.01251775298
127 0.01251774156
128 0.01251773241
129 0.01251772509
130 0.01251771923
131 0.01251771455
132 0.01251771082
133 0.01251770785
134 0.01251770548
135 0.0125177036
136 0.01251770211
137 0.01251770093
138 0.01251769999
139 0.01251769925
140 0.01251769867
141 0.01251769821
142 0.01251769785
143 0.01251769756
144 0.01251769733
145 0.01251769716
146 0.01251769702
147 0.01251769691
148 0.01251769683
149 0.01251769676
150 0.01251769671
151 0.01251769667
152 0.01251769664
153 0.01251769661
154 0.0125176966
155 0.01251769658
156 0.01251769657
157 0.01251769656
158 0.01251769655
159 0.01251769655
160 0.01251769654
161 0.01251769654
162 0.01251769654
163 0.01251769654
164 0.01251769654
165 0.01251769654
166 0.01251769653
167 0.01251769653
168 0.01251769653
169 0.01251769653
170 0.01251769653
171 0.01251769653
172 0.01251769653
173 0.01251769653
174 0.01251769653
175 0.01251769653
176 0.01251769653
177 0.01251769653
178 0.01251769653
179 0.01251769653
180 0.01251769653
181 0.01251769653
182 0.01251769653
183 0.01251769653
184 0.01251769653
185 0.01251769653
186 0.01251769653
187 0.01251769653
188 0.01251769653
189 0.01251769653
190 0.01251769653
191 0.01251769653
192 0.01251769653
193 0.01251769653
194 0.01251769653
195 0.01251769653
196 0.01251769653
197 0.01251769653
198 0.01251769653
199 0.01251769653
200 0.01251769653
201 0.01251769653
202 0.01251769653
203 0.01251769653
204 0.01251769653
205 0.01251769653
206 0.01251769653
207 0.01251769653
208 0.01251769653
209 0.01251769653
210 0.01251769653
211 0.01251769653
212 0.01251769653
213 0.01251769653
214 0.01251769653
215 0.01251769653
216 0.01251769653
217 0.01251769653
218 0.01251769653
219 0.01251769653
220 0.01251769653
221 0.01251769653
222 0.01251769653
223 0.01251769653
224 0.01251769653
225 0.01251769653
226 0.01251769653
227 0.01251769653
228 0.01251769653
229 0.01251769653
230 0.01251769653
231 0.01251769653
232 0.01251769653
233 0.01251769653
234 0.01251769653
235 0.01251769653
236 0.01251769653
237 0.01251769653
238 0.01251769653
239 0.01251769653
240 0.01251769653
241 0.01251769653
242 0.01251769653
243 0.01251769653
244 0.01251769653
245 0.01251769653
246 0.01251769653
247 0.01251769653
248 0.01251769653
249 0.01251769653
250 0.01251769653
251 0.01251769653
252 0.01251769653
253 0.01251769653
254 0.01251769653
255 0.01251769653
256 0.01251769653
257 0.01251769653
258 0.01251769653
259 0.01251769653
260 0.01251769653
261 0.01251769653
262 0.01251769653
263 0.01251769653
264 0.01251769653
265 0.01251769653
266 0.01251769653
267 0.01251769653
268 0.01251769653
269 0.01251769653
270 0.01251769653
271 0.01251769653
272 0.01251769653
273 0.01251769653
274 0.01251769653
275 0.01251769653
276 0.01251769653
277 0.01251769653
278 0.01251769653
279 0.01251769653
280 0.01251769653
281 0.01251769653
282 0.01251769653
283 0.01251769653
284 0.01251769653
285 0.01251769653
286 0.01251769653
287 0.01251769653
288 0.01251769653
289 0.01251769653
290 0.01251769653
291 0.01251769653
292 0.01251769653
293 0.01251769653
294 0.01251769653
295 0.01251769653
296 0.01251769653
297 0.01251769653
298 0.01251769653
299 0.01251769653
300 0.01251769653
301 0.01251769653
302 0.01251769653
303 0.01251769653
304 0.01251769653
305 0.01251769653
306 0.01251769653
307 0.01251769653
308 0.01251769653
309 0.01251769653
310 0.01251769653
311 0.01251769653
312 0.01251769653
313 0.01251769653
314 0.01251769653
315 0.01251769653
316 0.01251769653
317 0.01251769653
318 0.01251769653
319 0.01251769653
320 0.01251769653
321 0.01251769653
322 0.01251769653
323 0.01251769653
324 0.01251769653
325 0.01251769653
326 0.01251769653
327 0.01251769653
328 0.01251769653
329 0.01251769653
330 0.01251769653
331 0.01251769653
332 0.01251769653
333 0.01251769653
334 0.01251769653
335 0.01251769653
336 0.01251769653
337 0.01251769653
338 0.01251769653
339 0.01251769653
340 0.01251769653
341 0.01251769653
342 0.01251769653
343 0.01251769653
344 0.01251769653
345 0.01251769653
346 0.01251769653
347 0.01251769653
348 0.01251769653
349 0.01251769653
350 0.01251769653
351 0.01251769653
352 0.01251769653
353 0.01251769653
354 0.01251769653
355 0.01251769653
356 0.01251769653
357 0.01251769653
358 0.01251769653
359 0.01251769653
360 0.01251769653
361 0.01251769653
362 0.01251769653
363 0.01251769653
364 0.01251769653
365 0.01251769653
366 0.01251769653
367 0.01251769653
368 0.01251769653
369 0.01251769653
370 0.01251769653
371 0.01251769653
372 0.01251769653
373 0.01251769653
374 0.01251769653
375 0.01251769653
376 0.01251769653
377 0.01251769653
378 0.01251769653
379 0.01251769653
380 0.01251769653
381 0.01251769653
382 0.01251769653
383 0.01251769653
384 0.01251769653
385 0.01251769653
386 0.01251769653
387 0.01251769653
388 0.01251769653
389 0.01251769653
390 0.01251769653
391 0.01251769653
392 0.01251769653
393 0.01251769653
394 0.01251769653
395 0.01251769653
396 0.01251769653
397 0.01251769653
398 0.01251769653
399 0.01251769653
400 0.01251769653
401 0.01251769653
402 0.01251769653
403 0.01251769653
404 0.01251769653
405 0.01251769653
406 0.01251769653
407 0.01251769653
408 0.01251769653
409 0.01251769653
410 0.01251769653
411 0.01251769653
412 0.01251769653
413 0.01251769653
414 0.01251769653
415 0.01251769653
416 0.01251769653
417 0.01251769653
418 0.01251769653
419 0.01251769653
420 0.01251769653
421 0.01251769653
422 0.01251769653
423 0.01251769653
424 0.01251769653
425 0.01251769653
426 0.01251769653
427 0.01251769653
428 0.01251769653
429 0.01251769653
430 0.01251769653
431 0.01251769653
432 0.01251769653
433 0.01251769653
434 0.01251769653
435 0.01251769653
436 0.01251769653
437 0.01251769653
438 0.01251769653
439 0.01251769653
440 0.01251769653
441 0.01251769653
442 0.01251769653
443 0.01251769653
444 0.01251769653
445 0.01251769653
446 0.01251769653
447 0.01251769653
448 0.01251769653
449 0.01251769653
450 0.01251769653
451 0.01251769653
452 0.01251769653
453 0.01251769653
454 0.01251769653
455 0.01251769653
456 0.01251769653
457 0.01251769653
458 0.01251769653
459 0.01251769653
460 0.01251769653
461 0.01251769653
462 0.01251769653
463 0.01251769653
464 0.01251769653
465 0.01251769653
466 0.01251769653
467 0.01251769653
468 0.01251769653
469 0.01251769653
470 0.01251769653
471 0.01251769653
472 0.01251769653
473 0.01251769653
474 0.01251769653
475 0.01251769653
476 0.01251769653
477 0.01251769653
478 0.01251769653
479 0.01251769653
480 0.01251769653
481 0.01251769653
482 0.01251769653
483 0.01251769653
484 0.01251769653
485 0.01251769653
486 0.01251769653
487 0.01251769653
488 0.01251769653
489 0.01251769653
490 0.01251769653
491 0.01251769653
492 0.01251769653
493 0.01251769653
494 0.01251769653
495 0.01251769653
496 0.01251769653
497 0.01251769653
498 0.01251769653
499 0.01251769653
500 0.01251769653
501 0.01251769653
502 0.01251769653
503 0.01251769653
504 0.01251769653
505 0.01251769653
506 0.01251769653
507 0.01251769653
508 0.01251769653
509 0.01251769653
510 0.01251769653
511 0.01251769653
512 0.01251769653
513 0.01251769653
514 0.01251769653
515 0.01251769653
516 0.01251769653
517 0.01251769653
518 0.01251769653
519 0.01251769653
520 0.01251769653
521 0.01251769653
522 0.01251769653
523 0.01251769653
524 0.01251769653
525 0.01251769653
526 0.01251769653
527 0.01251769653
528 0.01251769653
529 0.01251769653
530 0.01251769653
531 0.01251769653
532 0.01251769653
533 0.01251769653
534 0.01251769653
535 0.01251769653
536 0.01251769653
537 0.01251769653
538 0.01251769653
539 0.01251769653
540 0.01251769653
541 0.01251769653
542 0.01251769653
543 0.01251769653
544 0.01251769653
545 0.01251769653
546 0.01251769653
547 0.01251769653
548 0.01251769653
549 0.01251769653
550 0.01251769653
551 0.01251769653
552 0.01251769653
553 0.01251769653
554 0.01251769653
555 0.01251769653
556 0.01251769653
557 0.01251769653
558 0.01251769653
559 0.01251769653
560 0.01251769653
561 0.01251769653
562 0.01251769653
563 0.01251769653
564 0.01251769653
565 0.01251769653
566 0.01251769653
567 0.01251769653
568 0.01251769653
569 0.01251769653
570 0.01251769653
571 0.01251769653
572 0.01251769653
573 0.01251769653
574 0.01251769653
575 0.01251769653
576 0.01251769653
577 0.01251769653
578 0.01251769653
579 0.01251769653
580 0.01251769653
581 0.01251769653
582 0.01251769653
583 0.01251769653
584 0.01251769653
585 0.01251769653
586 0.01251769653
587 0.01251769653
588 0.01251769653
589 0.01251769653
590 0.01251769653
591 0.01251769653
592 0.01251769653
593 0.01251769653
594 0.01251769653
595 0.01251769653
596 0.01251769653
597 0.01251769653
598 0.01251769653
599 0.01251769653
600 0.01251769653
601 0.01251769653
602 0.01251769653
603 0.01251769653
604 0.01251769653
605 0.01251769653
606 0.01251769653
607 0.01251769653
608 0.01251769653
609 0.01251769653
610 0.01251769653
611 0.01251769653
612 0.01251769653
613 0.01251769653
614 0.01251769653
615 0.01251769653
616 0.01251769653
617 0.01251769653
618 0.01251769653
619 0.01251769653
620 0.01251769653
621 0.01251769653
622 0.01251769653
623 0.01251769653
624 0.01251769654
625 0.01251769654
626 0.01251769654
627 0.01251769654
628 0.01251769654
629 0.01251769654
630 0.01251769655
631 0.01251769655
632 0.01251769656
633 0.01251769656
634 0.01251769657
635 0.01251769658
636 0.0125176966
637 0.01251769662
638 0.01251769664
639 0.01251769667
640 0.0125176967
641 0.01251769674
642 0.0125176968
643 0.01251769687
644 0.01251769696
645 0.01251769706
646 0.0125176972
647 0.01251769737
648 0.01251769758
649 0.01251769784
650 0.01251769817
651 0.01251769857
652 0.01251769907
653 0.01251769969
654 0.01251770047
655 0.01251770142
656 0.0125177026
657 0.01251770405
658 0.01251770585
659 0.01251770806
660 0.01251771078
661 0.01251771413
662 0.01251771824
663 0.01251772328
664 0.01251772946
665 0.01251773702
666 0.01251774628
667 0.01251775758
668 0.01251777138
669 0.0125177882
670 0.01251780869
671 0.01251783362
672 0.01251786391
673 0.01251790069
674 0.01251794531
675 0.01251799936
676 0.01251806477
677 0.01251814386
678 0.01251823938
679 0.01251835463
680 0.01251849353
681 0.01251866075
682 0.01251886188
683 0.01251910351
684 0.01251939351
685 0.01251974119
686 0.01252015759
687 0.01252065576
688 0.01252125113
689 0.01252196192
690 0.01252280962
691 0.01252381953
692 0.01252502141
693 0.01252645025
694 0.01252814713
695 0.01253016018
696 0.01253254582
697 0.01253537
698 0.01253870981
699 0.01254265523
700 0.01254731114
701 0.01255279967
702 0.01255926288
703 0.0125668658
704 0.01257579994
705 0.01258628726
706 0.01259858474
707 0.01261298951
708 0.0126298448
709 0.01264954655
710 0.01267255101
711 0.01269938329
712 0.01273064708
713 0.01276703552
714 0.01280934357
715 0.01285848187
716 0.01291549233
717 0.01298156562
718 0.01305806081
719 0.01314652729
720 0.01324872935
721 0.01336667354
722 0.01350263917
723 0.01365921225
724 0.01383932324
725 0.01404628885
726 0.01428385835
727 0.01455626482
728 0.01486828168
729 0.01522528506
730 0.01563332236
731 0.01609918766
732 0.01663050435
733 0.0172358157
734 0.01792468382
735 0.01870779767
736 0.0195970907
737 0.02060586886
738 0.02174894946
739 0.02304281175
740 0.02450575962
741 0.0261580974
742 0.02802231919
743 0.03012331237
744 0.03248857618
745 0.03514845559
746 0.03813639135
747 0.04148918661
748 0.04524729054
749 0.04945509944
750 0.05416127563
751 0.05941908427
752 0.06528674836
753 0.07182782183
754 0.07911158055
755 0.08721343107
756 0.09621533652
757 0.106206259
758 0.117282618
759 0.1295487626
760 0.1431174579
761 0.1581103828
762 0.174658637
763 0.1929032567
764 0.212995735
765 0.2350985444
766 0.2593856597
767 0.2860430754
768 0.3152693167
769 0.3472759373
770 0.3822880012
771 0.4205445429
772 0.4622990008
773 0.5078196191
774 0.5573898102
775 0.6113084738
776 0.6698902648
777 0.7334658032
778 0.8023818192
779 0.8770012264
780 0.9577031153
781 1.04488266
782 1.138950929
783 1.240334597
784 1.34947554
785 1.466830323
786 1.592869553
787 1.728077106
788 1.872949217
789 2.02799342
790 2.193727344
791 2.370677353
792 2.55937702
793 2.760365451
794 2.974185436
795 3.20138143
796 3.442497381
797 3.698074377
798 3.968648141
799 4.254746361
800 4.556885866
801 4.875569656
802 5.211283787
803 5.564494133
804 5.935643026
805 6.325145787
806 6.733387174
807 7.16071775
808 7.607450197
809 8.073855594
810 8.560159681
811 9.066539128
812 9.593117842
813 10.13996332
814 10.70708312
815 11.29442136
816 11.90185548
817 12.52919306
818 13.17616893
819 13.84244239
820 14.52759482
821 15.23112748
822 15.95245968
823 16.69092724
824 17.44578135
825 18.21618785
826 19.00122685
827 19.7998929
828 20.61109547
829 21.43366007
830 22.26632972
831 23.10776702
832 23.95655666
833 24.81120849
834 25.67016111
835 26.5317859
836 27.39439169
837 28.25622979
838 29.11549964
839 29.97035481
840 30.81890952
841 31.6592456
842 32.48941979
843 33.30747145
844 34.11143057
845 34.89932614
846 35.66919466
847 36.41908899
848 37.14708728
849 37.85130201
850 38.52988918
851 39.18105741
852 39.8030771
853 40.39428945
854 40.95311534
855 41.47806406
856 41.96774174
857 42.42085953
858 42.83624144
859 43.21283175
860 43.54970202
861 43.84605766
862 44.10124387
863 44.31475116
864 44.48622018
865 44.61544603
866 44.70238184
867 44.74714171
868 44.75000307
869 44.71140815
870 44.63196493
871 44.5124473
872 44.35379445
873 44.15710969
874 43.92365839
875 43.65486538
876 43.35231158
877 43.01772991
878 42.6530007
879 42.26014628
880 41.84132511
881 41.3988252
882 40.9350571
883 40.4525462
884 39.95392465
885 39.44192275
886 38.91935988
887 38.38913504
888 37.85421697
889 37.31763397
890 36.78246334
891 36.2518205
892 35.72884795
893 35.21670387
894 34.71855059
895 34.23754285
896 33.77681591
897 33.33947356
898 32.92857601
899 32.54712774
900 32.19806527
901 31.88424505
902 31.60843119
903 31.37328345
904 31.18134517
905 31.03503145
906 30.93661743
907 30.88822682
908 30.89182065
909 30.94918638
910 31.06192729
911 31.23145229
912 31.45896625
913 31.74546069
914 32.09170515
915 32.49823915
916 32.96536483
917 33.49314024
918 34.08137363
919 34.72961838
920 35.43716903
921 36.20305818
922 37.02605453
923 37.90466192
924 38.83711963
925 39.82140382
926 40.85523025
927 41.93605825
928 43.06109607
929 44.22730754
930 45.43142013
931 46.66993433
932 47.93913444
933 49.23510075
934 50.55372301
935 51.89071524
936 53.24163181
937 54.60188472
938 55.96676203
939 57.33144738
940 58.69104043
941 60.04057829
942 61.37505758
943 62.68945729
944 63.978762
945 65.23798565
946 66.46219541
947 67.64653571
948 68.78625221
949 69.87671548
950 70.91344437
951 71.89212874
952 72.80865161
953 73.65911028
954 74.43983656
955 75.14741575
956 75.77870432
957 76.33084616
958 76.80128727
959 77.18778866
960 77.48843764
961 77.70165704
962 77.82621267
963 77.86121864
964 77.8061407
965 77.66079751
966 77.42535982
967 77.10034758
968 76.68662505
969 76.18539386
970 75.59818416
971 74.92684389
972 74.17352633
973 73.34067586
974 72.4310123
975 71.44751374
976 70.39339808
977 69.27210348
978 68.08726775
979 66.84270698
980 65.54239347
981 64.19043316
982 62.79104274
983 61.34852662
984 59.8672539
985 58.35163548
986 56.80610154
987 55.23507945
988 53.64297238
989 52.03413858
990 50.41287161
991 48.78338148
992 47.14977704
993 45.51604934
994 43.88605649
995 42.26350966
996 40.65196057
997 39.05479035
998 37.47519988
999 35.91620155
1000 34.3806125
1001 32.87104929
1002 31.38992402
1003 29.93944181
1004 28.52159958
1005 27.13818625
1006 25.79078403
1007 24.48077094
1008 23.20932438
1009 21.97742578
1010 20.78586607
1011 19.63525203
1012 18.52601344
1013 17.45841075
1014 16.43254345
1015 15.44835884
1016 14.50566119
1017 13.6041212
1018 12.7432857
1019 11.92258741
1020 11.14135482
1021 10.39882204
1022 9.694138521
1023 9.026378683
