#54219 2910.001453727901314 0.0045698963749003880183 1 1477 16.000049430220818044 1024 7 1 J1713+0747 0.0000000 
0 41.51830579
1 41.22604116
2 40.90355035
3 40.55264173
4 40.17525802
5 39.77347061
6 39.34947322
7 38.90557514
8 38.44419387
9 37.96784734
10 37.47914567
11 36.98078247
12 36.47552579
13 35.96620871
14 35.45571953
15 34.94699173
16 34.4429936
17 33.94671765
18 33.46116978
19 32.98935827
20 32.53428258
21 32.09892202
22 31.68622435
23 31.29909421
24 30.94038161
25 30.61287024
26 30.31926596
27 30.06218517
28 29.84414335
29 29.66754362
30 29.53466552
31 29.44765385
32 29.40850782
33 29.41907039
34 29.48101792
35 29.59585016
36 29.76488061
37 29.98922734
38 30.26980428
39 30.60731303
40 31.00223532
41 31.45482608
42 31.96510724
43 32.53286227
44 33.15763163
45 33.83870902
46 34.57513861
47 35.3657133
48 36.20897398
49 37.10320998
50 38.04646055
51 39.0365177
52 40.07093009
53 41.14700835
54 42.26183156
55 43.4122551
56 44.5949198
57 45.80626236
58 47.04252714
59 48.29977911
60 49.57391818
61 50.8606946
62 52.15572561
63 53.45451309
64 54.75246228
65 56.04490136
66 57.32710192
67 58.5943001
68 59.84171834
69 61.06458759
70 62.25816993
71 63.41778133
72 64.53881451
73 65.61676167
74 66.64723705
75 67.62599905
76 68.54897181
77 69.41226612
78 70.21219942
79 70.94531492
80 71.60839941
81 72.19849999
82 72.71293926
83 73.14932908
84 73.50558264
85 73.7799249
86 73.97090121
87 74.07738398
88 74.09857762
89 74.03402135
90 73.88359017
91 73.64749376
92 73.32627353
93 72.92079759
94 72.43225397
95 71.86214191
96 71.21226142
97 70.48470116
98 69.68182475
99 68.8062556
100 67.86086045
101 66.84873159
102 65.77316816
103 64.63765643
104 63.4458493
105 62.20154531
106 60.90866705
107 59.5712394
108 58.1933676
109 56.7792153
110 55.33298288
111 53.85888607
112 52.361135
113 50.84391394
114 49.3113617
115 47.76755293
116 46.2164804
117 44.66203827
118 43.10800655
119 41.5580368
120 40.01563901
121 38.48416988
122 36.96682246
123 35.46661707
124 33.98639375
125 32.52880595
126 31.09631571
127 29.69119012
128 28.31549909
129 26.97111444
130 25.65971017
131 24.38276392
132 23.14155947
133 21.93719031
134 20.77056417
135 19.64240832
136 18.55327582
137 17.50355225
138 16.49346324
139 15.52308245
140 14.59233991
141 13.70103087
142 12.8488248
143 12.03527461
144 11.25982597
145 10.52182676
146 9.820536332
147 9.155134837
148 8.524732298
149 7.928377525
150 7.365066766
151 6.833752061
152 6.333349264
153 5.8627457
154 5.420807426
155 5.006386084
156 4.618325314
157 4.255466729
158 3.916655441
159 3.600745128
160 3.306602652
161 3.033112223
162 2.779179128
163 2.543733024
164 2.325730814
165 2.124159125
166 1.938036395
167 1.766414596
168 1.608380616
169 1.463057311
170 1.329604254
171 1.20721821
172 1.095133348
173 0.9926212207
174 0.8989905298
175 0.8135867045
176 0.7357913063
177 0.6650212884
178 0.6007281246
179 0.542396829
180 0.4895448836
181 0.4417210902
182 0.3985043629
183 0.3595024756
184 0.324350777
185 0.2927108865
186 0.2642693811
187 0.2387364842
188 0.2158447635
189 0.1953478477
190 0.1770191672
191 0.1606507254
192 0.1460519056
193 0.1330483166
194 0.1214806818
195 0.111203773
196 0.1020853911
197 0.09400539607
198 0.08685478504
199 0.0805348207
200 0.07495620852
201 0.07003832294
202 0.06570848145
203 0.06190126553
204 0.05855788708
205 0.05562559878
206 0.05305714683
207 0.05081026399
208 0.04884720146
209 0.04713429721
210 0.04564157912
211 0.04434240086
212 0.04321310842
213 0.04223273555
214 0.041382726
215 0.04064668091
216 0.04001012939
217 0.03946032062
218 0.03898603588
219 0.03857741891
220 0.03822582298
221 0.03792367351
222 0.03766434469
223 0.037442049
224 0.0372517384
225 0.03708901615
226 0.03695005824
227 0.0368315435
228 0.03673059161
229 0.03664470807
230 0.03657173559
231 0.03650981112
232 0.03645732799
233 0.03641290254
234 0.03637534485
235 0.03634363304
236 0.03631689075
237 0.03629436746
238 0.03627542129
239 0.03625950408
240 0.0362461483
241 0.03623495578
242 0.03622558784
243 0.03621775684
244 0.03621121879
245 0.03620576703
246 0.03620122675
247 0.03619745026
248 0.036194313
249 0.03619171001
250 0.036189553
251 0.03618776778
252 0.0361862921
253 0.03618507381
254 0.03618406927
255 0.036183242
256 0.03618256157
257 0.03618200261
258 0.036181544
259 0.0361811682
260 0.03618086063
261 0.03618060922
262 0.03618040397
263 0.03618023662
264 0.03618010032
265 0.03617998947
266 0.03617989941
267 0.03617982635
268 0.03617976714
269 0.03617971922
270 0.03617968048
271 0.03617964921
272 0.03617962399
273 0.03617960368
274 0.03617958735
275 0.03617957422
276 0.03617956369
277 0.03617955526
278 0.0361795485
279 0.0361795431
280 0.03617953879
281 0.03617953536
282 0.03617953262
283 0.03617953044
284 0.03617952871
285 0.03617952734
286 0.03617952625
287 0.03617952539
288 0.03617952471
289 0.03617952417
290 0.03617952374
291 0.03617952341
292 0.03617952315
293 0.03617952294
294 0.03617952278
295 0.03617952265
296 0.03617952255
297 0.03617952248
298 0.03617952241
299 0.03617952237
300 0.03617952233
301 0.0361795223
302 0.03617952228
303 0.03617952226
304 0.03617952225
305 0.03617952224
306 0.03617952223
307 0.03617952222
308 0.03617952222
309 0.03617952222
310 0.03617952221
311 0.03617952221
312 0.03617952221
313 0.03617952221
314 0.03617952221
315 0.03617952221
316 0.03617952221
317 0.0361795222
318 0.0361795222
319 0.0361795222
320 0.0361795222
321 0.0361795222
322 0.0361795222
323 0.0361795222
324 0.0361795222
325 0.0361795222
326 0.0361795222
327 0.0361795222
328 0.0361795222
329 0.0361795222
330 0.0361795222
331 0.0361795222
332 0.0361795222
333 0.0361795222
334 0.0361795222
335 0.0361795222
336 0.0361795222
337 0.0361795222
338 0.0361795222
339 0.0361795222
340 0.0361795222
341 0.0361795222
342 0.0361795222
343 0.0361795222
344 0.0361795222
345 0.0361795222
346 0.0361795222
347 0.0361795222
348 0.0361795222
349 0.0361795222
350 0.0361795222
351 0.0361795222
352 0.0361795222
353 0.0361795222
354 0.0361795222
355 0.0361795222
356 0.0361795222
357 0.0361795222
358 0.0361795222
359 0.0361795222
360 0.0361795222
361 0.0361795222
362 0.0361795222
363 0.0361795222
364 0.0361795222
365 0.0361795222
366 0.0361795222
367 0.0361795222
368 0.0361795222
369 0.0361795222
370 0.0361795222
371 0.0361795222
372 0.0361795222
373 0.0361795222
374 0.0361795222
375 0.0361795222
376 0.0361795222
377 0.0361795222
378 0.0361795222
379 0.0361795222
380 0.0361795222
381 0.0361795222
382 0.0361795222
383 0.0361795222
384 0.0361795222
385 0.0361795222
386 0.0361795222
387 0.0361795222
388 0.0361795222
389 0.0361795222
390 0.0361795222
391 0.0361795222
392 0.0361795222
393 0.0361795222
394 0.0361795222
395 0.0361795222
396 0.0361795222
397 0.0361795222
398 0.0361795222
399 0.0361795222
400 0.0361795222
401 0.0361795222
402 0.0361795222
403 0.0361795222
404 0.0361795222
405 0.0361795222
406 0.0361795222
407 0.0361795222
408 0.0361795222
409 0.0361795222
410 0.0361795222
411 0.0361795222
412 0.0361795222
413 0.0361795222
414 0.0361795222
415 0.0361795222
416 0.0361795222
417 0.0361795222
418 0.0361795222
419 0.0361795222
420 0.0361795222
421 0.0361795222
422 0.0361795222
423 0.0361795222
424 0.0361795222
425 0.0361795222
426 0.0361795222
427 0.0361795222
428 0.0361795222
429 0.0361795222
430 0.0361795222
431 0.0361795222
432 0.0361795222
433 0.0361795222
434 0.0361795222
435 0.0361795222
436 0.0361795222
437 0.0361795222
438 0.0361795222
439 0.0361795222
440 0.0361795222
441 0.0361795222
442 0.0361795222
443 0.0361795222
444 0.0361795222
445 0.0361795222
446 0.0361795222
447 0.0361795222
448 0.0361795222
449 0.0361795222
450 0.0361795222
451 0.0361795222
452 0.0361795222
453 0.0361795222
454 0.0361795222
455 0.0361795222
456 0.0361795222
457 0.0361795222
458 0.0361795222
459 0.0361795222
460 0.0361795222
461 0.0361795222
462 0.0361795222
463 0.0361795222
464 0.0361795222
465 0.0361795222
466 0.0361795222
467 0.0361795222
468 0.0361795222
469 0.0361795222
470 0.0361795222
471 0.0361795222
472 0.0361795222
473 0.0361795222
474 0.0361795222
475 0.0361795222
476 0.0361795222
477 0.0361795222
478 0.0361795222
479 0.0361795222
480 0.0361795222
481 0.0361795222
482 0.0361795222
483 0.0361795222
484 0.0361795222
485 0.0361795222
486 0.0361795222
487 0.0361795222
488 0.0361795222
489 0.0361795222
490 0.0361795222
491 0.0361795222
492 0.0361795222
493 0.0361795222
494 0.0361795222
495 0.0361795222
496 0.0361795222
497 0.0361795222
498 0.0361795222
499 0.0361795222
500 0.0361795222
501 0.0361795222
502 0.0361795222
503 0.0361795222
504 0.0361795222
505 0.0361795222
506 0.0361795222
507 0.0361795222
508 0.0361795222
509 0.0361795222
510 0.0361795222
511 0.0361795222
512 0.0361795222
513 0.0361795222
514 0.0361795222
515 0.0361795222
516 0.0361795222
517 0.0361795222
518 0.0361795222
519 0.0361795222
520 0.0361795222
521 0.0361795222
522 0.0361795222
523 0.0361795222
524 0.0361795222
525 0.0361795222
526 0.0361795222
527 0.0361795222
528 0.0361795222
529 0.0361795222
530 0.0361795222
531 0.0361795222
532 0.0361795222
533 0.0361795222
534 0.0361795222
535 0.0361795222
536 0.0361795222
537 0.0361795222
538 0.0361795222
539 0.0361795222
540 0.0361795222
541 0.0361795222
542 0.0361795222
543 0.0361795222
544 0.0361795222
545 0.0361795222
546 0.0361795222
547 0.0361795222
548 0.0361795222
549 0.0361795222
550 0.0361795222
551 0.0361795222
552 0.0361795222
553 0.0361795222
554 0.0361795222
555 0.0361795222
556 0.0361795222
557 0.0361795222
558 0.0361795222
559 0.0361795222
560 0.0361795222
561 0.0361795222
562 0.0361795222
563 0.0361795222
564 0.0361795222
565 0.0361795222
566 0.0361795222
567 0.0361795222
568 0.0361795222
569 0.0361795222
570 0.0361795222
571 0.0361795222
572 0.0361795222
573 0.0361795222
574 0.0361795222
575 0.0361795222
576 0.0361795222
577 0.0361795222
578 0.0361795222
579 0.0361795222
580 0.0361795222
581 0.0361795222
582 0.0361795222
583 0.0361795222
584 0.0361795222
585 0.0361795222
586 0.0361795222
587 0.0361795222
588 0.0361795222
589 0.0361795222
590 0.0361795222
591 0.0361795222
592 0.0361795222
593 0.0361795222
594 0.0361795222
595 0.0361795222
596 0.0361795222
597 0.0361795222
598 0.0361795222
599 0.0361795222
600 0.0361795222
601 0.0361795222
602 0.0361795222
603 0.0361795222
604 0.0361795222
605 0.0361795222
606 0.0361795222
607 0.0361795222
608 0.0361795222
609 0.0361795222
610 0.0361795222
611 0.0361795222
612 0.0361795222
613 0.0361795222
614 0.0361795222
615 0.0361795222
616 0.0361795222
617 0.0361795222
618 0.0361795222
619 0.0361795222
620 0.0361795222
621 0.0361795222
622 0.0361795222
623 0.0361795222
624 0.0361795222
625 0.0361795222
626 0.0361795222
627 0.0361795222
628 0.0361795222
629 0.0361795222
630 0.0361795222
631 0.0361795222
632 0.0361795222
633 0.0361795222
634 0.0361795222
635 0.0361795222
636 0.0361795222
637 0.0361795222
638 0.0361795222
639 0.0361795222
640 0.0361795222
641 0.0361795222
642 0.0361795222
643 0.0361795222
644 0.0361795222
645 0.0361795222
646 0.0361795222
647 0.0361795222
648 0.0361795222
649 0.0361795222
650 0.0361795222
651 0.0361795222
652 0.0361795222
653 0.0361795222
654 0.0361795222
655 0.0361795222
656 0.0361795222
657 0.0361795222
658 0.0361795222
659 0.0361795222
660 0.0361795222
661 0.0361795222
662 0.0361795222
663 0.0361795222
664 0.0361795222
665 0.0361795222
666 0.0361795222
667 0.0361795222
668 0.0361795222
669 0.0361795222
670 0.0361795222
671 0.0361795222
672 0.0361795222
673 0.0361795222
674 0.0361795222
675 0.0361795222
676 0.0361795222
677 0.0361795222
678 0.0361795222
679 0.0361795222
680 0.0361795222
681 0.0361795222
682 0.0361795222
683 0.0361795222
684 0.0361795222
685 0.0361795222
686 0.0361795222
687 0.0361795222
688 0.0361795222
689 0.0361795222
690 0.0361795222
691 0.0361795222
692 0.0361795222
693 0.0361795222
694 0.0361795222
695 0.0361795222
696 0.0361795222
697 0.0361795222
698 0.0361795222
699 0.0361795222
700 0.0361795222
701 0.0361795222
702 0.0361795222
703 0.0361795222
704 0.0361795222
705 0.0361795222
706 0.0361795222
707 0.0361795222
708 0.0361795222
709 0.0361795222
710 0.0361795222
711 0.0361795222
712 0.0361795222
713 0.0361795222
714 0.0361795222
715 0.0361795222
716 0.0361795222
717 0.0361795222
718 0.0361795222
719 0.0361795222
720 0.0361795222
721 0.0361795222
722 0.0361795222
723 0.0361795222
724 0.0361795222
725 0.0361795222
726 0.0361795222
727 0.0361795222
728 0.0361795222
729 0.0361795222
730 0.0361795222
731 0.0361795222
732 0.0361795222
733 0.0361795222
734 0.0361795222
735 0.0361795222
736 0.0361795222
737 0.0361795222
738 0.0361795222
739 0.0361795222
740 0.0361795222
741 0.0361795222
742 0.0361795222
743 0.0361795222
744 0.0361795222
745 0.0361795222
746 0.0361795222
747 0.0361795222
748 0.0361795222
749 0.0361795222
750 0.0361795222
751 0.0361795222
752 0.0361795222
753 0.0361795222
754 0.0361795222
755 0.0361795222
756 0.0361795222
757 0.0361795222
758 0.0361795222
759 0.0361795222
760 0.0361795222
761 0.0361795222
762 0.0361795222
763 0.0361795222
764 0.0361795222
765 0.0361795222
766 0.0361795222
767 0.0361795222
768 0.0361795222
769 0.0361795222
770 0.03617952221
771 0.03617952221
772 0.03617952221
773 0.03617952221
774 0.03617952221
775 0.03617952221
776 0.03617952221
777 0.03617952221
778 0.03617952222
779 0.03617952222
780 0.03617952222
781 0.03617952223
782 0.03617952224
783 0.03617952224
784 0.03617952226
785 0.03617952227
786 0.03617952229
787 0.03617952231
788 0.03617952234
789 0.03617952237
790 0.03617952241
791 0.03617952247
792 0.03617952254
793 0.03617952262
794 0.03617952273
795 0.03617952286
796 0.03617952303
797 0.03617952323
798 0.03617952349
799 0.03617952381
800 0.0361795242
801 0.0361795247
802 0.03617952531
803 0.03617952606
804 0.036179527
805 0.03617952815
806 0.03617952958
807 0.03617953134
808 0.03617953351
809 0.03617953617
810 0.03617953945
811 0.03617954347
812 0.03617954841
813 0.03617955446
814 0.03617956187
815 0.03617957092
816 0.03617958199
817 0.03617959549
818 0.03617961195
819 0.03617963199
820 0.03617965637
821 0.036179686
822 0.03617972197
823 0.03617976558
824 0.03617981842
825 0.03617988235
826 0.03617995964
827 0.03618005297
828 0.03618016556
829 0.03618030123
830 0.03618046455
831 0.03618066095
832 0.03618089687
833 0.03618117996
834 0.03618151932
835 0.03618192569
836 0.03618241179
837 0.03618299265
838 0.03618368601
839 0.0361845128
840 0.03618549765
841 0.03618666953
842 0.0361880625
843 0.03618971653
844 0.03619167846
845 0.03619400316
846 0.0361967548
847 0.03620000833
848 0.03620385125
849 0.03620838552
850 0.03621372987
851 0.03622002234
852 0.03622742331
853 0.03623611883
854 0.03624632451
855 0.03625828994
856 0.03627230366
857 0.03628869891
858 0.03630786005
859 0.0363302299
860 0.03635631807
861 0.03638671026
862 0.0364220789
863 0.03646319506
864 0.03651094185
865 0.03656632952
866 0.03663051235
867 0.03670480766
868 0.03679071701
869 0.03688994991
870 0.03700445027
871 0.03713642587
872 0.03728838116
873 0.03746315367
874 0.03766395436
875 0.03789441235
876 0.03815862435
877 0.0384612092
878 0.038807368
879 0.03920295028
880 0.0396545266
881 0.0401694683
882 0.04075603468
883 0.0414234684
884 0.04218209943
885 0.0430434584
886 0.04402039978
887 0.04512723552
888 0.04637987992
889 0.04779600615
890 0.04939521527
891 0.05119921825
892 0.0532320316
893 0.05552018726
894 0.05809295737
895 0.06098259431
896 0.06422458659
897 0.06785793108
898 0.07192542184
899 0.0764739559
900 0.08155485615
901 0.08722421156
902 0.09354323452
903 0.1005786353
904 0.1084030131
905 0.1170952639
906 0.1267410031
907 0.1374330037
908 0.149271648
909 0.1623653913
910 0.1768312371
911 0.1927952214
912 0.2103929029
913 0.2297698595
914 0.2510821856
915 0.2744969881
916 0.3001928796
917 0.3283604614
918 0.3592027964
919 0.3929358643
920 0.4297889961
921 0.470005283
922 0.5138419531
923 0.5615707114
924 0.6134780364
925 0.6698654278
926 0.7310495977
927 0.7973625996
928 0.8691518876
929 0.9467802991
930 1.030625953
931 1.121082059
932 1.218556623
933 1.323472055
934 1.436264658
935 1.557383997
936 1.687292151
937 1.826462817
938 1.975380294
939 2.134538307
940 2.304438697
941 2.485589948
942 2.678505567
943 2.883702304
944 3.101698211
945 3.333010548
946 3.578153529
947 3.837635911
948 4.111958437
949 4.401611125
950 4.707070426
951 5.028796241
952 5.367228825
953 5.722785573
954 6.095857708
955 6.486806891
956 6.895961757
957 7.323614401
958 7.770016833
959 8.235377428
960 8.719857373
961 9.223567164
962 9.746563147
963 10.28884415
964 10.85034824
965 11.43094956
966 12.03045543
967 12.64860352
968 13.28505936
969 13.93941398
970 14.61118197
971 15.29979967
972 16.00462387
973 16.72493068
974 17.45991496
975 18.20868999
976 18.97028768
977 19.74365915
978 20.52767578
979 21.32113072
980 22.12274094
981 22.93114965
982 23.74492932
983 24.56258515
984 25.38255897
985 26.20323378
986 27.02293856
987 27.83995374
988 28.65251694
989 29.45882929
990 30.25706204
991 31.0453636
992 31.82186688
993 32.58469704
994 33.33197936
995 34.0618475
996 34.77245183
997 35.46196802
998 36.12860565
999 36.77061688
1000 37.38630523
1001 37.97403419
1002 38.53223579
1003 39.05941911
1004 39.55417843
1005 40.01520133
1006 40.44127637
1007 40.83130049
1008 41.18428605
1009 41.4993674
1010 41.77580705
1011 42.01300132
1012 42.21048543
1013 42.36793807
1014 42.48518539
1015 42.56220432
1016 42.59912531
1017 42.5962344
1018 42.55397465
1019 42.47294683
1020 42.3539095
1021 42.19777842
1022 42.00562521
1023 41.7786754
