#54197 2910.0039105595858693 0.0045698016661657250848 1 1301 16.000049430220818044 1024 7 1 J1713+0747 0.0000000 
0 -0.2827330159
1 -0.2827330159
2 -0.2827330159
3 -0.2827330158
4 -0.2827330158
5 -0.2827330158
6 -0.2827330158
7 -0.2827330158
8 -0.2827330158
9 -0.2827330158
10 -0.2827330158
11 -0.2827330158
12 -0.2827330158
13 -0.2827330158
14 -0.2827330158
15 -0.2827330158
16 -0.2827330158
17 -0.2827330158
18 -0.2827330158
19 -0.2827330158
20 -0.2827330158
21 -0.2827330158
22 -0.2827330158
23 -0.2827330158
24 -0.2827330158
25 -0.2827330157
26 -0.2827330157
27 -0.2827330157
28 -0.2827330156
29 -0.2827330156
30 -0.2827330155
31 -0.2827330154
32 -0.2827330153
33 -0.2827330151
34 -0.282733015
35 -0.2827330147
36 -0.2827330145
37 -0.2827330141
38 -0.2827330137
39 -0.2827330132
40 -0.2827330125
41 -0.2827330117
42 -0.2827330107
43 -0.2827330094
44 -0.2827330079
45 -0.282733006
46 -0.2827330036
47 -0.2827330007
48 -0.2827329972
49 -0.2827329928
50 -0.2827329875
51 -0.2827329809
52 -0.2827329729
53 -0.2827329631
54 -0.2827329511
55 -0.2827329364
56 -0.2827329186
57 -0.2827328968
58 -0.2827328703
59 -0.2827328382
60 -0.2827327991
61 -0.2827327517
62 -0.2827326943
63 -0.2827326248
64 -0.2827325408
65 -0.2827324394
66 -0.2827323169
67 -0.2827321694
68 -0.2827319917
69 -0.282731778
70 -0.2827315212
71 -0.282731213
72 -0.2827308435
73 -0.2827304009
74 -0.2827298714
75 -0.2827292385
76 -0.2827284828
77 -0.2827275816
78 -0.2827265078
79 -0.2827252298
80 -0.2827237104
81 -0.2827219059
82 -0.2827197649
83 -0.2827172276
84 -0.2827142235
85 -0.2827106708
86 -0.2827064736
87 -0.2827015202
88 -0.2826956805
89 -0.2826888034
90 -0.282680713
91 -0.2826712054
92 -0.2826600441
93 -0.2826469555
94 -0.2826316229
95 -0.2826136807
96 -0.2825927071
97 -0.2825682159
98 -0.2825396474
99 -0.2825063585
100 -0.2824676102
101 -0.2824225554
102 -0.2823702232
103 -0.2823095029
104 -0.2822391253
105 -0.2821576411
106 -0.2820633984
107 -0.2819545156
108 -0.2818288531
109 -0.2816839796
110 -0.281517137
111 -0.2813251994
112 -0.2811046283
113 -0.280851424
114 -0.2805610697
115 -0.2802284721
116 -0.2798478941
117 -0.2794128818
118 -0.2789161838
119 -0.278349663
120 -0.2777041995
121 -0.2769695853
122 -0.2761344082
123 -0.2751859263
124 -0.2741099312
125 -0.272890599
126 -0.27151033
127 -0.2699495735
128 -0.2681866409
129 -0.2661975021
130 -0.2639555682
131 -0.2614314573
132 -0.2585927442
133 -0.2554036925
134 -0.2518249692
135 -0.247813341
136 -0.2433213513
137 -0.2382969792
138 -0.2326832779
139 -0.2264179945
140 -0.2194331702
141 -0.2116547208
142 -0.2030019985
143 -0.1933873349
144 -0.1827155669
145 -0.1708835443
146 -0.157779623
147 -0.143283143
148 -0.1272638941
149 -0.1095815705
150 -0.09008521752
151 -0.06861267201
152 -0.04499000013
153 -0.01903093563
154 0.009463677793
155 0.04070643591
156 0.07492391073
157 0.1123571698
158 0.1532622727
159 0.1979107395
160 0.2465899846
161 0.29960371
162 0.357272252
163 0.419932872
164 0.4879399874
165 0.5616653322
166 0.6414980408
167 0.7278446471
168 0.8211289899
169 0.9217920178
170 1.030291484
171 1.147101522
172 1.2727121
173 1.407628337
174 1.552369679
175 1.707468931
176 1.873471127
177 2.050932246
178 2.240417761
179 2.442501009
180 2.6577614
181 2.886782438
182 3.130149567
183 3.388447841
184 3.662259409
185 3.95216083
186 4.258720216
187 4.582494202
188 4.924024763
189 5.283835877
190 5.66243005
191 6.060284707
192 6.477848474
193 6.915537361
194 7.373730859
195 7.852767986
196 8.352943278
197 8.874502781
198 9.417640027
199 9.982492069
200 10.56913555
201 11.17758289
202 11.80777855
203 12.45959549
204 13.13283177
205 13.8272074
206 14.54236137
207 15.27784902
208 16.03313969
209 16.8076147
210 17.60056567
211 18.41119333
212 19.2386066
213 20.08182226
214 20.93976505
215 21.81126816
216 22.69507439
217 23.58983775
218 24.49412556
219 25.4064212
220 26.32512734
221 27.24856972
222 28.17500155
223 29.1026084
224 30.02951364
225 30.95378442
226 31.87343814
227 32.78644943
228 33.69075758
229 34.58427437
230 35.46489234
231 36.33049341
232 37.17895778
233 38.00817319
234 38.81604429
235 39.60050232
236 40.35951483
237 41.09109546
238 41.79331388
239 42.46430551
240 43.10228128
241 43.70553722
242 44.27246379
243 44.80155504
244 45.29141739
245 45.74077808
246 46.14849319
247 46.5135552
248 46.83510006
249 47.11241369
250 47.34493786
251 47.53227553
252 47.67419541
253 47.77063597
254 47.82170859
255 47.82770012
256 47.78907459
257 47.7064742
258 47.58071958
259 47.4128092
260 47.2039181
261 46.9553958
262 46.66876346
263 46.34571038
264 45.98808961
265 45.59791307
266 45.17734577
267 44.72869954
268 44.25442603
269 43.75710913
270 43.23945681
271 42.70429242
272 42.15454547
273 41.59324191
274 41.02349399
275 40.44848966
276 39.87148163
277 39.29577606
278 38.72472089
279 38.16169391
280 37.61009063
281 37.07331179
282 36.55475083
283 36.05778106
284 35.58574279
285 35.14193031
286 34.72957883
287 34.35185135
288 34.01182558
289 33.71248082
290 33.45668495
291 33.24718155
292 33.08657707
293 32.97732828
294 32.9217299
295 32.92190249
296 32.97978069
297 33.09710183
298 33.27539492
299 33.51597017
300 33.81990905
301 34.18805487
302 34.62100414
303 35.11909855
304 35.68241782
305 36.31077334
306 37.00370279
307 37.76046573
308 38.58004023
309 39.46112066
310 40.40211662
311 41.40115313
312 42.45607212
313 43.56443527
314 44.72352818
315 45.93036602
316 47.18170065
317 48.47402908
318 49.80360357
319 51.16644312
320 52.5583464
321 53.97490624
322 55.4115254
323 56.86343378
324 58.32570694
325 59.79328587
326 61.26099781
327 62.7235783
328 64.17569405
329 65.61196667
330 67.0269972
331 68.41539107
332 69.77178359
333 71.09086564
334 72.36740953
335 73.59629473
336 74.77253341
337 75.89129555
338 76.94793353
339 77.93800585
340 78.85730004
341 79.70185442
342 80.46797863
343 81.15227273
344 81.75164478
345 82.26332672
346 82.68488844
347 83.01424994
348 83.24969151
349 83.38986177
350 83.43378359
351 83.38085784
352 83.23086484
353 82.98396369
354 82.64068928
355 82.20194715
356 81.66900619
357 81.04348925
358 80.32736175
359 79.52291835
360 78.63276784
361 77.65981632
362 76.60724887
363 75.47850981
364 74.27728168
365 73.00746323
366 71.67314641
367 70.27859273
368 68.82820898
369 67.32652269
370 65.77815731
371 64.18780745
372 62.56021427
373 60.90014123
374 59.2123503
375 57.50157888
376 55.77251748
377 54.02978841
378 52.27792541
379 50.52135462
380 48.76437664
381 47.01115012
382 45.26567662
383 43.53178706
384 41.81312966
385 40.11315942
386 38.43512918
387 36.78208222
388 35.15684647
389 33.56203022
390 32.00001927
391 30.47297563
392 28.98283753
393 27.53132081
394 26.11992149
395 24.74991961
396 23.42238409
397 22.13817855
398 20.89796818
399 19.70222725
400 18.5512474
401 17.4451466
402 16.3838785
403 15.36724231
404 14.39489293
405 13.46635136
406 12.58101522
407 11.73816935
408 10.93699642
409 10.17658736
410 9.455951773
411 8.774027991
412 8.129692949
413 7.521771691
414 6.949046521
415 6.410265742
416 5.904151961
417 5.429409931
418 4.984733903
419 4.568814486
420 4.180344993
421 3.81802728
422 3.480577068
423 3.166728757
424 2.875239738
425 2.604894221
426 2.354506577
427 2.122924232
428 1.909030117
429 1.711744697
430 1.530027611
431 1.362878936
432 1.209340102
433 1.068494492
434 0.9394677415
435 0.8214277639
436 0.7135845381
437 0.6151896699
438 0.5255357598
439 0.4439555975
440 0.3698212057
441 0.3025427564
442 0.2415673781
443 0.1863778746
444 0.1364913729
445 0.09145791591
446 0.05085901698
447 0.01430618928
448 -0.01856053729
449 -0.04807409982
450 -0.07454187659
451 -0.098247143
452 -0.1194505009
453 -0.1383912752
454 -0.1552888711
455 -0.1703440881
456 -0.1837403865
457 -0.1956451029
458 -0.2062106132
459 -0.2155754413
460 -0.2238653115
461 -0.2311941464
462 -0.2376650075
463 -0.2433709815
464 -0.2483960121
465 -0.2528156779
466 -0.2566979195
467 -0.2601037157
468 -0.2630877122
469 -0.2656988034
470 -0.2679806707
471 -0.2699722788
472 -0.271708332
473 -0.2732196933
474 -0.2745337685
475 -0.2756748568
476 -0.2766644707
477 -0.2775216276
478 -0.2782631143
479 -0.2789037266
480 -0.2794564863
481 -0.2799328376
482 -0.2803428228
483 -0.2806952422
484 -0.2809977955
485 -0.2812572108
486 -0.281479358
487 -0.2816693511
488 -0.2818316394
489 -0.2819700882
490 -0.2820880509
491 -0.2821884321
492 -0.2822737451
493 -0.2823461604
494 -0.2824075509
495 -0.2824595296
496 -0.2825034842
497 -0.282540607
498 -0.2825719203
499 -0.2825983004
500 -0.2826204965
501 -0.2826391489
502 -0.2826548038
503 -0.2826679264
504 -0.2826789126
505 -0.2826880988
506 -0.2826957702
507 -0.2827021687
508 -0.2827074988
509 -0.2827119334
510 -0.2827156183
511 -0.2827186765
512 -0.2827212113
513 -0.2827233098
514 -0.2827250449
515 -0.2827264777
516 -0.2827276594
517 -0.2827286328
518 -0.2827294337
519 -0.2827300917
520 -0.2827306318
521 -0.2827310744
522 -0.2827314368
523 -0.2827317331
524 -0.2827319751
525 -0.2827321724
526 -0.2827323331
527 -0.2827324639
528 -0.2827325702
529 -0.2827326564
530 -0.2827327263
531 -0.2827327829
532 -0.2827328287
533 -0.2827328656
534 -0.2827328954
535 -0.2827329194
536 -0.2827329387
537 -0.2827329542
538 -0.2827329667
539 -0.2827329767
540 -0.2827329847
541 -0.2827329911
542 -0.2827329962
543 -0.2827330003
544 -0.2827330035
545 -0.2827330061
546 -0.2827330081
547 -0.2827330098
548 -0.282733011
549 -0.2827330121
550 -0.2827330129
551 -0.2827330135
552 -0.282733014
553 -0.2827330144
554 -0.2827330147
555 -0.282733015
556 -0.2827330152
557 -0.2827330153
558 -0.2827330154
559 -0.2827330155
560 -0.2827330156
561 -0.2827330157
562 -0.2827330157
563 -0.2827330157
564 -0.2827330158
565 -0.2827330158
566 -0.2827330158
567 -0.2827330158
568 -0.2827330158
569 -0.2827330158
570 -0.2827330158
571 -0.2827330158
572 -0.2827330158
573 -0.2827330158
574 -0.2827330158
575 -0.2827330158
576 -0.2827330158
577 -0.2827330158
578 -0.2827330158
579 -0.2827330158
580 -0.2827330158
581 -0.2827330158
582 -0.2827330158
583 -0.2827330158
584 -0.2827330159
585 -0.2827330159
586 -0.2827330159
587 -0.2827330159
588 -0.2827330159
589 -0.2827330159
590 -0.2827330159
591 -0.2827330159
592 -0.2827330159
593 -0.2827330159
594 -0.2827330159
595 -0.2827330159
596 -0.2827330159
597 -0.2827330159
598 -0.2827330159
599 -0.2827330159
600 -0.2827330159
601 -0.2827330159
602 -0.2827330159
603 -0.2827330159
604 -0.2827330159
605 -0.2827330159
606 -0.2827330159
607 -0.2827330159
608 -0.2827330159
609 -0.2827330159
610 -0.2827330159
611 -0.2827330159
612 -0.2827330159
613 -0.2827330159
614 -0.2827330159
615 -0.2827330159
616 -0.2827330159
617 -0.2827330159
618 -0.2827330159
619 -0.2827330159
620 -0.2827330159
621 -0.2827330159
622 -0.2827330159
623 -0.2827330159
624 -0.2827330159
625 -0.2827330159
626 -0.2827330159
627 -0.2827330159
628 -0.2827330159
629 -0.2827330159
630 -0.2827330159
631 -0.2827330159
632 -0.2827330159
633 -0.2827330159
634 -0.2827330159
635 -0.2827330159
636 -0.2827330159
637 -0.2827330159
638 -0.2827330159
639 -0.2827330159
640 -0.2827330159
641 -0.2827330159
642 -0.2827330159
643 -0.2827330159
644 -0.2827330159
645 -0.2827330159
646 -0.2827330159
647 -0.2827330159
648 -0.2827330159
649 -0.2827330159
650 -0.2827330159
651 -0.2827330159
652 -0.2827330159
653 -0.2827330159
654 -0.2827330159
655 -0.2827330159
656 -0.2827330159
657 -0.2827330159
658 -0.2827330159
659 -0.2827330159
660 -0.2827330159
661 -0.2827330159
662 -0.2827330159
663 -0.2827330159
664 -0.2827330159
665 -0.2827330159
666 -0.2827330159
667 -0.2827330159
668 -0.2827330159
669 -0.2827330159
670 -0.2827330159
671 -0.2827330159
672 -0.2827330159
673 -0.2827330159
674 -0.2827330159
675 -0.2827330159
676 -0.2827330159
677 -0.2827330159
678 -0.2827330159
679 -0.2827330159
680 -0.2827330159
681 -0.2827330159
682 -0.2827330159
683 -0.2827330159
684 -0.2827330159
685 -0.2827330159
686 -0.2827330159
687 -0.2827330159
688 -0.2827330159
689 -0.2827330159
690 -0.2827330159
691 -0.2827330159
692 -0.2827330159
693 -0.2827330159
694 -0.2827330159
695 -0.2827330159
696 -0.2827330159
697 -0.2827330159
698 -0.2827330159
699 -0.2827330159
700 -0.2827330159
701 -0.2827330159
702 -0.2827330159
703 -0.2827330159
704 -0.2827330159
705 -0.2827330159
706 -0.2827330159
707 -0.2827330159
708 -0.2827330159
709 -0.2827330159
710 -0.2827330159
711 -0.2827330159
712 -0.2827330159
713 -0.2827330159
714 -0.2827330159
715 -0.2827330159
716 -0.2827330159
717 -0.2827330159
718 -0.2827330159
719 -0.2827330159
720 -0.2827330159
721 -0.2827330159
722 -0.2827330159
723 -0.2827330159
724 -0.2827330159
725 -0.2827330159
726 -0.2827330159
727 -0.2827330159
728 -0.2827330159
729 -0.2827330159
730 -0.2827330159
731 -0.2827330159
732 -0.2827330159
733 -0.2827330159
734 -0.2827330159
735 -0.2827330159
736 -0.2827330159
737 -0.2827330159
738 -0.2827330159
739 -0.2827330159
740 -0.2827330159
741 -0.2827330159
742 -0.2827330159
743 -0.2827330159
744 -0.2827330159
745 -0.2827330159
746 -0.2827330159
747 -0.2827330159
748 -0.2827330159
749 -0.2827330159
750 -0.2827330159
751 -0.2827330159
752 -0.2827330159
753 -0.2827330159
754 -0.2827330159
755 -0.2827330159
756 -0.2827330159
757 -0.2827330159
758 -0.2827330159
759 -0.2827330159
760 -0.2827330159
761 -0.2827330159
762 -0.2827330159
763 -0.2827330159
764 -0.2827330159
765 -0.2827330159
766 -0.2827330159
767 -0.2827330159
768 -0.2827330159
769 -0.2827330159
770 -0.2827330159
771 -0.2827330159
772 -0.2827330159
773 -0.2827330159
774 -0.2827330159
775 -0.2827330159
776 -0.2827330159
777 -0.2827330159
778 -0.2827330159
779 -0.2827330159
780 -0.2827330159
781 -0.2827330159
782 -0.2827330159
783 -0.2827330159
784 -0.2827330159
785 -0.2827330159
786 -0.2827330159
787 -0.2827330159
788 -0.2827330159
789 -0.2827330159
790 -0.2827330159
791 -0.2827330159
792 -0.2827330159
793 -0.2827330159
794 -0.2827330159
795 -0.2827330159
796 -0.2827330159
797 -0.2827330159
798 -0.2827330159
799 -0.2827330159
800 -0.2827330159
801 -0.2827330159
802 -0.2827330159
803 -0.2827330159
804 -0.2827330159
805 -0.2827330159
806 -0.2827330159
807 -0.2827330159
808 -0.2827330159
809 -0.2827330159
810 -0.2827330159
811 -0.2827330159
812 -0.2827330159
813 -0.2827330159
814 -0.2827330159
815 -0.2827330159
816 -0.2827330159
817 -0.2827330159
818 -0.2827330159
819 -0.2827330159
820 -0.2827330159
821 -0.2827330159
822 -0.2827330159
823 -0.2827330159
824 -0.2827330159
825 -0.2827330159
826 -0.2827330159
827 -0.2827330159
828 -0.2827330159
829 -0.2827330159
830 -0.2827330159
831 -0.2827330159
832 -0.2827330159
833 -0.2827330159
834 -0.2827330159
835 -0.2827330159
836 -0.2827330159
837 -0.2827330159
838 -0.2827330159
839 -0.2827330159
840 -0.2827330159
841 -0.2827330159
842 -0.2827330159
843 -0.2827330159
844 -0.2827330159
845 -0.2827330159
846 -0.2827330159
847 -0.2827330159
848 -0.2827330159
849 -0.2827330159
850 -0.2827330159
851 -0.2827330159
852 -0.2827330159
853 -0.2827330159
854 -0.2827330159
855 -0.2827330159
856 -0.2827330159
857 -0.2827330159
858 -0.2827330159
859 -0.2827330159
860 -0.2827330159
861 -0.2827330159
862 -0.2827330159
863 -0.2827330159
864 -0.2827330159
865 -0.2827330159
866 -0.2827330159
867 -0.2827330159
868 -0.2827330159
869 -0.2827330159
870 -0.2827330159
871 -0.2827330159
872 -0.2827330159
873 -0.2827330159
874 -0.2827330159
875 -0.2827330159
876 -0.2827330159
877 -0.2827330159
878 -0.2827330159
879 -0.2827330159
880 -0.2827330159
881 -0.2827330159
882 -0.2827330159
883 -0.2827330159
884 -0.2827330159
885 -0.2827330159
886 -0.2827330159
887 -0.2827330159
888 -0.2827330159
889 -0.2827330159
890 -0.2827330159
891 -0.2827330159
892 -0.2827330159
893 -0.2827330159
894 -0.2827330159
895 -0.2827330159
896 -0.2827330159
897 -0.2827330159
898 -0.2827330159
899 -0.2827330159
900 -0.2827330159
901 -0.2827330159
902 -0.2827330159
903 -0.2827330159
904 -0.2827330159
905 -0.2827330159
906 -0.2827330159
907 -0.2827330159
908 -0.2827330159
909 -0.2827330159
910 -0.2827330159
911 -0.2827330159
912 -0.2827330159
913 -0.2827330159
914 -0.2827330159
915 -0.2827330159
916 -0.2827330159
917 -0.2827330159
918 -0.2827330159
919 -0.2827330159
920 -0.2827330159
921 -0.2827330159
922 -0.2827330159
923 -0.2827330159
924 -0.2827330159
925 -0.2827330159
926 -0.2827330159
927 -0.2827330159
928 -0.2827330159
929 -0.2827330159
930 -0.2827330159
931 -0.2827330159
932 -0.2827330159
933 -0.2827330159
934 -0.2827330159
935 -0.2827330159
936 -0.2827330159
937 -0.2827330159
938 -0.2827330159
939 -0.2827330159
940 -0.2827330159
941 -0.2827330159
942 -0.2827330159
943 -0.2827330159
944 -0.2827330159
945 -0.2827330159
946 -0.2827330159
947 -0.2827330159
948 -0.2827330159
949 -0.2827330159
950 -0.2827330159
951 -0.2827330159
952 -0.2827330159
953 -0.2827330159
954 -0.2827330159
955 -0.2827330159
956 -0.2827330159
957 -0.2827330159
958 -0.2827330159
959 -0.2827330159
960 -0.2827330159
961 -0.2827330159
962 -0.2827330159
963 -0.2827330159
964 -0.2827330159
965 -0.2827330159
966 -0.2827330159
967 -0.2827330159
968 -0.2827330159
969 -0.2827330159
970 -0.2827330159
971 -0.2827330159
972 -0.2827330159
973 -0.2827330159
974 -0.2827330159
975 -0.2827330159
976 -0.2827330159
977 -0.2827330159
978 -0.2827330159
979 -0.2827330159
980 -0.2827330159
981 -0.2827330159
982 -0.2827330159
983 -0.2827330159
984 -0.2827330159
985 -0.2827330159
986 -0.2827330159
987 -0.2827330159
988 -0.2827330159
989 -0.2827330159
990 -0.2827330159
991 -0.2827330159
992 -0.2827330159
993 -0.2827330159
994 -0.2827330159
995 -0.2827330159
996 -0.2827330159
997 -0.2827330159
998 -0.2827330159
999 -0.2827330159
1000 -0.2827330159
1001 -0.2827330159
1002 -0.2827330159
1003 -0.2827330159
1004 -0.2827330159
1005 -0.2827330159
1006 -0.2827330159
1007 -0.2827330159
1008 -0.2827330159
1009 -0.2827330159
1010 -0.2827330159
1011 -0.2827330159
1012 -0.2827330159
1013 -0.2827330159
1014 -0.2827330159
1015 -0.2827330159
1016 -0.2827330159
1017 -0.2827330159
1018 -0.2827330159
1019 -0.2827330159
1020 -0.2827330159
1021 -0.2827330159
1022 -0.2827330159
1023 -0.2827330159
