#54219 2909.9995942808510854 0.0045698963749003880183 1 1253 16.000049430220818044 1024 7 1 J1713+0747 0.0000000 
0 0.0717581024
1 0.0717581024
2 0.0717581024
3 0.0717581024
4 0.0717581024
5 0.0717581024
6 0.0717581024
7 0.0717581024
8 0.0717581024
9 0.0717581024
10 0.0717581024
11 0.0717581024
12 0.0717581024
13 0.0717581024
14 0.0717581024
15 0.0717581024
16 0.0717581024
17 0.0717581024
18 0.0717581024
19 0.0717581024
20 0.0717581024
21 0.0717581024
22 0.0717581024
23 0.0717581024
24 0.0717581024
25 0.0717581024
26 0.0717581024
27 0.0717581024
28 0.0717581024
29 0.0717581024
30 0.0717581024
31 0.0717581024
32 0.0717581024
33 0.0717581024
34 0.0717581024
35 0.0717581024
36 0.0717581024
37 0.0717581024
38 0.0717581024
39 0.0717581024
40 0.0717581024
41 0.0717581024
42 0.0717581024
43 0.0717581024
44 0.0717581024
45 0.0717581024
46 0.0717581024
47 0.0717581024
48 0.0717581024
49 0.0717581024
50 0.0717581024
51 0.0717581024
52 0.0717581024
53 0.0717581024
54 0.0717581024
55 0.0717581024
56 0.0717581024
57 0.0717581024
58 0.0717581024
59 0.0717581024
60 0.0717581024
61 0.0717581024
62 0.0717581024
63 0.0717581024
64 0.0717581024
65 0.0717581024
66 0.0717581024
67 0.0717581024
68 0.0717581024
69 0.0717581024
70 0.0717581024
71 0.0717581024
72 0.0717581024
73 0.0717581024
74 0.0717581024
75 0.0717581024
76 0.0717581024
77 0.0717581024
78 0.0717581024
79 0.0717581024
80 0.0717581024
81 0.0717581024
82 0.0717581024
83 0.0717581024
84 0.0717581024
85 0.0717581024
86 0.0717581024
87 0.0717581024
88 0.0717581024
89 0.0717581024
90 0.0717581024
91 0.0717581024
92 0.0717581024
93 0.0717581024
94 0.0717581024
95 0.0717581024
96 0.0717581024
97 0.0717581024
98 0.0717581024
99 0.0717581024
100 0.0717581024
101 0.0717581024
102 0.0717581024
103 0.0717581024
104 0.0717581024
105 0.0717581024
106 0.0717581024
107 0.0717581024
108 0.0717581024
109 0.0717581024
110 0.0717581024
111 0.0717581024
112 0.0717581024
113 0.0717581024
114 0.0717581024
115 0.0717581024
116 0.0717581024
117 0.0717581024
118 0.0717581024
119 0.0717581024
120 0.0717581024
121 0.0717581024
122 0.0717581024
123 0.0717581024
124 0.0717581024
125 0.0717581024
126 0.0717581024
127 0.0717581024
128 0.0717581024
129 0.0717581024
130 0.0717581024
131 0.0717581024
132 0.0717581024
133 0.0717581024
134 0.0717581024
135 0.0717581024
136 0.0717581024
137 0.0717581024
138 0.0717581024
139 0.0717581024
140 0.0717581024
141 0.0717581024
142 0.0717581024
143 0.0717581024
144 0.0717581024
145 0.0717581024
146 0.0717581024
147 0.0717581024
148 0.0717581024
149 0.0717581024
150 0.0717581024
151 0.0717581024
152 0.0717581024
153 0.0717581024
154 0.0717581024
155 0.0717581024
156 0.0717581024
157 0.0717581024
158 0.0717581024
159 0.0717581024
160 0.0717581024
161 0.0717581024
162 0.0717581024
163 0.0717581024
164 0.0717581024
165 0.0717581024
166 0.0717581024
167 0.0717581024
168 0.0717581024
169 0.0717581024
170 0.0717581024
171 0.0717581024
172 0.0717581024
173 0.0717581024
174 0.0717581024
175 0.0717581024
176 0.0717581024
177 0.0717581024
178 0.0717581024
179 0.0717581024
180 0.0717581024
181 0.0717581024
182 0.0717581024
183 0.0717581024
184 0.0717581024
185 0.0717581024
186 0.0717581024
187 0.0717581024
188 0.0717581024
189 0.0717581024
190 0.0717581024
191 0.0717581024
192 0.0717581024
193 0.0717581024
194 0.0717581024
195 0.0717581024
196 0.0717581024
197 0.0717581024
198 0.0717581024
199 0.0717581024
200 0.0717581024
201 0.0717581024
202 0.0717581024
203 0.0717581024
204 0.0717581024
205 0.0717581024
206 0.0717581024
207 0.0717581024
208 0.0717581024
209 0.0717581024
210 0.0717581024
211 0.0717581024
212 0.0717581024
213 0.0717581024
214 0.0717581024
215 0.0717581024
216 0.0717581024
217 0.0717581024
218 0.0717581024
219 0.0717581024
220 0.0717581024
221 0.0717581024
222 0.0717581024
223 0.0717581024
224 0.0717581024
225 0.0717581024
226 0.0717581024
227 0.0717581024
228 0.0717581024
229 0.0717581024
230 0.0717581024
231 0.0717581024
232 0.0717581024
233 0.0717581024
234 0.0717581024
235 0.0717581024
236 0.0717581024
237 0.0717581024
238 0.0717581024
239 0.0717581024
240 0.0717581024
241 0.0717581024
242 0.0717581024
243 0.0717581024
244 0.0717581024
245 0.0717581024
246 0.0717581024
247 0.0717581024
248 0.0717581024
249 0.0717581024
250 0.0717581024
251 0.0717581024
252 0.0717581024
253 0.0717581024
254 0.0717581024
255 0.0717581024
256 0.0717581024
257 0.0717581024
258 0.0717581024
259 0.0717581024
260 0.0717581024
261 0.0717581024
262 0.0717581024
263 0.0717581024
264 0.0717581024
265 0.0717581024
266 0.0717581024
267 0.0717581024
268 0.0717581024
269 0.0717581024
270 0.0717581024
271 0.0717581024
272 0.0717581024
273 0.0717581024
274 0.0717581024
275 0.0717581024
276 0.0717581024
277 0.0717581024
278 0.0717581024
279 0.0717581024
280 0.0717581024
281 0.0717581024
282 0.0717581024
283 0.0717581024
284 0.0717581024
285 0.0717581024
286 0.0717581024
287 0.0717581024
288 0.0717581024
289 0.0717581024
290 0.0717581024
291 0.0717581024
292 0.0717581024
293 0.0717581024
294 0.0717581024
295 0.0717581024
296 0.0717581024
297 0.0717581024
298 0.0717581024
299 0.0717581024
300 0.0717581024
301 0.0717581024
302 0.0717581024
303 0.0717581024
304 0.0717581024
305 0.0717581024
306 0.0717581024
307 0.0717581024
308 0.0717581024
309 0.0717581024
310 0.0717581024
311 0.0717581024
312 0.0717581024
313 0.0717581024
314 0.0717581024
315 0.0717581024
316 0.0717581024
317 0.0717581024
318 0.0717581024
319 0.0717581024
320 0.0717581024
321 0.0717581024
322 0.0717581024
323 0.0717581024
324 0.0717581024
325 0.0717581024
326 0.0717581024
327 0.0717581024
328 0.0717581024
329 0.0717581024
330 0.0717581024
331 0.0717581024
332 0.0717581024
333 0.0717581024
334 0.0717581024
335 0.0717581024
336 0.0717581024
337 0.0717581024
338 0.0717581024
339 0.0717581024
340 0.0717581024
341 0.0717581024
342 0.0717581024
343 0.0717581024
344 0.0717581024
345 0.0717581024
346 0.0717581024
347 0.0717581024
348 0.0717581024
349 0.0717581024
350 0.0717581024
351 0.0717581024
352 0.0717581024
353 0.0717581024
354 0.0717581024
355 0.0717581024
356 0.0717581024
357 0.0717581024
358 0.0717581024
359 0.0717581024
360 0.0717581024
361 0.07175810241
362 0.07175810241
363 0.07175810241
364 0.07175810242
365 0.07175810242
366 0.07175810243
367 0.07175810244
368 0.07175810245
369 0.07175810247
370 0.07175810249
371 0.07175810251
372 0.07175810254
373 0.07175810258
374 0.07175810263
375 0.07175810269
376 0.07175810277
377 0.07175810286
378 0.07175810298
379 0.07175810313
380 0.07175810331
381 0.07175810355
382 0.07175810383
383 0.07175810419
384 0.07175810464
385 0.07175810519
386 0.07175810587
387 0.07175810672
388 0.07175810777
389 0.07175810906
390 0.07175811066
391 0.07175811264
392 0.07175811507
393 0.07175811806
394 0.07175812174
395 0.07175812626
396 0.07175813181
397 0.07175813861
398 0.07175814693
399 0.07175815712
400 0.07175816956
401 0.07175818475
402 0.07175820327
403 0.07175822583
404 0.07175825328
405 0.07175828665
406 0.07175832716
407 0.07175837631
408 0.07175843586
409 0.07175850794
410 0.07175859509
411 0.07175870037
412 0.07175882739
413 0.07175898051
414 0.07175916487
415 0.07175938663
416 0.07175965308
417 0.07175997291
418 0.0717603564
419 0.07176081573
420 0.07176136532
421 0.07176202223
422 0.07176280658
423 0.07176374211
424 0.07176485677
425 0.07176618348
426 0.0717677609
427 0.07176963443
428 0.07177185732
429 0.07177449193
430 0.0717776112
431 0.0717813004
432 0.07178565906
433 0.07179080322
434 0.07179686801
435 0.07180401062
436 0.07181241372
437 0.07182228926
438 0.07183388297
439 0.07184747936
440 0.07186340746
441 0.07188204736
442 0.07190383759
443 0.07192928356
444 0.07195896701
445 0.07199355682
446 0.0720338211
447 0.07208064089
448 0.07213502557
449 0.07219813015
450 0.07227127476
451 0.07235596639
452 0.07245392333
453 0.07256710242
454 0.0726977295
455 0.0728483333
456 0.07302178321
457 0.07322133123
458 0.07345065846
459 0.07371392665
460 0.07401583521
461 0.07436168412
462 0.07475744336
463 0.0752098292
464 0.07572638821
465 0.07631558928
466 0.07698692446
467 0.07775101924
468 0.07861975289
469 0.07960638961
470 0.08072572114
471 0.08199422165
472 0.08343021559
473 0.08505405927
474 0.08688833685
475 0.08895807166
476 0.09129095339
477 0.09391758196
478 0.09687172876
479 0.1001906159
480 0.1039152139
481 0.108090559
482 0.1127660891
483 0.1179960007
484 0.1238396255
485 0.1303618272
486 0.1376334192
487 0.1457316022
488 0.1547404218
489 0.1647512452
490 0.1758632572
491 0.1881839736
492 0.2018297711
493 0.2169264322
494 0.2336097041
495 0.2520258682
496 0.2723323186
497 0.2946981475
498 0.3193047326
499 0.346346325
500 0.3760306329
501 0.4085793963
502 0.4442289496
503 0.483230765
504 0.5258519735
505 0.572375856
506 0.6231022985
507 0.6783482063
508 0.7384478673
509 0.8037532606
510 0.8746342996
511 0.9514790037
512 1.03469359
513 1.124702475
514 1.221948181
515 1.326891139
516 1.440009369
517 1.561798048
518 1.692768939
519 1.833449688
520 1.984382965
521 2.146125459
522 2.319246702
523 2.50432774
524 2.70195961
525 2.912741658
526 3.137279663
527 3.376183779
528 3.630066292
529 3.899539184
530 4.18521152
531 4.487686643
532 4.80755919
533 5.145411935
534 5.501812468
535 5.877309707
536 6.27243027
537 6.68767471
538 7.123513626
539 7.580383678
540 8.05868351
541 8.55876961
542 9.080952124
543 9.625490662
544 10.19259009
545 10.78239638
546 11.39499249
547 12.03039439
548 12.68854712
549 13.36932109
550 14.07250854
551 14.7978202
552 15.54488218
553 16.31323324
554 17.10232225
555 17.91150614
556 18.74004806
557 19.58711616
558 20.45178259
559 21.33302315
560 22.22971731
561 23.14064882
562 24.06450679
563 24.99988738
564 25.94529598
565 26.89915005
566 27.85978248
567 28.82544551
568 29.79431532
569 30.7644971
570 31.73403073
571 32.70089702
572 33.66302444
573 34.6182964
574 35.56455899
575 36.49962919
576 37.42130347
577 38.32736679
578 39.21560191
579 40.08379904
580 40.92976567
581 41.75133667
582 42.5463844
583 43.31282905
584 44.04864892
585 44.75189065
586 45.42067944
587 46.05322905
588 46.64785159
589 47.20296713
590 47.71711287
591 48.18895199
592 48.61728209
593 49.00104311
594 49.33932474
595 49.63137322
596 49.87659757
597 50.07457517
598 50.22505656
599 50.32796966
600 50.38342315
601 50.39170909
602 50.35330483
603 50.26887403
604 50.13926697
605 49.96551999
606 49.74885417
607 49.49067319
608 49.19256041
609 48.85627519
610 48.48374842
611 48.07707733
612 47.6385196
613 47.17048674
614 46.67553681
615 46.15636656
616 45.6158029
617 45.05679379
618 44.48239868
619 43.89577831
620 43.30018418
621 42.69894742
622 42.09546741
623 41.49319994
624 40.89564503
625 40.30633447
626 39.72881914
627 39.16665595
628 38.62339472
629 38.10256483
630 37.60766171
631 37.14213324
632 36.70936612
633 36.31267209
634 35.95527428
635 35.64029348
636 35.37073454
637 35.14947285
638 34.97924099
639 34.86261552
640 34.80200405
641 34.7996326
642 34.85753325
643 34.9775322
644 35.16123827
645 35.41003188
646 35.72505464
647 36.1071995
648 36.55710163
649 37.07513002
650 37.66137999
651 38.31566647
652 39.03751832
653 39.82617369
654 40.68057647
655 41.59937387
656 42.58091528
657 43.62325244
658 44.72414086
659 45.88104281
660 47.09113158
661 48.35129733
662 49.65815444
663 51.00805038
664 52.39707612
665 53.82107808
666 55.2756717
667 56.75625635
668 58.25803194
669 59.77601676
670 61.3050668
671 62.83989639
672 64.37509994
673 65.90517493
674 67.42454579
675 68.92758873
676 70.40865729
677 71.86210848
678 73.28232942
679 74.66376418
680 76.00094085
681 77.28849843
682 78.52121357
683 79.69402688
684 80.80206863
685 81.84068362
686 82.80545522
687 83.69222811
688 84.49712989
689 85.21659105
690 85.8473635
691 86.38653719
692 86.83155497
693 87.18022538
694 87.43073333
695 87.58164869
696 87.63193254
697 87.58094118
698 87.42842779
699 87.17454178
700 86.81982577
701 86.36521035
702 85.81200652
703 85.16189594
704 84.41691912
705 83.57946157
706 82.65223807
707 81.63827517
708 80.54089204
709 79.36367991
710 78.11048014
711 76.78536125
712 75.39259486
713 73.93663103
714 72.42207286
715 70.85365085
716 69.23619694
717 67.5746186
718 65.87387311
719 64.13894213
720 62.37480682
721 60.58642368
722 58.77870115
723 56.95647727
724 55.12449834
725 53.28739892
726 51.44968311
727 49.61570718
728 47.78966379
729 45.97556769
730 44.17724305
731 42.39831239
732 40.64218715
733 38.91205992
734 37.21089824
735 35.54144009
736 33.90619088
737 32.30742194
738 30.74717054
739 29.22724125
740 27.7492086
741 26.31442101
742 24.92400585
743 23.5788755
744 22.27973444
745 21.02708714
746 19.82124666
747 18.66234399
748 17.55033785
749 16.48502495
750 15.46605063
751 14.49291967
752 13.56500739
753 12.68157061
754 11.84175886
755 11.04462524
756 10.2891373
757 9.574187651
758 8.898604203
759 8.261160193
760 7.660583751
761 7.09556706
762 6.564775064
763 6.06685369
764 5.600437562
765 5.164157194
766 4.756645658
767 4.376544708
768 4.022510369
769 3.693217998
770 3.387366819
771 3.103683937
772 2.84092787
773 2.597891584
774 2.373405078
775 2.166337528
776 1.975599017
777 1.800141872
778 1.638961639
779 1.491097721
780 1.355633707
781 1.23169741
782 1.118460651
783 1.015138818
784 0.9209902049
785 0.8353151798
786 0.757455192
787 0.6867916423
788 0.6227446405
789 0.564771669
790 0.5123661711
791 0.4650560817
792 0.4224023166
793 0.3839972354
794 0.3494630902
795 0.318450474
796 0.2906367782
797 0.2657246684
798 0.2434405885
799 0.2235332982
800 0.2057724516
801 0.1899472208
802 0.1758649691
803 0.1633499775
804 0.1522422253
805 0.1423962289
806 0.1336799377
807 0.1259736887
808 0.1191692195
809 0.1131687392
810 0.107884056
811 0.1032357611
812 0.09915246594
813 0.09557009277
814 0.09243121511
815 0.08968444686
816 0.08728387756
817 0.0851885516
818 0.08336198897
819 0.08177174534
820 0.08038900904
821 0.07918823265
822 0.07814679696
823 0.07724470511
824 0.07646430471
825 0.07579003591
826 0.0752082035
827 0.07470677105
828 0.07427517541
829 0.07390415984
830 0.07358562419
831 0.07331249054
832 0.07307858316
833 0.07287852115
834 0.07270762291
835 0.07256182101
836 0.07243758663
837 0.07233186262
838 0.07224200414
839 0.07216572627
840 0.07210105787
841 0.07204630079
842 0.07199999415
843 0.07196088293
844 0.07192789045
845 0.07190009434
846 0.07187670548
847 0.07185704969
848 0.07184055181
849 0.0718267218
850 0.07181514271
851 0.07180546032
852 0.07179737404
853 0.07179062918
854 0.07178501024
855 0.07178033511
856 0.07177645009
857 0.07177322569
858 0.0717705529
859 0.07176834012
860 0.07176651044
861 0.07176499944
862 0.07176375315
863 0.07176272647
864 0.07176188177
865 0.07176118764
866 0.07176061797
867 0.071760151
868 0.0717597687
869 0.07175945612
870 0.07175920084
871 0.07175899263
872 0.07175882301
873 0.07175868501
874 0.07175857286
875 0.07175848185
876 0.07175840807
877 0.07175834834
878 0.07175830004
879 0.07175826104
880 0.07175822958
881 0.07175820423
882 0.07175818384
883 0.07175816745
884 0.0717581543
885 0.07175814376
886 0.07175813532
887 0.07175812857
888 0.07175812317
889 0.07175811887
890 0.07175811545
891 0.07175811272
892 0.07175811055
893 0.07175810883
894 0.07175810747
895 0.07175810639
896 0.07175810554
897 0.07175810486
898 0.07175810433
899 0.07175810391
900 0.07175810358
901 0.07175810332
902 0.07175810312
903 0.07175810296
904 0.07175810284
905 0.07175810274
906 0.07175810266
907 0.0717581026
908 0.07175810256
909 0.07175810252
910 0.07175810249
911 0.07175810247
912 0.07175810245
913 0.07175810244
914 0.07175810243
915 0.07175810242
916 0.07175810242
917 0.07175810241
918 0.07175810241
919 0.07175810241
920 0.0717581024
921 0.0717581024
922 0.0717581024
923 0.0717581024
924 0.0717581024
925 0.0717581024
926 0.0717581024
927 0.0717581024
928 0.0717581024
929 0.0717581024
930 0.0717581024
931 0.0717581024
932 0.0717581024
933 0.0717581024
934 0.0717581024
935 0.0717581024
936 0.0717581024
937 0.0717581024
938 0.0717581024
939 0.0717581024
940 0.0717581024
941 0.0717581024
942 0.0717581024
943 0.0717581024
944 0.0717581024
945 0.0717581024
946 0.0717581024
947 0.0717581024
948 0.0717581024
949 0.0717581024
950 0.0717581024
951 0.0717581024
952 0.0717581024
953 0.0717581024
954 0.0717581024
955 0.0717581024
956 0.0717581024
957 0.0717581024
958 0.0717581024
959 0.0717581024
960 0.0717581024
961 0.0717581024
962 0.0717581024
963 0.0717581024
964 0.0717581024
965 0.0717581024
966 0.0717581024
967 0.0717581024
968 0.0717581024
969 0.0717581024
970 0.0717581024
971 0.0717581024
972 0.0717581024
973 0.0717581024
974 0.0717581024
975 0.0717581024
976 0.0717581024
977 0.0717581024
978 0.0717581024
979 0.0717581024
980 0.0717581024
981 0.0717581024
982 0.0717581024
983 0.0717581024
984 0.0717581024
985 0.0717581024
986 0.0717581024
987 0.0717581024
988 0.0717581024
989 0.0717581024
990 0.0717581024
991 0.0717581024
992 0.0717581024
993 0.0717581024
994 0.0717581024
995 0.0717581024
996 0.0717581024
997 0.0717581024
998 0.0717581024
999 0.0717581024
1000 0.0717581024
1001 0.0717581024
1002 0.0717581024
1003 0.0717581024
1004 0.0717581024
1005 0.0717581024
1006 0.0717581024
1007 0.0717581024
1008 0.0717581024
1009 0.0717581024
1010 0.0717581024
1011 0.0717581024
1012 0.0717581024
1013 0.0717581024
1014 0.0717581024
1015 0.0717581024
1016 0.0717581024
1017 0.0717581024
1018 0.0717581024
1019 0.0717581024
1020 0.0717581024
1021 0.0717581024
1022 0.0717581024
1023 0.0717581024
