#54153 2910.0034485524578747 0.0045697590627975922736 1 1477 16.000049430220818044 1024 7 1 J1713+0747 0.0000000 
0 1.083541773
1 1.156025078
2 1.234392865
3 1.319025104
4 1.410316819
5 1.508677795
6 1.614532158
7 1.728317857
8 1.85048602
9 1.981500182
10 2.121835382
11 2.271977121
12 2.432420175
13 2.603667261
14 2.78622755
15 2.980615026
16 3.187346683
17 3.406940574
18 3.639913687
19 3.886779678
20 4.148046441
21 4.424213529
22 4.715769433
23 5.023188715
24 5.346929014
25 5.687427937
26 6.045099829
27 6.420332453
28 6.813483589
29 7.224877561
30 7.654801725
31 8.103502917
32 8.571183897
33 9.057999815
34 9.564054697
35 10.08939801
36 10.63402129
37 11.19785493
38 11.78076503
39 12.3825505
40 13.00294032
41 13.64159099
42 14.29808429
43 14.97192529
44 15.66254068
45 16.3692774
46 17.09140165
47 17.82809832
48 18.57847072
49 19.34154084
50 20.11624997
51 20.90145986
52 21.69595425
53 22.49844094
54 23.30755435
55 24.12185856
56 24.93985082
57 25.75996556
58 26.58057893
59 27.40001374
60 28.21654489
61 29.02840526
62 29.83379202
63 30.63087329
64 31.41779527
65 32.19268957
66 32.95368099
67 33.69889549
68 34.42646839
69 35.1345528
70 35.82132813
71 36.4850088
72 37.12385289
73 37.73617088
74 38.32033426
75 38.87478417
76 39.39803973
77 39.88870633
78 40.34548359
79 40.76717301
80 41.15268539
81 41.50104776
82 41.81140991
83 42.08305052
84 42.3153827
85 42.50795909
86 42.66047628
87 42.77277877
88 42.84486221
89 42.87687604
90 42.86912551
91 42.82207298
92 42.73633857
93 42.61270019
94 42.45209274
95 42.25560683
96 42.02448665
97 41.76012731
98 41.46407144
99 41.13800519
100 40.78375364
101 40.40327555
102 39.99865757
103 39.57210792
104 39.12594947
105 38.66261239
106 38.18462627
107 37.69461184
108 37.19527225
109 36.68938394
110 36.17978716
111 35.6693762
112 35.16108925
113 34.65789805
114 34.1627972
115 33.67879337
116 33.20889424
117 32.75609729
118 32.32337845
119 31.9136807
120 31.52990246
121 31.17488612
122 30.85140633
123 30.56215847
124 30.30974707
125 30.09667432
126 29.92532869
127 29.79797367
128 29.71673669
129 29.68359825
130 29.70038135
131 29.76874113
132 29.89015492
133 30.06591268
134 30.29710782
135 30.58462859
136 30.92914999
137 31.33112622
138 31.79078394
139 32.30811606
140 32.88287649
141 33.51457557
142 34.20247654
143 34.94559284
144 35.74268649
145 36.59226753
146 37.49259454
147 38.44167634
148 39.4372749
149 40.47690947
150 41.55786197
151 42.6771837
152 43.83170332
153 45.01803614
154 46.23259475
155 47.47160089
156 48.73109865
157 50.00696888
158 51.29494477
159 52.59062857
160 53.88950949
161 55.1869824
162 56.47836762
163 57.75893144
164 59.0239073
165 60.26851768
166 61.48799634
167 62.67761094
168 63.83268582
169 64.94862487
170 66.02093426
171 67.04524493
172 68.01733463
173 68.93314948
174 69.78882472
175 70.58070468
176 71.30536164
177 71.95961363
178 72.54054088
179 73.04550091
180 73.47214204
181 73.8184153
182 74.08258462
183 74.26323523
184 74.35928013
185 74.36996474
186 74.2948695
187 74.13391059
188 73.88733863
189 73.55573539
190 73.14000865
191 72.64138508
192 72.06140138
193 71.4018936
194 70.66498484
195 69.85307136
196 68.96880726
197 68.0150878
198 66.99503159
199 65.91196167
200 64.76938574
201 63.57097559
202 62.32054598
203 61.02203308
204 59.67947267
205 58.29697814
206 56.87871866
207 55.42889748
208 53.95173056
209 52.45142578
210 50.93216269
211 49.39807305
212 47.85322223
213 46.3015916
214 44.74706197
215 43.19339818
216 41.64423492
217 40.10306384
218 38.57322196
219 37.05788143
220 35.56004071
221 34.08251713
222 32.62794077
223 31.19874979
224 29.79718709
225 28.4252982
226 27.08493055
227 25.77773386
228 24.50516174
229 23.26847437
230 22.06874213
231 20.90685023
232 19.78350422
233 18.69923616
234 17.65441159
235 16.64923703
236 15.68376803
237 14.75791763
238 13.87146514
239 13.02406523
240 12.21525716
241 11.44447414
242 10.71105266
243 10.01424193
244 9.35321301
245 8.72706798
246 8.134848776
247 7.575545815
248 7.048106314
249 6.551442265
250 6.084438043
251 5.645957623
252 5.234851373
253 4.849962419
254 4.490132562
255 4.154207751
256 3.841043087
257 3.549507393
258 3.27848732
259 3.026891022
260 2.793651398
261 2.577728917
262 2.378114045
263 2.193829293
264 2.02393089
265 1.867510126
266 1.723694363
267 1.591647757
268 1.470571688
269 1.359704952
270 1.258323708
271 1.165741221
272 1.081307416
273 1.004408268
274 0.9344650414
275 0.870933403
276 0.8133024333
277 0.7610935418
278 0.713859311
279 0.6711822833
280 0.6326737029
281 0.5979722287
282 0.5667426284
283 0.5386744649
284 0.5134807859
285 0.4908968243
286 0.4706787165
287 0.4526022476
288 0.4364616266
289 0.4220682973
290 0.4092497902
291 0.3978486161
292 0.3877212058
293 0.3787368974
294 0.3707769713
295 0.3637337353
296 0.3575096585
297 0.3520165548
298 0.3471748153
299 0.3429126875
300 0.3391656028
301 0.335875548
302 0.3329904807
303 0.3304637878
304 0.3282537828
305 0.3263232427
306 0.3246389805
307 0.3231714524
308 0.3218943979
309 0.3207845098
310 0.3198211328
311 0.3189859896
312 0.3182629303
313 0.3176377067
314 0.3170977663
315 0.3166320668
316 0.3162309088
317 0.3158857846
318 0.3155892427
319 0.3153347662
320 0.3151166638
321 0.314929972
322 0.3147703687
323 0.3146340953
324 0.3145178881
325 0.3144189171
326 0.3143347318
327 0.3142632133
328 0.3142025321
329 0.3141511105
330 0.3141075904
331 0.3140708037
332 0.3140397477
333 0.3140135625
334 0.3139915117
335 0.3139729659
336 0.3139573875
337 0.3139443179
338 0.313933367
339 0.3139242026
340 0.313916543
341 0.313910149
342 0.3139048182
343 0.3139003793
344 0.3138966877
345 0.3138936214
346 0.3138910777
347 0.3138889702
348 0.3138872262
349 0.3138857848
350 0.313884595
351 0.3138836141
352 0.3138828064
353 0.3138821422
354 0.3138815966
355 0.313881149
356 0.3138807824
357 0.3138804823
358 0.3138802371
359 0.3138800369
360 0.3138798737
361 0.3138797408
362 0.3138796328
363 0.313879545
364 0.3138794738
365 0.3138794161
366 0.3138793694
367 0.3138793317
368 0.3138793012
369 0.3138792767
370 0.3138792569
371 0.313879241
372 0.3138792282
373 0.313879218
374 0.3138792097
375 0.3138792032
376 0.3138791979
377 0.3138791937
378 0.3138791904
379 0.3138791877
380 0.3138791856
381 0.3138791839
382 0.3138791826
383 0.3138791815
384 0.3138791807
385 0.31387918
386 0.3138791795
387 0.3138791791
388 0.3138791788
389 0.3138791785
390 0.3138791783
391 0.3138791782
392 0.313879178
393 0.3138791779
394 0.3138791779
395 0.3138791778
396 0.3138791778
397 0.3138791777
398 0.3138791777
399 0.3138791777
400 0.3138791777
401 0.3138791776
402 0.3138791776
403 0.3138791776
404 0.3138791776
405 0.3138791776
406 0.3138791776
407 0.3138791776
408 0.3138791776
409 0.3138791776
410 0.3138791776
411 0.3138791776
412 0.3138791776
413 0.3138791776
414 0.3138791776
415 0.3138791776
416 0.3138791776
417 0.3138791776
418 0.3138791776
419 0.3138791776
420 0.3138791776
421 0.3138791776
422 0.3138791776
423 0.3138791776
424 0.3138791776
425 0.3138791776
426 0.3138791776
427 0.3138791776
428 0.3138791776
429 0.3138791776
430 0.3138791776
431 0.3138791776
432 0.3138791776
433 0.3138791776
434 0.3138791776
435 0.3138791776
436 0.3138791776
437 0.3138791776
438 0.3138791776
439 0.3138791776
440 0.3138791776
441 0.3138791776
442 0.3138791776
443 0.3138791776
444 0.3138791776
445 0.3138791776
446 0.3138791776
447 0.3138791776
448 0.3138791776
449 0.3138791776
450 0.3138791776
451 0.3138791776
452 0.3138791776
453 0.3138791776
454 0.3138791776
455 0.3138791776
456 0.3138791776
457 0.3138791776
458 0.3138791776
459 0.3138791776
460 0.3138791776
461 0.3138791776
462 0.3138791776
463 0.3138791776
464 0.3138791776
465 0.3138791776
466 0.3138791776
467 0.3138791776
468 0.3138791776
469 0.3138791776
470 0.3138791776
471 0.3138791776
472 0.3138791776
473 0.3138791776
474 0.3138791776
475 0.3138791776
476 0.3138791776
477 0.3138791776
478 0.3138791776
479 0.3138791776
480 0.3138791776
481 0.3138791776
482 0.3138791776
483 0.3138791776
484 0.3138791776
485 0.3138791776
486 0.3138791776
487 0.3138791776
488 0.3138791776
489 0.3138791776
490 0.3138791776
491 0.3138791776
492 0.3138791776
493 0.3138791776
494 0.3138791776
495 0.3138791776
496 0.3138791776
497 0.3138791776
498 0.3138791776
499 0.3138791776
500 0.3138791776
501 0.3138791776
502 0.3138791776
503 0.3138791776
504 0.3138791776
505 0.3138791776
506 0.3138791776
507 0.3138791776
508 0.3138791776
509 0.3138791776
510 0.3138791776
511 0.3138791776
512 0.3138791776
513 0.3138791776
514 0.3138791776
515 0.3138791776
516 0.3138791776
517 0.3138791776
518 0.3138791776
519 0.3138791776
520 0.3138791776
521 0.3138791776
522 0.3138791776
523 0.3138791776
524 0.3138791776
525 0.3138791776
526 0.3138791776
527 0.3138791776
528 0.3138791776
529 0.3138791776
530 0.3138791776
531 0.3138791776
532 0.3138791776
533 0.3138791776
534 0.3138791776
535 0.3138791776
536 0.3138791776
537 0.3138791776
538 0.3138791776
539 0.3138791776
540 0.3138791776
541 0.3138791776
542 0.3138791776
543 0.3138791776
544 0.3138791776
545 0.3138791776
546 0.3138791776
547 0.3138791776
548 0.3138791776
549 0.3138791776
550 0.3138791776
551 0.3138791776
552 0.3138791776
553 0.3138791776
554 0.3138791776
555 0.3138791776
556 0.3138791776
557 0.3138791776
558 0.3138791776
559 0.3138791776
560 0.3138791776
561 0.3138791776
562 0.3138791776
563 0.3138791776
564 0.3138791776
565 0.3138791776
566 0.3138791776
567 0.3138791776
568 0.3138791776
569 0.3138791776
570 0.3138791776
571 0.3138791776
572 0.3138791776
573 0.3138791776
574 0.3138791776
575 0.3138791776
576 0.3138791776
577 0.3138791776
578 0.3138791776
579 0.3138791776
580 0.3138791776
581 0.3138791776
582 0.3138791776
583 0.3138791776
584 0.3138791776
585 0.3138791776
586 0.3138791776
587 0.3138791776
588 0.3138791776
589 0.3138791776
590 0.3138791776
591 0.3138791776
592 0.3138791776
593 0.3138791776
594 0.3138791776
595 0.3138791776
596 0.3138791776
597 0.3138791776
598 0.3138791776
599 0.3138791776
600 0.3138791776
601 0.3138791776
602 0.3138791776
603 0.3138791776
604 0.3138791776
605 0.3138791776
606 0.3138791776
607 0.3138791776
608 0.3138791776
609 0.3138791776
610 0.3138791776
611 0.3138791776
612 0.3138791776
613 0.3138791776
614 0.3138791776
615 0.3138791776
616 0.3138791776
617 0.3138791776
618 0.3138791776
619 0.3138791776
620 0.3138791776
621 0.3138791776
622 0.3138791776
623 0.3138791776
624 0.3138791776
625 0.3138791776
626 0.3138791776
627 0.3138791776
628 0.3138791776
629 0.3138791776
630 0.3138791776
631 0.3138791776
632 0.3138791776
633 0.3138791776
634 0.3138791776
635 0.3138791776
636 0.3138791776
637 0.3138791776
638 0.3138791776
639 0.3138791776
640 0.3138791776
641 0.3138791776
642 0.3138791776
643 0.3138791776
644 0.3138791776
645 0.3138791776
646 0.3138791776
647 0.3138791776
648 0.3138791776
649 0.3138791776
650 0.3138791776
651 0.3138791776
652 0.3138791776
653 0.3138791776
654 0.3138791776
655 0.3138791776
656 0.3138791776
657 0.3138791776
658 0.3138791776
659 0.3138791776
660 0.3138791776
661 0.3138791776
662 0.3138791776
663 0.3138791776
664 0.3138791776
665 0.3138791776
666 0.3138791776
667 0.3138791776
668 0.3138791776
669 0.3138791776
670 0.3138791776
671 0.3138791776
672 0.3138791776
673 0.3138791776
674 0.3138791776
675 0.3138791776
676 0.3138791776
677 0.3138791776
678 0.3138791776
679 0.3138791776
680 0.3138791776
681 0.3138791776
682 0.3138791776
683 0.3138791776
684 0.3138791776
685 0.3138791776
686 0.3138791776
687 0.3138791776
688 0.3138791776
689 0.3138791776
690 0.3138791776
691 0.3138791776
692 0.3138791776
693 0.3138791776
694 0.3138791776
695 0.3138791776
696 0.3138791776
697 0.3138791776
698 0.3138791776
699 0.3138791776
700 0.3138791776
701 0.3138791776
702 0.3138791776
703 0.3138791776
704 0.3138791776
705 0.3138791776
706 0.3138791776
707 0.3138791776
708 0.3138791776
709 0.3138791776
710 0.3138791776
711 0.3138791776
712 0.3138791776
713 0.3138791776
714 0.3138791776
715 0.3138791776
716 0.3138791776
717 0.3138791776
718 0.3138791776
719 0.3138791776
720 0.3138791776
721 0.3138791776
722 0.3138791776
723 0.3138791776
724 0.3138791776
725 0.3138791776
726 0.3138791776
727 0.3138791776
728 0.3138791776
729 0.3138791776
730 0.3138791776
731 0.3138791776
732 0.3138791776
733 0.3138791776
734 0.3138791776
735 0.3138791776
736 0.3138791776
737 0.3138791776
738 0.3138791776
739 0.3138791776
740 0.3138791776
741 0.3138791776
742 0.3138791776
743 0.3138791776
744 0.3138791776
745 0.3138791776
746 0.3138791776
747 0.3138791776
748 0.3138791776
749 0.3138791776
750 0.3138791776
751 0.3138791776
752 0.3138791776
753 0.3138791776
754 0.3138791776
755 0.3138791776
756 0.3138791776
757 0.3138791776
758 0.3138791776
759 0.3138791776
760 0.3138791776
761 0.3138791776
762 0.3138791776
763 0.3138791776
764 0.3138791776
765 0.3138791776
766 0.3138791776
767 0.3138791776
768 0.3138791776
769 0.3138791776
770 0.3138791776
771 0.3138791776
772 0.3138791776
773 0.3138791776
774 0.3138791776
775 0.3138791776
776 0.3138791776
777 0.3138791776
778 0.3138791776
779 0.3138791776
780 0.3138791776
781 0.3138791776
782 0.3138791776
783 0.3138791776
784 0.3138791776
785 0.3138791776
786 0.3138791776
787 0.3138791776
788 0.3138791776
789 0.3138791776
790 0.3138791776
791 0.3138791776
792 0.3138791776
793 0.3138791776
794 0.3138791776
795 0.3138791776
796 0.3138791776
797 0.3138791776
798 0.3138791776
799 0.3138791776
800 0.3138791776
801 0.3138791776
802 0.3138791776
803 0.3138791776
804 0.3138791776
805 0.3138791776
806 0.3138791776
807 0.3138791776
808 0.3138791776
809 0.3138791776
810 0.3138791776
811 0.3138791776
812 0.3138791776
813 0.3138791776
814 0.3138791776
815 0.3138791776
816 0.3138791776
817 0.3138791776
818 0.3138791776
819 0.3138791776
820 0.3138791776
821 0.3138791776
822 0.3138791776
823 0.3138791776
824 0.3138791776
825 0.3138791776
826 0.3138791776
827 0.3138791776
828 0.3138791776
829 0.3138791776
830 0.3138791776
831 0.3138791776
832 0.3138791776
833 0.3138791776
834 0.3138791776
835 0.3138791776
836 0.3138791776
837 0.3138791776
838 0.3138791776
839 0.3138791776
840 0.3138791776
841 0.3138791776
842 0.3138791776
843 0.3138791776
844 0.3138791776
845 0.3138791776
846 0.3138791776
847 0.3138791776
848 0.3138791776
849 0.3138791776
850 0.3138791776
851 0.3138791776
852 0.3138791776
853 0.3138791776
854 0.3138791776
855 0.3138791776
856 0.3138791776
857 0.3138791776
858 0.3138791776
859 0.3138791776
860 0.3138791776
861 0.3138791776
862 0.3138791776
863 0.3138791776
864 0.3138791776
865 0.3138791776
866 0.3138791776
867 0.3138791776
868 0.3138791776
869 0.3138791776
870 0.3138791776
871 0.3138791776
872 0.3138791776
873 0.3138791776
874 0.3138791776
875 0.3138791776
876 0.3138791776
877 0.3138791776
878 0.3138791776
879 0.3138791776
880 0.3138791776
881 0.3138791777
882 0.3138791777
883 0.3138791777
884 0.3138791777
885 0.3138791777
886 0.3138791778
887 0.3138791778
888 0.3138791779
889 0.3138791779
890 0.313879178
891 0.3138791781
892 0.3138791783
893 0.3138791784
894 0.3138791787
895 0.3138791789
896 0.3138791793
897 0.3138791797
898 0.3138791802
899 0.3138791808
900 0.3138791816
901 0.3138791825
902 0.3138791837
903 0.3138791852
904 0.313879187
905 0.3138791892
906 0.3138791919
907 0.3138791953
908 0.3138791994
909 0.3138792045
910 0.3138792107
911 0.3138792183
912 0.3138792276
913 0.3138792389
914 0.3138792527
915 0.3138792696
916 0.3138792901
917 0.3138793151
918 0.3138793454
919 0.3138793823
920 0.3138794269
921 0.313879481
922 0.3138795465
923 0.3138796256
924 0.3138797211
925 0.3138798363
926 0.3138799751
927 0.3138801421
928 0.313880343
929 0.3138805843
930 0.3138808737
931 0.3138812207
932 0.3138816361
933 0.3138821329
934 0.3138827266
935 0.3138834351
936 0.3138842798
937 0.313885286
938 0.313886483
939 0.3138879057
940 0.3138895947
941 0.313891598
942 0.3138939714
943 0.3138967802
944 0.313900101
945 0.3139040228
946 0.3139086496
947 0.3139141023
948 0.3139205214
949 0.3139280704
950 0.3139369387
951 0.3139473458
952 0.3139595458
953 0.3139738324
954 0.3139905447
955 0.3140100739
956 0.3140328704
957 0.3140594526
958 0.3140904164
959 0.3141264455
960 0.314168324
961 0.3142169497
962 0.3142733495
963 0.3143386966
964 0.3144143298
965 0.3145017747
966 0.314602768
967 0.3147192843
968 0.314853566
969 0.3150081561
970 0.3151859357
971 0.3153901645
972 0.315624526
973 0.3158931779
974 0.3162008069
975 0.3165526899
976 0.3169547605
977 0.3174136829
978 0.3179369324
979 0.3185328832
980 0.3192109054
981 0.3199814697
982 0.3208562618
983 0.3218483071
984 0.3229721058
985 0.3242437787
986 0.3256812256
987 0.3273042956
988 0.3291349711
989 0.3311975647
990 0.3335189314
991 0.3361286945
992 0.3390594885
993 0.342347216
994 0.3460313225
995 0.3501550872
996 0.3547659307
997 0.3599157404
998 0.3656612122
999 0.3720642104
1000 0.379192144
1001 0.3871183601
1002 0.3959225531
1003 0.4056911897
1004 0.4165179487
1005 0.4285041739
1006 0.44175934
1007 0.4564015283
1008 0.4725579118
1009 0.4903652472
1010 0.5099703704
1011 0.5315306945
1012 0.555214706
1013 0.5812024558
1014 0.609686042
1015 0.6408700809
1016 0.6749721591
1017 0.7122232664
1018 0.7528681996
1019 0.7971659361
1020 0.8453899682
1021 0.8978285946
1022 0.9547851609
1023 1.016578244
