#54175 2910.0025285647559574 0.0045697528821558620893 1 1277 16.000049430220818044 1024 7 1 J1713+0747 0.0000000 
0 0.04945825585
1 0.04945825585
2 0.04945825585
3 0.04945825585
4 0.04945825585
5 0.04945825585
6 0.04945825585
7 0.04945825585
8 0.04945825585
9 0.04945825585
10 0.04945825585
11 0.04945825585
12 0.04945825585
13 0.04945825585
14 0.04945825585
15 0.04945825585
16 0.04945825585
17 0.04945825585
18 0.04945825585
19 0.04945825585
20 0.04945825585
21 0.04945825585
22 0.04945825585
23 0.04945825585
24 0.04945825585
25 0.04945825585
26 0.04945825585
27 0.04945825585
28 0.04945825585
29 0.04945825585
30 0.04945825585
31 0.04945825585
32 0.04945825585
33 0.04945825585
34 0.04945825585
35 0.04945825585
36 0.04945825585
37 0.04945825585
38 0.04945825585
39 0.04945825585
40 0.04945825585
41 0.04945825585
42 0.04945825585
43 0.04945825585
44 0.04945825585
45 0.04945825585
46 0.04945825585
47 0.04945825585
48 0.04945825585
49 0.04945825585
50 0.04945825585
51 0.04945825585
52 0.04945825585
53 0.04945825585
54 0.04945825585
55 0.04945825585
56 0.04945825585
57 0.04945825585
58 0.04945825585
59 0.04945825585
60 0.04945825585
61 0.04945825585
62 0.04945825585
63 0.04945825585
64 0.04945825585
65 0.04945825585
66 0.04945825585
67 0.04945825585
68 0.04945825585
69 0.04945825585
70 0.04945825585
71 0.04945825585
72 0.04945825585
73 0.04945825585
74 0.04945825585
75 0.04945825585
76 0.04945825585
77 0.04945825585
78 0.04945825585
79 0.04945825585
80 0.04945825585
81 0.04945825585
82 0.04945825585
83 0.04945825585
84 0.04945825585
85 0.04945825585
86 0.04945825585
87 0.04945825585
88 0.04945825585
89 0.04945825585
90 0.04945825585
91 0.04945825585
92 0.04945825585
93 0.04945825585
94 0.04945825585
95 0.04945825585
96 0.04945825585
97 0.04945825585
98 0.04945825585
99 0.04945825585
100 0.04945825585
101 0.04945825585
102 0.04945825585
103 0.04945825585
104 0.04945825585
105 0.04945825585
106 0.04945825585
107 0.04945825585
108 0.04945825585
109 0.04945825585
110 0.04945825585
111 0.04945825585
112 0.04945825585
113 0.04945825585
114 0.04945825585
115 0.04945825585
116 0.04945825585
117 0.04945825585
118 0.04945825585
119 0.04945825585
120 0.04945825585
121 0.04945825585
122 0.04945825585
123 0.04945825585
124 0.04945825585
125 0.04945825585
126 0.04945825585
127 0.04945825585
128 0.04945825585
129 0.04945825585
130 0.04945825585
131 0.04945825585
132 0.04945825585
133 0.04945825585
134 0.04945825585
135 0.04945825585
136 0.04945825585
137 0.04945825585
138 0.04945825585
139 0.04945825585
140 0.04945825585
141 0.04945825585
142 0.04945825585
143 0.04945825585
144 0.04945825585
145 0.04945825585
146 0.04945825585
147 0.04945825585
148 0.04945825585
149 0.04945825585
150 0.04945825585
151 0.04945825585
152 0.04945825585
153 0.04945825585
154 0.04945825585
155 0.04945825585
156 0.04945825585
157 0.04945825585
158 0.04945825585
159 0.04945825585
160 0.04945825585
161 0.04945825585
162 0.04945825585
163 0.04945825585
164 0.04945825585
165 0.04945825585
166 0.04945825585
167 0.04945825585
168 0.04945825585
169 0.04945825585
170 0.04945825585
171 0.04945825585
172 0.04945825585
173 0.04945825585
174 0.04945825585
175 0.04945825585
176 0.04945825585
177 0.04945825585
178 0.04945825585
179 0.04945825585
180 0.04945825585
181 0.04945825585
182 0.04945825585
183 0.04945825585
184 0.04945825585
185 0.04945825585
186 0.04945825585
187 0.04945825585
188 0.04945825585
189 0.04945825585
190 0.04945825585
191 0.04945825585
192 0.04945825585
193 0.04945825585
194 0.04945825585
195 0.04945825585
196 0.04945825585
197 0.04945825585
198 0.04945825585
199 0.04945825586
200 0.04945825586
201 0.04945825586
202 0.04945825586
203 0.04945825586
204 0.04945825586
205 0.04945825586
206 0.04945825586
207 0.04945825586
208 0.04945825586
209 0.04945825586
210 0.04945825586
211 0.04945825586
212 0.04945825586
213 0.04945825586
214 0.04945825586
215 0.04945825586
216 0.04945825587
217 0.04945825587
218 0.04945825587
219 0.04945825588
220 0.04945825588
221 0.04945825589
222 0.0494582559
223 0.04945825591
224 0.04945825593
225 0.04945825595
226 0.04945825597
227 0.04945825601
228 0.04945825605
229 0.0494582561
230 0.04945825616
231 0.04945825624
232 0.04945825633
233 0.04945825646
234 0.04945825661
235 0.0494582568
236 0.04945825704
237 0.04945825733
238 0.0494582577
239 0.04945825816
240 0.04945825872
241 0.04945825943
242 0.0494582603
243 0.04945826137
244 0.0494582627
245 0.04945826434
246 0.04945826637
247 0.04945826886
248 0.04945827193
249 0.0494582757
250 0.04945828033
251 0.04945828601
252 0.04945829298
253 0.0494583015
254 0.04945831193
255 0.04945832466
256 0.0494583402
257 0.04945835915
258 0.04945838222
259 0.04945841029
260 0.0494584444
261 0.0494584858
262 0.04945853602
263 0.04945859685
264 0.04945867046
265 0.04945875945
266 0.04945886691
267 0.04945899656
268 0.04945915278
269 0.04945934085
270 0.04945956702
271 0.0494598387
272 0.04946016473
273 0.04946055556
274 0.04946102358
275 0.04946158344
276 0.04946225247
277 0.0494630511
278 0.04946400344
279 0.04946513788
280 0.0494664878
281 0.04946809246
282 0.04946999789
283 0.04947225811
284 0.04947493632
285 0.04947810649
286 0.04948185502
287 0.04948628273
288 0.04949150717
289 0.04949766517
290 0.04950491587
291 0.04951344414
292 0.04952346444
293 0.04953522535
294 0.0495490146
295 0.04956516485
296 0.0495840603
297 0.0496061441
298 0.04963192685
299 0.04966199613
300 0.04969702732
301 0.04973779583
302 0.04978519081
303 0.0498402307
304 0.04990408054
305 0.04997807159
306 0.05006372313
307 0.05016276704
308 0.05027717506
309 0.05040918941
310 0.05056135677
311 0.05073656609
312 0.05093809068
313 0.05116963476
314 0.05143538509
315 0.05174006803
316 0.05208901254
317 0.05248821955
318 0.05294443836
319 0.05346525055
320 0.05405916195
321 0.05473570338
322 0.05550554077
323 0.05638059529
324 0.05737417418
325 0.05850111303
326 0.05977793016
327 0.06122299395
328 0.06285670367
329 0.0647016847
330 0.06678299881
331 0.0691283702
332 0.07176842806
333 0.07473696619
334 0.07807122045
335 0.08181216447
336 0.08600482427
337 0.09069861206
338 0.09594767971
339 0.101811292
340 0.10835422
341 0.1156471539
342 0.1237671365
343 0.132798015
344 0.1428309125
345 0.1539647174
346 0.1663065898
347 0.1799724837
348 0.1950876844
349 0.2117873576
350 0.2302171096
351 0.2505335558
352 0.2729048939
353 0.2975114807
354 0.3245464063
355 0.3542160647
356 0.3867407143
357 0.4223550249
358 0.4613086057
359 0.5038665098
360 0.5503097076
361 0.6009355243
362 0.6560580354
363 0.7160084112
364 0.7811352054
365 0.8518045784
366 0.9284004491
367 1.011324566
368 1.100996489
369 1.197853477
370 1.302350264
371 1.414958732
372 1.536167451
373 1.666481093
374 1.806419713
375 1.956517876
376 2.117323635
377 2.28939735
378 2.473310339
379 2.66964336
380 2.878984918
381 3.101929387
382 3.339074961
383 3.591021408
384 3.858367653
385 4.141709172
386 4.441635207
387 4.758725812
388 5.093548716
389 5.446656038
390 5.818580842
391 6.20983355
392 6.620898228
393 7.052228758
394 7.504244906
395 7.977328323
396 8.471818475
397 8.988008538
398 9.526141289
399 10.08640499
400 10.66892934
401 11.27378145
402 11.90096196
403 12.55040126
404 13.22195586
405 13.91540496
406 14.63044726
407 15.36669797
408 16.12368617
409 16.90085247
410 17.69754696
411 18.51302764
412 19.34645918
413 20.19691214
414 21.0633627
415 21.94469275
416 22.83969067
417 23.74705244
418 24.66538344
419 25.59320076
420 26.52893601
421 27.47093878
422 28.41748066
423 29.36675974
424 30.31690583
425 31.26598603
426 32.21201102
427 33.15294176
428 34.08669671
429 35.01115951
430 35.92418712
431 36.82361831
432 37.70728259
433 38.57300935
434 39.4186374
435 40.24202464
436 41.04105791
437 41.81366307
438 42.55781497
439 43.27154761
440 43.95296414
441 44.60024681
442 45.21166672
443 45.78559342
444 46.32050416
445 46.81499284
446 47.26777864
447 47.67771408
448 48.04379276
449 48.36515642
450 48.64110154
451 48.87108525
452 49.05473066
453 49.19183145
454 49.28235579
455 49.3264495
456 49.32443847
457 49.27683032
458 49.1843153
459 49.04776633
460 48.86823835
461 48.64696679
462 48.38536539
463 48.08502309
464 47.74770029
465 47.37532432
466 46.96998421
467 46.53392472
468 46.06953977
469 45.57936515
470 45.06607068
471 44.5324517
472 43.98142014
473 43.41599489
474 42.83929185
475 42.25451338
476 41.66493747
477 41.07390637
478 40.48481499
479 39.90109888
480 39.32622202
481 38.76366423
482 38.21690846
483 37.68942785
484 37.1846726
485 36.70605673
486 36.25694478
487 35.84063837
488 35.46036279
489 35.11925357
490 34.82034309
491 34.56654723
492 34.36065223
493 34.20530156
494 34.10298311
495 34.05601658
496 34.0665411
497 34.13650327
498 34.26764555
499 34.46149511
500 34.71935311
501 35.04228469
502 35.43110942
503 35.88639256
504 36.40843701
505 36.99727609
506 37.65266726
507 38.37408673
508 39.16072514
509 40.01148433
510 40.92497524
511 41.8995171
512 42.93313781
513 44.0235757
514 45.16828272
515 46.36442895
516 47.60890866
517 48.89834783
518 50.22911316
519 51.5973226
520 52.99885742
521 54.42937576
522 55.88432765
523 57.35897149
524 58.84839188
525 60.34751884
526 61.85114824
527 63.35396338
528 64.85055771
529 66.33545845
530 67.80315103
531 69.24810428
532 70.66479617
533 72.04773991
534 73.39151032
535 74.69077033
536 75.94029728
537 77.13500904
538 78.26998965
539 79.34051432
540 80.34207365
541 81.27039685
542 82.12147387
543 82.89157612
544 83.57727581
545 84.17546364
546 84.68336474
547 85.09855279
548 85.41896204
549 85.64289743
550 85.76904238
551 85.79646452
552 85.72461907
553 85.55335
554 85.28288883
555 84.91385124
556 84.44723141
557 83.88439413
558 83.22706481
559 82.47731748
560 81.63756079
561 80.7105222
562 79.69923051
563 78.60699675
564 77.43739378
565 76.19423454
566 74.88154928
567 73.50356193
568 72.0646657
569 70.56939819
570 69.02241613
571 67.42847004
572 65.79237882
573 64.1190046
574 62.41322801
575 60.67992387
576 58.92393776
577 57.15006325
578 55.36302028
579 53.56743453
580 51.76781809
581 49.96855139
582 48.17386659
583 46.38783239
584 44.61434039
585 42.85709302
586 41.11959306
587 39.40513475
588 37.71679655
589 36.05743541
590 34.42968267
591 32.83594148
592 31.27838564
593 29.75895987
594 28.27938151
595 26.84114335
596 25.44551774
597 24.09356177
598 22.78612347
599 21.52384887
600 20.30718994
601 19.13641316
602 18.01160878
603 16.93270052
604 15.89945572
605 14.91149579
606 13.96830688
607 13.06925069
608 12.21357535
609 11.40042621
610 10.6288566
611 9.897838368
612 9.206272179
613 8.552997567
614 7.936802605
615 7.356433208
616 6.810602008
617 6.297996777
618 5.817288372
619 5.367138178
620 4.946205039
621 4.553151671
622 4.186650544
623 3.845389243
624 3.528075305
625 3.233440551
626 2.960244912
627 2.707279773
628 2.473370855
629 2.257380643
630 2.058210397
631 1.874801757
632 1.706137976
633 1.551244797
634 1.409191009
635 1.279088703
636 1.160093255
637 1.051403063
638 0.9522590637
639 0.8619440478
640 0.7797818084
641 0.7051361368
642 0.6374096903
643 0.5760427535
644 0.5205119118
645 0.4703286548
646 0.4250379273
647 0.3842166431
648 0.347472175
649 0.3144408353
650 0.2847863569
651 0.2581983858
652 0.2343909943
653 0.2131012224
654 0.1940876539
655 0.177129034
656 0.1620229312
657 0.1485844501
658 0.1366449947
659 0.1260510875
660 0.116663244
661 0.1083549045
662 0.1010114226
663 0.09452911162
664 0.0888143464
665 0.08378272181
666 0.07935826474
667 0.07547269916
668 0.07206476198
669 0.06907956802
670 0.06646802183
671 0.06418627433
672 0.06219522194
673 0.06046004597
674 0.05894978987
675 0.05763697232
676 0.05649723351
677 0.05550901285
678 0.05465325555
679 0.05391314633
680 0.05327386804
681 0.05272238335
682 0.05224723772
683 0.0518383819
684 0.05148701231
685 0.05118542775
686 0.05092690109
687 0.05070556448
688 0.05051630696
689 0.05035468311
690 0.05021683195
691 0.05009940481
692 0.04999950151
693 0.04991461377
694 0.04984257538
695 0.04978151811
696 0.04972983301
697 0.04968613636
698 0.04964923977
699 0.04961812406
700 0.04959191636
701 0.04956987014
702 0.04955134782
703 0.04953580558
704 0.04952278026
705 0.04951187791
706 0.04950276391
707 0.04949515442
708 0.049488809
709 0.04948352428
710 0.04947912843
711 0.04947547651
712 0.0494724464
713 0.04946993535
714 0.04946785703
715 0.04946613903
716 0.04946472062
717 0.04946355103
718 0.04946258781
719 0.04946179553
720 0.04946114466
721 0.04946061063
722 0.049460173
723 0.04945981482
724 0.04945952203
725 0.04945928299
726 0.04945908807
727 0.04945892933
728 0.04945880021
729 0.04945869531
730 0.0494586102
731 0.04945854123
732 0.04945848541
733 0.04945844028
734 0.04945840385
735 0.04945837447
736 0.0494583508
737 0.04945833177
738 0.04945831648
739 0.04945830421
740 0.04945829438
741 0.04945828651
742 0.04945828021
743 0.04945827519
744 0.04945827118
745 0.04945826799
746 0.04945826546
747 0.04945826344
748 0.04945826184
749 0.04945826057
750 0.04945825957
751 0.04945825877
752 0.04945825815
753 0.04945825765
754 0.04945825726
755 0.04945825696
756 0.04945825672
757 0.04945825653
758 0.04945825638
759 0.04945825626
760 0.04945825617
761 0.0494582561
762 0.04945825605
763 0.049458256
764 0.04945825597
765 0.04945825594
766 0.04945825592
767 0.04945825591
768 0.0494582559
769 0.04945825589
770 0.04945825588
771 0.04945825587
772 0.04945825587
773 0.04945825587
774 0.04945825586
775 0.04945825586
776 0.04945825586
777 0.04945825586
778 0.04945825586
779 0.04945825586
780 0.04945825586
781 0.04945825586
782 0.04945825586
783 0.04945825586
784 0.04945825586
785 0.04945825586
786 0.04945825586
787 0.04945825586
788 0.04945825586
789 0.04945825586
790 0.04945825585
791 0.04945825585
792 0.04945825585
793 0.04945825585
794 0.04945825585
795 0.04945825585
796 0.04945825585
797 0.04945825585
798 0.04945825585
799 0.04945825585
800 0.04945825585
801 0.04945825585
802 0.04945825585
803 0.04945825585
804 0.04945825585
805 0.04945825585
806 0.04945825585
807 0.04945825585
808 0.04945825585
809 0.04945825585
810 0.04945825585
811 0.04945825585
812 0.04945825585
813 0.04945825585
814 0.04945825585
815 0.04945825585
816 0.04945825585
817 0.04945825585
818 0.04945825585
819 0.04945825585
820 0.04945825585
821 0.04945825585
822 0.04945825585
823 0.04945825585
824 0.04945825585
825 0.04945825585
826 0.04945825585
827 0.04945825585
828 0.04945825585
829 0.04945825585
830 0.04945825585
831 0.04945825585
832 0.04945825585
833 0.04945825585
834 0.04945825585
835 0.04945825585
836 0.04945825585
837 0.04945825585
838 0.04945825585
839 0.04945825585
840 0.04945825585
841 0.04945825585
842 0.04945825585
843 0.04945825585
844 0.04945825585
845 0.04945825585
846 0.04945825585
847 0.04945825585
848 0.04945825585
849 0.04945825585
850 0.04945825585
851 0.04945825585
852 0.04945825585
853 0.04945825585
854 0.04945825585
855 0.04945825585
856 0.04945825585
857 0.04945825585
858 0.04945825585
859 0.04945825585
860 0.04945825585
861 0.04945825585
862 0.04945825585
863 0.04945825585
864 0.04945825585
865 0.04945825585
866 0.04945825585
867 0.04945825585
868 0.04945825585
869 0.04945825585
870 0.04945825585
871 0.04945825585
872 0.04945825585
873 0.04945825585
874 0.04945825585
875 0.04945825585
876 0.04945825585
877 0.04945825585
878 0.04945825585
879 0.04945825585
880 0.04945825585
881 0.04945825585
882 0.04945825585
883 0.04945825585
884 0.04945825585
885 0.04945825585
886 0.04945825585
887 0.04945825585
888 0.04945825585
889 0.04945825585
890 0.04945825585
891 0.04945825585
892 0.04945825585
893 0.04945825585
894 0.04945825585
895 0.04945825585
896 0.04945825585
897 0.04945825585
898 0.04945825585
899 0.04945825585
900 0.04945825585
901 0.04945825585
902 0.04945825585
903 0.04945825585
904 0.04945825585
905 0.04945825585
906 0.04945825585
907 0.04945825585
908 0.04945825585
909 0.04945825585
910 0.04945825585
911 0.04945825585
912 0.04945825585
913 0.04945825585
914 0.04945825585
915 0.04945825585
916 0.04945825585
917 0.04945825585
918 0.04945825585
919 0.04945825585
920 0.04945825585
921 0.04945825585
922 0.04945825585
923 0.04945825585
924 0.04945825585
925 0.04945825585
926 0.04945825585
927 0.04945825585
928 0.04945825585
929 0.04945825585
930 0.04945825585
931 0.04945825585
932 0.04945825585
933 0.04945825585
934 0.04945825585
935 0.04945825585
936 0.04945825585
937 0.04945825585
938 0.04945825585
939 0.04945825585
940 0.04945825585
941 0.04945825585
942 0.04945825585
943 0.04945825585
944 0.04945825585
945 0.04945825585
946 0.04945825585
947 0.04945825585
948 0.04945825585
949 0.04945825585
950 0.04945825585
951 0.04945825585
952 0.04945825585
953 0.04945825585
954 0.04945825585
955 0.04945825585
956 0.04945825585
957 0.04945825585
958 0.04945825585
959 0.04945825585
960 0.04945825585
961 0.04945825585
962 0.04945825585
963 0.04945825585
964 0.04945825585
965 0.04945825585
966 0.04945825585
967 0.04945825585
968 0.04945825585
969 0.04945825585
970 0.04945825585
971 0.04945825585
972 0.04945825585
973 0.04945825585
974 0.04945825585
975 0.04945825585
976 0.04945825585
977 0.04945825585
978 0.04945825585
979 0.04945825585
980 0.04945825585
981 0.04945825585
982 0.04945825585
983 0.04945825585
984 0.04945825585
985 0.04945825585
986 0.04945825585
987 0.04945825585
988 0.04945825585
989 0.04945825585
990 0.04945825585
991 0.04945825585
992 0.04945825585
993 0.04945825585
994 0.04945825585
995 0.04945825585
996 0.04945825585
997 0.04945825585
998 0.04945825585
999 0.04945825585
1000 0.04945825585
1001 0.04945825585
1002 0.04945825585
1003 0.04945825585
1004 0.04945825585
1005 0.04945825585
1006 0.04945825585
1007 0.04945825585
1008 0.04945825585
1009 0.04945825585
1010 0.04945825585
1011 0.04945825585
1012 0.04945825585
1013 0.04945825585
1014 0.04945825585
1015 0.04945825585
1016 0.04945825585
1017 0.04945825585
1018 0.04945825585
1019 0.04945825585
1020 0.04945825585
1021 0.04945825585
1022 0.04945825585
1023 0.04945825585
