#54197 2910.0066176108103895 0.0045698016661657250848 1 1333 16.000049430220818044 1024 7 1 J1713+0747 0.0000000 
0 5.545999738
1 5.107645688
2 4.697613747
3 4.314619299
4 3.957385883
5 3.624650446
6 3.315168098
7 3.027716374
8 2.761099011
9 2.51414926
10 2.285732747
11 2.074749897
12 1.880137953
13 1.700872597
14 1.535969212
15 1.384483797
16 1.245513566
17 1.118197258
18 1.001715172
19 0.8952889678
20 0.7981812447
21 0.7096949278
22 0.6291724833
23 0.5559949844
24 0.4895810516
25 0.4293856841
26 0.3748990045
27 0.3256449316
28 0.2811798002
29 0.2410909411
30 0.2049952364
31 0.1725376622
32 0.1433898299
33 0.1172485366
34 0.09383433316
35 0.07289011786
36 0.0541797622
37 0.03748677489
38 0.0226130084
39 0.009377412116
40 -0.002385164909
41 -0.01282511933
42 -0.02207918541
43 -0.0302714724
44 -0.03751444708
45 -0.04390986136
46 -0.04954962556
47 -0.05451662814
48 -0.05888550301
49 -0.062723346
50 -0.06609038195
51 -0.06904058439
52 -0.07162224973
53 -0.07387852806
54 -0.07584791255
55 -0.07756468994
56 -0.07905935395
57 -0.08035898409
58 -0.08148759188
59 -0.08246643672
60 -0.08331431333
61 -0.08404781291
62 -0.08468155995
63 -0.0852284264
64 -0.08569972517
65 -0.08610538445
66 -0.08645410455
67 -0.08675349875
68 -0.08701021954
69 -0.08723007146
70 -0.08741811198
71 -0.08757874133
72 -0.08771578248
73 -0.08783255215
74 -0.08793192378
75 -0.08801638325
76 -0.08808807815
77 -0.08814886119
78 -0.08820032845
79 -0.08824385302
80 -0.08828061451
81 -0.08831162489
82 -0.08833775111
83 -0.08835973489
84 -0.08837820988
85 -0.08839371668
86 -0.0884067159
87 -0.08841759942
88 -0.08842670019
89 -0.08843430074
90 -0.08844064045
91 -0.08844592188
92 -0.0884503162
93 -0.08845396786
94 -0.08845699859
95 -0.08845951085
96 -0.08846159073
97 -0.08846331051
98 -0.08846473077
99 -0.08846590221
100 -0.08846686722
101 -0.0884676612
102 -0.08846831364
103 -0.08846884911
104 -0.08846928803
105 -0.08846964737
106 -0.08846994118
107 -0.08847018113
108 -0.08847037684
109 -0.08847053627
110 -0.08847066599
111 -0.0884707714
112 -0.08847085695
113 -0.0884709263
114 -0.08847098244
115 -0.08847102784
116 -0.0884710645
117 -0.08847109407
118 -0.08847111789
119 -0.08847113706
120 -0.08847115247
121 -0.08847116483
122 -0.08847117474
123 -0.08847118268
124 -0.08847118902
125 -0.08847119409
126 -0.08847119813
127 -0.08847120135
128 -0.08847120391
129 -0.08847120595
130 -0.08847120757
131 -0.08847120885
132 -0.08847120986
133 -0.08847121067
134 -0.0884712113
135 -0.0884712118
136 -0.08847121219
137 -0.0884712125
138 -0.08847121275
139 -0.08847121294
140 -0.08847121309
141 -0.08847121321
142 -0.0884712133
143 -0.08847121337
144 -0.08847121342
145 -0.08847121347
146 -0.0884712135
147 -0.08847121353
148 -0.08847121355
149 -0.08847121357
150 -0.08847121358
151 -0.08847121359
152 -0.08847121359
153 -0.0884712136
154 -0.0884712136
155 -0.08847121361
156 -0.08847121361
157 -0.08847121361
158 -0.08847121361
159 -0.08847121361
160 -0.08847121362
161 -0.08847121362
162 -0.08847121362
163 -0.08847121362
164 -0.08847121362
165 -0.08847121362
166 -0.08847121362
167 -0.08847121362
168 -0.08847121362
169 -0.08847121362
170 -0.08847121362
171 -0.08847121362
172 -0.08847121362
173 -0.08847121362
174 -0.08847121362
175 -0.08847121362
176 -0.08847121362
177 -0.08847121362
178 -0.08847121362
179 -0.08847121362
180 -0.08847121362
181 -0.08847121362
182 -0.08847121362
183 -0.08847121362
184 -0.08847121362
185 -0.08847121362
186 -0.08847121362
187 -0.08847121362
188 -0.08847121362
189 -0.08847121362
190 -0.08847121362
191 -0.08847121362
192 -0.08847121362
193 -0.08847121362
194 -0.08847121362
195 -0.08847121362
196 -0.08847121362
197 -0.08847121362
198 -0.08847121362
199 -0.08847121362
200 -0.08847121362
201 -0.08847121362
202 -0.08847121362
203 -0.08847121362
204 -0.08847121362
205 -0.08847121362
206 -0.08847121362
207 -0.08847121362
208 -0.08847121362
209 -0.08847121362
210 -0.08847121362
211 -0.08847121362
212 -0.08847121362
213 -0.08847121362
214 -0.08847121362
215 -0.08847121362
216 -0.08847121362
217 -0.08847121362
218 -0.08847121362
219 -0.08847121362
220 -0.08847121362
221 -0.08847121362
222 -0.08847121362
223 -0.08847121362
224 -0.08847121362
225 -0.08847121362
226 -0.08847121362
227 -0.08847121362
228 -0.08847121362
229 -0.08847121362
230 -0.08847121362
231 -0.08847121362
232 -0.08847121362
233 -0.08847121362
234 -0.08847121362
235 -0.08847121362
236 -0.08847121362
237 -0.08847121362
238 -0.08847121362
239 -0.08847121362
240 -0.08847121362
241 -0.08847121362
242 -0.08847121362
243 -0.08847121362
244 -0.08847121362
245 -0.08847121362
246 -0.08847121362
247 -0.08847121362
248 -0.08847121362
249 -0.08847121362
250 -0.08847121362
251 -0.08847121362
252 -0.08847121362
253 -0.08847121362
254 -0.08847121362
255 -0.08847121362
256 -0.08847121362
257 -0.08847121362
258 -0.08847121362
259 -0.08847121362
260 -0.08847121362
261 -0.08847121362
262 -0.08847121362
263 -0.08847121362
264 -0.08847121362
265 -0.08847121362
266 -0.08847121362
267 -0.08847121362
268 -0.08847121362
269 -0.08847121362
270 -0.08847121362
271 -0.08847121362
272 -0.08847121362
273 -0.08847121362
274 -0.08847121362
275 -0.08847121362
276 -0.08847121362
277 -0.08847121362
278 -0.08847121362
279 -0.08847121362
280 -0.08847121362
281 -0.08847121362
282 -0.08847121362
283 -0.08847121362
284 -0.08847121362
285 -0.08847121362
286 -0.08847121362
287 -0.08847121362
288 -0.08847121362
289 -0.08847121362
290 -0.08847121362
291 -0.08847121362
292 -0.08847121362
293 -0.08847121362
294 -0.08847121362
295 -0.08847121362
296 -0.08847121362
297 -0.08847121362
298 -0.08847121362
299 -0.08847121362
300 -0.08847121362
301 -0.08847121362
302 -0.08847121362
303 -0.08847121362
304 -0.08847121362
305 -0.08847121362
306 -0.08847121362
307 -0.08847121362
308 -0.08847121362
309 -0.08847121362
310 -0.08847121362
311 -0.08847121362
312 -0.08847121362
313 -0.08847121362
314 -0.08847121362
315 -0.08847121362
316 -0.08847121362
317 -0.08847121362
318 -0.08847121362
319 -0.08847121362
320 -0.08847121362
321 -0.08847121362
322 -0.08847121362
323 -0.08847121362
324 -0.08847121362
325 -0.08847121362
326 -0.08847121362
327 -0.08847121362
328 -0.08847121362
329 -0.08847121362
330 -0.08847121362
331 -0.08847121362
332 -0.08847121362
333 -0.08847121362
334 -0.08847121362
335 -0.08847121362
336 -0.08847121362
337 -0.08847121362
338 -0.08847121362
339 -0.08847121362
340 -0.08847121362
341 -0.08847121362
342 -0.08847121362
343 -0.08847121362
344 -0.08847121362
345 -0.08847121362
346 -0.08847121362
347 -0.08847121362
348 -0.08847121362
349 -0.08847121362
350 -0.08847121362
351 -0.08847121362
352 -0.08847121362
353 -0.08847121362
354 -0.08847121362
355 -0.08847121362
356 -0.08847121362
357 -0.08847121362
358 -0.08847121362
359 -0.08847121362
360 -0.08847121362
361 -0.08847121362
362 -0.08847121362
363 -0.08847121362
364 -0.08847121362
365 -0.08847121362
366 -0.08847121362
367 -0.08847121362
368 -0.08847121362
369 -0.08847121362
370 -0.08847121362
371 -0.08847121362
372 -0.08847121362
373 -0.08847121362
374 -0.08847121362
375 -0.08847121362
376 -0.08847121362
377 -0.08847121362
378 -0.08847121362
379 -0.08847121362
380 -0.08847121362
381 -0.08847121362
382 -0.08847121362
383 -0.08847121362
384 -0.08847121362
385 -0.08847121362
386 -0.08847121362
387 -0.08847121362
388 -0.08847121362
389 -0.08847121362
390 -0.08847121362
391 -0.08847121362
392 -0.08847121362
393 -0.08847121362
394 -0.08847121362
395 -0.08847121362
396 -0.08847121362
397 -0.08847121362
398 -0.08847121362
399 -0.08847121362
400 -0.08847121362
401 -0.08847121362
402 -0.08847121362
403 -0.08847121362
404 -0.08847121362
405 -0.08847121362
406 -0.08847121362
407 -0.08847121362
408 -0.08847121362
409 -0.08847121362
410 -0.08847121362
411 -0.08847121362
412 -0.08847121362
413 -0.08847121362
414 -0.08847121362
415 -0.08847121362
416 -0.08847121362
417 -0.08847121362
418 -0.08847121362
419 -0.08847121362
420 -0.08847121362
421 -0.08847121362
422 -0.08847121362
423 -0.08847121362
424 -0.08847121362
425 -0.08847121362
426 -0.08847121362
427 -0.08847121362
428 -0.08847121362
429 -0.08847121362
430 -0.08847121362
431 -0.08847121362
432 -0.08847121362
433 -0.08847121362
434 -0.08847121362
435 -0.08847121362
436 -0.08847121362
437 -0.08847121362
438 -0.08847121362
439 -0.08847121362
440 -0.08847121362
441 -0.08847121362
442 -0.08847121362
443 -0.08847121362
444 -0.08847121362
445 -0.08847121362
446 -0.08847121362
447 -0.08847121362
448 -0.08847121362
449 -0.08847121362
450 -0.08847121362
451 -0.08847121362
452 -0.08847121362
453 -0.08847121362
454 -0.08847121362
455 -0.08847121362
456 -0.08847121362
457 -0.08847121362
458 -0.08847121362
459 -0.08847121362
460 -0.08847121362
461 -0.08847121362
462 -0.08847121362
463 -0.08847121362
464 -0.08847121362
465 -0.08847121362
466 -0.08847121362
467 -0.08847121362
468 -0.08847121362
469 -0.08847121362
470 -0.08847121362
471 -0.08847121362
472 -0.08847121362
473 -0.08847121362
474 -0.08847121362
475 -0.08847121362
476 -0.08847121362
477 -0.08847121362
478 -0.08847121362
479 -0.08847121362
480 -0.08847121362
481 -0.08847121362
482 -0.08847121362
483 -0.08847121362
484 -0.08847121362
485 -0.08847121362
486 -0.08847121362
487 -0.08847121362
488 -0.08847121362
489 -0.08847121362
490 -0.08847121362
491 -0.08847121362
492 -0.08847121362
493 -0.08847121362
494 -0.08847121362
495 -0.08847121362
496 -0.08847121362
497 -0.08847121362
498 -0.08847121362
499 -0.08847121362
500 -0.08847121362
501 -0.08847121362
502 -0.08847121362
503 -0.08847121362
504 -0.08847121362
505 -0.08847121362
506 -0.08847121362
507 -0.08847121362
508 -0.08847121362
509 -0.08847121362
510 -0.08847121362
511 -0.08847121362
512 -0.08847121362
513 -0.08847121362
514 -0.08847121362
515 -0.08847121362
516 -0.08847121362
517 -0.08847121362
518 -0.08847121362
519 -0.08847121362
520 -0.08847121362
521 -0.08847121362
522 -0.08847121362
523 -0.08847121362
524 -0.08847121362
525 -0.08847121362
526 -0.08847121362
527 -0.08847121362
528 -0.08847121362
529 -0.08847121362
530 -0.08847121362
531 -0.08847121362
532 -0.08847121362
533 -0.08847121362
534 -0.08847121362
535 -0.08847121362
536 -0.08847121362
537 -0.08847121362
538 -0.08847121362
539 -0.08847121362
540 -0.08847121362
541 -0.08847121362
542 -0.08847121362
543 -0.08847121362
544 -0.08847121362
545 -0.08847121362
546 -0.08847121362
547 -0.08847121362
548 -0.08847121362
549 -0.08847121362
550 -0.08847121362
551 -0.08847121362
552 -0.08847121362
553 -0.08847121362
554 -0.08847121362
555 -0.08847121362
556 -0.08847121362
557 -0.08847121362
558 -0.08847121362
559 -0.08847121362
560 -0.08847121362
561 -0.08847121362
562 -0.08847121362
563 -0.08847121362
564 -0.08847121362
565 -0.08847121362
566 -0.08847121362
567 -0.08847121362
568 -0.08847121362
569 -0.08847121362
570 -0.08847121362
571 -0.08847121362
572 -0.08847121362
573 -0.08847121362
574 -0.08847121362
575 -0.08847121362
576 -0.08847121362
577 -0.08847121362
578 -0.08847121362
579 -0.08847121362
580 -0.08847121362
581 -0.08847121362
582 -0.08847121362
583 -0.08847121362
584 -0.08847121362
585 -0.08847121362
586 -0.08847121362
587 -0.08847121362
588 -0.08847121362
589 -0.08847121362
590 -0.08847121362
591 -0.08847121362
592 -0.08847121362
593 -0.08847121362
594 -0.08847121362
595 -0.08847121362
596 -0.08847121362
597 -0.08847121362
598 -0.08847121362
599 -0.08847121362
600 -0.08847121362
601 -0.08847121362
602 -0.08847121362
603 -0.08847121362
604 -0.08847121362
605 -0.08847121362
606 -0.08847121362
607 -0.08847121362
608 -0.08847121362
609 -0.08847121362
610 -0.08847121362
611 -0.08847121362
612 -0.08847121362
613 -0.08847121362
614 -0.08847121362
615 -0.08847121362
616 -0.08847121362
617 -0.08847121362
618 -0.08847121361
619 -0.08847121361
620 -0.08847121361
621 -0.08847121361
622 -0.08847121361
623 -0.08847121361
624 -0.0884712136
625 -0.0884712136
626 -0.08847121359
627 -0.08847121359
628 -0.08847121358
629 -0.08847121356
630 -0.08847121355
631 -0.08847121353
632 -0.08847121351
633 -0.08847121348
634 -0.08847121344
635 -0.0884712134
636 -0.08847121334
637 -0.08847121327
638 -0.08847121318
639 -0.08847121307
640 -0.08847121293
641 -0.08847121276
642 -0.08847121254
643 -0.08847121227
644 -0.08847121193
645 -0.08847121151
646 -0.088471211
647 -0.08847121035
648 -0.08847120956
649 -0.08847120857
650 -0.08847120735
651 -0.08847120585
652 -0.088471204
653 -0.08847120171
654 -0.0884711989
655 -0.08847119544
656 -0.08847119119
657 -0.08847118598
658 -0.08847117959
659 -0.08847117177
660 -0.0884711622
661 -0.08847115051
662 -0.08847113624
663 -0.08847111884
664 -0.08847109764
665 -0.08847107184
666 -0.08847104049
667 -0.08847100242
668 -0.08847095625
669 -0.08847090029
670 -0.08847083257
671 -0.08847075067
672 -0.08847065176
673 -0.0884705324
674 -0.08847038853
675 -0.0884702153
676 -0.08847000693
677 -0.08846975656
678 -0.08846945604
679 -0.08846909571
680 -0.08846866411
681 -0.08846814769
682 -0.08846753044
683 -0.08846679345
684 -0.0884659144
685 -0.08846486702
686 -0.0884636204
687 -0.08846213821
688 -0.08846037777
689 -0.08845828906
690 -0.08845581349
691 -0.08845288251
692 -0.08844941599
693 -0.08844532042
694 -0.08844048677
695 -0.08843478805
696 -0.08842807655
697 -0.08842018064
698 -0.08841090115
699 -0.08840000718
700 -0.0883872314
701 -0.08837226462
702 -0.0883547497
703 -0.08833427455
704 -0.08831036428
705 -0.08828247223
706 -0.08824996989
707 -0.0882121355
708 -0.08816814116
709 -0.08811703842
710 -0.08805774193
711 -0.08798901122
712 -0.08790943022
713 -0.0878173843
714 -0.08771103467
715 -0.0875882898
716 -0.08744677349
717 -0.08728378944
718 -0.08709628186
719 -0.0868807917
720 -0.08663340826
721 -0.08634971561
722 -0.08602473346
723 -0.08565285198
724 -0.08522775999
725 -0.08474236613
726 -0.08418871234
727 -0.08355787908
728 -0.08283988176
729 -0.08202355758
730 -0.08109644237
731 -0.0800446365
732 -0.07885265938
733 -0.07750329169
734 -0.07597740482
735 -0.0742537766
736 -0.07230889276
737 -0.07011673348
738 -0.06764854415
739 -0.0648725899
740 -0.06175389322
741 -0.05825395407
742 -0.05433045208
743 -0.04993693026
744 -0.04502246006
745 -0.03953128737
746 -0.03340245937
747 -0.02656943229
748 -0.01895966014
749 -0.01049416467
750 -0.001087087172
751 0.009354777364
752 0.02093246273
753 0.03375532956
754 0.04794157762
755 0.06361877058
756 0.08092437146
757 0.1000062865
758 0.1210234147
759 0.1441462004
760 0.1695571859
761 0.1974515592
762 0.228037695
763 0.2615376827
764 0.2981878378
765 0.3382391909
766 0.3819579497
767 0.4296259266
768 0.4815409281
769 0.5380170962
770 0.5993851984
771 0.6659928563
772 0.7382047073
773 0.8164024899
774 0.9009850471
775 0.9923682375
776 1.090984748
777 1.197283798
778 1.311730729
779 1.434806474
780 1.567006889
781 1.708841951
782 1.860834814
783 2.023520703
784 2.197445661
785 2.383165128
786 2.581242349
787 2.792246617
788 3.016751339
789 3.255331929
790 3.508563516
791 3.77701849
792 4.061263866
793 4.361858479
794 4.679350022
795 5.014271915
796 5.367140039
797 5.738449318
798 6.128670185
799 6.538244926
800 6.967583936
801 7.417061885
802 7.887013829
803 8.377731281
804 8.889458258
805 9.422387339
806 9.976655754
807 10.55234153
808 11.14945971
809 11.76795872
810 12.40771685
811 13.06853891
812 13.75015311
813 14.45220816
814 15.17427065
815 15.91582276
816 16.67626017
817 17.45489054
818 18.25093214
819 19.06351312
820 19.89167101
821 20.73435287
822 21.59041574
823 22.45862778
824 23.33766975
825 24.22613714
826 25.12254277
827 26.02531999
828 26.93282638
829 27.84334799
830 28.75510419
831 29.66625295
832 30.57489672
833 31.47908877
834 32.37683999
835 33.26612623
836 34.14489595
837 35.01107832
838 35.8625917
839 36.69735238
840 37.51328363
841 38.30832497
842 39.08044161
843 39.82763401
844 40.54794757
845 41.23948226
846 41.90040233
847 42.52894578
848 43.12343388
849 43.68228029
850 44.20400014
851 44.6872186
852 45.13067926
853 45.53325201
854 45.89394051
855 46.21188912
856 46.48638936
857 46.7168857
858 46.90298081
859 47.04444011
860 47.14119573
861 47.19334962
862 47.20117612
863 47.16512367
864 47.0858158
865 46.96405144
866 46.80080435
867 46.59722193
868 46.35462318
869 46.07449595
870 45.75849351
871 45.40843032
872 45.02627719
873 44.61415569
874 44.17433199
875 43.70920998
876 43.22132389
877 42.71333029
878 42.18799951
879 41.64820667
880 41.0969221
881 40.53720138
882 39.97217502
883 39.40503761
884 38.83903678
885 38.27746175
886 37.72363162
887 37.18088339
888 36.65255979
889 36.14199688
890 35.65251151
891 35.18738864
892 34.74986858
893 34.34313412
894 33.97029765
895 33.63438826
896 33.33833891
897 33.0849736
898 32.87699466
899 32.71697025
900 32.6073219
901 32.55031238
902 32.54803381
903 32.60239608
904 32.71511557
905 32.88770442
906 33.12146012
907 33.41745572
908 33.77653061
909 34.19928194
910 34.68605672
911 35.23694474
912 35.85177231
913 36.53009692
914 37.27120285
915 38.07409782
916 38.93751077
917 39.85989075
918 40.83940705
919 41.87395063
920 42.9611368
921 44.09830932
922 45.28254588
923 46.51066497
924 47.77923423
925 49.08458024
926 50.42279979
927 51.7897725
928 53.18117502
929 54.59249644
930 56.01905523
931 57.45601728
932 58.89841533
933 60.34116942
934 61.77910846
935 63.2069927
936 64.61953706
937 66.01143511
938 67.37738368
939 68.71210786
940 70.01038626
941 71.26707639
942 72.47714
943 73.63566817
944 74.73790604
945 75.77927697
946 76.75540592
947 77.662142
948 78.49557992
949 79.25208021
950 79.92828809
951 80.52115076
952 81.02793315
953 81.44623179
954 81.77398688
955 82.00949231
956 82.15140376
957 82.19874454
958 82.15090937
959 82.00766597
960 81.76915441
961 81.43588432
962 81.00872991
963 80.48892292
964 79.87804342
965 79.17800876
966 78.3910605
967 77.51974967
968 76.56692028
969 75.53569141
970 74.42943777
971 73.25176922
972 72.00650907
973 70.69767155
974 69.32943858
975 67.90613595
976 66.43220917
977 64.91219914
978 63.35071774
979 61.75242369
980 60.12199863
981 58.46412377
982 56.78345714
983 55.08461167
984 53.37213408
985 51.65048495
986 49.92401985
987 48.19697173
988 46.47343468
989 44.757349
990 43.05248784
991 41.36244522
992 39.6906257
993 38.04023545
994 36.41427499
995 34.81553335
996 33.24658381
997 31.7097811
998 30.20725997
999 28.7409352
1000 27.31250288
1001 25.92344292
1002 24.57502271
1003 23.26830192
1004 22.00413817
1005 20.78319369
1006 19.60594271
1007 18.47267962
1008 17.38352767
1009 16.33844819
1010 15.33725028
1011 14.37960075
1012 13.46503433
1013 12.59296404
1014 11.76269158
1015 10.97341776
1016 10.22425278
1017 9.514226454
1018 8.842298111
1019 8.207366314
1020 7.608278215
1021 7.04383857
1022 6.512818348
1023 6.013962909
