#54219 2909.9993277156168798 0.0045698963749003880183 1 1421 16.000049430220818044 1024 7 1 J1713+0747 0.0000000 
0 -0.07723863495
1 -0.07723863495
2 -0.07723863495
3 -0.07723863495
4 -0.07723863495
5 -0.07723863495
6 -0.07723863495
7 -0.07723863495
8 -0.07723863495
9 -0.07723863495
10 -0.07723863495
11 -0.07723863495
12 -0.07723863495
13 -0.07723863495
14 -0.07723863495
15 -0.07723863495
16 -0.07723863495
17 -0.07723863495
18 -0.07723863495
19 -0.07723863495
20 -0.07723863495
21 -0.07723863495
22 -0.07723863495
23 -0.07723863495
24 -0.07723863495
25 -0.07723863495
26 -0.07723863495
27 -0.07723863495
28 -0.07723863495
29 -0.07723863495
30 -0.07723863495
31 -0.07723863495
32 -0.07723863495
33 -0.07723863495
34 -0.07723863495
35 -0.07723863495
36 -0.07723863495
37 -0.07723863495
38 -0.07723863495
39 -0.07723863495
40 -0.07723863495
41 -0.07723863495
42 -0.07723863495
43 -0.07723863495
44 -0.07723863495
45 -0.07723863495
46 -0.07723863495
47 -0.07723863495
48 -0.07723863495
49 -0.07723863495
50 -0.07723863495
51 -0.07723863495
52 -0.07723863495
53 -0.07723863495
54 -0.07723863495
55 -0.07723863495
56 -0.07723863495
57 -0.07723863495
58 -0.07723863495
59 -0.07723863495
60 -0.07723863495
61 -0.07723863495
62 -0.07723863495
63 -0.07723863495
64 -0.07723863495
65 -0.07723863495
66 -0.07723863495
67 -0.07723863495
68 -0.07723863495
69 -0.07723863495
70 -0.07723863495
71 -0.07723863495
72 -0.07723863495
73 -0.07723863495
74 -0.07723863495
75 -0.07723863495
76 -0.07723863495
77 -0.07723863495
78 -0.07723863495
79 -0.07723863495
80 -0.07723863495
81 -0.07723863495
82 -0.07723863495
83 -0.07723863495
84 -0.07723863495
85 -0.07723863495
86 -0.07723863495
87 -0.07723863495
88 -0.07723863495
89 -0.07723863495
90 -0.07723863495
91 -0.07723863495
92 -0.07723863495
93 -0.07723863495
94 -0.07723863495
95 -0.07723863495
96 -0.07723863495
97 -0.07723863495
98 -0.07723863495
99 -0.07723863495
100 -0.07723863495
101 -0.07723863495
102 -0.07723863495
103 -0.07723863495
104 -0.07723863495
105 -0.07723863495
106 -0.07723863495
107 -0.07723863495
108 -0.07723863495
109 -0.07723863495
110 -0.07723863495
111 -0.07723863495
112 -0.07723863495
113 -0.07723863495
114 -0.07723863495
115 -0.07723863495
116 -0.07723863495
117 -0.07723863495
118 -0.07723863495
119 -0.07723863495
120 -0.07723863495
121 -0.07723863495
122 -0.07723863495
123 -0.07723863495
124 -0.07723863495
125 -0.07723863495
126 -0.07723863495
127 -0.07723863495
128 -0.07723863495
129 -0.07723863495
130 -0.07723863495
131 -0.07723863495
132 -0.07723863495
133 -0.07723863495
134 -0.07723863495
135 -0.07723863495
136 -0.07723863495
137 -0.07723863495
138 -0.07723863495
139 -0.07723863495
140 -0.07723863495
141 -0.07723863495
142 -0.07723863495
143 -0.07723863495
144 -0.07723863495
145 -0.07723863495
146 -0.07723863495
147 -0.07723863495
148 -0.07723863495
149 -0.07723863495
150 -0.07723863495
151 -0.07723863495
152 -0.07723863495
153 -0.07723863495
154 -0.07723863495
155 -0.07723863495
156 -0.07723863495
157 -0.07723863495
158 -0.07723863495
159 -0.07723863495
160 -0.07723863495
161 -0.07723863495
162 -0.07723863495
163 -0.07723863495
164 -0.07723863495
165 -0.07723863495
166 -0.07723863495
167 -0.07723863495
168 -0.07723863495
169 -0.07723863495
170 -0.07723863495
171 -0.07723863495
172 -0.07723863495
173 -0.07723863495
174 -0.07723863495
175 -0.07723863495
176 -0.07723863495
177 -0.07723863495
178 -0.07723863495
179 -0.07723863495
180 -0.07723863495
181 -0.07723863495
182 -0.07723863495
183 -0.07723863495
184 -0.07723863495
185 -0.07723863495
186 -0.07723863495
187 -0.07723863495
188 -0.07723863495
189 -0.07723863495
190 -0.07723863495
191 -0.07723863495
192 -0.07723863495
193 -0.07723863495
194 -0.07723863495
195 -0.07723863495
196 -0.07723863495
197 -0.07723863495
198 -0.07723863495
199 -0.07723863495
200 -0.07723863495
201 -0.07723863495
202 -0.07723863495
203 -0.07723863495
204 -0.07723863495
205 -0.07723863495
206 -0.07723863495
207 -0.07723863495
208 -0.07723863495
209 -0.07723863495
210 -0.07723863495
211 -0.07723863495
212 -0.07723863495
213 -0.07723863495
214 -0.07723863495
215 -0.07723863495
216 -0.07723863495
217 -0.07723863495
218 -0.07723863495
219 -0.07723863495
220 -0.07723863495
221 -0.07723863495
222 -0.07723863495
223 -0.07723863495
224 -0.07723863495
225 -0.07723863495
226 -0.07723863495
227 -0.07723863495
228 -0.07723863495
229 -0.07723863495
230 -0.07723863495
231 -0.07723863495
232 -0.07723863495
233 -0.07723863495
234 -0.07723863495
235 -0.07723863495
236 -0.07723863495
237 -0.07723863495
238 -0.07723863495
239 -0.07723863495
240 -0.07723863495
241 -0.07723863495
242 -0.07723863495
243 -0.07723863495
244 -0.07723863495
245 -0.07723863495
246 -0.07723863495
247 -0.07723863495
248 -0.07723863495
249 -0.07723863495
250 -0.07723863495
251 -0.07723863495
252 -0.07723863495
253 -0.07723863495
254 -0.07723863495
255 -0.07723863495
256 -0.07723863495
257 -0.07723863495
258 -0.07723863495
259 -0.07723863495
260 -0.07723863495
261 -0.07723863495
262 -0.07723863495
263 -0.07723863495
264 -0.07723863495
265 -0.07723863495
266 -0.07723863495
267 -0.07723863495
268 -0.07723863495
269 -0.07723863495
270 -0.07723863495
271 -0.07723863495
272 -0.07723863495
273 -0.07723863495
274 -0.07723863495
275 -0.07723863495
276 -0.07723863495
277 -0.07723863495
278 -0.07723863495
279 -0.07723863495
280 -0.07723863495
281 -0.07723863495
282 -0.07723863495
283 -0.07723863495
284 -0.07723863495
285 -0.07723863495
286 -0.07723863495
287 -0.07723863495
288 -0.07723863495
289 -0.07723863495
290 -0.07723863495
291 -0.07723863495
292 -0.07723863495
293 -0.07723863495
294 -0.07723863495
295 -0.07723863495
296 -0.07723863495
297 -0.07723863495
298 -0.07723863494
299 -0.07723863494
300 -0.07723863494
301 -0.07723863494
302 -0.07723863494
303 -0.07723863493
304 -0.07723863493
305 -0.07723863492
306 -0.07723863492
307 -0.07723863491
308 -0.0772386349
309 -0.07723863488
310 -0.07723863487
311 -0.07723863484
312 -0.07723863482
313 -0.07723863478
314 -0.07723863474
315 -0.07723863468
316 -0.07723863461
317 -0.07723863453
318 -0.07723863442
319 -0.07723863429
320 -0.07723863412
321 -0.07723863391
322 -0.07723863365
323 -0.07723863333
324 -0.07723863293
325 -0.07723863243
326 -0.07723863182
327 -0.07723863106
328 -0.07723863011
329 -0.07723862895
330 -0.07723862751
331 -0.07723862573
332 -0.07723862354
333 -0.07723862085
334 -0.07723861754
335 -0.07723861348
336 -0.07723860849
337 -0.07723860238
338 -0.0772385949
339 -0.07723858575
340 -0.07723857457
341 -0.07723856093
342 -0.07723854429
343 -0.07723852404
344 -0.07723849939
345 -0.07723846944
346 -0.07723843308
347 -0.07723838898
348 -0.07723833555
349 -0.07723827089
350 -0.07723819272
351 -0.07723809831
352 -0.07723798441
353 -0.07723784714
354 -0.07723768188
355 -0.07723748314
356 -0.07723724438
357 -0.07723695783
358 -0.07723661431
359 -0.07723620291
360 -0.07723571074
361 -0.07723512257
362 -0.0772344204
363 -0.07723358303
364 -0.07723258547
365 -0.07723139834
366 -0.0772299871
367 -0.0772283112
368 -0.07722632312
369 -0.07722396719
370 -0.0772211783
371 -0.07721788037
372 -0.07721398461
373 -0.07720938751
374 -0.07720396855
375 -0.07719758755
376 -0.07719008169
377 -0.077181262
378 -0.0771709095
379 -0.07715877068
380 -0.07714455239
381 -0.07712791607
382 -0.07710847115
383 -0.07708576762
384 -0.07705928754
385 -0.07702843554
386 -0.07699252803
387 -0.07695078106
388 -0.07690229664
389 -0.0768460474
390 -0.07678085932
391 -0.07670539244
392 -0.0766181192
393 -0.07651730027
394 -0.07640095761
395 -0.0762668444
396 -0.07611241158
397 -0.07593477079
398 -0.0757306531
399 -0.07549636345
400 -0.07522773017
401 -0.07492004936
402 -0.07456802348
403 -0.0741656938
404 -0.0737063663
405 -0.07318253017
406 -0.07258576883
407 -0.07190666246
408 -0.07113468172
409 -0.07025807201
410 -0.06926372753
411 -0.06813705462
412 -0.06686182373
413 -0.06542000927
414 -0.06379161673
415 -0.06195449655
416 -0.05988414385
417 -0.05755348363
418 -0.05493264074
419 -0.05198869406
420 -0.04868541444
421 -0.04498298584
422 -0.04083770945
423 -0.03620169029
424 -0.03102250619
425 -0.02524285903
426 -0.01880020821
427 -0.01162638652
428 -0.003647198732
429 0.005217996715
430 0.01505672212
431 0.02596383033
432 0.03804196879
433 0.05140205654
434 0.06616377259
435 0.08245605388
436 0.1004176007
437 0.1201973868
438 0.1419551727
439 0.165862017
440 0.1921007842
441 0.2208666449
442 0.2523675635
443 0.2868247692
444 0.324473207
445 0.3655619608
446 0.4103546455
447 0.4591297617
448 0.5121810056
449 0.5698175297
450 0.6323641459
451 0.7001614648
452 0.7735659646
453 0.8529499808
454 0.9387016109
455 1.031224526
456 1.13093768
457 1.238274914
458 1.353684443
459 1.477628218
460 1.610581168
461 1.753030289
462 1.905473615
463 2.068419017
464 2.242382869
465 2.427888549
466 2.625464782
467 2.835643823
468 3.058959471
469 3.295944933
470 3.54713051
471 3.813041132
472 4.094193739
473 4.391094498
474 4.704235892
475 5.03409366
476 5.381123614
477 5.745758341
478 6.128403799
479 6.529435831
480 6.949196602
481 7.387990981
482 7.846082893
483 8.323691658
484 8.820988329
485 9.338092077
486 9.875066622
487 10.43191675
488 11.00858496
489 11.60494818
490 12.22081479
491 12.85592165
492 13.50993153
493 14.18243068
494 14.87292672
495 15.58084685
496 16.30553638
497 17.0462576
498 17.80218909
499 18.57242541
500 19.35597721
501 20.15177179
502 20.95865419
503 21.77538865
504 22.60066066
505 23.43307944
506 24.27118101
507 25.11343165
508 25.95823197
509 26.80392143
510 27.64878334
511 28.4910504
512 29.3289106
513 30.16051364
514 30.98397777
515 31.79739695
516 32.59884843
517 33.38640065
518 34.15812138
519 34.91208617
520 35.64638694
521 36.35914079
522 37.0484989
523 37.71265545
524 38.34985663
525 38.95840957
526 39.53669118
527 40.08315688
528 40.59634911
529 41.07490559
530 41.51756738
531 41.92318646
532 42.29073305
533 42.61930246
534 42.90812143
535 43.15655404
536 43.36410702
537 43.53043453
538 43.65534225
539 43.73879096
540 43.78089941
541 43.78194646
542 43.74237268
543 43.66278111
544 43.54393743
545 43.38676939
546 43.1923655
547 42.96197313
548 42.69699581
549 42.39898992
550 42.06966074
551 41.71085778
552 41.3245696
553 40.9129179
554 40.47815114
555 40.02263758
556 39.54885775
557 39.05939648
558 38.55693447
559 38.04423933
560 37.52415635
561 36.99959878
562 36.47353778
563 35.94899211
564 35.42901747
565 34.91669561
566 34.41512316
567 33.92740035
568 33.45661946
569 33.00585318
570 32.57814281
571 32.17648643
572 31.80382698
573 31.46304026
574 31.15692301
575 30.888181
576 30.65941713
577 30.47311971
578 30.33165077
579 30.2372347
580 30.19194689
581 30.19770283
582 30.25624735
583 30.36914429
584 30.53776652
585 30.76328645
586 31.04666698
587 31.388653
588 31.7897636
589 32.2502848
590 32.77026312
591 33.34949989
592 33.98754644
593 34.68370013
594 35.43700146
595 36.2462321
596 37.10991409
597 38.02631012
598 38.99342498
599 40.00900833
600 41.07055864
601 42.17532847
602 43.32033107
603 44.50234832
604 45.71794
605 46.96345444
606 48.23504051
607 49.52866085
608 50.84010649
609 52.16501264
610 53.49887567
611 54.83707127
612 56.17487359
613 57.50747534
614 58.83000879
615 60.13756753
616 61.42522876
617 62.68807623
618 63.92122341
619 65.11983701
620 66.27916048
621 67.39453754
622 68.46143533
623 69.47546736
624 70.43241575
625 71.32825286
626 72.15916205
627 72.92155739
628 73.61210224
629 74.22772653
630 74.76564265
631 75.22335969
632 75.59869615
633 75.88979082
634 76.0951118
635 76.21346369
636 76.24399276
637 76.18619011
638 76.03989283
639 75.80528311
640 75.48288535
641 75.07356123
642 74.57850286
643 73.99922399
644 73.33754948
645 72.59560292
646 71.7757927
647 70.88079654
648 69.9135446
649 68.87720136
650 67.77514637
651 66.61095406
652 65.38837269
653 64.11130275
654 62.78377476
655 61.40992689
656 59.9939823
657 58.5402266
658 57.05298546
659 55.53660247
660 53.99541758
661 52.43374611
662 50.85585849
663 49.26596089
664 47.66817686
665 46.06652999
666 44.46492775
667 42.86714665
668 41.27681859
669 39.69741863
670 38.13225419
671 36.58445555
672 35.05696792
673 33.55254482
674 32.07374294
675 30.62291837
676 29.20222421
677 27.81360945
678 26.45881915
679 25.13939583
680 23.85668192
681 22.6118234
682 21.40577426
683 20.23930204
684 19.11299401
685 18.0272642
686 16.982361
687 15.97837536
688 15.0152494
689 14.09278538
690 13.21065507
691 12.36840915
692 11.56548688
693 10.80122575
694 10.07487113
695 9.385585799
696 8.732459365
697 8.11451747
698 7.530730724
699 6.980023348
700 6.461281474
701 5.973361077
702 5.515095497
703 5.085302541
704 4.682791141
705 4.306367554
706 3.954841102
707 3.627029438
708 3.321763355
709 3.037891119
710 2.774282357
711 2.529831493
712 2.303460754
713 2.094122764
714 1.90080273
715 1.722520259
716 1.558330813
717 1.407326822
718 1.268638494
719 1.141434321
720 1.024921333
721 0.9183450924
722 0.8209894774
723 0.7321762627
724 0.6512645246
725 0.5776498908
726 0.5107636556
727 0.4500717798
728 0.3950737943
729 0.3453016238
730 0.3003183479
731 0.2597169144
732 0.2231188178
733 0.190172757
734 0.1605532828
735 0.1339594455
736 0.1101134524
737 0.08875934292
738 0.06966168817
739 0.0526043217
740 0.03738910588
741 0.02383473859
742 0.01177560362
743 0.001060667367
744 -0.008447576043
745 -0.01687410988
746 -0.02433234928
747 -0.03092504479
748 -0.03674513508
749 -0.04187654928
750 -0.04639495982
751 -0.05036848692
752 -0.05385835599
753 -0.05691950962
754 -0.05960117584
755 -0.06194739436
756 -0.06399750299
757 -0.06578658598
758 -0.06734588642
759 -0.06870318474
760 -0.06988314532
761 -0.07090763322
762 -0.071796003
763 -0.07256536151
764 -0.07323080664
765 -0.07380564356
766 -0.07430158041
767 -0.07472890497
768 -0.07509664378
769 -0.07541270529
770 -0.07568400833
771 -0.07591659722
772 -0.07611574476
773 -0.07628604408
774 -0.07643149055
775 -0.07655555467
776 -0.0766612467
777 -0.076751174
778 -0.0768275918
779 -0.07689244801
780 -0.0769474227
781 -0.07699396294
782 -0.07703331335
783 -0.07706654295
784 -0.07709456865
785 -0.0771181758
786 -0.07713803613
787 -0.07715472341
788 -0.07716872706
789 -0.07718046397
790 -0.07719028876
791 -0.07719850268
792 -0.07720536126
793 -0.07721108099
794 -0.07721584504
795 -0.07721980813
796 -0.07722310082
797 -0.0772258331
798 -0.07722809754
799 -0.07722997189
800 -0.07723152144
801 -0.07723280087
802 -0.07723385596
803 -0.07723472495
804 -0.07723543979
805 -0.0772360271
806 -0.07723650901
807 -0.07723690397
808 -0.07723722725
809 -0.07723749153
810 -0.07723770732
811 -0.07723788329
812 -0.07723802662
813 -0.07723814321
814 -0.07723823793
815 -0.0772383148
816 -0.07723837709
817 -0.07723842751
818 -0.07723846828
819 -0.07723850119
820 -0.07723852774
821 -0.07723854912
822 -0.07723856632
823 -0.07723858014
824 -0.07723859123
825 -0.07723860011
826 -0.07723860723
827 -0.07723861292
828 -0.07723861746
829 -0.07723862108
830 -0.07723862397
831 -0.07723862626
832 -0.07723862809
833 -0.07723862953
834 -0.07723863068
835 -0.07723863159
836 -0.07723863231
837 -0.07723863287
838 -0.07723863332
839 -0.07723863367
840 -0.07723863395
841 -0.07723863417
842 -0.07723863434
843 -0.07723863447
844 -0.07723863458
845 -0.07723863466
846 -0.07723863473
847 -0.07723863478
848 -0.07723863481
849 -0.07723863484
850 -0.07723863487
851 -0.07723863489
852 -0.0772386349
853 -0.07723863491
854 -0.07723863492
855 -0.07723863493
856 -0.07723863493
857 -0.07723863494
858 -0.07723863494
859 -0.07723863494
860 -0.07723863494
861 -0.07723863494
862 -0.07723863495
863 -0.07723863495
864 -0.07723863495
865 -0.07723863495
866 -0.07723863495
867 -0.07723863495
868 -0.07723863495
869 -0.07723863495
870 -0.07723863495
871 -0.07723863495
872 -0.07723863495
873 -0.07723863495
874 -0.07723863495
875 -0.07723863495
876 -0.07723863495
877 -0.07723863495
878 -0.07723863495
879 -0.07723863495
880 -0.07723863495
881 -0.07723863495
882 -0.07723863495
883 -0.07723863495
884 -0.07723863495
885 -0.07723863495
886 -0.07723863495
887 -0.07723863495
888 -0.07723863495
889 -0.07723863495
890 -0.07723863495
891 -0.07723863495
892 -0.07723863495
893 -0.07723863495
894 -0.07723863495
895 -0.07723863495
896 -0.07723863495
897 -0.07723863495
898 -0.07723863495
899 -0.07723863495
900 -0.07723863495
901 -0.07723863495
902 -0.07723863495
903 -0.07723863495
904 -0.07723863495
905 -0.07723863495
906 -0.07723863495
907 -0.07723863495
908 -0.07723863495
909 -0.07723863495
910 -0.07723863495
911 -0.07723863495
912 -0.07723863495
913 -0.07723863495
914 -0.07723863495
915 -0.07723863495
916 -0.07723863495
917 -0.07723863495
918 -0.07723863495
919 -0.07723863495
920 -0.07723863495
921 -0.07723863495
922 -0.07723863495
923 -0.07723863495
924 -0.07723863495
925 -0.07723863495
926 -0.07723863495
927 -0.07723863495
928 -0.07723863495
929 -0.07723863495
930 -0.07723863495
931 -0.07723863495
932 -0.07723863495
933 -0.07723863495
934 -0.07723863495
935 -0.07723863495
936 -0.07723863495
937 -0.07723863495
938 -0.07723863495
939 -0.07723863495
940 -0.07723863495
941 -0.07723863495
942 -0.07723863495
943 -0.07723863495
944 -0.07723863495
945 -0.07723863495
946 -0.07723863495
947 -0.07723863495
948 -0.07723863495
949 -0.07723863495
950 -0.07723863495
951 -0.07723863495
952 -0.07723863495
953 -0.07723863495
954 -0.07723863495
955 -0.07723863495
956 -0.07723863495
957 -0.07723863495
958 -0.07723863495
959 -0.07723863495
960 -0.07723863495
961 -0.07723863495
962 -0.07723863495
963 -0.07723863495
964 -0.07723863495
965 -0.07723863495
966 -0.07723863495
967 -0.07723863495
968 -0.07723863495
969 -0.07723863495
970 -0.07723863495
971 -0.07723863495
972 -0.07723863495
973 -0.07723863495
974 -0.07723863495
975 -0.07723863495
976 -0.07723863495
977 -0.07723863495
978 -0.07723863495
979 -0.07723863495
980 -0.07723863495
981 -0.07723863495
982 -0.07723863495
983 -0.07723863495
984 -0.07723863495
985 -0.07723863495
986 -0.07723863495
987 -0.07723863495
988 -0.07723863495
989 -0.07723863495
990 -0.07723863495
991 -0.07723863495
992 -0.07723863495
993 -0.07723863495
994 -0.07723863495
995 -0.07723863495
996 -0.07723863495
997 -0.07723863495
998 -0.07723863495
999 -0.07723863495
1000 -0.07723863495
1001 -0.07723863495
1002 -0.07723863495
1003 -0.07723863495
1004 -0.07723863495
1005 -0.07723863495
1006 -0.07723863495
1007 -0.07723863495
1008 -0.07723863495
1009 -0.07723863495
1010 -0.07723863495
1011 -0.07723863495
1012 -0.07723863495
1013 -0.07723863495
1014 -0.07723863495
1015 -0.07723863495
1016 -0.07723863495
1017 -0.07723863495
1018 -0.07723863495
1019 -0.07723863495
1020 -0.07723863495
1021 -0.07723863495
1022 -0.07723863495
1023 -0.07723863495
