#54285 2909.9978076431888239 0.0045702977903549499641 1 1253 16.000049430220818044 1024 7 1 J1713+0747 0.0000000 
0 -0.1220533611
1 -0.1220533611
2 -0.1220533611
3 -0.1220533611
4 -0.1220533611
5 -0.1220533611
6 -0.1220533611
7 -0.1220533611
8 -0.1220533611
9 -0.1220533611
10 -0.1220533611
11 -0.1220533611
12 -0.1220533611
13 -0.1220533611
14 -0.1220533611
15 -0.1220533611
16 -0.1220533611
17 -0.1220533611
18 -0.1220533611
19 -0.1220533611
20 -0.1220533611
21 -0.1220533611
22 -0.1220533611
23 -0.1220533611
24 -0.1220533611
25 -0.1220533611
26 -0.1220533611
27 -0.1220533611
28 -0.1220533611
29 -0.1220533611
30 -0.1220533611
31 -0.1220533611
32 -0.1220533611
33 -0.1220533611
34 -0.1220533611
35 -0.1220533611
36 -0.1220533611
37 -0.1220533611
38 -0.122053361
39 -0.122053361
40 -0.122053361
41 -0.122053361
42 -0.122053361
43 -0.122053361
44 -0.122053361
45 -0.122053361
46 -0.122053361
47 -0.122053361
48 -0.122053361
49 -0.122053361
50 -0.1220533609
51 -0.1220533609
52 -0.1220533609
53 -0.1220533608
54 -0.1220533608
55 -0.1220533607
56 -0.1220533606
57 -0.1220533605
58 -0.1220533603
59 -0.1220533602
60 -0.1220533599
61 -0.1220533597
62 -0.1220533593
63 -0.1220533589
64 -0.1220533583
65 -0.1220533577
66 -0.1220533568
67 -0.1220533558
68 -0.1220533545
69 -0.122053353
70 -0.1220533511
71 -0.1220533487
72 -0.1220533458
73 -0.1220533422
74 -0.1220533377
75 -0.1220533323
76 -0.1220533256
77 -0.1220533175
78 -0.1220533075
79 -0.1220532954
80 -0.1220532805
81 -0.1220532623
82 -0.1220532402
83 -0.1220532134
84 -0.1220531807
85 -0.122053141
86 -0.1220530928
87 -0.1220530344
88 -0.1220529637
89 -0.1220528783
90 -0.122052775
91 -0.1220526504
92 -0.1220525002
93 -0.1220523193
94 -0.1220521016
95 -0.1220518401
96 -0.1220515261
97 -0.1220511495
98 -0.1220506984
99 -0.1220501585
100 -0.1220495131
101 -0.1220487424
102 -0.122047823
103 -0.1220467273
104 -0.1220454229
105 -0.1220438718
106 -0.1220420293
107 -0.1220398427
108 -0.1220372508
109 -0.1220341815
110 -0.1220305507
111 -0.1220262604
112 -0.122021196
113 -0.1220152242
114 -0.12200819
115 -0.1219999129
116 -0.1219901838
117 -0.1219787601
118 -0.1219653607
119 -0.1219496606
120 -0.1219312845
121 -0.1219097989
122 -0.1218847043
123 -0.1218554256
124 -0.1218213017
125 -0.1217815728
126 -0.1217353675
127 -0.1216816874
128 -0.1216193895
129 -0.1215471675
130 -0.1214635295
131 -0.1213667745
132 -0.1212549647
133 -0.1211258955
134 -0.120977062
135 -0.1208056212
136 -0.1206083501
137 -0.1203816001
138 -0.1201212453
139 -0.1198226255
140 -0.1194804844
141 -0.1190888996
142 -0.1186412072
143 -0.118129918
144 -0.1175466257
145 -0.1168819066
146 -0.1161252093
147 -0.1152647352
148 -0.1142873074
149 -0.1131782285
150 -0.1119211257
151 -0.110497784
152 -0.1088879639
153 -0.1070692066
154 -0.105016622
155 -0.1027026622
156 -0.1000968772
157 -0.09716565428
158 -0.09387193771
159 -0.0901749314
160 -0.08602978123
161 -0.08138723802
162 -0.07619330037
163 -0.07038883699
164 -0.06390918857
165 -0.05668374893
166 -0.04863552578
167 -0.03968068118
168 -0.02972805231
169 -0.01867865325
170 -0.006425158537
171 0.007148630181
172 0.02216833302
173 0.03876955458
174 0.05709845843
175 0.07731235103
176 0.09958027245
177 0.1240835906
178 0.1510165961
179 0.180587093
180 0.2130169824
181 0.248542833
182 0.2874164351
183 0.3299053309
184 0.3762933163
185 0.4268809087
186 0.4819857716
187 0.5419430921
188 0.607105902
189 0.6778453349
190 0.7545508122
191 0.8376301494
192 0.9275095742
193 1.024633647
194 1.129465079
195 1.24248443
196 1.364189691
197 1.495095732
198 1.635733607
199 1.786649719
200 1.948404822
201 2.121572868
202 2.306739677
203 2.504501442
204 2.715463044
205 2.940236191
206 3.17943737
207 3.433685601
208 3.703600016
209 3.989797236
210 4.292888568
211 4.61347702
212 4.952154133
213 5.309496651
214 5.686063015
215 6.082389725
216 6.498987546
217 6.936337598
218 7.394887342
219 7.875046465
220 8.377182708
221 8.901617638
222 9.4486224
223 10.01841347
224 10.61114844
225 11.22692186
226 11.86576115
227 12.52762267
228 13.21238789
229 13.91985979
230 14.64975945
231 15.40172287
232 16.17529814
233 16.96994284
234 17.78502188
235 18.6198056
236 19.47346844
237 20.34508788
238 21.23364401
239 22.13801944
240 23.05699983
241 23.98927495
242 24.93344021
243 25.88799887
244 26.85136473
245 27.82186547
246 28.79774654
247 29.77717566
248 30.75824788
249 31.73899126
250 32.71737302
251 33.69130633
252 34.65865755
253 35.617254
254 36.56489216
255 37.49934636
256 38.41837774
257 39.31974372
258 40.20120759
259 41.06054855
260 41.89557174
261 42.7041186
262 43.48407723
263 44.23339279
264 44.95007788
265 45.63222288
266 46.27800611
267 46.88570374
268 47.45369957
269 47.98049437
270 48.46471488
271 48.90512246
272 49.30062111
273 49.65026509
274 49.95326594
275 50.20899883
276 50.41700829
277 50.57701328
278 50.68891146
279 50.75278281
280 50.76889239
281 50.73769237
282 50.65982323
283 50.53611419
284 50.36758279
285 50.15543364
286 49.90105646
287 49.60602321
288 49.27208446
289 48.90116509
290 48.49535906
291 48.05692365
292 47.5882728
293 47.09196995
294 46.5707201
295 46.02736134
296 45.46485571
297 44.8862796
298 44.29481358
299 43.69373172
300 43.08639052
301 42.47621739
302 41.86669875
303 41.26136777
304 40.66379187
305 40.07755979
306 39.50626861
307 38.95351037
308 38.42285866
309 37.91785496
310 37.44199491
311 36.99871451
312 36.59137624
313 36.22325519
314 35.89752523
315 35.6172452
316 35.38534523
317 35.20461319
318 35.07768135
319 35.00701323
320 34.99489075
321 35.04340169
322 35.15442758
323 35.32963195
324 35.57044915
325 35.87807367
326 36.2534501
327 36.69726379
328 37.20993223
329 37.79159732
330 38.44211841
331 39.16106644
332 39.94771905
333 40.80105677
334 41.71976041
335 42.7022097
336 43.74648324
337 44.85035973
338 46.01132069
339 47.22655461
340 48.49296258
341 49.80716548
342 51.1655127
343 52.56409238
344 53.99874333
345 55.46506836
346 56.95844927
347 58.47406329
348 60.00690092
349 61.55178531
350 63.10339282
351 64.6562749
352 66.20488112
353 67.74358316
354 69.26669984
355 70.76852275
356 72.24334271
357 73.68547654
358 75.08929427
359 76.4492464
360 77.75989121
361 79.01592181
362 80.21219284
363 81.34374655
364 82.40583814
365 83.39396016
366 84.30386583
367 85.13159096
368 85.87347456
369 86.52617773
370 87.08670085
371 87.55239886
372 87.92099456
373 88.19058979
374 88.35967445
375 88.42713318
376 88.39224981
377 88.25470945
378 88.01459816
379 87.67240034
380 87.22899375
381 86.68564225
382 86.04398633
383 85.30603146
384 84.47413442
385 83.5509877
386 82.53960206
387 81.44328748
388 80.26563252
389 79.01048243
390 77.681916
391 76.28422144
392 74.82187152
393 73.299498
394 71.72186571
395 70.09384633
396 68.42039222
397 66.70651026
398 64.9572362
399 63.1776093
400 61.3726478
401 59.54732514
402 57.70654714
403 55.85513029
404 53.99778129
405 52.13907784
406 50.28345095
407 48.43516861
408 46.59832118
409 44.77680823
410 42.97432709
411 41.19436311
412 39.44018142
413 37.71482052
414 36.02108735
415 34.36155404
416 32.73855617
417 31.15419248
418 29.61032607
419 28.10858688
420 26.65037545
421 25.23686786
422 23.86902172
423 22.54758315
424 21.27309462
425 20.04590362
426 18.86617189
427 17.73388532
428 16.64886425
429 15.61077415
430 14.61913658
431 13.6733403
432 12.77265249
433 11.91622991
434 11.10313008
435 10.3323222
436 9.60269797
437 8.913081983
438 8.262241927
439 7.64889832
440 7.071733855
441 6.529402278
442 6.020536782
443 5.543757899
444 5.097680857
445 4.68092241
446 4.292107123
447 3.929873111
448 3.592877244
449 3.279799816
450 2.989348697
451 2.720262972
452 2.471316101
453 2.2413186
454 2.029120283
455 1.833612073
456 1.653727424
457 1.488443361
458 1.336781179
459 1.197806824
460 1.070630978
461 0.9544088843
462 0.8483399289
463 0.7516670136
464 0.6636757381
465 0.583693421
466 0.5110879782
467 0.4452666842
468 0.3856748339
469 0.3317943267
470 0.2831421884
471 0.2392690497
472 0.1997575943
473 0.1642209926
474 0.132301331
475 0.1036680499
476 0.078016399
477 0.055065919
478 0.03455895676
479 0.01625922055
480 -4.96195254e-05
481 -0.01456528164
482 -0.02746816947
483 -0.03892261388
484 -0.04907805733
485 -0.05807017979
486 -0.06602196557
487 -0.07304471109
488 -0.07923897405
489 -0.08469546474
490 -0.08949588084
491 -0.09371368714
492 -0.09741484183
493 -0.1006584715
494 -0.1034974969
495 -0.1059792113
496 -0.1081458144
497 -0.1100349035
498 -0.1116799251
499 -0.1131105878
500 -0.114353241
501 -0.1154312194
502 -0.1163651575
503 -0.117173275
504 -0.1178716356
505 -0.1184743813
506 -0.1189939441
507 -0.1194412371
508 -0.1198258258
509 -0.1201560826
510 -0.1204393249
511 -0.120681939
512 -0.1208894905
513 -0.1210668228
514 -0.1212181449
515 -0.1213471093
516 -0.1214568811
517 -0.121550199
518 -0.1216294297
519 -0.1216966152
520 -0.1217535152
521 -0.1218016439
522 -0.1218423023
523 -0.121876607
524 -0.1219055145
525 -0.1219298435
526 -0.1219502935
527 -0.1219674615
528 -0.1219818562
529 -0.1219939105
530 -0.1220039923
531 -0.1220124139
532 -0.1220194399
533 -0.1220252942
534 -0.1220301661
535 -0.1220342155
536 -0.122037577
537 -0.1220403641
538 -0.1220426719
539 -0.1220445805
540 -0.122046157
541 -0.1220474576
542 -0.1220485293
543 -0.1220494111
544 -0.122050136
545 -0.1220507309
546 -0.1220512188
547 -0.1220516182
548 -0.1220519449
549 -0.1220522117
550 -0.1220524294
551 -0.1220526067
552 -0.1220527511
553 -0.1220528684
554 -0.1220529636
555 -0.1220530408
556 -0.1220531034
557 -0.1220531539
558 -0.1220531948
559 -0.1220532277
560 -0.1220532543
561 -0.1220532756
562 -0.1220532928
563 -0.1220533066
564 -0.1220533176
565 -0.1220533265
566 -0.1220533336
567 -0.1220533392
568 -0.1220533438
569 -0.1220533473
570 -0.1220533502
571 -0.1220533525
572 -0.1220533543
573 -0.1220533557
574 -0.1220533569
575 -0.1220533578
576 -0.1220533585
577 -0.122053359
578 -0.1220533595
579 -0.1220533598
580 -0.1220533601
581 -0.1220533603
582 -0.1220533605
583 -0.1220533606
584 -0.1220533607
585 -0.1220533608
586 -0.1220533608
587 -0.1220533609
588 -0.1220533609
589 -0.122053361
590 -0.122053361
591 -0.122053361
592 -0.122053361
593 -0.122053361
594 -0.122053361
595 -0.122053361
596 -0.122053361
597 -0.122053361
598 -0.122053361
599 -0.122053361
600 -0.1220533611
601 -0.1220533611
602 -0.1220533611
603 -0.1220533611
604 -0.1220533611
605 -0.1220533611
606 -0.1220533611
607 -0.1220533611
608 -0.1220533611
609 -0.1220533611
610 -0.1220533611
611 -0.1220533611
612 -0.1220533611
613 -0.1220533611
614 -0.1220533611
615 -0.1220533611
616 -0.1220533611
617 -0.1220533611
618 -0.1220533611
619 -0.1220533611
620 -0.1220533611
621 -0.1220533611
622 -0.1220533611
623 -0.1220533611
624 -0.1220533611
625 -0.1220533611
626 -0.1220533611
627 -0.1220533611
628 -0.1220533611
629 -0.1220533611
630 -0.1220533611
631 -0.1220533611
632 -0.1220533611
633 -0.1220533611
634 -0.1220533611
635 -0.1220533611
636 -0.1220533611
637 -0.1220533611
638 -0.1220533611
639 -0.1220533611
640 -0.1220533611
641 -0.1220533611
642 -0.1220533611
643 -0.1220533611
644 -0.1220533611
645 -0.1220533611
646 -0.1220533611
647 -0.1220533611
648 -0.1220533611
649 -0.1220533611
650 -0.1220533611
651 -0.1220533611
652 -0.1220533611
653 -0.1220533611
654 -0.1220533611
655 -0.1220533611
656 -0.1220533611
657 -0.1220533611
658 -0.1220533611
659 -0.1220533611
660 -0.1220533611
661 -0.1220533611
662 -0.1220533611
663 -0.1220533611
664 -0.1220533611
665 -0.1220533611
666 -0.1220533611
667 -0.1220533611
668 -0.1220533611
669 -0.1220533611
670 -0.1220533611
671 -0.1220533611
672 -0.1220533611
673 -0.1220533611
674 -0.1220533611
675 -0.1220533611
676 -0.1220533611
677 -0.1220533611
678 -0.1220533611
679 -0.1220533611
680 -0.1220533611
681 -0.1220533611
682 -0.1220533611
683 -0.1220533611
684 -0.1220533611
685 -0.1220533611
686 -0.1220533611
687 -0.1220533611
688 -0.1220533611
689 -0.1220533611
690 -0.1220533611
691 -0.1220533611
692 -0.1220533611
693 -0.1220533611
694 -0.1220533611
695 -0.1220533611
696 -0.1220533611
697 -0.1220533611
698 -0.1220533611
699 -0.1220533611
700 -0.1220533611
701 -0.1220533611
702 -0.1220533611
703 -0.1220533611
704 -0.1220533611
705 -0.1220533611
706 -0.1220533611
707 -0.1220533611
708 -0.1220533611
709 -0.1220533611
710 -0.1220533611
711 -0.1220533611
712 -0.1220533611
713 -0.1220533611
714 -0.1220533611
715 -0.1220533611
716 -0.1220533611
717 -0.1220533611
718 -0.1220533611
719 -0.1220533611
720 -0.1220533611
721 -0.1220533611
722 -0.1220533611
723 -0.1220533611
724 -0.1220533611
725 -0.1220533611
726 -0.1220533611
727 -0.1220533611
728 -0.1220533611
729 -0.1220533611
730 -0.1220533611
731 -0.1220533611
732 -0.1220533611
733 -0.1220533611
734 -0.1220533611
735 -0.1220533611
736 -0.1220533611
737 -0.1220533611
738 -0.1220533611
739 -0.1220533611
740 -0.1220533611
741 -0.1220533611
742 -0.1220533611
743 -0.1220533611
744 -0.1220533611
745 -0.1220533611
746 -0.1220533611
747 -0.1220533611
748 -0.1220533611
749 -0.1220533611
750 -0.1220533611
751 -0.1220533611
752 -0.1220533611
753 -0.1220533611
754 -0.1220533611
755 -0.1220533611
756 -0.1220533611
757 -0.1220533611
758 -0.1220533611
759 -0.1220533611
760 -0.1220533611
761 -0.1220533611
762 -0.1220533611
763 -0.1220533611
764 -0.1220533611
765 -0.1220533611
766 -0.1220533611
767 -0.1220533611
768 -0.1220533611
769 -0.1220533611
770 -0.1220533611
771 -0.1220533611
772 -0.1220533611
773 -0.1220533611
774 -0.1220533611
775 -0.1220533611
776 -0.1220533611
777 -0.1220533611
778 -0.1220533611
779 -0.1220533611
780 -0.1220533611
781 -0.1220533611
782 -0.1220533611
783 -0.1220533611
784 -0.1220533611
785 -0.1220533611
786 -0.1220533611
787 -0.1220533611
788 -0.1220533611
789 -0.1220533611
790 -0.1220533611
791 -0.1220533611
792 -0.1220533611
793 -0.1220533611
794 -0.1220533611
795 -0.1220533611
796 -0.1220533611
797 -0.1220533611
798 -0.1220533611
799 -0.1220533611
800 -0.1220533611
801 -0.1220533611
802 -0.1220533611
803 -0.1220533611
804 -0.1220533611
805 -0.1220533611
806 -0.1220533611
807 -0.1220533611
808 -0.1220533611
809 -0.1220533611
810 -0.1220533611
811 -0.1220533611
812 -0.1220533611
813 -0.1220533611
814 -0.1220533611
815 -0.1220533611
816 -0.1220533611
817 -0.1220533611
818 -0.1220533611
819 -0.1220533611
820 -0.1220533611
821 -0.1220533611
822 -0.1220533611
823 -0.1220533611
824 -0.1220533611
825 -0.1220533611
826 -0.1220533611
827 -0.1220533611
828 -0.1220533611
829 -0.1220533611
830 -0.1220533611
831 -0.1220533611
832 -0.1220533611
833 -0.1220533611
834 -0.1220533611
835 -0.1220533611
836 -0.1220533611
837 -0.1220533611
838 -0.1220533611
839 -0.1220533611
840 -0.1220533611
841 -0.1220533611
842 -0.1220533611
843 -0.1220533611
844 -0.1220533611
845 -0.1220533611
846 -0.1220533611
847 -0.1220533611
848 -0.1220533611
849 -0.1220533611
850 -0.1220533611
851 -0.1220533611
852 -0.1220533611
853 -0.1220533611
854 -0.1220533611
855 -0.1220533611
856 -0.1220533611
857 -0.1220533611
858 -0.1220533611
859 -0.1220533611
860 -0.1220533611
861 -0.1220533611
862 -0.1220533611
863 -0.1220533611
864 -0.1220533611
865 -0.1220533611
866 -0.1220533611
867 -0.1220533611
868 -0.1220533611
869 -0.1220533611
870 -0.1220533611
871 -0.1220533611
872 -0.1220533611
873 -0.1220533611
874 -0.1220533611
875 -0.1220533611
876 -0.1220533611
877 -0.1220533611
878 -0.1220533611
879 -0.1220533611
880 -0.1220533611
881 -0.1220533611
882 -0.1220533611
883 -0.1220533611
884 -0.1220533611
885 -0.1220533611
886 -0.1220533611
887 -0.1220533611
888 -0.1220533611
889 -0.1220533611
890 -0.1220533611
891 -0.1220533611
892 -0.1220533611
893 -0.1220533611
894 -0.1220533611
895 -0.1220533611
896 -0.1220533611
897 -0.1220533611
898 -0.1220533611
899 -0.1220533611
900 -0.1220533611
901 -0.1220533611
902 -0.1220533611
903 -0.1220533611
904 -0.1220533611
905 -0.1220533611
906 -0.1220533611
907 -0.1220533611
908 -0.1220533611
909 -0.1220533611
910 -0.1220533611
911 -0.1220533611
912 -0.1220533611
913 -0.1220533611
914 -0.1220533611
915 -0.1220533611
916 -0.1220533611
917 -0.1220533611
918 -0.1220533611
919 -0.1220533611
920 -0.1220533611
921 -0.1220533611
922 -0.1220533611
923 -0.1220533611
924 -0.1220533611
925 -0.1220533611
926 -0.1220533611
927 -0.1220533611
928 -0.1220533611
929 -0.1220533611
930 -0.1220533611
931 -0.1220533611
932 -0.1220533611
933 -0.1220533611
934 -0.1220533611
935 -0.1220533611
936 -0.1220533611
937 -0.1220533611
938 -0.1220533611
939 -0.1220533611
940 -0.1220533611
941 -0.1220533611
942 -0.1220533611
943 -0.1220533611
944 -0.1220533611
945 -0.1220533611
946 -0.1220533611
947 -0.1220533611
948 -0.1220533611
949 -0.1220533611
950 -0.1220533611
951 -0.1220533611
952 -0.1220533611
953 -0.1220533611
954 -0.1220533611
955 -0.1220533611
956 -0.1220533611
957 -0.1220533611
958 -0.1220533611
959 -0.1220533611
960 -0.1220533611
961 -0.1220533611
962 -0.1220533611
963 -0.1220533611
964 -0.1220533611
965 -0.1220533611
966 -0.1220533611
967 -0.1220533611
968 -0.1220533611
969 -0.1220533611
970 -0.1220533611
971 -0.1220533611
972 -0.1220533611
973 -0.1220533611
974 -0.1220533611
975 -0.1220533611
976 -0.1220533611
977 -0.1220533611
978 -0.1220533611
979 -0.1220533611
980 -0.1220533611
981 -0.1220533611
982 -0.1220533611
983 -0.1220533611
984 -0.1220533611
985 -0.1220533611
986 -0.1220533611
987 -0.1220533611
988 -0.1220533611
989 -0.1220533611
990 -0.1220533611
991 -0.1220533611
992 -0.1220533611
993 -0.1220533611
994 -0.1220533611
995 -0.1220533611
996 -0.1220533611
997 -0.1220533611
998 -0.1220533611
999 -0.1220533611
1000 -0.1220533611
1001 -0.1220533611
1002 -0.1220533611
1003 -0.1220533611
1004 -0.1220533611
1005 -0.1220533611
1006 -0.1220533611
1007 -0.1220533611
1008 -0.1220533611
1009 -0.1220533611
1010 -0.1220533611
1011 -0.1220533611
1012 -0.1220533611
1013 -0.1220533611
1014 -0.1220533611
1015 -0.1220533611
1016 -0.1220533611
1017 -0.1220533611
1018 -0.1220533611
1019 -0.1220533611
1020 -0.1220533611
1021 -0.1220533611
1022 -0.1220533611
1023 -0.1220533611
