#54153 2910.0002393658010054 0.0045697590627975922736 1 1445 16.000049430220818044 1024 7 1 J1713+0747 0.0000000 
0 -0.1701769071
1 -0.1701769071
2 -0.1701769071
3 -0.1701769071
4 -0.1701769071
5 -0.1701769071
6 -0.1701769071
7 -0.1701769071
8 -0.1701769071
9 -0.1701769071
10 -0.1701769071
11 -0.1701769071
12 -0.1701769071
13 -0.1701769071
14 -0.1701769071
15 -0.1701769071
16 -0.1701769071
17 -0.1701769071
18 -0.1701769071
19 -0.1701769071
20 -0.1701769071
21 -0.1701769071
22 -0.1701769071
23 -0.1701769071
24 -0.1701769071
25 -0.1701769071
26 -0.1701769071
27 -0.1701769071
28 -0.1701769071
29 -0.1701769071
30 -0.1701769071
31 -0.1701769071
32 -0.1701769071
33 -0.1701769071
34 -0.1701769071
35 -0.1701769071
36 -0.1701769071
37 -0.1701769071
38 -0.1701769071
39 -0.1701769071
40 -0.1701769071
41 -0.1701769071
42 -0.1701769071
43 -0.1701769071
44 -0.1701769071
45 -0.1701769071
46 -0.1701769071
47 -0.1701769071
48 -0.1701769071
49 -0.1701769071
50 -0.1701769071
51 -0.1701769071
52 -0.1701769071
53 -0.1701769071
54 -0.1701769071
55 -0.1701769071
56 -0.1701769071
57 -0.1701769071
58 -0.1701769071
59 -0.1701769071
60 -0.1701769071
61 -0.1701769071
62 -0.1701769071
63 -0.1701769071
64 -0.1701769071
65 -0.1701769071
66 -0.1701769071
67 -0.1701769071
68 -0.1701769071
69 -0.1701769071
70 -0.1701769071
71 -0.1701769071
72 -0.1701769071
73 -0.1701769071
74 -0.1701769071
75 -0.1701769071
76 -0.1701769071
77 -0.1701769071
78 -0.1701769071
79 -0.1701769071
80 -0.1701769071
81 -0.1701769071
82 -0.1701769071
83 -0.1701769071
84 -0.1701769071
85 -0.1701769071
86 -0.1701769071
87 -0.1701769071
88 -0.1701769071
89 -0.1701769071
90 -0.1701769071
91 -0.1701769071
92 -0.1701769071
93 -0.1701769071
94 -0.1701769071
95 -0.1701769071
96 -0.1701769071
97 -0.1701769071
98 -0.1701769071
99 -0.1701769071
100 -0.1701769071
101 -0.1701769071
102 -0.1701769071
103 -0.1701769071
104 -0.1701769071
105 -0.1701769071
106 -0.1701769071
107 -0.1701769071
108 -0.1701769071
109 -0.1701769071
110 -0.1701769071
111 -0.1701769071
112 -0.1701769071
113 -0.1701769071
114 -0.1701769071
115 -0.1701769071
116 -0.1701769071
117 -0.1701769071
118 -0.1701769071
119 -0.1701769071
120 -0.1701769071
121 -0.1701769071
122 -0.1701769071
123 -0.1701769071
124 -0.1701769071
125 -0.1701769071
126 -0.1701769071
127 -0.1701769071
128 -0.1701769071
129 -0.1701769071
130 -0.1701769071
131 -0.1701769071
132 -0.1701769071
133 -0.1701769071
134 -0.1701769071
135 -0.1701769071
136 -0.1701769071
137 -0.1701769071
138 -0.1701769071
139 -0.1701769071
140 -0.1701769071
141 -0.1701769071
142 -0.1701769071
143 -0.1701769071
144 -0.1701769071
145 -0.1701769071
146 -0.1701769071
147 -0.1701769071
148 -0.1701769071
149 -0.1701769071
150 -0.1701769071
151 -0.1701769071
152 -0.1701769071
153 -0.1701769071
154 -0.1701769071
155 -0.1701769071
156 -0.1701769071
157 -0.1701769071
158 -0.1701769071
159 -0.1701769071
160 -0.170176907
161 -0.170176907
162 -0.170176907
163 -0.170176907
164 -0.170176907
165 -0.170176907
166 -0.170176907
167 -0.1701769069
168 -0.1701769069
169 -0.1701769068
170 -0.1701769068
171 -0.1701769067
172 -0.1701769066
173 -0.1701769065
174 -0.1701769063
175 -0.1701769061
176 -0.1701769059
177 -0.1701769055
178 -0.1701769052
179 -0.1701769047
180 -0.1701769041
181 -0.1701769034
182 -0.1701769025
183 -0.1701769014
184 -0.1701769
185 -0.1701768983
186 -0.1701768963
187 -0.1701768937
188 -0.1701768906
189 -0.1701768867
190 -0.170176882
191 -0.1701768762
192 -0.170176869
193 -0.1701768603
194 -0.1701768497
195 -0.1701768367
196 -0.1701768209
197 -0.1701768016
198 -0.1701767782
199 -0.1701767497
200 -0.1701767151
201 -0.1701766731
202 -0.1701766222
203 -0.1701765606
204 -0.1701764861
205 -0.1701763961
206 -0.1701762876
207 -0.1701761567
208 -0.1701759992
209 -0.1701758096
210 -0.1701755819
211 -0.1701753085
212 -0.1701749807
213 -0.170174588
214 -0.1701741182
215 -0.1701735566
216 -0.170172886
217 -0.1701720861
218 -0.1701711331
219 -0.1701699987
220 -0.1701686499
221 -0.1701670478
222 -0.1701651469
223 -0.1701628938
224 -0.1701602262
225 -0.170157071
226 -0.1701533432
227 -0.1701489433
228 -0.1701437559
229 -0.1701376463
230 -0.1701304582
231 -0.1701220103
232 -0.1701120922
233 -0.1701004604
234 -0.1700868333
235 -0.1700708855
236 -0.1700522417
237 -0.1700304691
238 -0.1700050699
239 -0.1699754713
240 -0.1699410156
241 -0.1699009487
242 -0.1698544061
243 -0.1698003989
244 -0.1697377967
245 -0.169665309
246 -0.1695814641
247 -0.1694845864
248 -0.1693727694
249 -0.1692438473
250 -0.1690953623
251 -0.1689245289
252 -0.1687281939
253 -0.1685027921
254 -0.1682442975
255 -0.1679481697
256 -0.1676092936
257 -0.1672219149
258 -0.1667795673
259 -0.1662749941
260 -0.1657000614
261 -0.1650456635
262 -0.1643016201
263 -0.1634565632
264 -0.1624978153
265 -0.1614112561
266 -0.1601811788
267 -0.158790134
268 -0.157218762
269 -0.1554456107
270 -0.1534469415
271 -0.1511965193
272 -0.1486653886
273 -0.1458216338
274 -0.1426301233
275 -0.1390522377
276 -0.1350455808
277 -0.1305636732
278 -0.1255556292
279 -0.1199658157
280 -0.1137334933
281 -0.1067924409
282 -0.09907056223
283 -0.09048947622
284 -0.0809640909
285 -0.07040216227
286 -0.05870383871
287 -0.04576119244
288 -0.03145773934
289 -0.01566794906
290 0.001743252673
291 0.02092098717
292 0.04202092867
293 0.06520981003
294 0.09066592502
295 0.1185796235
296 0.1491537955
297 0.1826043401
298 0.2191606139
299 0.2590658549
300 0.3025775755
301 0.3499679198
302 0.4015239788
303 0.4575480568
304 0.5183578832
305 0.5842867625
306 0.6556836558
307 0.7329131858
308 0.8163555589
309 0.9064063968
310 1.00347647
311 1.107991326
312 1.220390805
313 1.341128436
314 1.470670704
315 1.609496193
316 1.758094576
317 1.916965476
318 2.086617165
319 2.267565119
320 2.460330409
321 2.66543794
322 2.883414522
323 3.114786785
324 3.360078932
325 3.619810332
326 3.89449296
327 4.184628685
328 4.490706414
329 4.813199104
330 5.152560634
331 5.509222578
332 5.883590859
333 6.276042322
334 6.686921229
335 7.1165357
336 7.565154112
337 8.033001487
338 8.520255875
339 9.027044777
340 9.55344161
341 10.09946225
342 10.66506169
343 11.25013082
344 11.85449335
345 12.47790297
346 13.12004066
347 13.7805123
348 14.45884652
349 15.15449289
350 15.86682033
351 16.59511606
352 17.33858472
353 18.09634804
354 18.86744486
355 19.65083164
356 20.44538335
357 21.24989492
358 22.06308312
359 22.88358895
360 23.70998051
361 24.54075641
362 25.37434962
363 26.20913191
364 27.04341862
365 27.8754741
366 28.7035174
367 29.52572862
368 30.34025546
369 31.14522031
370 31.93872765
371 32.71887177
372 33.48374476
373 34.23144484
374 34.96008478
375 35.66780055
376 36.35276011
377 37.01317225
378 37.64729541
379 38.25344653
380 38.83000985
381 39.37544546
382 39.88829782
383 40.36720394
384 40.81090138
385 41.2182358
386 41.58816828
387 41.91978212
388 42.21228927
389 42.46503617
390 42.67750914
391 42.84933919
392 42.98030622
393 43.07034261
394 43.11953617
395 43.12813246
396 43.0965364
397 43.02531323
398 42.91518872
399 42.76704882
400 42.58193846
401 42.36105977
402 42.10576962
403 41.8175764
404 41.49813626
405 41.14924867
406 40.77285134
407 40.37101454
408 39.94593491
409 39.49992867
410 39.03542429
411 38.55495473
412 38.06114914
413 37.55672421
414 37.04447499
415 36.52726547
416 36.00801869
417 35.48970658
418 34.97533957
419 34.4679558
420 33.97061019
421 33.48636332
422 33.01827006
423 32.56936811
424 32.14266637
425 31.74113328
426 31.36768502
427 31.02517375
428 30.71637578
429 30.44397981
430 30.21057517
431 30.01864027
432 29.87053098
433 29.7684694
434 29.71453262
435 29.71064189
436 29.75855193
437 29.85984073
438 30.01589953
439 30.22792342
440 30.49690231
441 30.82361244
442 31.20860852
443 31.65221649
444 32.154527
445 32.71538967
446 33.33440811
447 34.01093592
448 34.7440736
449 35.53266643
450 36.37530345
451 37.27031754
452 38.21578666
453 39.2095363
454 40.24914317
455 41.33194013
456 42.45502252
457 43.61525569
458 44.80928395
459 46.03354081
460 47.28426052
461 48.55749101
462 49.84910798
463 51.15483031
464 52.47023659
465 53.79078286
466 55.11182128
467 56.42861988
468 57.73638305
469 59.03027293
470 60.30543132
471 61.55700222
472 62.78015465
473 63.97010584
474 65.12214443
475 66.23165369
476 67.29413448
477 68.30522794
478 69.26073757
479 70.15665078
480 70.98915944
481 71.75467963
482 72.44987018
483 73.07164996
484 73.61721386
485 74.08404713
486 74.46993824
487 74.77298995
488 74.99162858
489 75.12461144
490 75.17103232
491 75.13032494
492 75.00226455
493 74.78696735
494 74.48488806
495 74.09681537
496 73.62386558
497 73.06747429
498 72.42938624
499 71.71164352
500 70.91657201
501 70.04676646
502 69.10507403
503 68.09457661
504 67.01857206
505 65.88055438
506 64.68419313
507 63.43331217
508 62.13186785
509 60.78392695
510 59.39364433
511 57.96524068
512 56.50298031
513 55.01114931
514 53.49403413
515 51.9559007
516 50.40097434
517 48.83342047
518 47.25732623
519 45.67668322
520 44.09537132
521 42.51714376
522 40.94561345
523 39.38424064
524 37.83632197
525 36.30498089
526 34.7931595
527 33.30361178
528 31.83889827
529 30.40138211
530 28.99322634
531 27.61639267
532 26.27264137
533 24.96353239
534 23.69042769
535 22.45449451
536 21.2567097
537 20.09786494
538 18.97857277
539 17.89927339
540 16.86024201
541 15.86159687
542 14.9033077
543 13.98520446
544 13.10698655
545 12.26823209
546 11.46840743
547 10.70687667
548 9.982911166
549 9.295699026
550 8.644354391
551 8.027926573
552 7.445408926
553 6.89574744
554 6.377849
555 5.890589283
556 5.432820262
557 5.003377298
558 4.601085795
559 4.224767401
560 3.873245767
561 3.545351831
562 3.239928642
563 2.955835737
564 2.691953051
565 2.447184396
566 2.220460506
567 2.010741672
568 1.817019973
569 1.638321141
570 1.473706053
571 1.322271904
572 1.183153049
573 1.055521565
574 0.9385875433
575 0.8315991301
576 0.7338423508
577 0.6446407318
578 0.5633547435
579 0.4893810876
580 0.4221518465
581 0.3611335166
582 0.3058259415
583 0.2557611652
584 0.2105022193
585 0.1696418604
586 0.1328012711
587 0.09962873807
588 0.06979831772
589 0.04300850072
590 0.01898088422
591 -0.002541139975
592 -0.0217936739
593 -0.03899357272
594 -0.05433966938
595 -0.06801396026
596 -0.08018274834
597 -0.09099774106
598 -0.1005971007
599 -0.1091064459
600 -0.1166398031
601 -0.1233005082
602 -0.1291820574
603 -0.1343689087
604 -0.1389372337
605 -0.1429556226
606 -0.1464857412
607 -0.1495829433
608 -0.1522968399
609 -0.1546718261
610 -0.1567475686
611 -0.1585594549
612 -0.1601390072
613 -0.1615142622
614 -0.1627101185
615 -0.1637486551
616 -0.1646494215
617 -0.1654297016
618 -0.1661047536
619 -0.1666880278
620 -0.1671913634
621 -0.167625166
622 -0.1679985681
623 -0.168319573
624 -0.1685951846
625 -0.1688315232
626 -0.1690339292
627 -0.1692070558
628 -0.1693549518
629 -0.1694811352
630 -0.169588658
631 -0.1696801646
632 -0.1697579427
633 -0.169823969
634 -0.1698799486
635 -0.1699273508
636 -0.1699674394
637 -0.1700013003
638 -0.1700298651
639 -0.1700539321
640 -0.170074184
641 -0.1700912043
642 -0.1701054907
643 -0.1701174674
644 -0.1701274953
645 -0.170135881
646 -0.1701428846
647 -0.1701487267
648 -0.1701535938
649 -0.1701576436
650 -0.170161009
651 -0.1701638024
652 -0.1701661179
653 -0.1701680351
654 -0.1701696203
655 -0.1701709296
656 -0.1701720095
657 -0.1701728991
658 -0.1701736312
659 -0.1701742327
660 -0.1701747264
661 -0.1701751311
662 -0.1701754625
663 -0.1701757334
664 -0.1701759547
665 -0.1701761352
666 -0.1701762822
667 -0.1701764019
668 -0.1701764991
669 -0.170176578
670 -0.170176642
671 -0.1701766938
672 -0.1701767357
673 -0.1701767695
674 -0.1701767968
675 -0.1701768187
676 -0.1701768364
677 -0.1701768506
678 -0.170176862
679 -0.1701768712
680 -0.1701768785
681 -0.1701768844
682 -0.170176889
683 -0.1701768928
684 -0.1701768958
685 -0.1701768981
686 -0.1701769
687 -0.1701769015
688 -0.1701769027
689 -0.1701769036
690 -0.1701769044
691 -0.1701769049
692 -0.1701769054
693 -0.1701769058
694 -0.170176906
695 -0.1701769063
696 -0.1701769064
697 -0.1701769066
698 -0.1701769067
699 -0.1701769068
700 -0.1701769068
701 -0.1701769069
702 -0.1701769069
703 -0.170176907
704 -0.170176907
705 -0.170176907
706 -0.170176907
707 -0.170176907
708 -0.170176907
709 -0.1701769071
710 -0.1701769071
711 -0.1701769071
712 -0.1701769071
713 -0.1701769071
714 -0.1701769071
715 -0.1701769071
716 -0.1701769071
717 -0.1701769071
718 -0.1701769071
719 -0.1701769071
720 -0.1701769071
721 -0.1701769071
722 -0.1701769071
723 -0.1701769071
724 -0.1701769071
725 -0.1701769071
726 -0.1701769071
727 -0.1701769071
728 -0.1701769071
729 -0.1701769071
730 -0.1701769071
731 -0.1701769071
732 -0.1701769071
733 -0.1701769071
734 -0.1701769071
735 -0.1701769071
736 -0.1701769071
737 -0.1701769071
738 -0.1701769071
739 -0.1701769071
740 -0.1701769071
741 -0.1701769071
742 -0.1701769071
743 -0.1701769071
744 -0.1701769071
745 -0.1701769071
746 -0.1701769071
747 -0.1701769071
748 -0.1701769071
749 -0.1701769071
750 -0.1701769071
751 -0.1701769071
752 -0.1701769071
753 -0.1701769071
754 -0.1701769071
755 -0.1701769071
756 -0.1701769071
757 -0.1701769071
758 -0.1701769071
759 -0.1701769071
760 -0.1701769071
761 -0.1701769071
762 -0.1701769071
763 -0.1701769071
764 -0.1701769071
765 -0.1701769071
766 -0.1701769071
767 -0.1701769071
768 -0.1701769071
769 -0.1701769071
770 -0.1701769071
771 -0.1701769071
772 -0.1701769071
773 -0.1701769071
774 -0.1701769071
775 -0.1701769071
776 -0.1701769071
777 -0.1701769071
778 -0.1701769071
779 -0.1701769071
780 -0.1701769071
781 -0.1701769071
782 -0.1701769071
783 -0.1701769071
784 -0.1701769071
785 -0.1701769071
786 -0.1701769071
787 -0.1701769071
788 -0.1701769071
789 -0.1701769071
790 -0.1701769071
791 -0.1701769071
792 -0.1701769071
793 -0.1701769071
794 -0.1701769071
795 -0.1701769071
796 -0.1701769071
797 -0.1701769071
798 -0.1701769071
799 -0.1701769071
800 -0.1701769071
801 -0.1701769071
802 -0.1701769071
803 -0.1701769071
804 -0.1701769071
805 -0.1701769071
806 -0.1701769071
807 -0.1701769071
808 -0.1701769071
809 -0.1701769071
810 -0.1701769071
811 -0.1701769071
812 -0.1701769071
813 -0.1701769071
814 -0.1701769071
815 -0.1701769071
816 -0.1701769071
817 -0.1701769071
818 -0.1701769071
819 -0.1701769071
820 -0.1701769071
821 -0.1701769071
822 -0.1701769071
823 -0.1701769071
824 -0.1701769071
825 -0.1701769071
826 -0.1701769071
827 -0.1701769071
828 -0.1701769071
829 -0.1701769071
830 -0.1701769071
831 -0.1701769071
832 -0.1701769071
833 -0.1701769071
834 -0.1701769071
835 -0.1701769071
836 -0.1701769071
837 -0.1701769071
838 -0.1701769071
839 -0.1701769071
840 -0.1701769071
841 -0.1701769071
842 -0.1701769071
843 -0.1701769071
844 -0.1701769071
845 -0.1701769071
846 -0.1701769071
847 -0.1701769071
848 -0.1701769071
849 -0.1701769071
850 -0.1701769071
851 -0.1701769071
852 -0.1701769071
853 -0.1701769071
854 -0.1701769071
855 -0.1701769071
856 -0.1701769071
857 -0.1701769071
858 -0.1701769071
859 -0.1701769071
860 -0.1701769071
861 -0.1701769071
862 -0.1701769071
863 -0.1701769071
864 -0.1701769071
865 -0.1701769071
866 -0.1701769071
867 -0.1701769071
868 -0.1701769071
869 -0.1701769071
870 -0.1701769071
871 -0.1701769071
872 -0.1701769071
873 -0.1701769071
874 -0.1701769071
875 -0.1701769071
876 -0.1701769071
877 -0.1701769071
878 -0.1701769071
879 -0.1701769071
880 -0.1701769071
881 -0.1701769071
882 -0.1701769071
883 -0.1701769071
884 -0.1701769071
885 -0.1701769071
886 -0.1701769071
887 -0.1701769071
888 -0.1701769071
889 -0.1701769071
890 -0.1701769071
891 -0.1701769071
892 -0.1701769071
893 -0.1701769071
894 -0.1701769071
895 -0.1701769071
896 -0.1701769071
897 -0.1701769071
898 -0.1701769071
899 -0.1701769071
900 -0.1701769071
901 -0.1701769071
902 -0.1701769071
903 -0.1701769071
904 -0.1701769071
905 -0.1701769071
906 -0.1701769071
907 -0.1701769071
908 -0.1701769071
909 -0.1701769071
910 -0.1701769071
911 -0.1701769071
912 -0.1701769071
913 -0.1701769071
914 -0.1701769071
915 -0.1701769071
916 -0.1701769071
917 -0.1701769071
918 -0.1701769071
919 -0.1701769071
920 -0.1701769071
921 -0.1701769071
922 -0.1701769071
923 -0.1701769071
924 -0.1701769071
925 -0.1701769071
926 -0.1701769071
927 -0.1701769071
928 -0.1701769071
929 -0.1701769071
930 -0.1701769071
931 -0.1701769071
932 -0.1701769071
933 -0.1701769071
934 -0.1701769071
935 -0.1701769071
936 -0.1701769071
937 -0.1701769071
938 -0.1701769071
939 -0.1701769071
940 -0.1701769071
941 -0.1701769071
942 -0.1701769071
943 -0.1701769071
944 -0.1701769071
945 -0.1701769071
946 -0.1701769071
947 -0.1701769071
948 -0.1701769071
949 -0.1701769071
950 -0.1701769071
951 -0.1701769071
952 -0.1701769071
953 -0.1701769071
954 -0.1701769071
955 -0.1701769071
956 -0.1701769071
957 -0.1701769071
958 -0.1701769071
959 -0.1701769071
960 -0.1701769071
961 -0.1701769071
962 -0.1701769071
963 -0.1701769071
964 -0.1701769071
965 -0.1701769071
966 -0.1701769071
967 -0.1701769071
968 -0.1701769071
969 -0.1701769071
970 -0.1701769071
971 -0.1701769071
972 -0.1701769071
973 -0.1701769071
974 -0.1701769071
975 -0.1701769071
976 -0.1701769071
977 -0.1701769071
978 -0.1701769071
979 -0.1701769071
980 -0.1701769071
981 -0.1701769071
982 -0.1701769071
983 -0.1701769071
984 -0.1701769071
985 -0.1701769071
986 -0.1701769071
987 -0.1701769071
988 -0.1701769071
989 -0.1701769071
990 -0.1701769071
991 -0.1701769071
992 -0.1701769071
993 -0.1701769071
994 -0.1701769071
995 -0.1701769071
996 -0.1701769071
997 -0.1701769071
998 -0.1701769071
999 -0.1701769071
1000 -0.1701769071
1001 -0.1701769071
1002 -0.1701769071
1003 -0.1701769071
1004 -0.1701769071
1005 -0.1701769071
1006 -0.1701769071
1007 -0.1701769071
1008 -0.1701769071
1009 -0.1701769071
1010 -0.1701769071
1011 -0.1701769071
1012 -0.1701769071
1013 -0.1701769071
1014 -0.1701769071
1015 -0.1701769071
1016 -0.1701769071
1017 -0.1701769071
1018 -0.1701769071
1019 -0.1701769071
1020 -0.1701769071
1021 -0.1701769071
1022 -0.1701769071
1023 -0.1701769071
