#54175 2910.0020594518905133 0.0045697528821558620893 1 1461 16.000049430220818044 1024 7 1 J1713+0747 0.0000000 
0 0.009709997758
1 0.009709997758
2 0.009709997758
3 0.009709997758
4 0.009709997758
5 0.009709997758
6 0.009709997758
7 0.009709997758
8 0.009709997758
9 0.009709997758
10 0.009709997758
11 0.009709997758
12 0.009709997758
13 0.009709997758
14 0.009709997758
15 0.009709997758
16 0.009709997758
17 0.009709997758
18 0.009709997758
19 0.009709997758
20 0.009709997758
21 0.009709997758
22 0.009709997758
23 0.009709997758
24 0.009709997758
25 0.009709997758
26 0.009709997758
27 0.009709997758
28 0.009709997758
29 0.009709997758
30 0.009709997758
31 0.009709997758
32 0.009709997758
33 0.009709997758
34 0.009709997758
35 0.009709997758
36 0.009709997758
37 0.009709997758
38 0.009709997758
39 0.009709997758
40 0.009709997758
41 0.009709997758
42 0.009709997758
43 0.009709997758
44 0.009709997758
45 0.009709997758
46 0.009709997758
47 0.009709997758
48 0.009709997758
49 0.009709997758
50 0.009709997758
51 0.009709997758
52 0.009709997758
53 0.009709997758
54 0.009709997758
55 0.009709997758
56 0.009709997758
57 0.009709997758
58 0.009709997758
59 0.009709997758
60 0.009709997758
61 0.009709997758
62 0.009709997758
63 0.009709997758
64 0.009709997758
65 0.009709997758
66 0.009709997758
67 0.009709997758
68 0.009709997758
69 0.009709997758
70 0.009709997758
71 0.009709997758
72 0.009709997758
73 0.009709997758
74 0.009709997758
75 0.009709997758
76 0.009709997758
77 0.009709997758
78 0.009709997758
79 0.009709997758
80 0.009709997758
81 0.009709997758
82 0.009709997758
83 0.009709997758
84 0.009709997758
85 0.009709997758
86 0.009709997758
87 0.009709997758
88 0.009709997758
89 0.009709997758
90 0.009709997758
91 0.009709997758
92 0.009709997758
93 0.009709997758
94 0.009709997758
95 0.009709997758
96 0.009709997758
97 0.009709997758
98 0.009709997758
99 0.009709997759
100 0.009709997759
101 0.009709997759
102 0.009709997759
103 0.00970999776
104 0.00970999776
105 0.00970999776
106 0.009709997761
107 0.009709997762
108 0.009709997763
109 0.009709997764
110 0.009709997766
111 0.009709997769
112 0.009709997771
113 0.009709997775
114 0.00970999778
115 0.009709997786
116 0.009709997793
117 0.009709997803
118 0.009709997814
119 0.00970999783
120 0.009709997848
121 0.009709997872
122 0.009709997902
123 0.00970999794
124 0.009709997987
125 0.009709998046
126 0.00970999812
127 0.009709998213
128 0.009709998329
129 0.009709998473
130 0.009709998654
131 0.009709998878
132 0.009709999158
133 0.009709999505
134 0.009709999936
135 0.009710000471
136 0.009710001134
137 0.009710001955
138 0.009710002969
139 0.009710004223
140 0.00971000577
141 0.009710007677
142 0.009710010025
143 0.009710012913
144 0.009710016463
145 0.00971002082
146 0.009710026163
147 0.009710032708
148 0.009710040718
149 0.00971005051
150 0.009710062466
151 0.009710077052
152 0.009710094827
153 0.009710116464
154 0.009710142776
155 0.009710174739
156 0.009710213526
157 0.009710260545
158 0.009710317484
159 0.009710386361
160 0.009710469594
161 0.009710570069
162 0.009710691229
163 0.009710837182
164 0.009711012814
165 0.009711223939
166 0.009711477463
167 0.00971178158
168 0.009712146004
169 0.009712582234
170 0.009713103868
171 0.009713726971
172 0.009714470496
173 0.009715356782
174 0.009716412126
175 0.009717667451
176 0.009719159079
177 0.00972092962
178 0.00972302901
179 0.009725515699
180 0.009728458026
181 0.009731935799
182 0.009736042116
183 0.009740885448
184 0.009746592032
185 0.009753308618
186 0.009761205595
187 0.009770480575
188 0.009781362474
189 0.009794116162
190 0.009809047753
191 0.009826510613
192 0.009846912177
193 0.009870721665
194 0.009898478824
195 0.009930803788
196 0.009968408215
197 0.01001210782
198 0.01006283649
199 0.01012166211
200 0.01018980437
201 0.01026865463
202 0.01035979823
203 0.0104650393
204 0.01058642854
205 0.01072629408
206 0.01088727578
207 0.01107236338
208 0.01128493867
209 0.01152882231
210 0.01180832541
211 0.01212830655
212 0.01249423448
213 0.01291225718
214 0.0133892776
215 0.01393303666
216 0.01455220415
217 0.01525647793
218 0.01605669213
219 0.01696493498
220 0.01799467676
221 0.01916090859
222 0.02048029275
223 0.02197132503
224 0.02365450985
225 0.02555254881
226 0.02769054314
227 0.03009621081
228 0.03280011882
229 0.03583593108
230 0.03924067258
231 0.04305501004
232 0.04732354956
233 0.05209515139
234 0.05742326222
235 0.06336626469
236 0.06998784444
237 0.07735737424
238 0.08555031485
239 0.0946486323
240 0.1047412305
241 0.1159243987
242 0.1283022722
243 0.1419873051
244 0.1571007537
245 0.1737731682
246 0.1921448908
247 0.2123665577
248 0.2345996015
249 0.2590167525
250 0.2858025331
251 0.315153744
252 0.3472799354
253 0.3824038618
254 0.4207619122
255 0.4626045129
256 0.5081964968
257 0.5578174327
258 0.611761909
259 0.670339766
260 0.7338762682
261 0.8027122121
262 0.8772039606
263 0.9577233978
264 1.044657797
265 1.138409591
266 1.239396047
267 1.348048827
268 1.464813431
269 1.590148522
270 1.724525119
271 1.868425655
272 2.02234289
273 2.186778684
274 2.362242612
275 2.549250432
276 2.74832239
277 2.959981365
278 3.18475086
279 3.423152829
280 3.675705344
281 3.94292011
282 4.225299827
283 4.523335409
284 4.837503054
285 5.168261202
286 5.516047353
287 5.881274793
288 6.264329216
289 6.665565267
290 7.085303029
291 7.523824455
292 7.981369782
293 8.458133941
294 8.954262979
295 9.469850534
296 10.00493437
297 10.55949299
298 11.13344243
299 11.7266331
300 12.3388469
301 12.96979447
302 13.61911273
303 14.28636261
304 14.97102712
305 15.67250976
306 16.39013317
307 17.12313825
308 17.87068361
309 18.63184546
310 19.40561791
311 20.19091373
312 20.98656559
313 21.79132774
314 22.60387819
315 23.4228214
316 24.24669146
317 25.07395576
318 25.90301914
319 26.73222855
320 27.55987819
321 28.38421505
322 29.20344503
323 30.01573929
324 30.81924118
325 31.61207344
326 32.39234572
327 33.15816249
328 33.90763114
329 34.63887033
330 35.35001852
331 36.03924264
332 36.70474685
333 37.34478133
334 37.95765108
335 38.54172463
336 39.09544271
337 39.61732667
338 40.10598679
339 40.56013026
340 40.97856885
341 41.36022634
342 41.70414539
343 42.00949413
344 42.27557215
345 42.50181607
346 42.68780449
347 42.83326245
348 42.93806516
349 43.00224125
350 43.02597525
351 43.00960948
352 42.95364526
353 42.85874339
354 42.72572401
355 42.55556574
356 42.34940409
357 42.10852933
358 41.83438352
359 41.52855701
360 41.19278429
361 40.82893911
362 40.43902915
363 40.02519002
364 39.58967873
365 39.13486661
366 38.66323177
367 38.17735104
368 37.67989152
369 37.17360163
370 36.66130189
371 36.14587519
372 35.63025688
373 35.11742447
374 34.61038704
375 34.11217454
376 33.62582667
377 33.1543818
378 32.7008655
379 32.26827915
380 31.85958829
381 31.47771101
382 31.12550618
383 30.80576176
384 30.5211831
385 30.27438121
386 30.06786125
387 29.90401098
388 29.78508944
389 29.71321583
390 29.69035853
391 29.71832449
392 29.79874885
393 29.93308494
394 30.1225947
395 30.36833958
396 30.67117184
397 31.03172657
398 31.45041421
399 31.92741383
400 32.46266707
401 33.05587298
402 33.70648361
403 34.41370061
404 35.17647277
405 35.99349456
406 36.86320582
407 37.78379252
408 38.75318876
409 39.76907995
410 40.82890725
411 41.92987334
412 43.0689494
413 44.24288355
414 45.44821044
415 46.68126235
416 47.93818139
417 49.21493317
418 50.50732156
419 51.81100476
420 53.1215124
421 54.43426381
422 55.74458721
423 57.04773983
424 58.3389288
425 59.61333278
426 60.86612408
427 62.09249129
428 63.28766215
429 64.44692664
430 65.56566006
431 66.63934595
432 67.66359873
433 68.63418594
434 69.54704979
435 70.39832801
436 71.18437379
437 71.90177468
438 72.54737022
439 73.11826833
440 73.61186018
441 74.02583359
442 74.35818462
443 74.60722752
444 74.77160281
445 74.85028344
446 74.84257902
447 74.74813806
448 74.56694825
449 74.29933475
450 73.94595641
451 73.50780017
452 72.9861735
453 72.38269503
454 71.69928337
455 70.93814439
456 70.10175679
457 69.19285638
458 68.21441893
459 67.16964193
460 66.06192527
461 64.89485106
462 63.67216275
463 62.39774362
464 61.075595
465 59.70981408
466 58.30457183
467 56.86409082
468 55.39262344
469 53.8944304
470 52.37375978
471 50.83482679
472 49.28179422
473 47.71875391
474 46.1497091
475 44.57855801
476 43.00907848
477 41.4449139
478 39.88956052
479 38.34635597
480 36.81846925
481 35.3088921
482 33.82043176
483 32.35570512
484 30.91713429
485 29.50694345
486 28.12715707
487 26.77959942
488 25.46589518
489 24.18747136
490 22.94556015
491 21.74120289
492 20.57525488
493 19.44839113
494 18.36111278
495 17.31375423
496 16.3064909
497 15.33934742
498 14.41220626
499 13.52481669
500 12.67680401
501 11.86767888
502 11.09684682
503 10.36361764
504 9.667214919
505 9.006785265
506 8.381407492
507 7.790101524
508 7.231837042
509 6.70554182
510 6.210109707
511 5.74440824
512 5.307285839
513 4.897578586
514 4.514116558
515 4.155729718
516 3.821253334
517 3.509532954
518 3.219428915
519 2.949820404
520 2.699609075
521 2.467722231
522 2.253115601
523 2.0547757
524 1.871721818
525 1.703007643
526 1.547722539
527 1.404992504
528 1.273980838
529 1.153888522
530 1.043954357
531 0.9434548644
532 0.8517039851
533 0.7680525912
534 0.6918878327
535 0.6226323428
536 0.5597433184
537 0.5027114959
538 0.4510600401
539 0.4043433621
540 0.3621458819
541 0.3240807503
542 0.2897885428
543 0.258935937
544 0.2312143856
545 0.206338793
546 0.1840462056
547 0.1640945219
548 0.1462612302
549 0.1303421778
550 0.1161503787
551 0.1035148612
552 0.09227956005
553 0.08230225491
554 0.07345355702
555 0.06561594494
556 0.05868285029
557 0.05255779335
558 0.04715356841
559 0.04239147815
560 0.03820061614
561 0.03451719623
562 0.03128392737
563 0.02844943241
564 0.02596770887
565 0.02379763014
566 0.02190248498
567 0.02024955333
568 0.01880971669
569 0.01755710067
570 0.01646874817
571 0.01552432084
572 0.01470582718
573 0.01399737535
574 0.01338494878
575 0.01285620313
576 0.01240028264
577 0.01200765459
578 0.0116699602
579 0.01137988068
580 0.01113101709
581 0.01091778279
582 0.01073530727
583 0.01057935049
584 0.01044622646
585 0.01033273546
586 0.01023610378
587 0.01015393039
588 0.01008413983
589 0.01002494059
590 0.009974788377
591 0.009932353912
592 0.009896494565
593 0.009866229523
594 0.009840718037
595 0.009819240422
596 0.009801181475
597 0.00978601603
598 0.009773296398
599 0.009762641464
600 0.009753727229
601 0.009746278628
602 0.009740062455
603 0.00973488127
604 0.009730568133
605 0.009726982088
606 0.009724004281
607 0.009721534626
608 0.00971948896
609 0.009717796602
610 0.009716398272
611 0.009715244325
612 0.009714293234
613 0.009713510312
614 0.009712866625
615 0.009712338069
616 0.00971190459
617 0.009711549526
618 0.009711259054
619 0.009711021718
620 0.009710828038
621 0.00971067018
622 0.009710541678
623 0.009710437202
624 0.009710352365
625 0.009710283562
626 0.00971022783
627 0.009710182742
628 0.009710146311
629 0.009710116911
630 0.009710093214
631 0.009710074138
632 0.0097100588
633 0.009710046483
634 0.009710036605
635 0.009710028692
636 0.009710022361
637 0.009710017302
638 0.009710013265
639 0.009710010046
640 0.009710007484
641 0.009710005447
642 0.009710003829
643 0.009710002546
644 0.00971000153
645 0.009710000725
646 0.00971000009
647 0.009709999588
648 0.009709999193
649 0.009709998881
650 0.009709998636
651 0.009709998444
652 0.009709998293
653 0.009709998175
654 0.009709998083
655 0.00970999801
656 0.009709997954
657 0.00970999791
658 0.009709997876
659 0.009709997849
660 0.009709997828
661 0.009709997812
662 0.0097099978
663 0.00970999779
664 0.009709997783
665 0.009709997777
666 0.009709997773
667 0.009709997769
668 0.009709997767
669 0.009709997765
670 0.009709997763
671 0.009709997762
672 0.009709997761
673 0.00970999776
674 0.00970999776
675 0.009709997759
676 0.009709997759
677 0.009709997759
678 0.009709997759
679 0.009709997758
680 0.009709997758
681 0.009709997758
682 0.009709997758
683 0.009709997758
684 0.009709997758
685 0.009709997758
686 0.009709997758
687 0.009709997758
688 0.009709997758
689 0.009709997758
690 0.009709997758
691 0.009709997758
692 0.009709997758
693 0.009709997758
694 0.009709997758
695 0.009709997758
696 0.009709997758
697 0.009709997758
698 0.009709997758
699 0.009709997758
700 0.009709997758
701 0.009709997758
702 0.009709997758
703 0.009709997758
704 0.009709997758
705 0.009709997758
706 0.009709997758
707 0.009709997758
708 0.009709997758
709 0.009709997758
710 0.009709997758
711 0.009709997758
712 0.009709997758
713 0.009709997758
714 0.009709997758
715 0.009709997758
716 0.009709997758
717 0.009709997758
718 0.009709997758
719 0.009709997758
720 0.009709997758
721 0.009709997758
722 0.009709997758
723 0.009709997758
724 0.009709997758
725 0.009709997758
726 0.009709997758
727 0.009709997758
728 0.009709997758
729 0.009709997758
730 0.009709997758
731 0.009709997758
732 0.009709997758
733 0.009709997758
734 0.009709997758
735 0.009709997758
736 0.009709997758
737 0.009709997758
738 0.009709997758
739 0.009709997758
740 0.009709997758
741 0.009709997758
742 0.009709997758
743 0.009709997758
744 0.009709997758
745 0.009709997758
746 0.009709997758
747 0.009709997758
748 0.009709997758
749 0.009709997758
750 0.009709997758
751 0.009709997758
752 0.009709997758
753 0.009709997758
754 0.009709997758
755 0.009709997758
756 0.009709997758
757 0.009709997758
758 0.009709997758
759 0.009709997758
760 0.009709997758
761 0.009709997758
762 0.009709997758
763 0.009709997758
764 0.009709997758
765 0.009709997758
766 0.009709997758
767 0.009709997758
768 0.009709997758
769 0.009709997758
770 0.009709997758
771 0.009709997758
772 0.009709997758
773 0.009709997758
774 0.009709997758
775 0.009709997758
776 0.009709997758
777 0.009709997758
778 0.009709997758
779 0.009709997758
780 0.009709997758
781 0.009709997758
782 0.009709997758
783 0.009709997758
784 0.009709997758
785 0.009709997758
786 0.009709997758
787 0.009709997758
788 0.009709997758
789 0.009709997758
790 0.009709997758
791 0.009709997758
792 0.009709997758
793 0.009709997758
794 0.009709997758
795 0.009709997758
796 0.009709997758
797 0.009709997758
798 0.009709997758
799 0.009709997758
800 0.009709997758
801 0.009709997758
802 0.009709997758
803 0.009709997758
804 0.009709997758
805 0.009709997758
806 0.009709997758
807 0.009709997758
808 0.009709997758
809 0.009709997758
810 0.009709997758
811 0.009709997758
812 0.009709997758
813 0.009709997758
814 0.009709997758
815 0.009709997758
816 0.009709997758
817 0.009709997758
818 0.009709997758
819 0.009709997758
820 0.009709997758
821 0.009709997758
822 0.009709997758
823 0.009709997758
824 0.009709997758
825 0.009709997758
826 0.009709997758
827 0.009709997758
828 0.009709997758
829 0.009709997758
830 0.009709997758
831 0.009709997758
832 0.009709997758
833 0.009709997758
834 0.009709997758
835 0.009709997758
836 0.009709997758
837 0.009709997758
838 0.009709997758
839 0.009709997758
840 0.009709997758
841 0.009709997758
842 0.009709997758
843 0.009709997758
844 0.009709997758
845 0.009709997758
846 0.009709997758
847 0.009709997758
848 0.009709997758
849 0.009709997758
850 0.009709997758
851 0.009709997758
852 0.009709997758
853 0.009709997758
854 0.009709997758
855 0.009709997758
856 0.009709997758
857 0.009709997758
858 0.009709997758
859 0.009709997758
860 0.009709997758
861 0.009709997758
862 0.009709997758
863 0.009709997758
864 0.009709997758
865 0.009709997758
866 0.009709997758
867 0.009709997758
868 0.009709997758
869 0.009709997758
870 0.009709997758
871 0.009709997758
872 0.009709997758
873 0.009709997758
874 0.009709997758
875 0.009709997758
876 0.009709997758
877 0.009709997758
878 0.009709997758
879 0.009709997758
880 0.009709997758
881 0.009709997758
882 0.009709997758
883 0.009709997758
884 0.009709997758
885 0.009709997758
886 0.009709997758
887 0.009709997758
888 0.009709997758
889 0.009709997758
890 0.009709997758
891 0.009709997758
892 0.009709997758
893 0.009709997758
894 0.009709997758
895 0.009709997758
896 0.009709997758
897 0.009709997758
898 0.009709997758
899 0.009709997758
900 0.009709997758
901 0.009709997758
902 0.009709997758
903 0.009709997758
904 0.009709997758
905 0.009709997758
906 0.009709997758
907 0.009709997758
908 0.009709997758
909 0.009709997758
910 0.009709997758
911 0.009709997758
912 0.009709997758
913 0.009709997758
914 0.009709997758
915 0.009709997758
916 0.009709997758
917 0.009709997758
918 0.009709997758
919 0.009709997758
920 0.009709997758
921 0.009709997758
922 0.009709997758
923 0.009709997758
924 0.009709997758
925 0.009709997758
926 0.009709997758
927 0.009709997758
928 0.009709997758
929 0.009709997758
930 0.009709997758
931 0.009709997758
932 0.009709997758
933 0.009709997758
934 0.009709997758
935 0.009709997758
936 0.009709997758
937 0.009709997758
938 0.009709997758
939 0.009709997758
940 0.009709997758
941 0.009709997758
942 0.009709997758
943 0.009709997758
944 0.009709997758
945 0.009709997758
946 0.009709997758
947 0.009709997758
948 0.009709997758
949 0.009709997758
950 0.009709997758
951 0.009709997758
952 0.009709997758
953 0.009709997758
954 0.009709997758
955 0.009709997758
956 0.009709997758
957 0.009709997758
958 0.009709997758
959 0.009709997758
960 0.009709997758
961 0.009709997758
962 0.009709997758
963 0.009709997758
964 0.009709997758
965 0.009709997758
966 0.009709997758
967 0.009709997758
968 0.009709997758
969 0.009709997758
970 0.009709997758
971 0.009709997758
972 0.009709997758
973 0.009709997758
974 0.009709997758
975 0.009709997758
976 0.009709997758
977 0.009709997758
978 0.009709997758
979 0.009709997758
980 0.009709997758
981 0.009709997758
982 0.009709997758
983 0.009709997758
984 0.009709997758
985 0.009709997758
986 0.009709997758
987 0.009709997758
988 0.009709997758
989 0.009709997758
990 0.009709997758
991 0.009709997758
992 0.009709997758
993 0.009709997758
994 0.009709997758
995 0.009709997758
996 0.009709997758
997 0.009709997758
998 0.009709997758
999 0.009709997758
1000 0.009709997758
1001 0.009709997758
1002 0.009709997758
1003 0.009709997758
1004 0.009709997758
1005 0.009709997758
1006 0.009709997758
1007 0.009709997758
1008 0.009709997758
1009 0.009709997758
1010 0.009709997758
1011 0.009709997758
1012 0.009709997758
1013 0.009709997758
1014 0.009709997758
1015 0.009709997758
1016 0.009709997758
1017 0.009709997758
1018 0.009709997758
1019 0.009709997758
1020 0.009709997758
1021 0.009709997758
1022 0.009709997758
1023 0.009709997758
