#54241 2909.9998246460481031 0.0045700224237535218286 1 1285 16.000049430220818044 1024 7 1 J1713+0747 0.0000000 
0 22.84539997
1 23.74650324
2 24.65808554
3 25.5786565
4 26.50664199
5 27.44038769
6 28.3781632
7 29.31816668
8 30.25853008
9 31.1973249
10 32.13256848
11 33.0622308
12 33.98424169
13 34.89649865
14 35.79687492
15 36.68322803
16 37.5534087
17 38.40527003
18 39.23667688
19 40.04551561
20 40.82970383
21 41.58720035
22 42.31601515
23 43.01421935
24 43.67995514
25 44.31144553
26 44.90700403
27 45.46504403
28 45.98408788
29 46.46277569
30 46.89987371
31 47.29428224
32 47.6450431
33 47.95134654
34 48.21253756
35 48.42812163
36 48.59776976
37 48.7213229
38 48.79879557
39 48.83037887
40 48.81644263
41 48.75753685
42 48.6543924
43 48.50792085
44 48.31921362
45 48.08954028
46 47.82034615
47 47.51324906
48 47.17003545
49 46.79265569
50 46.38321869
51 45.94398587
52 45.47736445
53 44.98590008
54 44.4722689
55 43.93926903
56 43.38981152
57 42.82691074
58 42.25367437
59 41.67329289
60 41.0890287
61 40.50420483
62 39.92219331
63 39.34640324
64 38.78026861
65 38.2272358
66 37.69075091
67 37.17424693
68 36.68113071
69 36.21476983
70 35.77847937
71 35.37550868
72 35.00902801
73 34.68211531
74 34.3977429
75 34.1587644
76 33.96790162
77 33.82773174
78 33.74067461
79 33.70898034
80 33.73471719
81 33.81975976
82 33.96577766
83 34.17422453
84 34.44632768
85 34.78307822
86 35.18522187
87 35.65325044
88 36.18739412
89 36.78761452
90 37.4535987
91 38.18475414
92 38.98020469
93 39.83878769
94 40.75905222
95 41.73925859
96 42.77737909
97 43.87110009
98 45.01782554
99 46.21468184
100 47.45852419
101 48.74594445
102 50.07328045
103 51.43662682
104 52.8318473
105 54.25458855
106 55.70029542
107 57.16422757
108 58.64147756
109 60.12699014
110 61.61558278
111 63.10196739
112 64.58077299
113 66.04656934
114 67.49389138
115 68.91726424
116 70.3112289
117 71.67036805
118 72.98933232
119 74.26286638
120 75.48583499
121 76.65324877
122 77.76028938
123 78.8023341
124 79.77497957
125 80.67406448
126 81.49569115
127 82.23624565
128 82.89241659
129 83.46121214
130 83.93997534
131 84.32639756
132 84.61852991
133 84.81479264
134 84.91398233
135 84.91527697
136 84.81823867
137 84.62281424
138 84.32933345
139 83.93850503
140 83.45141048
141 82.86949575
142 82.1945608
143 81.42874716
144 80.57452363
145 79.63467018
146 78.61226018
147 77.51064119
148 76.33341434
149 75.08441256
150 73.7676778
151 72.38743742
152 70.94807984
153 69.45412989
154 67.91022369
155 66.32108355
156 64.6914929
157 63.02627144
158 61.3302508
159 59.60825068
160 57.8650558
161 56.10539367
162 54.33391344
163 52.55516577
164 50.77358409
165 48.99346702
166 47.2189623
167 45.4540522
168 43.7025404
169 41.96804043
170 40.25396575
171 38.56352137
172 36.89969706
173 35.26526214
174 33.66276178
175 32.09451487
176 30.56261322
177 29.06892221
178 27.61508277
179 26.20251456
180 24.83242026
181 23.50579106
182 22.22341292
183 20.98587391
184 19.79357216
185 18.64672458
186 17.54537612
187 16.4894095
188 15.47855539
189 14.51240273
190 13.59040945
191 12.71191309
192 11.87614162
193 11.08222409
194 10.32920123
195 9.616035829
196 8.94162289
197 8.304799447
198 7.704354066
199 7.139035944
200 6.607563572
201 6.108632956
202 5.640925346
203 5.203114478
204 4.793873291
205 4.411880144
206 4.055824496
207 3.724412079
208 3.416369554
209 3.130448659
210 2.865429875
211 2.620125613
212 2.393382943
213 2.184085888
214 1.991157309
215 1.813560388
216 1.65029976
217 1.500422289
218 1.363017543
219 1.237217969
220 1.122198812
221 1.017177795
222 0.9214145842
223 0.8342100668
224 0.7549054658
225 0.6828813103
226 0.6175562857
227 0.5583859827
228 0.5048615639
229 0.4565083669
230 0.4128844587
231 0.3735791569
232 0.338211532
233 0.3064289018
234 0.2779053307
235 0.2523401416
236 0.2294564515
237 0.2089997355
238 0.1907364285
239 0.1744525675
240 0.1599524804
241 0.1470575244
242 0.135604877
243 0.1254463807
244 0.1164474446
245 0.1084860012
246 0.1014515208
247 0.09524408183
248 0.08977349715
249 0.0849584948
250 0.08072595224
251 0.07701018227
252 0.07375226887
253 0.07089945109
254 0.06840455275
255 0.06622545593
256 0.06432461592
257 0.06266861538
258 0.06122775554
259 0.059975682
260 0.05888904313
261 0.05794717871
262 0.05713183683
263 0.05642691699
264 0.05581823734
265 0.05529332437
266 0.05484122315
267 0.05445232637
268 0.05411822085
269 0.05383154969
270 0.05358588896
271 0.05337563739
272 0.05319591803
273 0.05304249062
274 0.05291167374
275 0.05280027563
276 0.05270553304
277 0.05262505703
278 0.05255678517
279 0.05249893943
280 0.05244998909
281 0.05240861818
282 0.05237369695
283 0.05234425683
284 0.0523194686
285 0.05229862333
286 0.05228111577
287 0.05226642987
288 0.05225412627
289 0.0522438314
290 0.05223522806
291 0.05222804729
292 0.05222206135
293 0.05221707765
294 0.05221293356
295 0.05220949192
296 0.05220663722
297 0.05220427231
298 0.05220231559
299 0.05220069863
300 0.05219936409
301 0.05219826402
302 0.05219735834
303 0.05219661363
304 0.05219600205
305 0.05219550041
306 0.05219508947
307 0.05219475324
308 0.05219447848
309 0.05219425423
310 0.05219407144
311 0.05219392262
312 0.05219380161
313 0.05219370333
314 0.05219362362
315 0.05219355904
316 0.05219350679
317 0.05219346457
318 0.05219343049
319 0.05219340302
320 0.0521933809
321 0.05219336312
322 0.05219334883
323 0.05219333738
324 0.0521933282
325 0.05219332085
326 0.05219331498
327 0.0521933103
328 0.05219330656
329 0.05219330359
330 0.05219330122
331 0.05219329934
332 0.05219329785
333 0.05219329667
334 0.05219329574
335 0.052193295
336 0.05219329442
337 0.05219329396
338 0.0521932936
339 0.05219329331
340 0.05219329309
341 0.05219329291
342 0.05219329278
343 0.05219329267
344 0.05219329258
345 0.05219329252
346 0.05219329247
347 0.05219329243
348 0.0521932924
349 0.05219329237
350 0.05219329235
351 0.05219329234
352 0.05219329233
353 0.05219329232
354 0.05219329231
355 0.05219329231
356 0.0521932923
357 0.0521932923
358 0.0521932923
359 0.0521932923
360 0.0521932923
361 0.05219329229
362 0.05219329229
363 0.05219329229
364 0.05219329229
365 0.05219329229
366 0.05219329229
367 0.05219329229
368 0.05219329229
369 0.05219329229
370 0.05219329229
371 0.05219329229
372 0.05219329229
373 0.05219329229
374 0.05219329229
375 0.05219329229
376 0.05219329229
377 0.05219329229
378 0.05219329229
379 0.05219329229
380 0.05219329229
381 0.05219329229
382 0.05219329229
383 0.05219329229
384 0.05219329229
385 0.05219329229
386 0.05219329229
387 0.05219329229
388 0.05219329229
389 0.05219329229
390 0.05219329229
391 0.05219329229
392 0.05219329229
393 0.05219329229
394 0.05219329229
395 0.05219329229
396 0.05219329229
397 0.05219329229
398 0.05219329229
399 0.05219329229
400 0.05219329229
401 0.05219329229
402 0.05219329229
403 0.05219329229
404 0.05219329229
405 0.05219329229
406 0.05219329229
407 0.05219329229
408 0.05219329229
409 0.05219329229
410 0.05219329229
411 0.05219329229
412 0.05219329229
413 0.05219329229
414 0.05219329229
415 0.05219329229
416 0.05219329229
417 0.05219329229
418 0.05219329229
419 0.05219329229
420 0.05219329229
421 0.05219329229
422 0.05219329229
423 0.05219329229
424 0.05219329229
425 0.05219329229
426 0.05219329229
427 0.05219329229
428 0.05219329229
429 0.05219329229
430 0.05219329229
431 0.05219329229
432 0.05219329229
433 0.05219329229
434 0.05219329229
435 0.05219329229
436 0.05219329229
437 0.05219329229
438 0.05219329229
439 0.05219329229
440 0.05219329229
441 0.05219329229
442 0.05219329229
443 0.05219329229
444 0.05219329229
445 0.05219329229
446 0.05219329229
447 0.05219329229
448 0.05219329229
449 0.05219329229
450 0.05219329229
451 0.05219329229
452 0.05219329229
453 0.05219329229
454 0.05219329229
455 0.05219329229
456 0.05219329229
457 0.05219329229
458 0.05219329229
459 0.05219329229
460 0.05219329229
461 0.05219329229
462 0.05219329229
463 0.05219329229
464 0.05219329229
465 0.05219329229
466 0.05219329229
467 0.05219329229
468 0.05219329229
469 0.05219329229
470 0.05219329229
471 0.05219329229
472 0.05219329229
473 0.05219329229
474 0.05219329229
475 0.05219329229
476 0.05219329229
477 0.05219329229
478 0.05219329229
479 0.05219329229
480 0.05219329229
481 0.05219329229
482 0.05219329229
483 0.05219329229
484 0.05219329229
485 0.05219329229
486 0.05219329229
487 0.05219329229
488 0.05219329229
489 0.05219329229
490 0.05219329229
491 0.05219329229
492 0.05219329229
493 0.05219329229
494 0.05219329229
495 0.05219329229
496 0.05219329229
497 0.05219329229
498 0.05219329229
499 0.05219329229
500 0.05219329229
501 0.05219329229
502 0.05219329229
503 0.05219329229
504 0.05219329229
505 0.05219329229
506 0.05219329229
507 0.05219329229
508 0.05219329229
509 0.05219329229
510 0.05219329229
511 0.05219329229
512 0.05219329229
513 0.05219329229
514 0.05219329229
515 0.05219329229
516 0.05219329229
517 0.05219329229
518 0.05219329229
519 0.05219329229
520 0.05219329229
521 0.05219329229
522 0.05219329229
523 0.05219329229
524 0.05219329229
525 0.05219329229
526 0.05219329229
527 0.05219329229
528 0.05219329229
529 0.05219329229
530 0.05219329229
531 0.05219329229
532 0.05219329229
533 0.05219329229
534 0.05219329229
535 0.05219329229
536 0.05219329229
537 0.05219329229
538 0.05219329229
539 0.05219329229
540 0.05219329229
541 0.05219329229
542 0.05219329229
543 0.05219329229
544 0.05219329229
545 0.05219329229
546 0.05219329229
547 0.05219329229
548 0.05219329229
549 0.05219329229
550 0.05219329229
551 0.05219329229
552 0.05219329229
553 0.05219329229
554 0.05219329229
555 0.05219329229
556 0.05219329229
557 0.05219329229
558 0.05219329229
559 0.05219329229
560 0.05219329229
561 0.05219329229
562 0.05219329229
563 0.05219329229
564 0.05219329229
565 0.05219329229
566 0.05219329229
567 0.05219329229
568 0.05219329229
569 0.05219329229
570 0.05219329229
571 0.05219329229
572 0.05219329229
573 0.05219329229
574 0.05219329229
575 0.05219329229
576 0.05219329229
577 0.05219329229
578 0.05219329229
579 0.05219329229
580 0.05219329229
581 0.05219329229
582 0.05219329229
583 0.05219329229
584 0.05219329229
585 0.05219329229
586 0.05219329229
587 0.05219329229
588 0.05219329229
589 0.05219329229
590 0.05219329229
591 0.05219329229
592 0.05219329229
593 0.05219329229
594 0.05219329229
595 0.05219329229
596 0.05219329229
597 0.05219329229
598 0.05219329229
599 0.05219329229
600 0.05219329229
601 0.05219329229
602 0.05219329229
603 0.05219329229
604 0.05219329229
605 0.05219329229
606 0.05219329229
607 0.05219329229
608 0.05219329229
609 0.05219329229
610 0.05219329229
611 0.05219329229
612 0.05219329229
613 0.05219329229
614 0.05219329229
615 0.05219329229
616 0.05219329229
617 0.05219329229
618 0.05219329229
619 0.05219329229
620 0.05219329229
621 0.05219329229
622 0.05219329229
623 0.05219329229
624 0.05219329229
625 0.05219329229
626 0.05219329229
627 0.05219329229
628 0.05219329229
629 0.05219329229
630 0.05219329229
631 0.05219329229
632 0.05219329229
633 0.05219329229
634 0.05219329229
635 0.05219329229
636 0.05219329229
637 0.05219329229
638 0.05219329229
639 0.05219329229
640 0.05219329229
641 0.05219329229
642 0.05219329229
643 0.05219329229
644 0.05219329229
645 0.05219329229
646 0.05219329229
647 0.05219329229
648 0.05219329229
649 0.05219329229
650 0.05219329229
651 0.05219329229
652 0.05219329229
653 0.05219329229
654 0.05219329229
655 0.05219329229
656 0.05219329229
657 0.05219329229
658 0.05219329229
659 0.05219329229
660 0.05219329229
661 0.05219329229
662 0.05219329229
663 0.05219329229
664 0.05219329229
665 0.05219329229
666 0.05219329229
667 0.05219329229
668 0.05219329229
669 0.05219329229
670 0.05219329229
671 0.05219329229
672 0.05219329229
673 0.05219329229
674 0.05219329229
675 0.05219329229
676 0.05219329229
677 0.05219329229
678 0.05219329229
679 0.05219329229
680 0.05219329229
681 0.05219329229
682 0.05219329229
683 0.05219329229
684 0.05219329229
685 0.05219329229
686 0.05219329229
687 0.05219329229
688 0.05219329229
689 0.05219329229
690 0.05219329229
691 0.05219329229
692 0.05219329229
693 0.05219329229
694 0.05219329229
695 0.05219329229
696 0.05219329229
697 0.05219329229
698 0.05219329229
699 0.05219329229
700 0.05219329229
701 0.05219329229
702 0.05219329229
703 0.05219329229
704 0.05219329229
705 0.05219329229
706 0.05219329229
707 0.05219329229
708 0.05219329229
709 0.05219329229
710 0.05219329229
711 0.05219329229
712 0.05219329229
713 0.05219329229
714 0.05219329229
715 0.05219329229
716 0.05219329229
717 0.05219329229
718 0.05219329229
719 0.05219329229
720 0.05219329229
721 0.05219329229
722 0.05219329229
723 0.05219329229
724 0.05219329229
725 0.05219329229
726 0.05219329229
727 0.05219329229
728 0.05219329229
729 0.05219329229
730 0.05219329229
731 0.05219329229
732 0.05219329229
733 0.05219329229
734 0.05219329229
735 0.05219329229
736 0.05219329229
737 0.05219329229
738 0.05219329229
739 0.05219329229
740 0.05219329229
741 0.05219329229
742 0.05219329229
743 0.05219329229
744 0.05219329229
745 0.05219329229
746 0.05219329229
747 0.05219329229
748 0.05219329229
749 0.05219329229
750 0.05219329229
751 0.05219329229
752 0.05219329229
753 0.05219329229
754 0.05219329229
755 0.05219329229
756 0.05219329229
757 0.05219329229
758 0.05219329229
759 0.05219329229
760 0.05219329229
761 0.05219329229
762 0.05219329229
763 0.05219329229
764 0.05219329229
765 0.05219329229
766 0.05219329229
767 0.05219329229
768 0.05219329229
769 0.05219329229
770 0.05219329229
771 0.05219329229
772 0.05219329229
773 0.05219329229
774 0.05219329229
775 0.05219329229
776 0.05219329229
777 0.05219329229
778 0.05219329229
779 0.05219329229
780 0.05219329229
781 0.05219329229
782 0.05219329229
783 0.05219329229
784 0.05219329229
785 0.05219329229
786 0.05219329229
787 0.05219329229
788 0.05219329229
789 0.05219329229
790 0.05219329229
791 0.05219329229
792 0.05219329229
793 0.05219329229
794 0.05219329229
795 0.05219329229
796 0.05219329229
797 0.05219329229
798 0.05219329229
799 0.05219329229
800 0.05219329229
801 0.05219329229
802 0.05219329229
803 0.05219329229
804 0.05219329229
805 0.05219329229
806 0.05219329229
807 0.05219329229
808 0.05219329229
809 0.05219329229
810 0.05219329229
811 0.05219329229
812 0.05219329229
813 0.05219329229
814 0.05219329229
815 0.05219329229
816 0.05219329229
817 0.05219329229
818 0.05219329229
819 0.05219329229
820 0.05219329229
821 0.0521932923
822 0.0521932923
823 0.0521932923
824 0.0521932923
825 0.05219329231
826 0.05219329231
827 0.05219329231
828 0.05219329232
829 0.05219329233
830 0.05219329234
831 0.05219329235
832 0.05219329237
833 0.05219329239
834 0.05219329242
835 0.05219329245
836 0.05219329249
837 0.05219329254
838 0.05219329261
839 0.05219329269
840 0.05219329279
841 0.05219329292
842 0.05219329308
843 0.05219329328
844 0.05219329353
845 0.05219329384
846 0.05219329423
847 0.05219329471
848 0.0521932953
849 0.05219329603
850 0.05219329694
851 0.05219329807
852 0.05219329946
853 0.05219330118
854 0.0521933033
855 0.0521933059
856 0.05219330911
857 0.05219331305
858 0.05219331789
859 0.05219332382
860 0.05219333109
861 0.05219333999
862 0.05219335087
863 0.05219336416
864 0.05219338036
865 0.05219340012
866 0.05219342417
867 0.05219345341
868 0.05219348895
869 0.05219353207
870 0.05219358435
871 0.05219364767
872 0.05219372428
873 0.05219381686
874 0.05219392863
875 0.05219406342
876 0.05219422582
877 0.05219442126
878 0.05219465622
879 0.05219493839
880 0.05219527692
881 0.05219568261
882 0.0521961683
883 0.05219674913
884 0.05219744303
885 0.05219827112
886 0.05219925831
887 0.05220043394
888 0.05220183249
889 0.05220349448
890 0.05220546745
891 0.05220780712
892 0.05221057872
893 0.05221385852
894 0.05221773559
895 0.05222231387
896 0.05222771445
897 0.0522340783
898 0.05224156928
899 0.05225037771
900 0.0522607243
901 0.05227286479
902 0.0522870951
903 0.05230375728
904 0.05232324621
905 0.05234601728
906 0.05237259496
907 0.05240358265
908 0.05243967369
909 0.05248166385
910 0.05253046537
911 0.05258712276
912 0.05265283057
913 0.05272895328
914 0.05281704766
915 0.0529188877
916 0.05303649251
917 0.0531721574
918 0.05332848852
919 0.05350844136
920 0.05371536353
921 0.05395304211
922 0.05422575615
923 0.05453833463
924 0.05489622042
925 0.05530554074
926 0.0557731847
927 0.05630688835
928 0.05691532797
929 0.05760822218
930 0.05839644347
931 0.05929213978
932 0.06030886698
933 0.06146173278
934 0.06276755279
935 0.06424501963
936 0.0659148856
937 0.06780015974
938 0.06992632004
939 0.07232154138
940 0.07501694004
941 0.07804683524
942 0.08144902846
943 0.08526510103
944 0.08954073053
945 0.09432602622
946 0.09967588413
947 0.1056503617
948 0.1123150721
949 0.1197415985
950 0.1280079279
951 0.1371989033
952 0.1474066954
953 0.1587312913
954 0.1712810002
955 0.1851729744
956 0.200533744
957 0.2174997643
958 0.236217972
959 0.2568463495
960 0.2795544941
961 0.3045241878
962 0.3319499655
963 0.3620396775
964 0.3950150412
965 0.4311121781
966 0.470582131
967 0.5136913553
968 0.5607221793
969 0.6119732268
970 0.6677597957
971 0.7284141856
972 0.7942859669
973 0.8657421837
974 0.9431674843
975 1.026964168
976 1.117552146
977 1.215368798
978 1.320868728
979 1.434523403
980 1.55682067
981 1.68826414
982 1.829372435
983 1.980678288
984 2.142727491
985 2.316077681
986 2.501296961
987 2.698962357
988 2.909658086
989 3.13397366
990 3.372501803
991 3.625836186
992 3.894568981
993 4.179288239
994 4.480575086
995 4.799000752
996 5.135123427
997 5.489484965
998 5.862607438
999 6.25498955
1000 6.667102931
1001 7.099388316
1002 7.55225164
1003 8.026060052
1004 8.521137879
1005 9.037762561
1006 9.576160576
1007 10.13650338
1008 10.71890342
1009 11.32341015
1010 11.95000624
1011 12.59860388
1012 13.26904119
1013 13.96107894
1014 14.6743974
1015 15.4085935
1016 16.16317826
1017 16.93757458
1018 17.73111529
1019 18.54304173
1020 19.37250262
1021 20.21855338
1022 21.08015603
1023 21.95617939
