#54131 2910.0019061734623786 0.0045698210282268175372 1 1333 16.000049430220818044 1024 7 1 J1713+0747 0.0000000 
0 7.137198298
1 7.603251045
2 8.08999981
3 8.597696227
4 9.12654119
5 9.676680938
6 10.24820319
7 10.84113338
8 11.45543097
9 12.09098591
10 12.74761531
11 13.42506027
12 14.12298292
13 14.84096378
14 15.5784994
15 16.33500028
16 17.10978919
17 17.90209985
18 18.71107603
19 19.53577106
20 20.37514784
21 21.22807928
22 22.09334928
23 22.96965418
24 23.85560477
25 24.74972884
26 25.65047423
27 26.55621248
28 27.46524297
29 28.37579766
30 29.2860463
31 30.19410222
32 31.09802856
33 31.99584502
34 32.88553508
35 33.76505359
36 34.63233485
37 35.48530093
38 36.32187043
39 37.13996743
40 37.93753075
41 38.71252332
42 39.46294175
43 40.18682595
44 40.88226881
45 41.54742581
46 42.18052464
47 42.77987457
48 43.34387574
49 43.87102816
50 44.35994041
51 44.809338
52 45.21807137
53 45.58512336
54 45.90961628
55 46.19081841
56 46.42814989
57 46.62118807
58 46.76967217
59 46.8735073
60 46.93276776
61 46.94769963
62 46.91872265
63 46.84643137
64 46.73159547
65 46.57515941
66 46.37824133
67 46.14213111
68 45.86828779
69 45.55833621
70 45.21406294
71 44.83741152
72 44.43047702
73 43.99549997
74 43.53485958
75 43.0510665
76 42.54675486
77 42.02467386
78 41.4876788
79 40.93872167
80 40.38084125
81 39.81715281
82 39.25083744
83 38.68513098
84 38.12331265
85 37.56869346
86 37.02460423
87 36.49438345
88 35.98136499
89 35.48886556
90 35.02017207
91 34.57852888
92 34.16712497
93 33.78908112
94 33.44743697
95 33.1451382
96 32.88502375
97 32.66981306
98 32.50209357
99 32.38430828
100 32.31874354
101 32.30751719
102 32.35256687
103 32.45563876
104 32.61827674
105 32.84181196
106 33.12735294
107 33.47577628
108 33.88771795
109 34.36356534
110 34.90345
111 35.50724129
112 36.17454088
113 36.90467819
114 37.69670691
115 38.54940255
116 39.46126118
117 40.43049936
118 41.45505536
119 42.53259157
120 43.66049847
121 44.83589977
122 46.05565913
123 47.3163882
124 48.61445622
125 49.94600098
126 51.30694126
127 52.69299074
128 54.09967319
129 55.52233914
130 56.95618376
131 58.39626601
132 59.83752894
133 61.27482101
134 62.70291845
135 64.1165484
136 65.51041278
137 66.87921276
138 68.21767368
139 69.52057027
140 70.78275195
141 71.9991682
142 73.16489366
143 74.27515286
144 75.32534448
145 76.31106488
146 77.2281307
147 78.07260051
148 78.8407952
149 79.52931705
150 80.13506729
151 80.65526205
152 81.08744654
153 81.4295074
154 81.67968308
155 81.83657216
156 81.89913964
157 81.86672098
158 81.73902409
159 81.51612901
160 81.1984855
161 80.78690838
162 80.28257083
163 79.68699557
164 79.00204407
165 78.22990385
166 77.37307402
167 76.43434905
168 75.41680112
169 74.32376097
170 73.15879756
171 71.92569659
172 70.62843813
173 69.27117352
174 67.85820166
175 66.39394494
176 64.88292492
177 63.32973801
178 61.73903123
179 60.11547837
180 58.46375646
181 56.78852305
182 55.09439406
183 53.38592266
184 51.66757909
185 49.94373169
186 48.21862908
187 46.49638369
188 44.78095669
189 43.07614433
190 41.38556581
191 39.71265263
192 38.06063951
193 36.43255681
194 34.83122451
195 33.25924773
196 31.7190136
197 30.21268972
198 28.74222388
199 27.30934518
200 25.91556629
201 24.562187
202 23.25029875
203 21.98079024
204 20.75435386
205 19.57149302
206 18.43253015
207 17.33761529
208 16.28673527
209 15.27972327
210 14.31626876
211 13.39592763
212 12.51813251
213 11.6822032
214 10.88735705
215 10.13271926
216 9.417333121
217 8.74016993
218 8.100138759
219 7.496095848
220 6.926853664
221 6.391189572
222 5.887854074
223 5.4155786
224 4.973082832
225 4.559081533
226 4.172290884
227 3.811434318
228 3.475247848
229 3.162484893
230 2.871920617
231 2.602355778
232 2.352620108
233 2.121575241
234 1.90811721
235 1.711178517
236 1.529729823
237 1.36278126
238 1.2093834
239 1.068627907
240 0.9396478815
241 0.8216179479
242 0.7137540872
243 0.6153132507
244 0.5255927768
245 0.4439296329
246 0.3696995057
247 0.3023157611
248 0.2412282936
249 0.185922285
250 0.1359168897
251 0.09076386334
252 0.05004614995
253 0.01337644245
254 -0.01960427191
255 -0.04922816873
256 -0.0758020365
257 -0.09960871016
258 -0.1209084803
259 -0.1399404712
260 -0.1569239818
261 -0.1720597845
262 -0.1855313784
263 -0.1975061931
264 -0.2081367411
265 -0.2175617174
266 -0.225907044
267 -0.2332868602
268 -0.2398044579
269 -0.2455531627
270 -0.2506171609
271 -0.2550722742
272 -0.2589866837
273 -0.2624216035
274 -0.2654319078
275 -0.2680667108
276 -0.2703699043
277 -0.2723806526
278 -0.2741338491
279 -0.2756605342
280 -0.2769882799
281 -0.2781415401
282 -0.2791419712
283 -0.2800087235
284 -0.2807587061
285 -0.2814068271
286 -0.2819662114
287 -0.2824483967
288 -0.2828635111
289 -0.2832204319
290 -0.2835269294
291 -0.2837897946
292 -0.2840149543
293 -0.2842075738
294 -0.2843721481
295 -0.2845125834
296 -0.2846322695
297 -0.2847341437
298 -0.2848207477
299 -0.284894278
300 -0.2849566297
301 -0.2850094359
302 -0.2850541018
303 -0.2850918349
304 -0.2851236714
305 -0.285150499
306 -0.2851730775
307 -0.2851920561
308 -0.2852079889
309 -0.2852213479
310 -0.2852325348
311 -0.2852418912
312 -0.2852497069
313 -0.2852562273
314 -0.2852616603
315 -0.2852661817
316 -0.2852699398
317 -0.2852730594
318 -0.2852756459
319 -0.2852777876
320 -0.2852795589
321 -0.285281022
322 -0.285282229
323 -0.2852832235
324 -0.2852840419
325 -0.2852847146
326 -0.2852852668
327 -0.2852857195
328 -0.2852860902
329 -0.2852863933
330 -0.285286641
331 -0.285286843
332 -0.2852870076
333 -0.2852871415
334 -0.2852872504
335 -0.2852873388
336 -0.2852874104
337 -0.2852874684
338 -0.2852875154
339 -0.2852875533
340 -0.2852875839
341 -0.2852876085
342 -0.2852876283
343 -0.2852876443
344 -0.2852876571
345 -0.2852876673
346 -0.2852876755
347 -0.2852876821
348 -0.2852876874
349 -0.2852876915
350 -0.2852876949
351 -0.2852876975
352 -0.2852876996
353 -0.2852877013
354 -0.2852877026
355 -0.2852877037
356 -0.2852877045
357 -0.2852877052
358 -0.2852877057
359 -0.2852877061
360 -0.2852877064
361 -0.2852877067
362 -0.2852877069
363 -0.285287707
364 -0.2852877072
365 -0.2852877073
366 -0.2852877073
367 -0.2852877074
368 -0.2852877074
369 -0.2852877075
370 -0.2852877075
371 -0.2852877075
372 -0.2852877075
373 -0.2852877076
374 -0.2852877076
375 -0.2852877076
376 -0.2852877076
377 -0.2852877076
378 -0.2852877076
379 -0.2852877076
380 -0.2852877076
381 -0.2852877076
382 -0.2852877076
383 -0.2852877076
384 -0.2852877076
385 -0.2852877076
386 -0.2852877076
387 -0.2852877076
388 -0.2852877076
389 -0.2852877076
390 -0.2852877076
391 -0.2852877076
392 -0.2852877076
393 -0.2852877076
394 -0.2852877076
395 -0.2852877076
396 -0.2852877076
397 -0.2852877076
398 -0.2852877076
399 -0.2852877076
400 -0.2852877076
401 -0.2852877076
402 -0.2852877076
403 -0.2852877076
404 -0.2852877076
405 -0.2852877076
406 -0.2852877076
407 -0.2852877076
408 -0.2852877076
409 -0.2852877076
410 -0.2852877076
411 -0.2852877076
412 -0.2852877076
413 -0.2852877076
414 -0.2852877076
415 -0.2852877076
416 -0.2852877076
417 -0.2852877076
418 -0.2852877076
419 -0.2852877076
420 -0.2852877076
421 -0.2852877076
422 -0.2852877076
423 -0.2852877076
424 -0.2852877076
425 -0.2852877076
426 -0.2852877076
427 -0.2852877076
428 -0.2852877076
429 -0.2852877076
430 -0.2852877076
431 -0.2852877076
432 -0.2852877076
433 -0.2852877076
434 -0.2852877076
435 -0.2852877076
436 -0.2852877076
437 -0.2852877076
438 -0.2852877076
439 -0.2852877076
440 -0.2852877076
441 -0.2852877076
442 -0.2852877076
443 -0.2852877076
444 -0.2852877076
445 -0.2852877076
446 -0.2852877076
447 -0.2852877076
448 -0.2852877076
449 -0.2852877076
450 -0.2852877076
451 -0.2852877076
452 -0.2852877076
453 -0.2852877076
454 -0.2852877076
455 -0.2852877076
456 -0.2852877076
457 -0.2852877076
458 -0.2852877076
459 -0.2852877076
460 -0.2852877076
461 -0.2852877076
462 -0.2852877076
463 -0.2852877076
464 -0.2852877076
465 -0.2852877076
466 -0.2852877076
467 -0.2852877076
468 -0.2852877076
469 -0.2852877076
470 -0.2852877076
471 -0.2852877076
472 -0.2852877076
473 -0.2852877076
474 -0.2852877076
475 -0.2852877076
476 -0.2852877076
477 -0.2852877076
478 -0.2852877076
479 -0.2852877076
480 -0.2852877076
481 -0.2852877076
482 -0.2852877076
483 -0.2852877076
484 -0.2852877076
485 -0.2852877076
486 -0.2852877076
487 -0.2852877076
488 -0.2852877076
489 -0.2852877076
490 -0.2852877076
491 -0.2852877076
492 -0.2852877076
493 -0.2852877076
494 -0.2852877076
495 -0.2852877076
496 -0.2852877076
497 -0.2852877076
498 -0.2852877076
499 -0.2852877076
500 -0.2852877076
501 -0.2852877076
502 -0.2852877076
503 -0.2852877076
504 -0.2852877076
505 -0.2852877076
506 -0.2852877076
507 -0.2852877076
508 -0.2852877076
509 -0.2852877076
510 -0.2852877076
511 -0.2852877076
512 -0.2852877076
513 -0.2852877076
514 -0.2852877076
515 -0.2852877076
516 -0.2852877076
517 -0.2852877076
518 -0.2852877076
519 -0.2852877076
520 -0.2852877076
521 -0.2852877076
522 -0.2852877076
523 -0.2852877076
524 -0.2852877076
525 -0.2852877076
526 -0.2852877076
527 -0.2852877076
528 -0.2852877076
529 -0.2852877076
530 -0.2852877076
531 -0.2852877076
532 -0.2852877076
533 -0.2852877076
534 -0.2852877076
535 -0.2852877076
536 -0.2852877076
537 -0.2852877076
538 -0.2852877076
539 -0.2852877076
540 -0.2852877076
541 -0.2852877076
542 -0.2852877076
543 -0.2852877076
544 -0.2852877076
545 -0.2852877076
546 -0.2852877076
547 -0.2852877076
548 -0.2852877076
549 -0.2852877076
550 -0.2852877076
551 -0.2852877076
552 -0.2852877076
553 -0.2852877076
554 -0.2852877076
555 -0.2852877076
556 -0.2852877076
557 -0.2852877076
558 -0.2852877076
559 -0.2852877076
560 -0.2852877076
561 -0.2852877076
562 -0.2852877076
563 -0.2852877076
564 -0.2852877076
565 -0.2852877076
566 -0.2852877076
567 -0.2852877076
568 -0.2852877076
569 -0.2852877076
570 -0.2852877076
571 -0.2852877076
572 -0.2852877076
573 -0.2852877076
574 -0.2852877076
575 -0.2852877076
576 -0.2852877076
577 -0.2852877076
578 -0.2852877076
579 -0.2852877076
580 -0.2852877076
581 -0.2852877076
582 -0.2852877076
583 -0.2852877076
584 -0.2852877076
585 -0.2852877076
586 -0.2852877076
587 -0.2852877076
588 -0.2852877076
589 -0.2852877076
590 -0.2852877076
591 -0.2852877076
592 -0.2852877076
593 -0.2852877076
594 -0.2852877076
595 -0.2852877076
596 -0.2852877076
597 -0.2852877076
598 -0.2852877076
599 -0.2852877076
600 -0.2852877076
601 -0.2852877076
602 -0.2852877076
603 -0.2852877076
604 -0.2852877076
605 -0.2852877076
606 -0.2852877076
607 -0.2852877076
608 -0.2852877076
609 -0.2852877076
610 -0.2852877076
611 -0.2852877076
612 -0.2852877076
613 -0.2852877076
614 -0.2852877076
615 -0.2852877076
616 -0.2852877076
617 -0.2852877076
618 -0.2852877076
619 -0.2852877076
620 -0.2852877076
621 -0.2852877076
622 -0.2852877076
623 -0.2852877076
624 -0.2852877076
625 -0.2852877076
626 -0.2852877076
627 -0.2852877076
628 -0.2852877076
629 -0.2852877076
630 -0.2852877076
631 -0.2852877076
632 -0.2852877076
633 -0.2852877076
634 -0.2852877076
635 -0.2852877076
636 -0.2852877076
637 -0.2852877076
638 -0.2852877076
639 -0.2852877076
640 -0.2852877076
641 -0.2852877076
642 -0.2852877076
643 -0.2852877076
644 -0.2852877076
645 -0.2852877076
646 -0.2852877076
647 -0.2852877076
648 -0.2852877076
649 -0.2852877076
650 -0.2852877076
651 -0.2852877076
652 -0.2852877076
653 -0.2852877076
654 -0.2852877076
655 -0.2852877076
656 -0.2852877076
657 -0.2852877076
658 -0.2852877076
659 -0.2852877076
660 -0.2852877076
661 -0.2852877076
662 -0.2852877076
663 -0.2852877076
664 -0.2852877076
665 -0.2852877076
666 -0.2852877076
667 -0.2852877076
668 -0.2852877076
669 -0.2852877076
670 -0.2852877076
671 -0.2852877076
672 -0.2852877076
673 -0.2852877076
674 -0.2852877076
675 -0.2852877076
676 -0.2852877076
677 -0.2852877076
678 -0.2852877076
679 -0.2852877076
680 -0.2852877076
681 -0.2852877076
682 -0.2852877076
683 -0.2852877076
684 -0.2852877076
685 -0.2852877076
686 -0.2852877076
687 -0.2852877076
688 -0.2852877076
689 -0.2852877076
690 -0.2852877076
691 -0.2852877076
692 -0.2852877076
693 -0.2852877076
694 -0.2852877076
695 -0.2852877076
696 -0.2852877076
697 -0.2852877076
698 -0.2852877076
699 -0.2852877076
700 -0.2852877076
701 -0.2852877076
702 -0.2852877076
703 -0.2852877076
704 -0.2852877076
705 -0.2852877076
706 -0.2852877076
707 -0.2852877076
708 -0.2852877076
709 -0.2852877076
710 -0.2852877076
711 -0.2852877076
712 -0.2852877076
713 -0.2852877076
714 -0.2852877076
715 -0.2852877076
716 -0.2852877076
717 -0.2852877076
718 -0.2852877076
719 -0.2852877076
720 -0.2852877076
721 -0.2852877076
722 -0.2852877076
723 -0.2852877076
724 -0.2852877076
725 -0.2852877076
726 -0.2852877076
727 -0.2852877076
728 -0.2852877076
729 -0.2852877076
730 -0.2852877076
731 -0.2852877076
732 -0.2852877076
733 -0.2852877076
734 -0.2852877076
735 -0.2852877076
736 -0.2852877076
737 -0.2852877076
738 -0.2852877076
739 -0.2852877076
740 -0.2852877076
741 -0.2852877076
742 -0.2852877076
743 -0.2852877076
744 -0.2852877076
745 -0.2852877076
746 -0.2852877076
747 -0.2852877076
748 -0.2852877076
749 -0.2852877076
750 -0.2852877076
751 -0.2852877076
752 -0.2852877076
753 -0.2852877076
754 -0.2852877076
755 -0.2852877076
756 -0.2852877076
757 -0.2852877076
758 -0.2852877076
759 -0.2852877076
760 -0.2852877076
761 -0.2852877076
762 -0.2852877076
763 -0.2852877076
764 -0.2852877076
765 -0.2852877076
766 -0.2852877076
767 -0.2852877076
768 -0.2852877076
769 -0.2852877076
770 -0.2852877076
771 -0.2852877076
772 -0.2852877076
773 -0.2852877076
774 -0.2852877076
775 -0.2852877076
776 -0.2852877076
777 -0.2852877076
778 -0.2852877076
779 -0.2852877076
780 -0.2852877076
781 -0.2852877076
782 -0.2852877076
783 -0.2852877076
784 -0.2852877076
785 -0.2852877076
786 -0.2852877076
787 -0.2852877076
788 -0.2852877076
789 -0.2852877076
790 -0.2852877076
791 -0.2852877076
792 -0.2852877076
793 -0.2852877076
794 -0.2852877076
795 -0.2852877076
796 -0.2852877076
797 -0.2852877076
798 -0.2852877076
799 -0.2852877076
800 -0.2852877076
801 -0.2852877076
802 -0.2852877076
803 -0.2852877076
804 -0.2852877076
805 -0.2852877076
806 -0.2852877076
807 -0.2852877076
808 -0.2852877076
809 -0.2852877076
810 -0.2852877076
811 -0.2852877076
812 -0.2852877076
813 -0.2852877076
814 -0.2852877076
815 -0.2852877076
816 -0.2852877076
817 -0.2852877076
818 -0.2852877076
819 -0.2852877076
820 -0.2852877076
821 -0.2852877076
822 -0.2852877076
823 -0.2852877076
824 -0.2852877076
825 -0.2852877076
826 -0.2852877076
827 -0.2852877076
828 -0.2852877076
829 -0.2852877076
830 -0.2852877076
831 -0.2852877076
832 -0.2852877076
833 -0.2852877076
834 -0.2852877076
835 -0.2852877076
836 -0.2852877076
837 -0.2852877076
838 -0.2852877076
839 -0.2852877076
840 -0.2852877076
841 -0.2852877076
842 -0.2852877076
843 -0.2852877076
844 -0.2852877076
845 -0.2852877076
846 -0.2852877076
847 -0.2852877076
848 -0.2852877076
849 -0.2852877076
850 -0.2852877076
851 -0.2852877076
852 -0.2852877075
853 -0.2852877075
854 -0.2852877075
855 -0.2852877075
856 -0.2852877075
857 -0.2852877074
858 -0.2852877074
859 -0.2852877073
860 -0.2852877073
861 -0.2852877072
862 -0.2852877071
863 -0.2852877069
864 -0.2852877068
865 -0.2852877066
866 -0.2852877063
867 -0.285287706
868 -0.2852877056
869 -0.2852877051
870 -0.2852877045
871 -0.2852877037
872 -0.2852877027
873 -0.2852877016
874 -0.2852877001
875 -0.2852876983
876 -0.2852876961
877 -0.2852876934
878 -0.2852876901
879 -0.2852876859
880 -0.2852876809
881 -0.2852876747
882 -0.2852876672
883 -0.2852876579
884 -0.2852876466
885 -0.2852876328
886 -0.285287616
887 -0.2852875955
888 -0.2852875705
889 -0.2852875402
890 -0.2852875033
891 -0.2852874586
892 -0.2852874044
893 -0.2852873388
894 -0.2852872595
895 -0.2852871636
896 -0.285287048
897 -0.2852869085
898 -0.2852867406
899 -0.2852865386
900 -0.2852862958
901 -0.2852860044
902 -0.2852856548
903 -0.2852852361
904 -0.285284735
905 -0.285284136
906 -0.2852834206
907 -0.2852825672
908 -0.2852815501
909 -0.2852803395
910 -0.2852788998
911 -0.2852771895
912 -0.28527516
913 -0.2852727541
914 -0.2852699052
915 -0.2852665352
916 -0.2852625529
917 -0.2852578522
918 -0.2852523093
919 -0.2852457802
920 -0.2852380975
921 -0.285229067
922 -0.2852184636
923 -0.2852060265
924 -0.2851914539
925 -0.2851743974
926 -0.2851544548
927 -0.2851311623
928 -0.2851039863
929 -0.285072313
930 -0.2850354372
931 -0.2849925502
932 -0.2849427252
933 -0.2848849014
934 -0.2848178661
935 -0.2847402348
936 -0.2846504285
937 -0.2845466487
938 -0.2844268491
939 -0.2842887048
940 -0.2841295767
941 -0.2839464737
942 -0.2837360091
943 -0.2834943531
944 -0.2832171807
945 -0.2828996128
946 -0.2825361526
947 -0.2821206147
948 -0.281646048
949 -0.28110465
950 -0.2804876738
951 -0.279785326
952 -0.2789866555
953 -0.278079432
954 -0.2770500138
955 -0.2758832042
956 -0.2745620967
957 -0.2730679058
958 -0.2713797857
959 -0.2694746347
960 -0.2673268836
961 -0.26490827
962 -0.2621875956
963 -0.2591304668
964 -0.2556990184
965 -0.2518516183
966 -0.2475425556
967 -0.2427217082
968 -0.2373341929
969 -0.2313199956
970 -0.2246135827
971 -0.2171434932
972 -0.2088319122
973 -0.1995942266
974 -0.1893385619
975 -0.1779653034
976 -0.1653666013
977 -0.1514258606
978 -0.1360172195
979 -0.119005016
980 -0.1002432457
981 -0.07957501387
982 -0.05683198378
983 -0.03183382466
984 -0.004387663238
985 0.02571245761
986 0.05868610879
987 0.09476698865
988 0.1342034155
989 0.1772587936
990 0.2242120464
991 0.2753580117
992 0.3310077913
993 0.391489049
994 0.4571462495
995 0.5283408309
996 0.6054513035
997 0.6888732658
998 0.7790193321
999 0.876318961
1000 0.981218179
1001 1.094179189
1002 1.21567986
1003 1.346213082
1004 1.486285988
1005 1.636419033
1006 1.797144919
1007 1.969007364
1008 2.152559709
1009 2.348363363
1010 2.556986067
1011 2.778999997
1012 3.014979681
1013 3.265499747
1014 3.531132492
1015 3.812445282
1016 4.109997777
1017 4.424338995
1018 4.756004214
1019 5.105511731
1020 5.473359472
1021 5.860021476
1022 6.26594427
1023 6.691543136
