#53518 2909.9973232610370291 0.0045700695003552957787 1 1437 16.000049430220818044 1024 7 1 J1713+0747 0.0000000 
0 -0.4535898289
1 -0.4535787662
2 -0.4535658003
3 -0.4535506199
4 -0.4535328654
5 -0.4535121227
6 -0.4534879143
7 -0.4534596914
8 -0.4534268231
9 -0.4533885855
10 -0.4533441489
11 -0.4532925632
12 -0.4532327422
13 -0.453163445
14 -0.453083256
15 -0.4529905624
16 -0.4528835287
17 -0.4527600682
18 -0.4526178123
19 -0.4524540747
20 -0.4522658134
21 -0.4520495869
22 -0.4518015075
23 -0.4515171879
24 -0.4511916837
25 -0.4508194291
26 -0.4503941673
27 -0.4499088724
28 -0.4493556658
29 -0.4487257229
30 -0.4480091726
31 -0.4471949866
32 -0.4462708598
33 -0.4452230798
34 -0.4440363854
35 -0.4426938138
36 -0.4411765346
37 -0.4394636721
38 -0.4375321127
39 -0.4353562987
40 -0.4329080072
41 -0.4301561133
42 -0.4270663372
43 -0.4236009757
44 -0.4197186152
45 -0.4153738293
46 -0.4105168568
47 -0.4050932642
48 -0.3990435883
49 -0.3923029626
50 -0.3848007253
51 -0.3764600108
52 -0.3671973239
53 -0.3569220988
54 -0.3455362424
55 -0.3329336647
56 -0.3189997962
57 -0.3036110949
58 -0.2866345443
59 -0.2679271453
60 -0.2473354039
61 -0.2246948179
62 -0.1998293656
63 -0.1725510001
64 -0.142659154
65 -0.1099402561
66 -0.07416726866
67 -0.035099246
68 0.007519076932
69 0.05395766241
70 0.1045015074
71 0.1594509346
72 0.2191218304
73 0.2838458234
74 0.3539703955
75 0.4298589193
76 0.5118906143
77 0.6004604138
78 0.6959787355
79 0.7988711489
80 0.9095779303
81 1.028553501
82 1.156265738
83 1.293195154
84 1.439833941
85 1.596684865
86 1.764260012
87 1.943079387
88 2.133669348
89 2.33656088
90 2.552287708
91 2.781384251
92 3.024383403
93 3.281814163
94 3.554199094
95 3.842051644
96 4.145873297
97 4.466150603
98 4.80335206
99 5.157924879
100 5.530291639
101 5.920846842
102 6.329953392
103 6.757938998
104 7.205092545
105 7.671660427
106 8.157842883
107 8.663790345
108 9.189599836
109 9.735311429
110 10.30090481
111 10.88629594
112 11.4913339
113 12.11579791
114 12.75939451
115 13.42175503
116 14.1024333
117 14.80090366
118 15.51655931
119 16.24871093
120 16.99658579
121 17.75932717
122 18.53599421
123 19.32556225
124 20.12692356
125 20.9388886
126 21.76018772
127 22.58947338
128 23.42532291
129 24.26624167
130 25.11066684
131 25.95697165
132 26.80347009
133 27.64842215
134 28.4900395
135 29.32649166
136 30.15591256
137 30.9764075
138 31.78606058
139 32.58294232
140 33.36511775
141 34.13065466
142 34.8776321
143 35.60414913
144 36.30833364
145 36.98835127
146 37.64241442
147 38.26879122
148 38.86581443
149 39.43189027
150 39.96550705
151 40.46524364
152 40.92977763
153 41.35789317
154 41.74848856
155 42.10058329
156 42.41332474
157 42.68599436
158 42.91801332
159 43.10894765
160 43.25851269
161 43.36657705
162 43.43316583
163 43.45846325
164 43.44281456
165 43.38672728
166 43.29087176
167 43.156081
168 42.9833498
169 42.77383321
170 42.52884429
171 42.24985114
172 41.93847338
173 41.59647783
174 41.22577366
175 40.82840689
176 40.4065543
177 39.96251677
178 39.49871208
179 39.01766723
180 38.52201022
181 38.0144614
182 37.49782443
183 36.97497674
184 36.44885978
185 35.92246876
186 35.39884222
187 34.88105123
188 34.37218842
189 33.8753567
190 33.3936579
191 32.93018109
192 32.48799097
193 32.07011594
194 31.67953627
195 31.31917211
196 30.99187152
197 30.70039853
198 30.44742121
199 30.23549983
200 30.06707515
201 29.94445683
202 29.86981205
203 29.84515434
204 29.8723327
205 29.953021
206 30.08870781
207 30.28068656
208 30.5300462
209 30.83766244
210 31.20418943
211 31.63005222
212 32.11543982
213 32.66029904
214 33.26432914
215 33.92697736
216 34.64743542
217 35.42463692
218 36.2572559
219 37.14370646
220 38.0821435
221 39.07046474
222 40.10631391
223 41.18708531
224 42.30992957
225 43.47176084
226 44.6692653
227 45.89891097
228 47.15695891
229 48.43947578
230 49.74234766
231 51.0612951
232 52.3918895
233 53.72957059
234 55.06966495
235 56.40740567
236 57.73795281
237 59.05641472
238 60.35787011
239 61.63739062
240 62.89006389
241 64.11101693
242 65.29543968
243 66.43860854
244 67.53590982
245 68.58286284
246 69.57514262
247 70.50860196
248 71.37929271
249 72.18348613
250 72.91769223
251 73.57867783
252 74.16348329
253 74.66943777
254 75.09417288
255 75.43563463
256 75.69209362
257 75.8621533
258 75.94475635
259 75.93918902
260 75.84508351
261 75.66241828
262 75.39151633
263 75.03304145
264 74.58799253
265 74.05769588
266 73.44379571
267 72.74824282
268 71.97328156
269 71.12143524
270 70.19549003
271 69.19847755
272 68.13365625
273 67.00449173
274 65.81463613
275 64.56790688
276 63.26826471
277 61.91979144
278 60.52666735
279 59.09314859
280 57.62354462
281 56.12219589
282 54.59345188
283 53.04164978
284 51.47109371
285 49.8860348
286 48.29065222
287 46.68903518
288 45.08516607
289 43.48290478
290 41.88597437
291 40.29794793
292 38.72223695
293 37.16208104
294 35.62053906
295 34.10048169
296 32.60458543
297 31.13532806
298 29.69498536
299 28.28562928
300 26.90912739
301 25.5671435
302 24.26113953
303 22.99237848
304 21.76192836
305 20.57066716
306 19.41928866
307 18.30830894
308 17.23807372
309 16.20876616
310 15.22041531
311 14.27290483
312 13.36598221
313 12.49926808
314 11.67226586
315 10.88437134
316 10.13488237
317 9.423008521
318 8.747880556
319 8.108559782
320 7.504047158
321 6.933292129
322 6.395201142
323 5.88864581
324 5.412470684
325 4.965500614
326 4.546547686
327 4.154417689
328 3.787916147
329 3.445853862
330 3.127052004
331 2.830346725
332 2.55459332
333 2.298669925
334 2.061480785
335 1.84195909
336 1.639069403
337 1.451809696
338 1.279213014
339 1.120348796
340 0.9743238545
341 0.8402830654
342 0.717409766
343 0.6049258989
344 0.5020919196
345 0.4082064926
346 0.3226059976
347 0.2446638673
348 0.1737897794
349 0.109428721
350 0.05105994565
351 -0.001804158752
352 -0.04961927513
353 -0.09281041894
354 -0.1317732422
355 -0.1668753661
356 -0.198457731
357 -0.2268359507
358 -0.252301664
359 -0.2751238719
360 -0.2955502552
361 -0.313808464
362 -0.3301073743
363 -0.3446383072
364 -0.3575762056
365 -0.3690807671
366 -0.3792975279
367 -0.3883588997
368 -0.3963851543
369 -0.4034853589
370 -0.4097582597
371 -0.4152931147
372 -0.4201704765
373 -0.4244629261
374 -0.4282357591
375 -0.4315476241
376 -0.4344511183
377 -0.4369933383
378 -0.4392163904
379 -0.441157862
380 -0.4428512554
381 -0.4443263864
382 -0.44560975
383 -0.4467248548
384 -0.4476925287
385 -0.4485311968
386 -0.4492571347
387 -0.4498846979
388 -0.4504265298
389 -0.4508937496
390 -0.4512961215
391 -0.4516422079
392 -0.4519395059
393 -0.4521945707
394 -0.4524131255
395 -0.4526001603
396 -0.4527600189
397 -0.4528964781
398 -0.4530128161
399 -0.4531118751
400 -0.4531961154
401 -0.4532676638
402 -0.453328356
403 -0.4533797748
404 -0.4534232823
405 -0.4534600496
406 -0.453491082
407 -0.4535172411
408 -0.4535392647
409 -0.4535577833
410 -0.4535733353
411 -0.4535863796
412 -0.4535973068
413 -0.4536064491
414 -0.4536140885
415 -0.4536204642
416 -0.4536257784
417 -0.4536302025
418 -0.4536338809
419 -0.4536369355
420 -0.4536394689
421 -0.4536415675
422 -0.4536433036
423 -0.4536447382
424 -0.4536459221
425 -0.4536468979
426 -0.4536477012
427 -0.4536483617
428 -0.453648904
429 -0.4536493488
430 -0.4536497132
431 -0.4536500112
432 -0.4536502548
433 -0.4536504536
434 -0.4536506156
435 -0.4536507475
436 -0.4536508547
437 -0.4536509418
438 -0.4536510124
439 -0.4536510696
440 -0.4536511159
441 -0.4536511533
442 -0.4536511835
443 -0.4536512078
444 -0.4536512274
445 -0.4536512431
446 -0.4536512558
447 -0.4536512659
448 -0.453651274
449 -0.4536512805
450 -0.4536512857
451 -0.4536512899
452 -0.4536512932
453 -0.4536512958
454 -0.4536512979
455 -0.4536512995
456 -0.4536513009
457 -0.4536513019
458 -0.4536513027
459 -0.4536513034
460 -0.4536513039
461 -0.4536513043
462 -0.4536513046
463 -0.4536513049
464 -0.4536513051
465 -0.4536513052
466 -0.4536513054
467 -0.4536513055
468 -0.4536513055
469 -0.4536513056
470 -0.4536513056
471 -0.4536513057
472 -0.4536513057
473 -0.4536513057
474 -0.4536513057
475 -0.4536513057
476 -0.4536513058
477 -0.4536513058
478 -0.4536513058
479 -0.4536513058
480 -0.4536513058
481 -0.4536513058
482 -0.4536513058
483 -0.4536513058
484 -0.4536513058
485 -0.4536513058
486 -0.4536513058
487 -0.4536513058
488 -0.4536513058
489 -0.4536513058
490 -0.4536513058
491 -0.4536513058
492 -0.4536513058
493 -0.4536513058
494 -0.4536513058
495 -0.4536513058
496 -0.4536513058
497 -0.4536513058
498 -0.4536513058
499 -0.4536513058
500 -0.4536513058
501 -0.4536513058
502 -0.4536513058
503 -0.4536513058
504 -0.4536513058
505 -0.4536513058
506 -0.4536513058
507 -0.4536513058
508 -0.4536513058
509 -0.4536513058
510 -0.4536513058
511 -0.4536513058
512 -0.4536513058
513 -0.4536513058
514 -0.4536513058
515 -0.4536513058
516 -0.4536513058
517 -0.4536513058
518 -0.4536513058
519 -0.4536513058
520 -0.4536513058
521 -0.4536513058
522 -0.4536513058
523 -0.4536513058
524 -0.4536513058
525 -0.4536513058
526 -0.4536513058
527 -0.4536513058
528 -0.4536513058
529 -0.4536513058
530 -0.4536513058
531 -0.4536513058
532 -0.4536513058
533 -0.4536513058
534 -0.4536513058
535 -0.4536513058
536 -0.4536513058
537 -0.4536513058
538 -0.4536513058
539 -0.4536513058
540 -0.4536513058
541 -0.4536513058
542 -0.4536513058
543 -0.4536513058
544 -0.4536513058
545 -0.4536513058
546 -0.4536513058
547 -0.4536513058
548 -0.4536513058
549 -0.4536513058
550 -0.4536513058
551 -0.4536513058
552 -0.4536513058
553 -0.4536513058
554 -0.4536513058
555 -0.4536513058
556 -0.4536513058
557 -0.4536513058
558 -0.4536513058
559 -0.4536513058
560 -0.4536513058
561 -0.4536513058
562 -0.4536513058
563 -0.4536513058
564 -0.4536513058
565 -0.4536513058
566 -0.4536513058
567 -0.4536513058
568 -0.4536513058
569 -0.4536513058
570 -0.4536513058
571 -0.4536513058
572 -0.4536513058
573 -0.4536513058
574 -0.4536513058
575 -0.4536513058
576 -0.4536513058
577 -0.4536513058
578 -0.4536513058
579 -0.4536513058
580 -0.4536513058
581 -0.4536513058
582 -0.4536513058
583 -0.4536513058
584 -0.4536513058
585 -0.4536513058
586 -0.4536513058
587 -0.4536513058
588 -0.4536513058
589 -0.4536513058
590 -0.4536513058
591 -0.4536513058
592 -0.4536513058
593 -0.4536513058
594 -0.4536513058
595 -0.4536513058
596 -0.4536513058
597 -0.4536513058
598 -0.4536513058
599 -0.4536513058
600 -0.4536513058
601 -0.4536513058
602 -0.4536513058
603 -0.4536513058
604 -0.4536513058
605 -0.4536513058
606 -0.4536513058
607 -0.4536513058
608 -0.4536513058
609 -0.4536513058
610 -0.4536513058
611 -0.4536513058
612 -0.4536513058
613 -0.4536513058
614 -0.4536513058
615 -0.4536513058
616 -0.4536513058
617 -0.4536513058
618 -0.4536513058
619 -0.4536513058
620 -0.4536513058
621 -0.4536513058
622 -0.4536513058
623 -0.4536513058
624 -0.4536513058
625 -0.4536513058
626 -0.4536513058
627 -0.4536513058
628 -0.4536513058
629 -0.4536513058
630 -0.4536513058
631 -0.4536513058
632 -0.4536513058
633 -0.4536513058
634 -0.4536513058
635 -0.4536513058
636 -0.4536513058
637 -0.4536513058
638 -0.4536513058
639 -0.4536513058
640 -0.4536513058
641 -0.4536513058
642 -0.4536513058
643 -0.4536513058
644 -0.4536513058
645 -0.4536513058
646 -0.4536513058
647 -0.4536513058
648 -0.4536513058
649 -0.4536513058
650 -0.4536513058
651 -0.4536513058
652 -0.4536513058
653 -0.4536513058
654 -0.4536513058
655 -0.4536513058
656 -0.4536513058
657 -0.4536513058
658 -0.4536513058
659 -0.4536513058
660 -0.4536513058
661 -0.4536513058
662 -0.4536513058
663 -0.4536513058
664 -0.4536513058
665 -0.4536513058
666 -0.4536513058
667 -0.4536513058
668 -0.4536513058
669 -0.4536513058
670 -0.4536513058
671 -0.4536513058
672 -0.4536513058
673 -0.4536513058
674 -0.4536513058
675 -0.4536513058
676 -0.4536513058
677 -0.4536513058
678 -0.4536513058
679 -0.4536513058
680 -0.4536513058
681 -0.4536513058
682 -0.4536513058
683 -0.4536513058
684 -0.4536513058
685 -0.4536513058
686 -0.4536513058
687 -0.4536513058
688 -0.4536513058
689 -0.4536513058
690 -0.4536513058
691 -0.4536513058
692 -0.4536513058
693 -0.4536513058
694 -0.4536513058
695 -0.4536513058
696 -0.4536513058
697 -0.4536513058
698 -0.4536513058
699 -0.4536513058
700 -0.4536513058
701 -0.4536513058
702 -0.4536513058
703 -0.4536513058
704 -0.4536513058
705 -0.4536513058
706 -0.4536513058
707 -0.4536513058
708 -0.4536513058
709 -0.4536513058
710 -0.4536513058
711 -0.4536513058
712 -0.4536513058
713 -0.4536513058
714 -0.4536513058
715 -0.4536513058
716 -0.4536513058
717 -0.4536513058
718 -0.4536513058
719 -0.4536513058
720 -0.4536513058
721 -0.4536513058
722 -0.4536513058
723 -0.4536513058
724 -0.4536513058
725 -0.4536513058
726 -0.4536513058
727 -0.4536513058
728 -0.4536513058
729 -0.4536513058
730 -0.4536513058
731 -0.4536513058
732 -0.4536513058
733 -0.4536513058
734 -0.4536513058
735 -0.4536513058
736 -0.4536513058
737 -0.4536513058
738 -0.4536513058
739 -0.4536513058
740 -0.4536513058
741 -0.4536513058
742 -0.4536513058
743 -0.4536513058
744 -0.4536513058
745 -0.4536513058
746 -0.4536513058
747 -0.4536513058
748 -0.4536513058
749 -0.4536513058
750 -0.4536513058
751 -0.4536513058
752 -0.4536513058
753 -0.4536513058
754 -0.4536513058
755 -0.4536513058
756 -0.4536513058
757 -0.4536513058
758 -0.4536513058
759 -0.4536513058
760 -0.4536513058
761 -0.4536513058
762 -0.4536513058
763 -0.4536513058
764 -0.4536513058
765 -0.4536513058
766 -0.4536513058
767 -0.4536513058
768 -0.4536513058
769 -0.4536513058
770 -0.4536513058
771 -0.4536513058
772 -0.4536513058
773 -0.4536513058
774 -0.4536513058
775 -0.4536513058
776 -0.4536513058
777 -0.4536513058
778 -0.4536513058
779 -0.4536513058
780 -0.4536513058
781 -0.4536513058
782 -0.4536513058
783 -0.4536513058
784 -0.4536513058
785 -0.4536513058
786 -0.4536513058
787 -0.4536513058
788 -0.4536513058
789 -0.4536513058
790 -0.4536513058
791 -0.4536513058
792 -0.4536513058
793 -0.4536513058
794 -0.4536513058
795 -0.4536513058
796 -0.4536513058
797 -0.4536513058
798 -0.4536513058
799 -0.4536513058
800 -0.4536513058
801 -0.4536513058
802 -0.4536513058
803 -0.4536513058
804 -0.4536513058
805 -0.4536513058
806 -0.4536513058
807 -0.4536513058
808 -0.4536513058
809 -0.4536513058
810 -0.4536513058
811 -0.4536513058
812 -0.4536513058
813 -0.4536513058
814 -0.4536513058
815 -0.4536513058
816 -0.4536513058
817 -0.4536513058
818 -0.4536513058
819 -0.4536513058
820 -0.4536513058
821 -0.4536513058
822 -0.4536513058
823 -0.4536513058
824 -0.4536513058
825 -0.4536513058
826 -0.4536513058
827 -0.4536513058
828 -0.4536513058
829 -0.4536513058
830 -0.4536513058
831 -0.4536513058
832 -0.4536513058
833 -0.4536513058
834 -0.4536513058
835 -0.4536513058
836 -0.4536513058
837 -0.4536513058
838 -0.4536513058
839 -0.4536513058
840 -0.4536513058
841 -0.4536513058
842 -0.4536513058
843 -0.4536513058
844 -0.4536513058
845 -0.4536513058
846 -0.4536513058
847 -0.4536513058
848 -0.4536513058
849 -0.4536513058
850 -0.4536513058
851 -0.4536513058
852 -0.4536513058
853 -0.4536513058
854 -0.4536513058
855 -0.4536513058
856 -0.4536513058
857 -0.4536513058
858 -0.4536513058
859 -0.4536513058
860 -0.4536513058
861 -0.4536513058
862 -0.4536513058
863 -0.4536513058
864 -0.4536513058
865 -0.4536513058
866 -0.4536513058
867 -0.4536513058
868 -0.4536513058
869 -0.4536513058
870 -0.4536513058
871 -0.4536513058
872 -0.4536513058
873 -0.4536513058
874 -0.4536513058
875 -0.4536513058
876 -0.4536513058
877 -0.4536513058
878 -0.4536513058
879 -0.4536513058
880 -0.4536513058
881 -0.4536513058
882 -0.4536513058
883 -0.4536513058
884 -0.4536513058
885 -0.4536513058
886 -0.4536513058
887 -0.4536513058
888 -0.4536513058
889 -0.4536513058
890 -0.4536513058
891 -0.4536513058
892 -0.4536513058
893 -0.4536513058
894 -0.4536513058
895 -0.4536513058
896 -0.4536513058
897 -0.4536513058
898 -0.4536513058
899 -0.4536513058
900 -0.4536513058
901 -0.4536513058
902 -0.4536513058
903 -0.4536513058
904 -0.4536513058
905 -0.4536513058
906 -0.4536513058
907 -0.4536513058
908 -0.4536513058
909 -0.4536513058
910 -0.4536513058
911 -0.4536513058
912 -0.4536513058
913 -0.4536513058
914 -0.4536513058
915 -0.4536513058
916 -0.4536513058
917 -0.4536513058
918 -0.4536513058
919 -0.4536513058
920 -0.4536513058
921 -0.4536513058
922 -0.4536513058
923 -0.4536513058
924 -0.4536513058
925 -0.4536513058
926 -0.4536513058
927 -0.4536513058
928 -0.4536513058
929 -0.4536513058
930 -0.4536513058
931 -0.4536513058
932 -0.4536513058
933 -0.4536513058
934 -0.4536513058
935 -0.4536513058
936 -0.4536513058
937 -0.4536513058
938 -0.4536513058
939 -0.4536513058
940 -0.4536513058
941 -0.4536513058
942 -0.4536513058
943 -0.4536513058
944 -0.4536513058
945 -0.4536513058
946 -0.4536513058
947 -0.4536513058
948 -0.4536513058
949 -0.4536513058
950 -0.4536513058
951 -0.4536513058
952 -0.4536513058
953 -0.4536513058
954 -0.4536513057
955 -0.4536513057
956 -0.4536513057
957 -0.4536513057
958 -0.4536513057
959 -0.4536513056
960 -0.4536513056
961 -0.4536513056
962 -0.4536513055
963 -0.4536513054
964 -0.4536513053
965 -0.4536513052
966 -0.4536513051
967 -0.4536513049
968 -0.4536513046
969 -0.4536513044
970 -0.453651304
971 -0.4536513036
972 -0.453651303
973 -0.4536513024
974 -0.4536513015
975 -0.4536513005
976 -0.4536512992
977 -0.4536512977
978 -0.4536512957
979 -0.4536512933
980 -0.4536512904
981 -0.4536512868
982 -0.4536512824
983 -0.4536512769
984 -0.4536512703
985 -0.4536512622
986 -0.4536512522
987 -0.4536512401
988 -0.4536512253
989 -0.4536512072
990 -0.4536511852
991 -0.4536511585
992 -0.453651126
993 -0.4536510867
994 -0.4536510389
995 -0.4536509811
996 -0.4536509111
997 -0.4536508265
998 -0.4536507245
999 -0.4536506014
1000 -0.4536504531
1001 -0.4536502747
1002 -0.4536500602
1003 -0.4536498026
1004 -0.4536494936
1005 -0.4536491233
1006 -0.4536486801
1007 -0.4536481501
1008 -0.4536475169
1009 -0.4536467613
1010 -0.4536458607
1011 -0.4536447882
1012 -0.4536435125
1013 -0.4536419966
1014 -0.4536401972
1015 -0.4536380635
1016 -0.4536355362
1017 -0.4536325456
1018 -0.4536290107
1019 -0.4536248369
1020 -0.4536199138
1021 -0.453614113
1022 -0.4536072854
1023 -0.4535992577
