#54197 2910.0078382307623102 0.0045698016661657250848 1 1397 16.000049430220818044 1024 7 1 J1713+0747 0.0000000 
0 0.4126315696
1 0.4221393294
2 0.432685979
3 0.4443721111
4 0.4573065135
5 0.4716066626
6 0.4873992276
7 0.5048205842
8 0.5240173344
9 0.5451468305
10 0.5683776996
11 0.5938903664
12 0.6218775695
13 0.6525448686
14 0.6861111364
15 0.7228090323
16 0.7628854517
17 0.806601946
18 0.8542351076
19 0.9060769127
20 0.9624350175
21 1.023632999
22 1.090010535
23 1.161923516
24 1.239744079
25 1.32386056
26 1.414677354
27 1.512614678
28 1.618108225
29 1.731608706
30 1.853581269
31 1.984504793
32 2.124871039
33 2.275183672
34 2.43595712
35 2.607715294
36 2.790990139
37 2.986320035
38 3.194248021
39 3.415319866
40 3.650081963
41 3.899079057
42 4.162851817
43 4.441934233
44 4.736850864
45 5.04811393
46 5.376220261
47 5.721648109
48 6.084853834
49 6.466268481
50 6.866294254
51 7.285300911
52 7.72362209
53 8.181551589
54 8.659339623
55 9.157189075
56 9.675251763
57 10.21362476
58 10.77234678
59 11.35139466
60 11.95067996
61 12.57004575
62 13.20926353
63 13.86803042
64 14.54596653
65 15.24261266
66 15.95742826
67 16.68978976
68 17.43898918
69 18.20423324
70 18.98464274
71 19.77925248
72 20.58701161
73 21.40678435
74 22.23735136
75 23.07741146
76 23.92558394
77 24.78041136
78 25.64036286
79 26.50383801
80 27.36917116
81 28.23463629
82 29.09845238
83 29.95878926
84 30.81377385
85 31.661497
86 32.50002053
87 33.32738489
88 34.14161694
89 34.94073825
90 35.72277352
91 36.48575931
92 37.22775299
93 37.9468417
94 38.64115157
95 39.30885687
96 39.94818918
97 40.55744654
98 41.13500238
99 41.67931444
100 42.18893335
101 42.66251096
102 43.09880844
103 43.49670386
104 43.85519954
105 44.17342876
106 44.45066213
107 44.68631332
108 44.87994427
109 45.03126977
110 45.14016146
111 45.20665107
112 45.23093312
113 45.21336684
114 45.15447739
115 45.05495643
116 44.9156619
117 44.7376171
118 44.52200915
119 44.27018658
120 43.98365634
121 43.66408014
122 43.31327001
123 42.93318333
124 42.52591718
125 42.09370207
126 41.63889516
127 41.16397282
128 40.6715228
129 40.16423577
130 39.6448965
131 39.11637458
132 38.58161465
133 38.04362641
134 37.50547415
135 36.97026604
136 36.44114309
137 35.92126792
138 35.41381326
139 34.92195022
140 34.44883651
141 33.99760438
142 33.57134857
143 33.17311413
144 32.80588417
145 32.47256764
146 32.17598713
147 31.91886664
148 31.7038195
149 31.53333641
150 31.40977358
151 31.33534111
152 31.31209158
153 31.34190893
154 31.42649765
155 31.56737237
156 31.76584784
157 32.02302942
158 32.33980407
159 32.71683195
160 33.15453869
161 33.65310833
162 34.21247704
163 34.83232773
164 35.51208546
165 36.25091391
166 37.0477128
167 37.90111641
168 38.80949326
169 39.77094692
170 40.78331807
171 41.84418791
172 42.95088276
173 44.10048009
174 45.28981588
175 46.51549334
176 47.77389308
177 49.06118455
178 50.37333893
179 51.70614333
180 53.05521625
181 54.41602431
182 55.78390021
183 57.15406171
184 58.52163174
185 59.88165937
186 61.22914165
187 62.55904617
188 63.86633416
189 65.14598413
190 66.39301574
191 67.60251388
192 68.76965276
193 69.88971988
194 70.95813957
195 71.97049627
196 72.92255698
197 73.81029303
198 74.62990087
199 75.37782174
200 76.05076014
201 76.64570087
202 77.15992456
203 77.59102154
204 77.93690409
205 78.19581664
206 78.36634426
207 78.44741905
208 78.43832455
209 78.33869802
210 78.14853074
211 77.86816615
212 77.49829596
213 77.03995422
214 76.49450941
215 75.86365467
216 75.1493961
217 74.35403943
218 73.480175
219 72.53066129
220 71.50860701
221 70.41735207
222 69.26044739
223 68.04163383
224 66.76482038
225 65.43406172
226 64.05353546
227 62.62751903
228 61.16036654
229 59.65648575
230 58.12031523
231 56.55630201
232 54.96887968
233 53.36244725
234 51.74134884
235 50.10985424
236 48.47214062
237 46.83227527
238 45.19419972
239 43.56171499
240 41.93846835
241 40.32794141
242 38.73343967
243 37.15808349
244 35.6048006
245 34.07632001
246 32.57516735
247 31.10366165
248 29.6639135
249 28.2578245
250 26.88708798
251 25.55319096
252 24.25741719
253 23.00085123
254 21.78438359
255 20.60871662
256 19.47437131
257 18.38169472
258 17.33086805
259 16.32191522
260 15.35471189
261 14.4289948
262 13.54437141
263 12.70032966
264 11.89624782
265 11.13140445
266 10.40498815
267 9.716107343
268 9.063799783
269 8.447041869
270 7.864757663
271 7.315827588
272 6.799096753
273 6.313382892
274 5.857483873
275 5.430184765
276 5.030264445
277 4.656501738
278 4.307681071
279 3.982597657
280 3.680062197
281 3.398905113
282 3.137980317
283 2.896168531
284 2.672380173
285 2.465557823
286 2.274678291
287 2.098754304
288 1.936835842
289 1.788011131
290 1.651407333
291 1.526190946
292 1.41156794
293 1.306783654
294 1.211122477
295 1.123907338
296 1.04449902
297 0.9722953334
298 0.9067301498
299 0.8472723347
300 0.7934245865
301 0.7447222014
302 0.7007317816
303 0.661049901
304 0.6253017414
305 0.5931397122
306 0.5642420652
307 0.5383115137
308 0.5150738654
309 0.4942766766
310 0.4756879346
311 0.4590947745
312 0.4443022341
313 0.4311320523
314 0.4194215131
315 0.4090223384
316 0.3997996308
317 0.3916308679
318 0.3844049482
319 0.3780212903
320 0.3723889825
321 0.3674259848
322 0.3630583803
323 0.3592196757
324 0.3558501499
325 0.3528962473
326 0.3503100157
327 0.3480485864
328 0.3460736934
329 0.344351232
330 0.3428508515
331 0.3415455836
332 0.3404115005
333 0.3394274047
334 0.3385745447
335 0.3378363578
336 0.337198236
337 0.3366473142
338 0.3361722789
339 0.3357631957
340 0.3354113536
341 0.3351091257
342 0.3348498436
343 0.3346276857
344 0.3344375765
345 0.3342750979
346 0.3341364089
347 0.3340181753
348 0.3339175071
349 0.3338319024
350 0.3337591986
351 0.3336975292
352 0.3336452851
353 0.3336010812
354 0.3335637272
355 0.3335322012
356 0.3335056271
357 0.3334832553
358 0.3334644447
359 0.3334486483
360 0.3334353997
361 0.3334243018
362 0.3334150171
363 0.333407259
364 0.3334007847
365 0.3333953884
366 0.3333908963
367 0.3333871615
368 0.3333840602
369 0.3333814881
370 0.3333793577
371 0.3333775952
372 0.333376139
373 0.3333749373
374 0.3333739469
375 0.3333731316
376 0.3333724612
377 0.3333719108
378 0.3333714595
379 0.3333710897
380 0.3333707873
381 0.3333705401
382 0.3333703385
383 0.3333701741
384 0.3333700403
385 0.3333699315
386 0.3333698432
387 0.3333697715
388 0.3333697135
389 0.3333696666
390 0.3333696286
391 0.333369598
392 0.3333695734
393 0.3333695535
394 0.3333695375
395 0.3333695247
396 0.3333695144
397 0.3333695062
398 0.3333694996
399 0.3333694943
400 0.3333694901
401 0.3333694868
402 0.3333694841
403 0.333369482
404 0.3333694803
405 0.333369479
406 0.3333694779
407 0.3333694771
408 0.3333694764
409 0.3333694759
410 0.3333694755
411 0.3333694752
412 0.3333694749
413 0.3333694747
414 0.3333694745
415 0.3333694744
416 0.3333694743
417 0.3333694743
418 0.3333694742
419 0.3333694741
420 0.3333694741
421 0.3333694741
422 0.3333694741
423 0.333369474
424 0.333369474
425 0.333369474
426 0.333369474
427 0.333369474
428 0.333369474
429 0.333369474
430 0.333369474
431 0.333369474
432 0.333369474
433 0.333369474
434 0.333369474
435 0.333369474
436 0.333369474
437 0.333369474
438 0.333369474
439 0.333369474
440 0.333369474
441 0.333369474
442 0.333369474
443 0.333369474
444 0.333369474
445 0.333369474
446 0.333369474
447 0.333369474
448 0.333369474
449 0.333369474
450 0.333369474
451 0.333369474
452 0.333369474
453 0.333369474
454 0.333369474
455 0.333369474
456 0.333369474
457 0.333369474
458 0.333369474
459 0.333369474
460 0.333369474
461 0.333369474
462 0.333369474
463 0.333369474
464 0.333369474
465 0.333369474
466 0.333369474
467 0.333369474
468 0.333369474
469 0.333369474
470 0.333369474
471 0.333369474
472 0.333369474
473 0.333369474
474 0.333369474
475 0.333369474
476 0.333369474
477 0.333369474
478 0.333369474
479 0.333369474
480 0.333369474
481 0.333369474
482 0.333369474
483 0.333369474
484 0.333369474
485 0.333369474
486 0.333369474
487 0.333369474
488 0.333369474
489 0.333369474
490 0.333369474
491 0.333369474
492 0.333369474
493 0.333369474
494 0.333369474
495 0.333369474
496 0.333369474
497 0.333369474
498 0.333369474
499 0.333369474
500 0.333369474
501 0.333369474
502 0.333369474
503 0.333369474
504 0.333369474
505 0.333369474
506 0.333369474
507 0.333369474
508 0.333369474
509 0.333369474
510 0.333369474
511 0.333369474
512 0.333369474
513 0.333369474
514 0.333369474
515 0.333369474
516 0.333369474
517 0.333369474
518 0.333369474
519 0.333369474
520 0.333369474
521 0.333369474
522 0.333369474
523 0.333369474
524 0.333369474
525 0.333369474
526 0.333369474
527 0.333369474
528 0.333369474
529 0.333369474
530 0.333369474
531 0.333369474
532 0.333369474
533 0.333369474
534 0.333369474
535 0.333369474
536 0.333369474
537 0.333369474
538 0.333369474
539 0.333369474
540 0.333369474
541 0.333369474
542 0.333369474
543 0.333369474
544 0.333369474
545 0.333369474
546 0.333369474
547 0.333369474
548 0.333369474
549 0.333369474
550 0.333369474
551 0.333369474
552 0.333369474
553 0.333369474
554 0.333369474
555 0.333369474
556 0.333369474
557 0.333369474
558 0.333369474
559 0.333369474
560 0.333369474
561 0.333369474
562 0.333369474
563 0.333369474
564 0.333369474
565 0.333369474
566 0.333369474
567 0.333369474
568 0.333369474
569 0.333369474
570 0.333369474
571 0.333369474
572 0.333369474
573 0.333369474
574 0.333369474
575 0.333369474
576 0.333369474
577 0.333369474
578 0.333369474
579 0.333369474
580 0.333369474
581 0.333369474
582 0.333369474
583 0.333369474
584 0.333369474
585 0.333369474
586 0.333369474
587 0.333369474
588 0.333369474
589 0.333369474
590 0.333369474
591 0.333369474
592 0.333369474
593 0.333369474
594 0.333369474
595 0.333369474
596 0.333369474
597 0.333369474
598 0.333369474
599 0.333369474
600 0.333369474
601 0.333369474
602 0.333369474
603 0.333369474
604 0.333369474
605 0.333369474
606 0.333369474
607 0.333369474
608 0.333369474
609 0.333369474
610 0.333369474
611 0.333369474
612 0.333369474
613 0.333369474
614 0.333369474
615 0.333369474
616 0.333369474
617 0.333369474
618 0.333369474
619 0.333369474
620 0.333369474
621 0.333369474
622 0.333369474
623 0.333369474
624 0.333369474
625 0.333369474
626 0.333369474
627 0.333369474
628 0.333369474
629 0.333369474
630 0.333369474
631 0.333369474
632 0.333369474
633 0.333369474
634 0.333369474
635 0.333369474
636 0.333369474
637 0.333369474
638 0.333369474
639 0.333369474
640 0.333369474
641 0.333369474
642 0.333369474
643 0.333369474
644 0.333369474
645 0.333369474
646 0.333369474
647 0.333369474
648 0.333369474
649 0.333369474
650 0.333369474
651 0.333369474
652 0.333369474
653 0.333369474
654 0.333369474
655 0.333369474
656 0.333369474
657 0.333369474
658 0.333369474
659 0.333369474
660 0.333369474
661 0.333369474
662 0.333369474
663 0.333369474
664 0.333369474
665 0.333369474
666 0.333369474
667 0.333369474
668 0.333369474
669 0.333369474
670 0.333369474
671 0.333369474
672 0.333369474
673 0.333369474
674 0.333369474
675 0.333369474
676 0.333369474
677 0.333369474
678 0.333369474
679 0.333369474
680 0.333369474
681 0.333369474
682 0.333369474
683 0.333369474
684 0.333369474
685 0.333369474
686 0.333369474
687 0.333369474
688 0.333369474
689 0.333369474
690 0.333369474
691 0.333369474
692 0.333369474
693 0.333369474
694 0.333369474
695 0.333369474
696 0.333369474
697 0.333369474
698 0.333369474
699 0.333369474
700 0.333369474
701 0.333369474
702 0.333369474
703 0.333369474
704 0.333369474
705 0.333369474
706 0.333369474
707 0.333369474
708 0.333369474
709 0.333369474
710 0.333369474
711 0.333369474
712 0.333369474
713 0.333369474
714 0.333369474
715 0.333369474
716 0.333369474
717 0.333369474
718 0.333369474
719 0.333369474
720 0.333369474
721 0.333369474
722 0.333369474
723 0.333369474
724 0.333369474
725 0.333369474
726 0.333369474
727 0.333369474
728 0.333369474
729 0.333369474
730 0.333369474
731 0.333369474
732 0.333369474
733 0.333369474
734 0.333369474
735 0.333369474
736 0.333369474
737 0.333369474
738 0.333369474
739 0.333369474
740 0.333369474
741 0.333369474
742 0.333369474
743 0.333369474
744 0.333369474
745 0.333369474
746 0.333369474
747 0.333369474
748 0.333369474
749 0.333369474
750 0.333369474
751 0.333369474
752 0.333369474
753 0.333369474
754 0.333369474
755 0.333369474
756 0.333369474
757 0.333369474
758 0.333369474
759 0.333369474
760 0.333369474
761 0.333369474
762 0.333369474
763 0.333369474
764 0.333369474
765 0.333369474
766 0.333369474
767 0.333369474
768 0.333369474
769 0.333369474
770 0.333369474
771 0.333369474
772 0.333369474
773 0.333369474
774 0.333369474
775 0.333369474
776 0.333369474
777 0.333369474
778 0.333369474
779 0.333369474
780 0.333369474
781 0.333369474
782 0.333369474
783 0.333369474
784 0.333369474
785 0.333369474
786 0.333369474
787 0.333369474
788 0.333369474
789 0.333369474
790 0.333369474
791 0.333369474
792 0.333369474
793 0.333369474
794 0.333369474
795 0.333369474
796 0.333369474
797 0.333369474
798 0.333369474
799 0.333369474
800 0.333369474
801 0.333369474
802 0.333369474
803 0.333369474
804 0.333369474
805 0.333369474
806 0.333369474
807 0.333369474
808 0.333369474
809 0.333369474
810 0.333369474
811 0.333369474
812 0.333369474
813 0.333369474
814 0.333369474
815 0.333369474
816 0.333369474
817 0.333369474
818 0.333369474
819 0.333369474
820 0.333369474
821 0.333369474
822 0.333369474
823 0.333369474
824 0.333369474
825 0.333369474
826 0.333369474
827 0.333369474
828 0.333369474
829 0.333369474
830 0.333369474
831 0.333369474
832 0.333369474
833 0.333369474
834 0.333369474
835 0.333369474
836 0.333369474
837 0.333369474
838 0.333369474
839 0.333369474
840 0.333369474
841 0.333369474
842 0.333369474
843 0.333369474
844 0.333369474
845 0.333369474
846 0.333369474
847 0.333369474
848 0.333369474
849 0.333369474
850 0.333369474
851 0.333369474
852 0.333369474
853 0.333369474
854 0.333369474
855 0.333369474
856 0.333369474
857 0.333369474
858 0.333369474
859 0.333369474
860 0.333369474
861 0.333369474
862 0.333369474
863 0.333369474
864 0.333369474
865 0.333369474
866 0.333369474
867 0.333369474
868 0.333369474
869 0.333369474
870 0.333369474
871 0.333369474
872 0.333369474
873 0.333369474
874 0.333369474
875 0.333369474
876 0.333369474
877 0.333369474
878 0.333369474
879 0.333369474
880 0.333369474
881 0.333369474
882 0.333369474
883 0.333369474
884 0.333369474
885 0.333369474
886 0.333369474
887 0.333369474
888 0.333369474
889 0.333369474
890 0.333369474
891 0.333369474
892 0.333369474
893 0.333369474
894 0.333369474
895 0.333369474
896 0.333369474
897 0.333369474
898 0.333369474
899 0.333369474
900 0.333369474
901 0.333369474
902 0.333369474
903 0.333369474
904 0.333369474
905 0.3333694741
906 0.3333694741
907 0.3333694741
908 0.3333694741
909 0.3333694742
910 0.3333694742
911 0.3333694743
912 0.3333694744
913 0.3333694745
914 0.3333694746
915 0.3333694747
916 0.3333694749
917 0.3333694752
918 0.3333694755
919 0.3333694758
920 0.3333694763
921 0.3333694768
922 0.3333694775
923 0.3333694784
924 0.3333694794
925 0.3333694808
926 0.3333694824
927 0.3333694844
928 0.3333694868
929 0.3333694898
930 0.3333694936
931 0.3333694981
932 0.3333695037
933 0.3333695106
934 0.3333695189
935 0.3333695292
936 0.3333695417
937 0.3333695569
938 0.3333695755
939 0.3333695982
940 0.3333696257
941 0.3333696591
942 0.3333696997
943 0.3333697489
944 0.3333698085
945 0.3333698805
946 0.3333699676
947 0.3333700727
948 0.3333701994
949 0.3333703521
950 0.3333705358
951 0.3333707566
952 0.3333710218
953 0.3333713399
954 0.333371721
955 0.3333721773
956 0.3333727229
957 0.3333733746
958 0.3333741522
959 0.3333750791
960 0.3333761829
961 0.3333774957
962 0.3333790557
963 0.3333809074
964 0.3333831029
965 0.3333857035
966 0.3333887805
967 0.3333924174
968 0.3333967116
969 0.3334017764
970 0.3334077439
971 0.3334147675
972 0.3334230254
973 0.3334327241
974 0.333444103
975 0.333457439
976 0.3334730521
977 0.3334913119
978 0.3335126442
979 0.3335375395
980 0.3335665622
981 0.3336003606
982 0.3336396786
983 0.3336853689
984 0.3337384079
985 0.3337999118
986 0.3338711556
987 0.3339535938
988 0.3340488835
989 0.3341589107
990 0.3342858187
991 0.3344320413
992 0.3346003377
993 0.3347938329
994 0.3350160616
995 0.3352710173
996 0.3355632059
997 0.3358977054
998 0.3362802317
999 0.3367172103
1000 0.3372158556
1001 0.337784258
1002 0.3384314782
1003 0.3391676514
1004 0.3400041
1005 0.3409534569
1006 0.3420297992
1007 0.343248793
1008 0.3446278505
1009 0.3461862998
1010 0.3479455676
1011 0.3499293762
1012 0.3521639552
1013 0.3546782678
1014 0.3575042541
1015 0.3606770894
1016 0.3642354605
1017 0.3682218588
1018 0.3726828908
1019 0.3776696075
1020 0.3832378507
1021 0.3894486187
1022 0.3963684492
1023 0.4040698203
