#54175 2910.0020205815646774 0.0045697528821558620893 1 1285 16.000049430220818044 1024 7 1 J1713+0747 0.0000000 
0 -0.00527646969
1 -0.00527646969
2 -0.00527646969
3 -0.00527646969
4 -0.00527646969
5 -0.00527646969
6 -0.00527646969
7 -0.00527646969
8 -0.00527646969
9 -0.00527646969
10 -0.00527646969
11 -0.00527646969
12 -0.00527646969
13 -0.00527646969
14 -0.00527646969
15 -0.00527646969
16 -0.00527646969
17 -0.00527646969
18 -0.00527646969
19 -0.00527646969
20 -0.00527646969
21 -0.00527646969
22 -0.00527646969
23 -0.00527646969
24 -0.00527646969
25 -0.00527646969
26 -0.00527646969
27 -0.00527646969
28 -0.00527646969
29 -0.00527646969
30 -0.00527646969
31 -0.00527646969
32 -0.00527646969
33 -0.00527646969
34 -0.00527646969
35 -0.00527646969
36 -0.00527646969
37 -0.00527646969
38 -0.00527646969
39 -0.00527646969
40 -0.00527646969
41 -0.00527646969
42 -0.00527646969
43 -0.00527646969
44 -0.00527646969
45 -0.00527646969
46 -0.00527646969
47 -0.00527646969
48 -0.00527646969
49 -0.00527646969
50 -0.00527646969
51 -0.00527646969
52 -0.00527646969
53 -0.00527646969
54 -0.00527646969
55 -0.00527646969
56 -0.00527646969
57 -0.00527646969
58 -0.00527646969
59 -0.00527646969
60 -0.00527646969
61 -0.00527646969
62 -0.00527646969
63 -0.00527646969
64 -0.00527646969
65 -0.00527646969
66 -0.00527646969
67 -0.00527646969
68 -0.00527646969
69 -0.00527646969
70 -0.00527646969
71 -0.00527646969
72 -0.00527646969
73 -0.00527646969
74 -0.00527646969
75 -0.00527646969
76 -0.00527646969
77 -0.00527646969
78 -0.00527646969
79 -0.00527646969
80 -0.00527646969
81 -0.00527646969
82 -0.00527646969
83 -0.00527646969
84 -0.00527646969
85 -0.00527646969
86 -0.00527646969
87 -0.00527646969
88 -0.00527646969
89 -0.00527646969
90 -0.00527646969
91 -0.00527646969
92 -0.00527646969
93 -0.005276469689
94 -0.005276469689
95 -0.005276469689
96 -0.005276469688
97 -0.005276469688
98 -0.005276469687
99 -0.005276469686
100 -0.005276469685
101 -0.005276469683
102 -0.005276469681
103 -0.005276469679
104 -0.005276469676
105 -0.005276469672
106 -0.005276469667
107 -0.00527646966
108 -0.005276469652
109 -0.005276469642
110 -0.005276469629
111 -0.005276469612
112 -0.005276469592
113 -0.005276469566
114 -0.005276469533
115 -0.005276469492
116 -0.00527646944
117 -0.005276469375
118 -0.005276469294
119 -0.005276469193
120 -0.005276469066
121 -0.005276468907
122 -0.00527646871
123 -0.005276468464
124 -0.005276468158
125 -0.005276467778
126 -0.005276467305
127 -0.005276466719
128 -0.005276465992
129 -0.005276465092
130 -0.00527646398
131 -0.005276462606
132 -0.005276460909
133 -0.005276458818
134 -0.005276456243
135 -0.005276453074
136 -0.00527644918
137 -0.005276444399
138 -0.005276438535
139 -0.005276431351
140 -0.005276422559
141 -0.00527641181
142 -0.005276398683
143 -0.005276382666
144 -0.005276363146
145 -0.005276339381
146 -0.005276310478
147 -0.005276275363
148 -0.005276232746
149 -0.005276181077
150 -0.005276118501
151 -0.005276042794
152 -0.005275951296
153 -0.005275840831
154 -0.005275707607
155 -0.005275547103
156 -0.005275353937
157 -0.005275121705
158 -0.0052748428
159 -0.005274508196
160 -0.00527410719
161 -0.005273627111
162 -0.005273052971
163 -0.005272367065
164 -0.005271548496
165 -0.005270572637
166 -0.005269410489
167 -0.005268027949
168 -0.005266384956
169 -0.005264434504
170 -0.0052621215
171 -0.005259381447
172 -0.005256138929
173 -0.005252305857
174 -0.005247779465
175 -0.005242439996
176 -0.005236148059
177 -0.005228741597
178 -0.005220032416
179 -0.005209802227
180 -0.005197798127
181 -0.005183727449
182 -0.005167251911
183 -0.005147980955
184 -0.005125464207
185 -0.005099182917
186 -0.005068540287
187 -0.005032850537
188 -0.004991326564
189 -0.004943066051
190 -0.004887035822
191 -0.004822054277
192 -0.004746771678
193 -0.004659648075
194 -0.004558928595
195 -0.004442615862
196 -0.00430843922
197 -0.004153820463
198 -0.003975835733
199 -0.003771173202
200 -0.003536086173
201 -0.003266341161
202 -0.002957160512
203 -0.002603159101
204 -0.002198274581
205 -0.00173569068
206 -0.001207752973
207 -0.0006058765449
208 7.955505664e-05
209 0.0008593002204
210 0.001745379678
211 0.002751207592
212 0.003891734028
213 0.005183599503
214 0.006645302342
215 0.008297379561
216 0.01016260199
217 0.01226618433
218 0.01463601093
219 0.01730287778
220 0.02030075159
221 0.02366704635
222 0.02744291801
223 0.03167357781
224 0.0364086245
225 0.04170239599
226 0.04761434038
227 0.05420940666
228 0.06155845491
229 0.06973868582
230 0.07883408915
231 0.08893591054
232 0.1001431359
233 0.1125629922
234 0.1263114641
235 0.1415138234
236 0.1583051714
237 0.1768309904
238 0.1972477029
239 0.2197232356
240 0.2444375841
241 0.2715833769
242 0.3013664321
243 0.3340063052
244 0.3697368213
245 0.4088065883
246 0.4514794842
247 0.4980351139
248 0.5487692291
249 0.6039941039
250 0.6640388601
251 0.7292497358
252 0.799990287
253 0.8766415181
254 0.9596019304
255 1.049287483
256 1.146131454
257 1.2505842
258 1.363112799
259 1.484200576
260 1.614346488
261 1.754064388
262 1.903882131
263 2.064340533
264 2.235992171
265 2.419400023
266 2.615135932
267 2.823778899
268 3.045913208
269 3.282126354
270 3.533006812
271 3.799141611
272 4.081113733
273 4.379499346
274 4.694864852
275 5.027763777
276 5.378733511
277 5.748291886
278 6.136933629
279 6.545126687
280 6.973308446
281 7.421881854
282 7.891211479
283 8.381619502
284 8.893381694
285 9.426723372
286 9.981815379
287 10.55877011
288 11.15763762
289 11.77840178
290 12.42097667
291 13.08520301
292 13.7708449
293 14.47758668
294 15.20503012
295 15.95269188
296 16.7200013
297 17.50629848
298 18.31083282
299 19.13276195
300 19.97115103
301 20.8249726
302 21.69310685
303 22.57434241
304 23.4673777
305 24.37082272
306 25.28320146
307 26.20295487
308 27.12844435
309 28.05795578
310 28.98970419
311 29.92183888
312 30.85244915
313 31.77957049
314 32.70119132
315 33.61526022
316 34.51969351
317 35.41238338
318 36.29120632
319 37.15403192
320 37.99873194
321 38.82318973
322 39.62530974
323 40.40302725
324 41.15431825
325 41.87720928
326 42.56978733
327 43.23020966
328 43.85671356
329 44.44762581
330 45.00137207
331 45.51648589
332 45.99161738
333 46.42554158
334 46.81716629
335 47.16553947
336 47.4698561
337 47.72946447
338 47.94387184
339 48.11274951
340 48.23593712
341 48.31344638
342 48.34546393
343 48.33235358
344 48.27465769
345 48.17309792
346 48.02857506
347 47.84216817
348 47.61513296
349 47.34889937
350 47.04506841
351 46.70540828
352 46.33184975
353 45.92648085
354 45.49154086
355 45.0294137
356 44.54262063
357 44.03381238
358 43.50576074
359 42.96134956
360 42.40356528
361 41.83548698
362 41.260276
363 40.68116512
364 40.10144741
365 39.52446467
366 38.95359568
367 38.39224404
368 37.84382584
369 37.31175711
370 36.79944105
371 36.31025519
372 35.8475383
373 35.41457736
374 35.01459436
375 34.65073312
376 34.32604616
377 34.04348151
378 33.80586973
379 33.61591094
380 33.47616208
381 33.38902435
382 33.35673088
383 33.38133472
384 33.46469716
385 33.60847645
386 33.81411694
387 34.08283877
388 34.41562812
389 34.81322806
390 35.2761301
391 35.80456652
392 36.39850351
393 37.05763518
394 37.78137856
395 38.56886962
396 39.41896036
397 40.33021705
398 41.30091973
399 42.32906291
400 43.41235767
401 44.54823503
402 45.73385085
403 46.96609203
404 48.24158433
405 49.55670151
406 50.90757611
407 52.29011158
408 53.69999599
409 55.1327171
410 56.58357885
411 58.04771924
412 59.52012943
413 60.99567413
414 62.46911303
415 63.93512331
416 65.38832304
417 66.82329538
418 68.2346134
419 69.61686542
420 70.96468078
421 72.27275568
422 73.53587918
423 74.74895897
424 75.90704691
425 77.005364
426 78.03932482
427 79.00456099
428 79.89694372
429 80.71260521
430 81.44795865
431 82.0997168
432 82.66490896
433 83.14089614
434 83.52538442
435 83.81643631
436 84.0124801
437 84.11231703
438 84.11512631
439 84.02046793
440 83.82828319
441 83.53889304
442 83.15299415
443 82.67165281
444 82.09629672
445 81.42870464
446 80.67099417
447 79.82560749
448 78.89529551
449 77.88310027
450 76.79233589
451 75.62656817
452 74.38959306
453 73.08541401
454 71.71821864
455 70.29235464
456 68.81230525
457 67.28266445
458 65.70811204
459 64.09338876
460 62.44327174
461 60.76255028
462 59.05600221
463 57.32837106
464 55.58434399
465 53.82853077
466 52.0654439
467 50.29947992
468 48.53490201
469 46.77582405
470 45.0261961
471 43.28979137
472 41.5701948
473 39.8707931
474 38.19476651
475 36.545082
476 34.92448808
477 33.33551114
478 31.78045328
479 30.2613915
480 28.78017837
481 27.3384439
482 25.93759872
483 24.57883832
484 23.26314843
485 21.99131128
486 20.7639128
487 19.58135051
488 18.44384217
489 17.35143494
490 16.30401502
491 15.3013177
492 14.34293768
493 13.42833955
494 12.55686848
495 11.7277608
496 10.94015466
497 10.19310048
498 9.485571269
499 8.816472685
500 8.18465278
501 7.588911415
502 7.028009286
503 6.500676528
504 6.005620855
505 5.541535246
506 5.107105115
507 4.701014993
508 4.321954687
509 3.968624922
510 3.63974248
511 3.334044815
512 3.050294184
513 2.787281279
514 2.543828393
515 2.318792141
516 2.111065732
517 1.919580846
518 1.743309112
519 1.581263233
520 1.432497763
521 1.296109577
522 1.171238058
523 1.057065012
524 0.9528143578
525 0.8577515998
526 0.7711831157
527 0.6924552798
528 0.6209534456
529 0.5561008071
530 0.4973571603
531 0.444217583
532 0.3962110508
533 0.3528990045
534 0.313873885
535 0.2787576488
536 0.2472002757
537 0.2188782811
538 0.1934932405
539 0.1707703376
540 0.1504569406
541 0.132321215
542 0.1161507777
543 0.1017513961
544 0.08894573725
545 0.0775721678
546 0.06748360895
547 0.05854644594
548 0.05063949368
549 0.04365301863
550 0.03748781652
551 0.03205434533
552 0.02727191248
553 0.02306791493
554 0.01937713051
555 0.01614105894
556 0.01330731024
557 0.01082903884
558 0.008664420976
559 0.006776173246
560 0.005131110135
561 0.003699738173
562 0.002455884548
563 0.00137635797
564 0.000440639608
565 -0.0003693979515
566 -0.001069745782
567 -0.001674489644
568 -0.002196018826
569 -0.002645214563
570 -0.003031619709
571 -0.003363591227
572 -0.003648436996
573 -0.00389253831
574 -0.004101459367
575 -0.004280044961
576 -0.004432507475
577 -0.004562504235
578 -0.00467320614
579 -0.004767358478
580 -0.004847334698
581 -0.004915183896
582 -0.004972672654
583 -0.005021321866
584 -0.005062439076
585 -0.005097146847
586 -0.005126407589
587 -0.005151045264
588 -0.005171764331
589 -0.005189166244
590 -0.005203763807
591 -0.00521599364
592 -0.005226226991
593 -0.005234779085
594 -0.005241917217
595 -0.005247867733
596 -0.005252822036
597 -0.005256941767
598 -0.005260363243
599 -0.005263201273
600 -0.005265552416
601 -0.005267497779
602 -0.005269105391
603 -0.00527043224
604 -0.005271525999
605 -0.005272426493
606 -0.005273166952
607 -0.005273775061
608 -0.005274273856
609 -0.005274682479
610 -0.005275016817
611 -0.005275290034
612 -0.005275513028
613 -0.005275694804
614 -0.005275842798
615 -0.00527596314
616 -0.005276060873
617 -0.005276140148
618 -0.005276204371
619 -0.005276256336
620 -0.00527629833
621 -0.005276332224
622 -0.005276359548
623 -0.005276381547
624 -0.005276399237
625 -0.005276413445
626 -0.005276424841
627 -0.005276433972
628 -0.005276441278
629 -0.005276447117
630 -0.005276451778
631 -0.005276455493
632 -0.005276458452
633 -0.005276460804
634 -0.005276462673
635 -0.005276464155
636 -0.00527646533
637 -0.005276466259
638 -0.005276466994
639 -0.005276467574
640 -0.005276468031
641 -0.005276468391
642 -0.005276468674
643 -0.005276468896
644 -0.005276469071
645 -0.005276469208
646 -0.005276469315
647 -0.005276469398
648 -0.005276469464
649 -0.005276469515
650 -0.005276469554
651 -0.005276469585
652 -0.005276469609
653 -0.005276469628
654 -0.005276469642
655 -0.005276469653
656 -0.005276469662
657 -0.005276469668
658 -0.005276469674
659 -0.005276469677
660 -0.005276469681
661 -0.005276469683
662 -0.005276469685
663 -0.005276469686
664 -0.005276469687
665 -0.005276469688
666 -0.005276469688
667 -0.005276469689
668 -0.005276469689
669 -0.00527646969
670 -0.00527646969
671 -0.00527646969
672 -0.00527646969
673 -0.00527646969
674 -0.00527646969
675 -0.00527646969
676 -0.00527646969
677 -0.00527646969
678 -0.00527646969
679 -0.00527646969
680 -0.00527646969
681 -0.00527646969
682 -0.00527646969
683 -0.00527646969
684 -0.00527646969
685 -0.00527646969
686 -0.00527646969
687 -0.00527646969
688 -0.00527646969
689 -0.00527646969
690 -0.00527646969
691 -0.00527646969
692 -0.00527646969
693 -0.00527646969
694 -0.00527646969
695 -0.00527646969
696 -0.00527646969
697 -0.00527646969
698 -0.00527646969
699 -0.00527646969
700 -0.00527646969
701 -0.00527646969
702 -0.00527646969
703 -0.00527646969
704 -0.00527646969
705 -0.00527646969
706 -0.00527646969
707 -0.00527646969
708 -0.00527646969
709 -0.00527646969
710 -0.00527646969
711 -0.00527646969
712 -0.00527646969
713 -0.00527646969
714 -0.00527646969
715 -0.00527646969
716 -0.00527646969
717 -0.00527646969
718 -0.00527646969
719 -0.00527646969
720 -0.00527646969
721 -0.00527646969
722 -0.00527646969
723 -0.00527646969
724 -0.00527646969
725 -0.00527646969
726 -0.00527646969
727 -0.00527646969
728 -0.00527646969
729 -0.00527646969
730 -0.00527646969
731 -0.00527646969
732 -0.00527646969
733 -0.00527646969
734 -0.00527646969
735 -0.00527646969
736 -0.00527646969
737 -0.00527646969
738 -0.00527646969
739 -0.00527646969
740 -0.00527646969
741 -0.00527646969
742 -0.00527646969
743 -0.00527646969
744 -0.00527646969
745 -0.00527646969
746 -0.00527646969
747 -0.00527646969
748 -0.00527646969
749 -0.00527646969
750 -0.00527646969
751 -0.00527646969
752 -0.00527646969
753 -0.00527646969
754 -0.00527646969
755 -0.00527646969
756 -0.00527646969
757 -0.00527646969
758 -0.00527646969
759 -0.00527646969
760 -0.00527646969
761 -0.00527646969
762 -0.00527646969
763 -0.00527646969
764 -0.00527646969
765 -0.00527646969
766 -0.00527646969
767 -0.00527646969
768 -0.00527646969
769 -0.00527646969
770 -0.00527646969
771 -0.00527646969
772 -0.00527646969
773 -0.00527646969
774 -0.00527646969
775 -0.00527646969
776 -0.00527646969
777 -0.00527646969
778 -0.00527646969
779 -0.00527646969
780 -0.00527646969
781 -0.00527646969
782 -0.00527646969
783 -0.00527646969
784 -0.00527646969
785 -0.00527646969
786 -0.00527646969
787 -0.00527646969
788 -0.00527646969
789 -0.00527646969
790 -0.00527646969
791 -0.00527646969
792 -0.00527646969
793 -0.00527646969
794 -0.00527646969
795 -0.00527646969
796 -0.00527646969
797 -0.00527646969
798 -0.00527646969
799 -0.00527646969
800 -0.00527646969
801 -0.00527646969
802 -0.00527646969
803 -0.00527646969
804 -0.00527646969
805 -0.00527646969
806 -0.00527646969
807 -0.00527646969
808 -0.00527646969
809 -0.00527646969
810 -0.00527646969
811 -0.00527646969
812 -0.00527646969
813 -0.00527646969
814 -0.00527646969
815 -0.00527646969
816 -0.00527646969
817 -0.00527646969
818 -0.00527646969
819 -0.00527646969
820 -0.00527646969
821 -0.00527646969
822 -0.00527646969
823 -0.00527646969
824 -0.00527646969
825 -0.00527646969
826 -0.00527646969
827 -0.00527646969
828 -0.00527646969
829 -0.00527646969
830 -0.00527646969
831 -0.00527646969
832 -0.00527646969
833 -0.00527646969
834 -0.00527646969
835 -0.00527646969
836 -0.00527646969
837 -0.00527646969
838 -0.00527646969
839 -0.00527646969
840 -0.00527646969
841 -0.00527646969
842 -0.00527646969
843 -0.00527646969
844 -0.00527646969
845 -0.00527646969
846 -0.00527646969
847 -0.00527646969
848 -0.00527646969
849 -0.00527646969
850 -0.00527646969
851 -0.00527646969
852 -0.00527646969
853 -0.00527646969
854 -0.00527646969
855 -0.00527646969
856 -0.00527646969
857 -0.00527646969
858 -0.00527646969
859 -0.00527646969
860 -0.00527646969
861 -0.00527646969
862 -0.00527646969
863 -0.00527646969
864 -0.00527646969
865 -0.00527646969
866 -0.00527646969
867 -0.00527646969
868 -0.00527646969
869 -0.00527646969
870 -0.00527646969
871 -0.00527646969
872 -0.00527646969
873 -0.00527646969
874 -0.00527646969
875 -0.00527646969
876 -0.00527646969
877 -0.00527646969
878 -0.00527646969
879 -0.00527646969
880 -0.00527646969
881 -0.00527646969
882 -0.00527646969
883 -0.00527646969
884 -0.00527646969
885 -0.00527646969
886 -0.00527646969
887 -0.00527646969
888 -0.00527646969
889 -0.00527646969
890 -0.00527646969
891 -0.00527646969
892 -0.00527646969
893 -0.00527646969
894 -0.00527646969
895 -0.00527646969
896 -0.00527646969
897 -0.00527646969
898 -0.00527646969
899 -0.00527646969
900 -0.00527646969
901 -0.00527646969
902 -0.00527646969
903 -0.00527646969
904 -0.00527646969
905 -0.00527646969
906 -0.00527646969
907 -0.00527646969
908 -0.00527646969
909 -0.00527646969
910 -0.00527646969
911 -0.00527646969
912 -0.00527646969
913 -0.00527646969
914 -0.00527646969
915 -0.00527646969
916 -0.00527646969
917 -0.00527646969
918 -0.00527646969
919 -0.00527646969
920 -0.00527646969
921 -0.00527646969
922 -0.00527646969
923 -0.00527646969
924 -0.00527646969
925 -0.00527646969
926 -0.00527646969
927 -0.00527646969
928 -0.00527646969
929 -0.00527646969
930 -0.00527646969
931 -0.00527646969
932 -0.00527646969
933 -0.00527646969
934 -0.00527646969
935 -0.00527646969
936 -0.00527646969
937 -0.00527646969
938 -0.00527646969
939 -0.00527646969
940 -0.00527646969
941 -0.00527646969
942 -0.00527646969
943 -0.00527646969
944 -0.00527646969
945 -0.00527646969
946 -0.00527646969
947 -0.00527646969
948 -0.00527646969
949 -0.00527646969
950 -0.00527646969
951 -0.00527646969
952 -0.00527646969
953 -0.00527646969
954 -0.00527646969
955 -0.00527646969
956 -0.00527646969
957 -0.00527646969
958 -0.00527646969
959 -0.00527646969
960 -0.00527646969
961 -0.00527646969
962 -0.00527646969
963 -0.00527646969
964 -0.00527646969
965 -0.00527646969
966 -0.00527646969
967 -0.00527646969
968 -0.00527646969
969 -0.00527646969
970 -0.00527646969
971 -0.00527646969
972 -0.00527646969
973 -0.00527646969
974 -0.00527646969
975 -0.00527646969
976 -0.00527646969
977 -0.00527646969
978 -0.00527646969
979 -0.00527646969
980 -0.00527646969
981 -0.00527646969
982 -0.00527646969
983 -0.00527646969
984 -0.00527646969
985 -0.00527646969
986 -0.00527646969
987 -0.00527646969
988 -0.00527646969
989 -0.00527646969
990 -0.00527646969
991 -0.00527646969
992 -0.00527646969
993 -0.00527646969
994 -0.00527646969
995 -0.00527646969
996 -0.00527646969
997 -0.00527646969
998 -0.00527646969
999 -0.00527646969
1000 -0.00527646969
1001 -0.00527646969
1002 -0.00527646969
1003 -0.00527646969
1004 -0.00527646969
1005 -0.00527646969
1006 -0.00527646969
1007 -0.00527646969
1008 -0.00527646969
1009 -0.00527646969
1010 -0.00527646969
1011 -0.00527646969
1012 -0.00527646969
1013 -0.00527646969
1014 -0.00527646969
1015 -0.00527646969
1016 -0.00527646969
1017 -0.00527646969
1018 -0.00527646969
1019 -0.00527646969
1020 -0.00527646969
1021 -0.00527646969
1022 -0.00527646969
1023 -0.00527646969
