#54307 2910.0026494504519678 0.0045704116743918894727 1 1413 16.000049430220818044 1024 7 1 J1713+0747 0.0000000 
0 27.91503363
1 26.55780611
2 25.23705503
3 23.95405147
4 22.70986933
5 21.50539033
6 20.34130989
7 19.21814388
8 18.13623593
9 17.09576545
10 16.09675614
11 15.13908487
12 14.22249098
13 13.34658581
14 12.51086233
15 11.71470495
16 10.95739933
17 10.23814207
18 9.556050377
19 8.910171494
20 8.299491904
21 7.722946275
22 7.179426062
23 6.667787757
24 6.186860744
25 5.73545474
26 5.312366786
27 4.916387795
28 4.546308626
29 4.200925685
30 3.879046061
31 3.579492174
32 3.301105973
33 3.042752665
34 2.803324003
35 2.581741143
36 2.376957087
37 2.187958726
38 2.013768521
39 1.853445811
40 1.706087809
41 1.570830281
42 1.446847937
43 1.333354574
44 1.229602967
45 1.134884558
46 1.048528948
47 0.9699032224
48 0.8984111236
49 0.8334921035
50 0.7746202622
51 0.7213031988
52 0.6730807896
53 0.6295239079
54 0.5902331035
55 0.5548372522
56 0.5229921889
57 0.4943793365
58 0.468704338
59 0.4456957033
60 0.4251034767
61 0.4066979321
62 0.3902683023
63 0.3756215466
64 0.3625811606
65 0.3509860321
66 0.3406893443
67 0.3315575291
68 0.3234692716
69 0.3163145654
70 0.3099938203
71 0.3044170205
72 0.2995029346
73 0.295178374
74 0.291377501
75 0.2880411829
76 0.2851163918
77 0.2825556483
78 0.2803165059
79 0.2783610761
80 0.27665559
81 0.2751699962
82 0.2738775921
83 0.2727546857
84 0.2717802884
85 0.2709358336
86 0.2702049218
87 0.2695730889
88 0.2690275965
89 0.2685572429
90 0.2681521913
91 0.2678038167
92 0.2675045673
93 0.2672478405
94 0.267027872
95 0.2668396364
96 0.2666787591
97 0.2665414369
98 0.2664243686
99 0.2663246925
100 0.2662399314
101 0.2661679442
102 0.2661068825
103 0.2660551532
104 0.2660113851
105 0.2659743992
106 0.2659431838
107 0.2659168717
108 0.2658947203
109 0.2658760951
110 0.2658604544
111 0.2658473363
112 0.2658363478
113 0.2658271546
114 0.265819473
115 0.2658130625
116 0.2658077194
117 0.2658032715
118 0.2657995735
119 0.2657965028
120 0.2657939561
121 0.2657918467
122 0.2657901016
123 0.2657886597
124 0.2657874698
125 0.2657864892
126 0.2657856819
127 0.2657850182
128 0.2657844732
129 0.2657840263
130 0.2657836602
131 0.2657833607
132 0.265783116
133 0.2657829163
134 0.2657827536
135 0.2657826211
136 0.2657825134
137 0.2657824259
138 0.265782355
139 0.2657822975
140 0.2657822511
141 0.2657822135
142 0.2657821832
143 0.2657821588
144 0.2657821391
145 0.2657821233
146 0.2657821106
147 0.2657821004
148 0.2657820923
149 0.2657820857
150 0.2657820805
151 0.2657820764
152 0.265782073
153 0.2657820704
154 0.2657820683
155 0.2657820666
156 0.2657820653
157 0.2657820643
158 0.2657820634
159 0.2657820628
160 0.2657820623
161 0.2657820619
162 0.2657820615
163 0.2657820613
164 0.2657820611
165 0.2657820609
166 0.2657820608
167 0.2657820607
168 0.2657820606
169 0.2657820606
170 0.2657820605
171 0.2657820605
172 0.2657820605
173 0.2657820604
174 0.2657820604
175 0.2657820604
176 0.2657820604
177 0.2657820604
178 0.2657820604
179 0.2657820604
180 0.2657820604
181 0.2657820604
182 0.2657820604
183 0.2657820604
184 0.2657820604
185 0.2657820604
186 0.2657820604
187 0.2657820604
188 0.2657820604
189 0.2657820604
190 0.2657820604
191 0.2657820604
192 0.2657820604
193 0.2657820604
194 0.2657820604
195 0.2657820604
196 0.2657820604
197 0.2657820604
198 0.2657820604
199 0.2657820604
200 0.2657820604
201 0.2657820604
202 0.2657820604
203 0.2657820604
204 0.2657820604
205 0.2657820604
206 0.2657820604
207 0.2657820604
208 0.2657820604
209 0.2657820604
210 0.2657820604
211 0.2657820604
212 0.2657820604
213 0.2657820604
214 0.2657820604
215 0.2657820604
216 0.2657820604
217 0.2657820604
218 0.2657820604
219 0.2657820604
220 0.2657820604
221 0.2657820604
222 0.2657820604
223 0.2657820604
224 0.2657820604
225 0.2657820604
226 0.2657820604
227 0.2657820604
228 0.2657820604
229 0.2657820604
230 0.2657820604
231 0.2657820604
232 0.2657820604
233 0.2657820604
234 0.2657820604
235 0.2657820604
236 0.2657820604
237 0.2657820604
238 0.2657820604
239 0.2657820604
240 0.2657820604
241 0.2657820604
242 0.2657820604
243 0.2657820604
244 0.2657820604
245 0.2657820604
246 0.2657820604
247 0.2657820604
248 0.2657820604
249 0.2657820604
250 0.2657820604
251 0.2657820604
252 0.2657820604
253 0.2657820604
254 0.2657820604
255 0.2657820604
256 0.2657820604
257 0.2657820604
258 0.2657820604
259 0.2657820604
260 0.2657820604
261 0.2657820604
262 0.2657820604
263 0.2657820604
264 0.2657820604
265 0.2657820604
266 0.2657820604
267 0.2657820604
268 0.2657820604
269 0.2657820604
270 0.2657820604
271 0.2657820604
272 0.2657820604
273 0.2657820604
274 0.2657820604
275 0.2657820604
276 0.2657820604
277 0.2657820604
278 0.2657820604
279 0.2657820604
280 0.2657820604
281 0.2657820604
282 0.2657820604
283 0.2657820604
284 0.2657820604
285 0.2657820604
286 0.2657820604
287 0.2657820604
288 0.2657820604
289 0.2657820604
290 0.2657820604
291 0.2657820604
292 0.2657820604
293 0.2657820604
294 0.2657820604
295 0.2657820604
296 0.2657820604
297 0.2657820604
298 0.2657820604
299 0.2657820604
300 0.2657820604
301 0.2657820604
302 0.2657820604
303 0.2657820604
304 0.2657820604
305 0.2657820604
306 0.2657820604
307 0.2657820604
308 0.2657820604
309 0.2657820604
310 0.2657820604
311 0.2657820604
312 0.2657820604
313 0.2657820604
314 0.2657820604
315 0.2657820604
316 0.2657820604
317 0.2657820604
318 0.2657820604
319 0.2657820604
320 0.2657820604
321 0.2657820604
322 0.2657820604
323 0.2657820604
324 0.2657820604
325 0.2657820604
326 0.2657820604
327 0.2657820604
328 0.2657820604
329 0.2657820604
330 0.2657820604
331 0.2657820604
332 0.2657820604
333 0.2657820604
334 0.2657820604
335 0.2657820604
336 0.2657820604
337 0.2657820604
338 0.2657820604
339 0.2657820604
340 0.2657820604
341 0.2657820604
342 0.2657820604
343 0.2657820604
344 0.2657820604
345 0.2657820604
346 0.2657820604
347 0.2657820604
348 0.2657820604
349 0.2657820604
350 0.2657820604
351 0.2657820604
352 0.2657820604
353 0.2657820604
354 0.2657820604
355 0.2657820604
356 0.2657820604
357 0.2657820604
358 0.2657820604
359 0.2657820604
360 0.2657820604
361 0.2657820604
362 0.2657820604
363 0.2657820604
364 0.2657820604
365 0.2657820604
366 0.2657820604
367 0.2657820604
368 0.2657820604
369 0.2657820604
370 0.2657820604
371 0.2657820604
372 0.2657820604
373 0.2657820604
374 0.2657820604
375 0.2657820604
376 0.2657820604
377 0.2657820604
378 0.2657820604
379 0.2657820604
380 0.2657820604
381 0.2657820604
382 0.2657820604
383 0.2657820604
384 0.2657820604
385 0.2657820604
386 0.2657820604
387 0.2657820604
388 0.2657820604
389 0.2657820604
390 0.2657820604
391 0.2657820604
392 0.2657820604
393 0.2657820604
394 0.2657820604
395 0.2657820604
396 0.2657820604
397 0.2657820604
398 0.2657820604
399 0.2657820604
400 0.2657820604
401 0.2657820604
402 0.2657820604
403 0.2657820604
404 0.2657820604
405 0.2657820604
406 0.2657820604
407 0.2657820604
408 0.2657820604
409 0.2657820604
410 0.2657820604
411 0.2657820604
412 0.2657820604
413 0.2657820604
414 0.2657820604
415 0.2657820604
416 0.2657820604
417 0.2657820604
418 0.2657820604
419 0.2657820604
420 0.2657820604
421 0.2657820604
422 0.2657820604
423 0.2657820604
424 0.2657820604
425 0.2657820604
426 0.2657820604
427 0.2657820604
428 0.2657820604
429 0.2657820604
430 0.2657820604
431 0.2657820604
432 0.2657820604
433 0.2657820604
434 0.2657820604
435 0.2657820604
436 0.2657820604
437 0.2657820604
438 0.2657820604
439 0.2657820604
440 0.2657820604
441 0.2657820604
442 0.2657820604
443 0.2657820604
444 0.2657820604
445 0.2657820604
446 0.2657820604
447 0.2657820604
448 0.2657820604
449 0.2657820604
450 0.2657820604
451 0.2657820604
452 0.2657820604
453 0.2657820604
454 0.2657820604
455 0.2657820604
456 0.2657820604
457 0.2657820604
458 0.2657820604
459 0.2657820604
460 0.2657820604
461 0.2657820604
462 0.2657820604
463 0.2657820604
464 0.2657820604
465 0.2657820604
466 0.2657820604
467 0.2657820604
468 0.2657820604
469 0.2657820604
470 0.2657820604
471 0.2657820604
472 0.2657820604
473 0.2657820604
474 0.2657820604
475 0.2657820604
476 0.2657820604
477 0.2657820604
478 0.2657820604
479 0.2657820604
480 0.2657820604
481 0.2657820604
482 0.2657820604
483 0.2657820604
484 0.2657820604
485 0.2657820604
486 0.2657820604
487 0.2657820604
488 0.2657820604
489 0.2657820604
490 0.2657820604
491 0.2657820604
492 0.2657820604
493 0.2657820604
494 0.2657820604
495 0.2657820604
496 0.2657820604
497 0.2657820604
498 0.2657820604
499 0.2657820604
500 0.2657820604
501 0.2657820604
502 0.2657820604
503 0.2657820604
504 0.2657820604
505 0.2657820604
506 0.2657820604
507 0.2657820604
508 0.2657820604
509 0.2657820604
510 0.2657820604
511 0.2657820604
512 0.2657820604
513 0.2657820604
514 0.2657820604
515 0.2657820604
516 0.2657820604
517 0.2657820604
518 0.2657820604
519 0.2657820604
520 0.2657820604
521 0.2657820604
522 0.2657820604
523 0.2657820604
524 0.2657820604
525 0.2657820604
526 0.2657820604
527 0.2657820604
528 0.2657820604
529 0.2657820604
530 0.2657820604
531 0.2657820604
532 0.2657820604
533 0.2657820604
534 0.2657820604
535 0.2657820604
536 0.2657820604
537 0.2657820604
538 0.2657820604
539 0.2657820604
540 0.2657820604
541 0.2657820604
542 0.2657820604
543 0.2657820604
544 0.2657820604
545 0.2657820604
546 0.2657820604
547 0.2657820604
548 0.2657820604
549 0.2657820604
550 0.2657820604
551 0.2657820604
552 0.2657820604
553 0.2657820604
554 0.2657820604
555 0.2657820604
556 0.2657820604
557 0.2657820604
558 0.2657820604
559 0.2657820604
560 0.2657820604
561 0.2657820604
562 0.2657820604
563 0.2657820604
564 0.2657820604
565 0.2657820604
566 0.2657820604
567 0.2657820604
568 0.2657820604
569 0.2657820604
570 0.2657820604
571 0.2657820604
572 0.2657820604
573 0.2657820604
574 0.2657820604
575 0.2657820604
576 0.2657820604
577 0.2657820604
578 0.2657820604
579 0.2657820604
580 0.2657820604
581 0.2657820604
582 0.2657820604
583 0.2657820604
584 0.2657820604
585 0.2657820604
586 0.2657820604
587 0.2657820604
588 0.2657820604
589 0.2657820604
590 0.2657820604
591 0.2657820604
592 0.2657820604
593 0.2657820604
594 0.2657820604
595 0.2657820604
596 0.2657820604
597 0.2657820604
598 0.2657820604
599 0.2657820604
600 0.2657820604
601 0.2657820604
602 0.2657820604
603 0.2657820604
604 0.2657820604
605 0.2657820604
606 0.2657820604
607 0.2657820604
608 0.2657820604
609 0.2657820604
610 0.2657820604
611 0.2657820604
612 0.2657820604
613 0.2657820604
614 0.2657820604
615 0.2657820604
616 0.2657820604
617 0.2657820604
618 0.2657820604
619 0.2657820604
620 0.2657820604
621 0.2657820604
622 0.2657820604
623 0.2657820604
624 0.2657820604
625 0.2657820604
626 0.2657820604
627 0.2657820604
628 0.2657820604
629 0.2657820604
630 0.2657820604
631 0.2657820604
632 0.2657820604
633 0.2657820604
634 0.2657820604
635 0.2657820604
636 0.2657820604
637 0.2657820604
638 0.2657820604
639 0.2657820604
640 0.2657820604
641 0.2657820604
642 0.2657820604
643 0.2657820604
644 0.2657820604
645 0.2657820604
646 0.2657820604
647 0.2657820604
648 0.2657820604
649 0.2657820604
650 0.2657820604
651 0.2657820604
652 0.2657820604
653 0.2657820604
654 0.2657820604
655 0.2657820604
656 0.2657820604
657 0.2657820605
658 0.2657820605
659 0.2657820605
660 0.2657820606
661 0.2657820606
662 0.2657820607
663 0.2657820607
664 0.2657820608
665 0.265782061
666 0.2657820611
667 0.2657820613
668 0.2657820615
669 0.2657820618
670 0.2657820622
671 0.2657820626
672 0.2657820632
673 0.2657820639
674 0.2657820647
675 0.2657820658
676 0.2657820671
677 0.2657820687
678 0.2657820706
679 0.2657820731
680 0.2657820761
681 0.2657820798
682 0.2657820843
683 0.2657820898
684 0.2657820966
685 0.2657821049
686 0.265782115
687 0.2657821274
688 0.2657821425
689 0.2657821609
690 0.2657821833
691 0.2657822106
692 0.2657822437
693 0.2657822839
694 0.2657823326
695 0.2657823915
696 0.2657824629
697 0.2657825491
698 0.2657826532
699 0.2657827786
700 0.2657829298
701 0.2657831117
702 0.2657833304
703 0.2657835929
704 0.2657839079
705 0.2657842853
706 0.265784737
707 0.2657852772
708 0.2657859225
709 0.2657866925
710 0.2657876103
711 0.2657887031
712 0.2657900031
713 0.2657915477
714 0.2657933811
715 0.265795555
716 0.2657981299
717 0.2658011766
718 0.2658047777
719 0.2658090295
720 0.2658140445
721 0.2658199532
722 0.2658269075
723 0.265835084
724 0.2658446871
725 0.2658559539
726 0.2658691584
727 0.2658846177
728 0.2659026975
729 0.2659238196
730 0.2659484696
731 0.2659772063
732 0.2660106715
733 0.266049602
734 0.2660948421
735 0.2661473583
736 0.2662082561
737 0.2662787978
738 0.2663604235
739 0.2664547741
740 0.2665637169
741 0.2666893743
742 0.2668341558
743 0.2670007936
744 0.2671923818
745 0.2674124204
746 0.2676648634
747 0.2679541724
748 0.2682853754
749 0.2686641317
750 0.2690968037
751 0.2695905348
752 0.2701533354
753 0.2707941771
754 0.2715230951
755 0.2723513003
756 0.273291301
757 0.2743570356
758 0.2755640159
759 0.2769294824
760 0.2784725728
761 0.2802145025
762 0.2821787601
763 0.2843913166
764 0.28688085
765 0.2896789853
766 0.2928205514
767 0.2963438538
768 0.300290965
769 0.3047080323
770 0.3096456034
771 0.3151589701
772 0.3213085292
773 0.3281601627
774 0.3357856346
775 0.3442630054
776 0.3536770636
777 0.3641197729
778 0.3756907349
779 0.3884976651
780 0.4026568822
781 0.4182938069
782 0.4355434711
783 0.4545510319
784 0.4754722908
785 0.498474213
786 0.5237354452
787 0.5514468265
788 0.5818118906
789 0.6150473533
790 0.651383581
791 0.6910650358
792 0.7343506917
793 0.7815144149
794 0.8328453043
795 0.8886479839
796 0.949242842
797 1.014966209
798 1.086170467
799 1.163224086
800 1.246511575
801 1.336433344
802 1.433405467
803 1.537859345
804 1.650241247
805 1.771011736
806 1.900644971
807 2.039627868
808 2.188459127
809 2.347648107
810 2.517713555
811 2.699182175
812 2.892587038
813 3.098465835
814 3.317358954
815 3.549807403
816 3.796350561
817 4.057523765
818 4.333855744
819 4.625865888
820 4.934061368
821 5.258934118
822 5.600957676
823 5.960583905
824 6.338239602
825 6.734323007
826 7.149200235
827 7.583201633
828 8.036618107
829 8.509697404
830 9.002640407
831 9.51559744
832 10.04866462
833 10.60188027
834 11.17522147
835 11.76860064
836 12.38186241
837 13.01478052
838 13.66705507
839 14.33830992
840 15.02809041
841 15.7358613
842 16.46100517
843 17.20282102
844 17.96052338
845 18.73324172
846 19.52002036
847 20.31981879
848 21.13151244
849 21.95389397
850 22.78567504
851 23.62548854
852 24.47189139
853 25.32336782
854 26.17833318
855 27.03513822
856 27.89207395
857 28.74737689
858 29.5992349
859 30.44579338
860 31.28516197
861 32.11542162
862 32.93463206
863 33.74083963
864 34.53208537
865 35.30641345
866 36.06187981
867 36.79656092
868 37.50856281
869 38.19603006
870 38.85715493
871 39.49018645
872 40.09343939
873 40.66530326
874 41.20425097
875 41.70884744
876 42.17775781
877 42.60975545
878 43.0037295
879 43.3586921
880 43.67378508
881 43.94828624
882 44.18161502
883 44.37333768
884 44.52317183
885 44.63099036
886 44.69682469
887 44.72086744
888 44.70347428
889 44.64516521
890 44.54662505
891 44.4087033
892 44.23241319
893 44.01893012
894 43.76958933
895 43.48588293
896 43.16945624
897 42.82210344
898 42.44576262
899 42.0425102
900 41.61455469
901 41.16423003
902 40.69398819
903 40.2063914
904 39.70410383
905 39.1898828
906 38.66656961
907 38.13707989
908 37.60439368
909 37.07154507
910 36.54161158
911 36.01770329
912 35.50295164
913 35.00049808
914 34.5134825
915 34.04503146
916 33.59824635
917 33.17619141
918 32.78188168
919 32.41827088
920 32.08823928
921 31.79458166
922 31.53999516
923 31.32706737
924 31.15826444
925 31.03591936
926 30.96222044
927 30.93920004
928 30.96872353
929 31.05247861
930 31.19196497
931 31.38848441
932 31.64313139
933 31.95678413
934 32.3300963
935 32.76348932
936 33.25714541
937 33.81100138
938 34.42474326
939 35.09780178
940 35.82934887
941 36.61829508
942 37.46328816
943 38.3627127
944 39.31469095
945 40.3170849
946 41.36749957
947 42.46328763
948 43.60155535
949 44.77916989
950 45.99276795
951 47.2387658
952 48.51337065
953 49.81259338
954 51.13226261
955 52.46804003
956 53.81543694
957 55.16983203
958 56.5264902
959 57.88058244
960 59.22720661
961 60.56140907
962 61.878207
963 63.1726113
964 64.43964995
965 65.67439171
966 66.8719699
967 68.0276063
968 69.13663483
969 70.19452495
970 71.19690459
971 72.13958247
972 73.01856962
973 73.83009999
974 74.57064989
975 75.23695629
976 75.82603371
977 76.33518957
978 76.76203798
979 77.10451175
980 77.36087264
981 77.52971967
982 77.60999545
983 77.60099057
984 77.50234589
985 77.31405277
986 77.03645125
987 76.67022623
988 76.21640158
989 75.67633228
990 75.05169479
991 74.34447545
992 73.55695724
993 72.691705
994 71.75154901
995 70.73956737
996 69.65906706
997 68.51356401
998 67.3067622
999 66.04253211
1000 64.72488846
1001 63.35796768
1002 61.94600504
1003 60.49331176
1004 59.00425214
1005 57.48322102
1006 55.93462159
1007 54.36284376
1008 52.77224318
1009 51.16712116
1010 49.5517054
1011 47.93013191
1012 46.30642791
1013 44.68449605
1014 43.06809992
1015 41.46085084
1016 39.86619611
1017 38.28740863
1018 36.72757804
1019 35.1896032
1020 33.67618622
1021 32.18982784
1022 30.73282425
1023 29.30726523
