#54285 2909.9990731918076807 0.0045702977903549499641 1 1389 16.000049430220818044 1024 7 1 J1713+0747 0.0000000 
0 0.09756695208
1 0.09756695208
2 0.09756695208
3 0.09756695208
4 0.09756695208
5 0.09756695208
6 0.09756695208
7 0.09756695208
8 0.09756695208
9 0.09756695208
10 0.09756695208
11 0.09756695208
12 0.09756695208
13 0.09756695208
14 0.09756695208
15 0.09756695208
16 0.09756695208
17 0.09756695208
18 0.09756695208
19 0.09756695208
20 0.09756695208
21 0.09756695208
22 0.09756695208
23 0.09756695208
24 0.09756695208
25 0.09756695208
26 0.09756695208
27 0.09756695208
28 0.09756695208
29 0.09756695208
30 0.09756695208
31 0.09756695208
32 0.09756695208
33 0.09756695208
34 0.09756695208
35 0.09756695208
36 0.09756695208
37 0.09756695208
38 0.09756695208
39 0.09756695208
40 0.09756695208
41 0.09756695208
42 0.09756695208
43 0.09756695208
44 0.09756695208
45 0.09756695208
46 0.09756695208
47 0.09756695208
48 0.09756695208
49 0.09756695208
50 0.09756695208
51 0.09756695208
52 0.09756695208
53 0.09756695208
54 0.09756695208
55 0.09756695208
56 0.09756695208
57 0.09756695208
58 0.09756695208
59 0.09756695208
60 0.09756695208
61 0.09756695208
62 0.09756695208
63 0.09756695208
64 0.09756695208
65 0.09756695208
66 0.09756695208
67 0.09756695208
68 0.09756695208
69 0.09756695208
70 0.09756695208
71 0.09756695208
72 0.09756695208
73 0.09756695208
74 0.09756695208
75 0.09756695208
76 0.09756695208
77 0.09756695208
78 0.09756695208
79 0.09756695208
80 0.09756695208
81 0.09756695208
82 0.09756695208
83 0.09756695208
84 0.09756695208
85 0.09756695208
86 0.09756695208
87 0.09756695208
88 0.09756695208
89 0.09756695208
90 0.09756695208
91 0.09756695208
92 0.09756695208
93 0.09756695208
94 0.09756695208
95 0.09756695208
96 0.09756695208
97 0.09756695208
98 0.09756695208
99 0.09756695208
100 0.09756695208
101 0.09756695208
102 0.09756695208
103 0.09756695208
104 0.09756695208
105 0.09756695208
106 0.09756695208
107 0.09756695208
108 0.09756695208
109 0.09756695208
110 0.09756695208
111 0.09756695208
112 0.09756695208
113 0.09756695208
114 0.09756695208
115 0.09756695208
116 0.09756695208
117 0.09756695208
118 0.09756695208
119 0.09756695208
120 0.09756695208
121 0.09756695208
122 0.09756695208
123 0.09756695208
124 0.09756695208
125 0.09756695208
126 0.09756695208
127 0.09756695208
128 0.09756695208
129 0.09756695208
130 0.09756695208
131 0.09756695208
132 0.09756695208
133 0.09756695208
134 0.09756695208
135 0.09756695208
136 0.09756695208
137 0.09756695208
138 0.09756695208
139 0.09756695208
140 0.09756695208
141 0.09756695208
142 0.09756695208
143 0.09756695208
144 0.09756695208
145 0.09756695208
146 0.09756695208
147 0.09756695208
148 0.09756695208
149 0.09756695208
150 0.09756695208
151 0.09756695208
152 0.09756695208
153 0.09756695208
154 0.09756695208
155 0.09756695208
156 0.09756695208
157 0.09756695208
158 0.09756695208
159 0.09756695208
160 0.09756695208
161 0.09756695208
162 0.09756695208
163 0.09756695208
164 0.09756695208
165 0.09756695208
166 0.09756695208
167 0.09756695208
168 0.09756695208
169 0.09756695208
170 0.09756695208
171 0.09756695208
172 0.09756695208
173 0.09756695208
174 0.09756695208
175 0.09756695208
176 0.09756695208
177 0.09756695208
178 0.09756695208
179 0.09756695208
180 0.09756695208
181 0.09756695208
182 0.09756695208
183 0.09756695208
184 0.09756695208
185 0.09756695208
186 0.09756695208
187 0.09756695208
188 0.09756695208
189 0.09756695208
190 0.09756695208
191 0.09756695208
192 0.09756695208
193 0.09756695208
194 0.09756695208
195 0.09756695208
196 0.09756695208
197 0.09756695208
198 0.09756695208
199 0.09756695208
200 0.09756695208
201 0.09756695208
202 0.09756695208
203 0.09756695208
204 0.09756695208
205 0.09756695208
206 0.09756695208
207 0.09756695208
208 0.09756695208
209 0.09756695208
210 0.09756695208
211 0.09756695208
212 0.09756695208
213 0.09756695208
214 0.09756695208
215 0.09756695208
216 0.09756695208
217 0.09756695208
218 0.09756695208
219 0.09756695208
220 0.09756695208
221 0.09756695208
222 0.09756695208
223 0.09756695208
224 0.09756695208
225 0.09756695208
226 0.09756695208
227 0.09756695208
228 0.09756695208
229 0.09756695208
230 0.09756695208
231 0.09756695208
232 0.09756695208
233 0.09756695208
234 0.09756695208
235 0.09756695208
236 0.09756695208
237 0.09756695208
238 0.09756695208
239 0.09756695208
240 0.09756695208
241 0.09756695208
242 0.09756695208
243 0.09756695208
244 0.09756695208
245 0.09756695208
246 0.09756695208
247 0.09756695208
248 0.09756695208
249 0.09756695208
250 0.09756695208
251 0.09756695208
252 0.09756695208
253 0.09756695208
254 0.09756695208
255 0.09756695208
256 0.09756695208
257 0.09756695208
258 0.09756695208
259 0.09756695208
260 0.09756695208
261 0.09756695208
262 0.09756695208
263 0.09756695208
264 0.09756695208
265 0.09756695208
266 0.09756695208
267 0.09756695208
268 0.09756695208
269 0.09756695208
270 0.09756695208
271 0.09756695208
272 0.09756695208
273 0.09756695208
274 0.09756695208
275 0.09756695208
276 0.09756695208
277 0.09756695208
278 0.09756695208
279 0.09756695208
280 0.09756695208
281 0.09756695208
282 0.09756695208
283 0.09756695208
284 0.09756695208
285 0.09756695208
286 0.09756695208
287 0.09756695208
288 0.09756695208
289 0.09756695208
290 0.09756695208
291 0.09756695208
292 0.09756695208
293 0.09756695208
294 0.09756695208
295 0.09756695208
296 0.09756695208
297 0.09756695208
298 0.09756695208
299 0.09756695208
300 0.09756695208
301 0.09756695208
302 0.09756695208
303 0.09756695208
304 0.09756695208
305 0.09756695208
306 0.09756695208
307 0.09756695208
308 0.09756695208
309 0.09756695208
310 0.09756695208
311 0.09756695208
312 0.09756695208
313 0.09756695208
314 0.09756695208
315 0.09756695208
316 0.09756695208
317 0.09756695208
318 0.09756695208
319 0.09756695208
320 0.09756695208
321 0.09756695208
322 0.09756695208
323 0.09756695208
324 0.09756695209
325 0.09756695209
326 0.09756695209
327 0.0975669521
328 0.0975669521
329 0.09756695211
330 0.09756695212
331 0.09756695213
332 0.09756695215
333 0.09756695216
334 0.09756695219
335 0.09756695222
336 0.09756695225
337 0.0975669523
338 0.09756695236
339 0.09756695243
340 0.09756695252
341 0.09756695264
342 0.09756695278
343 0.09756695296
344 0.09756695318
345 0.09756695345
346 0.0975669538
347 0.09756695422
348 0.09756695475
349 0.09756695541
350 0.09756695622
351 0.09756695722
352 0.09756695846
353 0.09756695999
354 0.09756696188
355 0.0975669642
356 0.09756696706
357 0.09756697057
358 0.09756697489
359 0.09756698018
360 0.09756698667
361 0.09756699461
362 0.09756700432
363 0.09756701618
364 0.09756703066
365 0.0975670483
366 0.09756706978
367 0.09756709592
368 0.09756712767
369 0.09756716622
370 0.09756721297
371 0.09756726959
372 0.09756733811
373 0.09756742093
374 0.09756752094
375 0.09756764158
376 0.09756778696
377 0.09756796194
378 0.09756817236
379 0.09756842511
380 0.09756872839
381 0.09756909192
382 0.09756952723
383 0.09757004791
384 0.09757067008
385 0.09757141272
386 0.09757229823
387 0.09757335297
388 0.09757460797
389 0.09757609968
390 0.09757787087
391 0.09757997169
392 0.09758246085
393 0.09758540701
394 0.09758889041
395 0.09759300466
396 0.09759785887
397 0.09760358005
398 0.09761031593
399 0.09761823807
400 0.09762754553
401 0.09763846895
402 0.09765127532
403 0.0976662733
404 0.09768381931
405 0.09770432445
406 0.09772826234
407 0.09775617796
408 0.0977886977
409 0.09782654061
410 0.09787053121
411 0.09792161377
412 0.09798086844
413 0.09804952935
414 0.09812900484
415 0.09822090015
416 0.09832704274
417 0.09844951053
418 0.09859066342
419 0.09875317825
420 0.09894008773
421 0.09915482352
422 0.09940126399
423 0.09968378697
424 0.100007328
425 0.1003774447
426 0.1008003869
427 0.1012831747
428 0.1018336833
429 0.1024607362
430 0.1031742067
431 0.1039851292
432 0.1049058201
433 0.1059500089
434 0.1071329811
435 0.1084717326
436 0.1099851369
437 0.1116941251
438 0.11362188
439 0.1157940451
440 0.1182389481
441 0.1209878406
442 0.1240751543
443 0.1275387736
444 0.1314203255
445 0.1357654882
446 0.1406243162
447 0.1460515852
448 0.1521071539
449 0.1588563451
450 0.1663703447
451 0.1747266182
452 0.1840093446
453 0.1943098675
454 0.2057271607
455 0.2183683096
456 0.2323490047
457 0.2477940476
458 0.2648378655
459 0.283625034
460 0.304310804
461 0.3270616311
462 0.3520557035
463 0.3794834648
464 0.4095481285
465 0.4424661795
466 0.4784678573
467 0.517797618
468 0.5607145665
469 0.6074928565
470 0.6584220499
471 0.7138074305
472 0.7739702648
473 0.839248003
474 0.9099944131
475 0.9865796409
476 1.069390188
477 1.1588288
478 1.255314257
479 1.359281063
480 1.471179015
481 1.591472661
482 1.720640622
483 1.859174787
484 2.007579364
485 2.166369781
486 2.336071442
487 2.517218313
488 2.710351365
489 2.916016832
490 3.134764315
491 3.367144715
492 3.613707996
493 3.875000779
494 4.151563778
495 4.443929066
496 4.752617194
497 5.078134159
498 5.420968228
499 5.781586636
500 6.160432172
501 6.557919645
502 6.974432283
503 7.410318039
504 7.865885858
505 8.34140191
506 8.837085802
507 9.353106814
508 9.88958017
509 10.44656336
510 11.02405258
511 11.62197925
512 12.24020671
513 12.8785271
514 13.53665838
515 14.2142417
516 14.9108389
517 15.62593042
518 16.35891348
519 17.10910059
520 17.87571849
521 18.65790745
522 19.45472103
523 20.26512624
524 21.08800425
525 21.92215145
526 22.76628118
527 23.6190258
528 24.47893939
529 25.34450096
530 26.21411811
531 27.08613128
532 27.95881849
533 28.83040062
534 29.69904709
535 30.56288211
536 31.41999136
537 32.26842902
538 33.1062253
539 33.93139429
540 34.74194213
541 35.53587547
542 36.3112102
543 37.06598039
544 37.79824736
545 38.50610885
546 39.1877083
547 39.8412441
548 40.46497881
549 41.05724824
550 41.61647047
551 42.1411546
552 42.6299092
553 43.0814506
554 43.4946107
555 43.86834438
556 44.20173658
557 44.49400875
558 44.74452484
559 44.95279676
560 45.11848915
561 45.2414236
562 45.32158218
563 45.35911033
564 45.354319
565 45.30768615
566 45.21985748
567 45.09164648
568 44.92403373
569 44.7181655
570 44.47535161
571 44.19706263
572 43.88492631
573 43.54072344
574 43.16638293
575 42.76397636
576 42.33571184
577 41.8839273
578 41.41108326
579 40.91975498
580 40.41262415
581 39.89247015
582 39.36216074
583 38.82464245
584 38.28293053
585 37.74009852
586 37.19926758
587 36.66359543
588 36.13626505
589 35.62047323
590 35.11941876
591 34.63629059
592 34.17425576
593 33.73644724
594 33.32595166
595 32.94579704
596 32.59894039
597 32.28825544
598 32.01652031
599 31.78640527
600 31.60046067
601 31.4611049
602 31.37061263
603 31.33110324
604 31.3445295
605 31.41266657
606 31.5371014
607 31.71922245
608 31.96021
609 32.26102685
610 32.6224097
611 33.04486114
612 33.52864225
613 34.07376614
614 34.6799921
615 35.34682084
616 36.07349052
617 36.85897386
618 37.70197632
619 38.6009354
620 39.55402108
621 40.55913758
622 41.61392628
623 42.71577005
624 43.86179884
625 45.04889672
626 46.27371026
627 47.53265827
628 48.82194301
629 50.13756271
630 51.47532547
631 52.83086448
632 54.19965451
633 55.5770296
634 56.95820193
635 58.33828175
636 59.71229822
637 61.07522124
638 62.42198394
639 63.74750581
640 65.04671641
641 66.31457936
642 67.54611658
643 68.73643258
644 69.88073867
645 70.97437688
646 72.0128435
647 72.99181197
648 73.90715511
649 74.75496635
650 75.53157996
651 76.23359002
652 76.8578681
653 77.40157936
654 77.86219708
655 78.23751552
656 78.52566086
657 78.72510025
658 78.83464899
659 78.85347549
660 78.78110433
661 78.61741713
662 78.36265133
663 78.01739693
664 77.58259109
665 77.05951084
666 76.44976371
667 75.75527659
668 74.97828274
669 74.1213072
670 73.18715057
671 72.17887144
672 71.09976749
673 69.95335551
674 68.74335039
675 67.47364334
676 66.1482795
677 64.77143499
678 63.34739376
679 61.88052422
680 60.37525601
681 58.83605685
682 57.26740989
683 55.67379141
684 54.05964933
685 52.4293824
686 50.78732038
687 49.13770517
688 47.48467313
689 45.83223861
690 44.18427874
691 42.54451957
692 40.91652371
693 39.30367926
694 37.70919035
695 36.13606904
696 34.58712879
697 33.0649793
698 31.57202284
699 30.11045195
700 28.68224852
701 27.28918411
702 25.93282153
703 24.61451762
704 23.33542703
705 22.09650707
706 20.89852346
707 19.74205686
708 18.62751022
709 17.55511673
710 16.52494828
711 15.53692447
712 14.59082191
713 13.68628388
714 12.82283009
715 11.99986666
716 11.21669609
717 10.47252717
718 9.766484844
719 9.097619893
720 8.464918376
721 7.867310828
722 7.303681132
723 6.772875027
724 6.273708241
725 5.804974191
726 5.36545125
727 4.953909553
728 4.569117327
729 4.20984675
730 3.874879319
731 3.563010737
732 3.27305533
733 3.003849986
734 2.754257641
735 2.523170321
736 2.309511757
737 2.112239591
738 1.93034719
739 1.762865105
740 1.608862169
741 1.46744629
742 1.337764937
743 1.219005359
744 1.110394553
745 1.011199003
746 0.9207242294
747 0.838314143
748 0.7633502557
749 0.6952507476
750 0.6334694205
751 0.5774945536
752 0.5268476801
753 0.4810823008
754 0.4397825501
755 0.4025618291
756 0.369061418
757 0.3389490796
758 0.3119176651
759 0.2876837306
760 0.2659861724
761 0.2465848904
762 0.2292594818
763 0.2138079746
764 0.2000456018
765 0.1878036217
766 0.1769281864
767 0.16727926
768 0.1587295887
769 0.1511637233
770 0.1444770941
771 0.1385751381
772 0.1333724782
773 0.1287921538
774 0.1247648999
775 0.1212284759
776 0.1181270403
777 0.1154105706
778 0.1130343257
779 0.1109583499
780 0.1091470155
781 0.1075686022
782 0.1061949109
783 0.1050009111
784 0.1039644176
785 0.1030657965
786 0.1022876977
787 0.1016148119
788 0.1010336501
789 0.100532345
790 0.1001004712
791 0.09972888296
792 0.09940956926
793 0.09913552285
794 0.0989006234
795 0.09869953288
796 0.09852760225
797 0.09838078833
798 0.09825557977
799 0.0981489315
800 0.09805820649
801 0.09798112432
802 0.09791571572
803 0.0978602825
804 0.09781336229
805 0.09777369754
806 0.09774020835
807 0.09771196865
808 0.09768818539
809 0.0976681804
810 0.09765137449
811 0.09763727375
812 0.09762545752
813 0.09761556806
814 0.09760730153
815 0.0976004002
816 0.09759464582
817 0.09758985375
818 0.09758586804
819 0.09758255714
820 0.09757981021
821 0.09757753404
822 0.0975756503
823 0.09757409326
824 0.09757280787
825 0.09757174805
826 0.0975708753
827 0.0975701575
828 0.09756956787
829 0.09756908413
830 0.09756868775
831 0.09756836335
832 0.09756809821
833 0.09756788175
834 0.09756770526
835 0.09756756154
836 0.09756744465
837 0.0975673497
838 0.09756727267
839 0.09756721024
840 0.09756715972
841 0.09756711889
842 0.09756708592
843 0.09756705934
844 0.09756703794
845 0.09756702072
846 0.09756700689
847 0.09756699579
848 0.0975669869
849 0.09756697978
850 0.09756697409
851 0.09756696955
852 0.09756696593
853 0.09756696304
854 0.09756696075
855 0.09756695893
856 0.09756695748
857 0.09756695634
858 0.09756695543
859 0.09756695471
860 0.09756695414
861 0.0975669537
862 0.09756695335
863 0.09756695307
864 0.09756695285
865 0.09756695268
866 0.09756695255
867 0.09756695244
868 0.09756695236
869 0.0975669523
870 0.09756695225
871 0.09756695221
872 0.09756695218
873 0.09756695216
874 0.09756695214
875 0.09756695212
876 0.09756695211
877 0.0975669521
878 0.0975669521
879 0.09756695209
880 0.09756695209
881 0.09756695209
882 0.09756695208
883 0.09756695208
884 0.09756695208
885 0.09756695208
886 0.09756695208
887 0.09756695208
888 0.09756695208
889 0.09756695208
890 0.09756695208
891 0.09756695208
892 0.09756695208
893 0.09756695208
894 0.09756695208
895 0.09756695208
896 0.09756695208
897 0.09756695208
898 0.09756695208
899 0.09756695208
900 0.09756695208
901 0.09756695208
902 0.09756695208
903 0.09756695208
904 0.09756695208
905 0.09756695208
906 0.09756695208
907 0.09756695208
908 0.09756695208
909 0.09756695208
910 0.09756695208
911 0.09756695208
912 0.09756695208
913 0.09756695208
914 0.09756695208
915 0.09756695208
916 0.09756695208
917 0.09756695208
918 0.09756695208
919 0.09756695208
920 0.09756695208
921 0.09756695208
922 0.09756695208
923 0.09756695208
924 0.09756695208
925 0.09756695208
926 0.09756695208
927 0.09756695208
928 0.09756695208
929 0.09756695208
930 0.09756695208
931 0.09756695208
932 0.09756695208
933 0.09756695208
934 0.09756695208
935 0.09756695208
936 0.09756695208
937 0.09756695208
938 0.09756695208
939 0.09756695208
940 0.09756695208
941 0.09756695208
942 0.09756695208
943 0.09756695208
944 0.09756695208
945 0.09756695208
946 0.09756695208
947 0.09756695208
948 0.09756695208
949 0.09756695208
950 0.09756695208
951 0.09756695208
952 0.09756695208
953 0.09756695208
954 0.09756695208
955 0.09756695208
956 0.09756695208
957 0.09756695208
958 0.09756695208
959 0.09756695208
960 0.09756695208
961 0.09756695208
962 0.09756695208
963 0.09756695208
964 0.09756695208
965 0.09756695208
966 0.09756695208
967 0.09756695208
968 0.09756695208
969 0.09756695208
970 0.09756695208
971 0.09756695208
972 0.09756695208
973 0.09756695208
974 0.09756695208
975 0.09756695208
976 0.09756695208
977 0.09756695208
978 0.09756695208
979 0.09756695208
980 0.09756695208
981 0.09756695208
982 0.09756695208
983 0.09756695208
984 0.09756695208
985 0.09756695208
986 0.09756695208
987 0.09756695208
988 0.09756695208
989 0.09756695208
990 0.09756695208
991 0.09756695208
992 0.09756695208
993 0.09756695208
994 0.09756695208
995 0.09756695208
996 0.09756695208
997 0.09756695208
998 0.09756695208
999 0.09756695208
1000 0.09756695208
1001 0.09756695208
1002 0.09756695208
1003 0.09756695208
1004 0.09756695208
1005 0.09756695208
1006 0.09756695208
1007 0.09756695208
1008 0.09756695208
1009 0.09756695208
1010 0.09756695208
1011 0.09756695208
1012 0.09756695208
1013 0.09756695208
1014 0.09756695208
1015 0.09756695208
1016 0.09756695208
1017 0.09756695208
1018 0.09756695208
1019 0.09756695208
1020 0.09756695208
1021 0.09756695208
1022 0.09756695208
1023 0.09756695208
