#54241 2909.9956735243000965 0.0045700224237535218286 1 1357 16.000049430220818044 1024 7 1 J1713+0747 0.0000000 
0 -0.06696370456
1 -0.06603974027
2 -0.06499168674
3 -0.06380416346
4 -0.06246006592
5 -0.06094039686
6 -0.05922408412
7 -0.05728778447
8 -0.05510567261
9 -0.0526492148
10 -0.04988692652
11 -0.04678411338
12 -0.04330259505
13 -0.03940041143
14 -0.03503151085
15 -0.03014541987
16 -0.02468689453
17 -0.01859555287
18 -0.01180548873
19 -0.004244867062
20 0.004164499024
21 0.01350758892
22 0.02387663227
23 0.03537158279
24 0.04810060719
25 0.06218058768
26 0.07773763647
27 0.09490762031
28 0.1138366929
29 0.1346818326
30 0.1576113822
31 0.1828055885
32 0.2104571371
33 0.2407716784
34 0.273968342
35 0.3102802329
36 0.3499549055
37 0.3932548099
38 0.4404577051
39 0.491857031
40 0.5477622361
41 0.608499051
42 0.6744097021
43 0.7458530585
44 0.8232047032
45 0.906856923
46 0.9972186069
47 1.094715047
48 1.199787632
49 1.312893431
50 1.434504649
51 1.565107959
52 1.705203696
53 1.855304907
54 2.015936254
55 2.187632759
56 2.370938392
57 2.56640449
58 2.774588017
59 2.996049643
60 3.231351656
61 3.481055707
62 3.745720373
63 4.025898563
64 4.322134752
65 4.634962055
66 4.964899157
67 5.312447089
68 5.678085872
69 6.06227105
70 6.465430096
71 6.887958745
72 7.330217234
73 7.792526499
74 8.275164328
75 8.778361501
76 9.302297941
77 9.847098898
78 10.4128312
79 10.99949956
80 11.60704309
81 12.23533181
82 12.88416348
83 13.55326057
84 14.24226745
85 14.95074789
86 15.67818282
87 16.42396846
88 17.18741474
89 17.96774417
90 18.76409105
91 19.57550119
92 20.400932
93 21.23925313
94 22.08924754
95 22.94961312
96 23.81896481
97 24.69583724
98 25.57868792
99 26.46590094
100 27.35579123
101 28.24660934
102 29.1365467
103 30.02374143
104 30.90628462
105 31.78222707
106 32.64958645
107 33.5063549
108 34.35050702
109 35.18000813
110 35.99282292
111 36.7869243
112 37.56030249
113 38.31097427
114 39.03699233
115 39.73645476
116 40.40751446
117 41.04838854
118 41.65736771
119 42.23282537
120 42.77322666
121 43.27713714
122 43.74323122
123 44.17030023
124 44.55726006
125 44.90315842
126 45.20718148
127 45.46866011
128 45.68707548
129 45.86206405
130 45.99342195
131 46.08110868
132 46.12525013
133 46.12614091
134 46.08424591
135 46.00020121
136 45.8748142
137 45.70906296
138 45.50409493
139 45.26122485
140 44.98193195
141 44.66785645
142 44.32079539
143 43.94269772
144 43.53565881
145 43.10191426
146 42.64383316
147 42.16391073
148 41.66476045
149 41.14910561
150 40.6197704
151 40.07967059
152 39.53180366
153 38.97923863
154 38.42510551
155 37.87258436
156 37.3248941
157 36.78528104
158 36.25700712
159 35.74333797
160 35.24753082
161 34.77282219
162 34.3224155
163 33.89946855
164 33.50708099
165 33.14828172
166 32.82601629
167 32.54313433
168 32.30237708
169 32.10636501
170 31.95758553
171 31.85838095
172 31.81093663
173 31.81726941
174 31.87921632
175 31.99842368
176 32.17633661
177 32.41418902
178 32.71299406
179 33.07353525
180 33.49635817
181 33.98176287
182 34.52979711
183 35.14025033
184 35.8126486
185 36.54625046
186 37.34004387
187 38.19274414
188 39.1027931
189 40.06835937
190 41.08733995
191 42.15736311
192 43.27579252
193 44.43973288
194 45.64603683
195 46.89131335
196 48.1719375
197 49.4840617
198 50.82362829
199 52.18638355
200 53.56789305
201 54.9635583
202 56.3686347
203 57.77825058
204 59.18742742
205 60.59110105
206 61.98414372
207 63.36138704
208 64.71764551
209 66.04774061
210 67.34652528
211 68.60890865
212 69.82988082
213 71.00453757
214 72.12810491
215 73.19596305
216 74.20366998
217 75.14698419
218 76.02188651
219 76.82460089
220 77.55161399
221 78.19969334
222 78.76590406
223 79.24762392
224 79.64255664
225 79.94874336
226 80.16457218
227 80.28878567
228 80.32048632
229 80.25913987
230 80.10457651
231 79.85698995
232 79.51693432
233 79.08531904
234 78.5634015
235 77.9527779
236 77.25537205
237 76.47342237
238 75.60946723
239 74.66632857
240 73.64709419
241 72.55509861
242 71.39390278
243 70.16727282
244 68.87915788
245 67.53366729
246 66.13504729
247 64.68765736
248 63.19594642
249 61.66442904
250 60.09766185
251 58.50022028
252 56.87667579
253 55.23157379
254 53.56941232
255 51.89462162
256 50.21154481
257 48.52441962
258 46.83736141
259 45.15434747
260 43.47920275
261 41.8155869
262 40.16698292
263 38.53668722
264 36.92780117
265 35.34322422
266 33.78564848
267 32.2575547
268 30.76120982
269 29.29866577
270 27.87175969
271 26.48211535
272 25.13114581
273 23.82005716
274 22.54985335
275 21.3213419
276 20.1351405
277 18.99168441
278 17.89123444
279 16.83388558
280 15.81957611
281 14.84809706
282 13.919102
283 13.03211706
284 12.18655101
285 11.38170548
286 10.61678512
287 9.890907624
288 9.203113674
289 8.552376605
290 7.93761183
291 7.357685946
292 6.811425469
293 6.297625189
294 5.815056091
295 5.362472834
296 4.938620761
297 4.542242429
298 4.172083652
299 3.826899046
300 3.505457092
301 3.206544696
302 2.928971287
303 2.671572427
304 2.433212983
305 2.212789851
306 2.009234261
307 1.821513686
308 1.648633372
309 1.489637514
310 1.343610103
311 1.209675459
312 1.086998497
313 0.9747847204
314 0.8722799903
315 0.778770085
316 0.6935800711
317 0.6160735126
318 0.5456515388
319 0.4817517899
320 0.4238472612
321 0.3714450647
322 0.3240851232
323 0.2813388144
324 0.2428075796
325 0.2081215088
326 0.1769379165
327 0.1489399171
328 0.123835011
329 0.1013536885
330 0.08124806103
331 0.06329052343
332 0.04727245536
333 0.03300296426
334 0.02030767466
335 0.009027566274
336 -0.0009821369371
337 -0.009853025232
338 -0.01770450826
339 -0.02464476655
340 -0.03077164945
341 -0.03617352001
342 -0.0409300478
343 -0.04511295066
344 -0.04878668704
345 -0.05200910031
346 -0.05483201719
347 -0.05730180186
348 -0.05945986811
349 -0.06134315139
350 -0.06298454309
351 -0.06441328906
352 -0.0656553545
353 -0.0667337575
354 -0.06766887312
355 -0.06847871006
356 -0.069179162
357 -0.06978423537
358 -0.07030625526
359 -0.07075605149
360 -0.07114312613
361 -0.07147580419
362 -0.07176136887
363 -0.07200618279
364 -0.07221579635
365 -0.07239504448
366 -0.07254813287
367 -0.07267871464
368 -0.07278995844
369 -0.07288460885
370 -0.07296503973
371 -0.07303330143
372 -0.0730911624
373 -0.07314014579
374 -0.07318156166
375 -0.07321653523
376 -0.0732460316
377 -0.0732708774
378 -0.07329177966
379 -0.07330934229
380 -0.07332408044
381 -0.07333643287
382 -0.07334677284
383 -0.07335541741
384 -0.07336263555
385 -0.0733686551
386 -0.07337366884
387 -0.07337783961
388 -0.07338130483
389 -0.07338418026
390 -0.07338656332
391 -0.07338853585
392 -0.07339016655
393 -0.07339151298
394 -0.07339262331
395 -0.0733935378
396 -0.07339429006
397 -0.0733949081
398 -0.07339541524
399 -0.07339583086
400 -0.07339617105
401 -0.07339644916
402 -0.07339667624
403 -0.07339686141
404 -0.07339701223
405 -0.07339713492
406 -0.0733972346
407 -0.07339731548
408 -0.07339738103
409 -0.07339743409
410 -0.07339747699
411 -0.07339751162
412 -0.07339753955
413 -0.07339756205
414 -0.07339758015
415 -0.07339759469
416 -0.07339760636
417 -0.07339761571
418 -0.07339762319
419 -0.07339762918
420 -0.07339763396
421 -0.07339763777
422 -0.07339764081
423 -0.07339764322
424 -0.07339764514
425 -0.07339764666
426 -0.07339764787
427 -0.07339764883
428 -0.07339764958
429 -0.07339765018
430 -0.07339765065
431 -0.07339765102
432 -0.07339765131
433 -0.07339765154
434 -0.07339765172
435 -0.07339765186
436 -0.07339765197
437 -0.07339765206
438 -0.07339765213
439 -0.07339765218
440 -0.07339765222
441 -0.07339765225
442 -0.07339765228
443 -0.07339765229
444 -0.07339765231
445 -0.07339765232
446 -0.07339765233
447 -0.07339765234
448 -0.07339765234
449 -0.07339765235
450 -0.07339765235
451 -0.07339765235
452 -0.07339765235
453 -0.07339765236
454 -0.07339765236
455 -0.07339765236
456 -0.07339765236
457 -0.07339765236
458 -0.07339765236
459 -0.07339765236
460 -0.07339765236
461 -0.07339765236
462 -0.07339765236
463 -0.07339765236
464 -0.07339765236
465 -0.07339765236
466 -0.07339765236
467 -0.07339765236
468 -0.07339765236
469 -0.07339765236
470 -0.07339765236
471 -0.07339765236
472 -0.07339765236
473 -0.07339765236
474 -0.07339765236
475 -0.07339765236
476 -0.07339765236
477 -0.07339765236
478 -0.07339765236
479 -0.07339765236
480 -0.07339765236
481 -0.07339765236
482 -0.07339765236
483 -0.07339765236
484 -0.07339765236
485 -0.07339765236
486 -0.07339765236
487 -0.07339765236
488 -0.07339765236
489 -0.07339765236
490 -0.07339765236
491 -0.07339765236
492 -0.07339765236
493 -0.07339765236
494 -0.07339765236
495 -0.07339765236
496 -0.07339765236
497 -0.07339765236
498 -0.07339765236
499 -0.07339765236
500 -0.07339765236
501 -0.07339765236
502 -0.07339765236
503 -0.07339765236
504 -0.07339765236
505 -0.07339765236
506 -0.07339765236
507 -0.07339765236
508 -0.07339765236
509 -0.07339765236
510 -0.07339765236
511 -0.07339765236
512 -0.07339765236
513 -0.07339765236
514 -0.07339765236
515 -0.07339765236
516 -0.07339765236
517 -0.07339765236
518 -0.07339765236
519 -0.07339765236
520 -0.07339765236
521 -0.07339765236
522 -0.07339765236
523 -0.07339765236
524 -0.07339765236
525 -0.07339765236
526 -0.07339765236
527 -0.07339765236
528 -0.07339765236
529 -0.07339765236
530 -0.07339765236
531 -0.07339765236
532 -0.07339765236
533 -0.07339765236
534 -0.07339765236
535 -0.07339765236
536 -0.07339765236
537 -0.07339765236
538 -0.07339765236
539 -0.07339765236
540 -0.07339765236
541 -0.07339765236
542 -0.07339765236
543 -0.07339765236
544 -0.07339765236
545 -0.07339765236
546 -0.07339765236
547 -0.07339765236
548 -0.07339765236
549 -0.07339765236
550 -0.07339765236
551 -0.07339765236
552 -0.07339765236
553 -0.07339765236
554 -0.07339765236
555 -0.07339765236
556 -0.07339765236
557 -0.07339765236
558 -0.07339765236
559 -0.07339765236
560 -0.07339765236
561 -0.07339765236
562 -0.07339765236
563 -0.07339765236
564 -0.07339765236
565 -0.07339765236
566 -0.07339765236
567 -0.07339765236
568 -0.07339765236
569 -0.07339765236
570 -0.07339765236
571 -0.07339765236
572 -0.07339765236
573 -0.07339765236
574 -0.07339765236
575 -0.07339765236
576 -0.07339765236
577 -0.07339765236
578 -0.07339765236
579 -0.07339765236
580 -0.07339765236
581 -0.07339765236
582 -0.07339765236
583 -0.07339765236
584 -0.07339765236
585 -0.07339765236
586 -0.07339765236
587 -0.07339765236
588 -0.07339765236
589 -0.07339765236
590 -0.07339765236
591 -0.07339765236
592 -0.07339765236
593 -0.07339765236
594 -0.07339765236
595 -0.07339765236
596 -0.07339765236
597 -0.07339765236
598 -0.07339765236
599 -0.07339765236
600 -0.07339765236
601 -0.07339765236
602 -0.07339765236
603 -0.07339765236
604 -0.07339765236
605 -0.07339765236
606 -0.07339765236
607 -0.07339765236
608 -0.07339765236
609 -0.07339765236
610 -0.07339765236
611 -0.07339765236
612 -0.07339765236
613 -0.07339765236
614 -0.07339765236
615 -0.07339765236
616 -0.07339765236
617 -0.07339765236
618 -0.07339765236
619 -0.07339765236
620 -0.07339765236
621 -0.07339765236
622 -0.07339765236
623 -0.07339765236
624 -0.07339765236
625 -0.07339765236
626 -0.07339765236
627 -0.07339765236
628 -0.07339765236
629 -0.07339765236
630 -0.07339765236
631 -0.07339765236
632 -0.07339765236
633 -0.07339765236
634 -0.07339765236
635 -0.07339765236
636 -0.07339765236
637 -0.07339765236
638 -0.07339765236
639 -0.07339765236
640 -0.07339765236
641 -0.07339765236
642 -0.07339765236
643 -0.07339765236
644 -0.07339765236
645 -0.07339765236
646 -0.07339765236
647 -0.07339765236
648 -0.07339765236
649 -0.07339765236
650 -0.07339765236
651 -0.07339765236
652 -0.07339765236
653 -0.07339765236
654 -0.07339765236
655 -0.07339765236
656 -0.07339765236
657 -0.07339765236
658 -0.07339765236
659 -0.07339765236
660 -0.07339765236
661 -0.07339765236
662 -0.07339765236
663 -0.07339765236
664 -0.07339765236
665 -0.07339765236
666 -0.07339765236
667 -0.07339765236
668 -0.07339765236
669 -0.07339765236
670 -0.07339765236
671 -0.07339765236
672 -0.07339765236
673 -0.07339765236
674 -0.07339765236
675 -0.07339765236
676 -0.07339765236
677 -0.07339765236
678 -0.07339765236
679 -0.07339765236
680 -0.07339765236
681 -0.07339765236
682 -0.07339765236
683 -0.07339765236
684 -0.07339765236
685 -0.07339765236
686 -0.07339765236
687 -0.07339765236
688 -0.07339765236
689 -0.07339765236
690 -0.07339765236
691 -0.07339765236
692 -0.07339765236
693 -0.07339765236
694 -0.07339765236
695 -0.07339765236
696 -0.07339765236
697 -0.07339765236
698 -0.07339765236
699 -0.07339765236
700 -0.07339765236
701 -0.07339765236
702 -0.07339765236
703 -0.07339765236
704 -0.07339765236
705 -0.07339765236
706 -0.07339765236
707 -0.07339765236
708 -0.07339765236
709 -0.07339765236
710 -0.07339765236
711 -0.07339765236
712 -0.07339765236
713 -0.07339765236
714 -0.07339765236
715 -0.07339765236
716 -0.07339765236
717 -0.07339765236
718 -0.07339765236
719 -0.07339765236
720 -0.07339765236
721 -0.07339765236
722 -0.07339765236
723 -0.07339765236
724 -0.07339765236
725 -0.07339765236
726 -0.07339765236
727 -0.07339765236
728 -0.07339765236
729 -0.07339765236
730 -0.07339765236
731 -0.07339765236
732 -0.07339765236
733 -0.07339765236
734 -0.07339765236
735 -0.07339765236
736 -0.07339765236
737 -0.07339765236
738 -0.07339765236
739 -0.07339765236
740 -0.07339765236
741 -0.07339765236
742 -0.07339765236
743 -0.07339765236
744 -0.07339765236
745 -0.07339765236
746 -0.07339765236
747 -0.07339765236
748 -0.07339765236
749 -0.07339765236
750 -0.07339765236
751 -0.07339765236
752 -0.07339765236
753 -0.07339765236
754 -0.07339765236
755 -0.07339765236
756 -0.07339765236
757 -0.07339765236
758 -0.07339765236
759 -0.07339765236
760 -0.07339765236
761 -0.07339765236
762 -0.07339765236
763 -0.07339765236
764 -0.07339765236
765 -0.07339765236
766 -0.07339765236
767 -0.07339765236
768 -0.07339765236
769 -0.07339765236
770 -0.07339765236
771 -0.07339765236
772 -0.07339765236
773 -0.07339765236
774 -0.07339765236
775 -0.07339765236
776 -0.07339765236
777 -0.07339765236
778 -0.07339765236
779 -0.07339765236
780 -0.07339765236
781 -0.07339765236
782 -0.07339765236
783 -0.07339765236
784 -0.07339765236
785 -0.07339765236
786 -0.07339765236
787 -0.07339765236
788 -0.07339765236
789 -0.07339765236
790 -0.07339765236
791 -0.07339765236
792 -0.07339765236
793 -0.07339765236
794 -0.07339765236
795 -0.07339765236
796 -0.07339765236
797 -0.07339765236
798 -0.07339765236
799 -0.07339765236
800 -0.07339765236
801 -0.07339765236
802 -0.07339765236
803 -0.07339765236
804 -0.07339765236
805 -0.07339765236
806 -0.07339765236
807 -0.07339765236
808 -0.07339765236
809 -0.07339765236
810 -0.07339765236
811 -0.07339765236
812 -0.07339765236
813 -0.07339765236
814 -0.07339765236
815 -0.07339765236
816 -0.07339765236
817 -0.07339765236
818 -0.07339765236
819 -0.07339765236
820 -0.07339765236
821 -0.07339765236
822 -0.07339765236
823 -0.07339765236
824 -0.07339765236
825 -0.07339765236
826 -0.07339765236
827 -0.07339765236
828 -0.07339765236
829 -0.07339765236
830 -0.07339765236
831 -0.07339765236
832 -0.07339765236
833 -0.07339765236
834 -0.07339765236
835 -0.07339765236
836 -0.07339765236
837 -0.07339765236
838 -0.07339765236
839 -0.07339765236
840 -0.07339765236
841 -0.07339765236
842 -0.07339765236
843 -0.07339765236
844 -0.07339765236
845 -0.07339765236
846 -0.07339765236
847 -0.07339765236
848 -0.07339765236
849 -0.07339765236
850 -0.07339765236
851 -0.07339765236
852 -0.07339765236
853 -0.07339765236
854 -0.07339765236
855 -0.07339765236
856 -0.07339765236
857 -0.07339765236
858 -0.07339765236
859 -0.07339765236
860 -0.07339765236
861 -0.07339765236
862 -0.07339765236
863 -0.07339765236
864 -0.07339765236
865 -0.07339765236
866 -0.07339765236
867 -0.07339765236
868 -0.07339765236
869 -0.07339765236
870 -0.07339765236
871 -0.07339765236
872 -0.07339765236
873 -0.07339765236
874 -0.07339765236
875 -0.07339765236
876 -0.07339765236
877 -0.07339765236
878 -0.07339765236
879 -0.07339765236
880 -0.07339765236
881 -0.07339765236
882 -0.07339765236
883 -0.07339765236
884 -0.07339765236
885 -0.07339765236
886 -0.07339765236
887 -0.07339765236
888 -0.07339765236
889 -0.07339765236
890 -0.07339765236
891 -0.07339765236
892 -0.07339765236
893 -0.07339765236
894 -0.07339765236
895 -0.07339765236
896 -0.07339765236
897 -0.07339765236
898 -0.07339765236
899 -0.07339765236
900 -0.07339765236
901 -0.07339765236
902 -0.07339765236
903 -0.07339765236
904 -0.07339765236
905 -0.07339765236
906 -0.07339765236
907 -0.07339765236
908 -0.07339765236
909 -0.07339765236
910 -0.07339765236
911 -0.07339765236
912 -0.07339765236
913 -0.07339765236
914 -0.07339765235
915 -0.07339765235
916 -0.07339765235
917 -0.07339765235
918 -0.07339765235
919 -0.07339765234
920 -0.07339765234
921 -0.07339765233
922 -0.07339765233
923 -0.07339765232
924 -0.0733976523
925 -0.07339765229
926 -0.07339765227
927 -0.07339765225
928 -0.07339765222
929 -0.07339765218
930 -0.07339765214
931 -0.07339765208
932 -0.07339765201
933 -0.07339765192
934 -0.0733976518
935 -0.07339765166
936 -0.07339765149
937 -0.07339765127
938 -0.07339765099
939 -0.07339765065
940 -0.07339765023
941 -0.07339764971
942 -0.07339764906
943 -0.07339764825
944 -0.07339764726
945 -0.07339764603
946 -0.07339764451
947 -0.07339764264
948 -0.07339764033
949 -0.07339763749
950 -0.07339763401
951 -0.07339762972
952 -0.07339762446
953 -0.07339761802
954 -0.07339761013
955 -0.07339760048
956 -0.07339758869
957 -0.07339757431
958 -0.07339755677
959 -0.07339753541
960 -0.07339750943
961 -0.07339747785
962 -0.07339743951
963 -0.07339739301
964 -0.07339733668
965 -0.0733972685
966 -0.07339718608
967 -0.07339708654
968 -0.07339696646
969 -0.07339682173
970 -0.0733966475
971 -0.07339643796
972 -0.07339618623
973 -0.07339588412
974 -0.07339552194
975 -0.07339508821
976 -0.07339456932
977 -0.07339394922
978 -0.07339320893
979 -0.07339232611
980 -0.07339127442
981 -0.07339002287
982 -0.07338853505
983 -0.07338676823
984 -0.0733846723
985 -0.07338218859
986 -0.07337924844
987 -0.07337577166
988 -0.07337166465
989 -0.07336681829
990 -0.07336110555
991 -0.07335437865
992 -0.07334646594
993 -0.07333716824
994 -0.07332625472
995 -0.07331345813
996 -0.07329846947
997 -0.07328093187
998 -0.07326043361
999 -0.07323650035
1000 -0.07320858613
1001 -0.07317606338
1002 -0.07313821155
1003 -0.07309420428
1004 -0.07304309505
1005 -0.07298380095
1006 -0.0729150845
1007 -0.07283553331
1008 -0.07274353728
1009 -0.0726372631
1010 -0.07251462585
1011 -0.07237325734
1012 -0.07221047083
1013 -0.07202322195
1014 -0.07180806524
1015 -0.07156110613
1016 -0.07127794772
1017 -0.07095363218
1018 -0.07058257602
1019 -0.07015849893
1020 -0.06967434562
1021 -0.06912220005
1022 -0.06849319155
1023 -0.06777739213
