#54219 2910.0000815931865967 0.0045698963749003880183 1 1405 16.000049430220818044 1024 7 1 J1713+0747 0.0000000 
0 -0.08899591345
1 -0.08899591345
2 -0.08899591345
3 -0.08899591346
4 -0.08899591346
5 -0.08899591346
6 -0.08899591346
7 -0.08899591346
8 -0.08899591346
9 -0.08899591346
10 -0.08899591346
11 -0.08899591347
12 -0.08899591347
13 -0.08899591347
14 -0.08899591347
15 -0.08899591347
16 -0.08899591347
17 -0.08899591347
18 -0.08899591347
19 -0.08899591347
20 -0.08899591347
21 -0.08899591347
22 -0.08899591347
23 -0.08899591347
24 -0.08899591347
25 -0.08899591347
26 -0.08899591347
27 -0.08899591347
28 -0.08899591347
29 -0.08899591347
30 -0.08899591347
31 -0.08899591347
32 -0.08899591347
33 -0.08899591347
34 -0.08899591347
35 -0.08899591347
36 -0.08899591347
37 -0.08899591347
38 -0.08899591347
39 -0.08899591347
40 -0.08899591347
41 -0.08899591347
42 -0.08899591347
43 -0.08899591347
44 -0.08899591347
45 -0.08899591347
46 -0.08899591347
47 -0.08899591347
48 -0.08899591347
49 -0.08899591347
50 -0.08899591347
51 -0.08899591347
52 -0.08899591347
53 -0.08899591347
54 -0.08899591347
55 -0.08899591347
56 -0.08899591347
57 -0.08899591347
58 -0.08899591347
59 -0.08899591347
60 -0.08899591347
61 -0.08899591347
62 -0.08899591347
63 -0.08899591347
64 -0.08899591347
65 -0.08899591347
66 -0.08899591347
67 -0.08899591347
68 -0.08899591347
69 -0.08899591347
70 -0.08899591347
71 -0.08899591347
72 -0.08899591347
73 -0.08899591347
74 -0.08899591347
75 -0.08899591347
76 -0.08899591347
77 -0.08899591347
78 -0.08899591347
79 -0.08899591347
80 -0.08899591347
81 -0.08899591347
82 -0.08899591347
83 -0.08899591347
84 -0.08899591347
85 -0.08899591347
86 -0.08899591347
87 -0.08899591347
88 -0.08899591347
89 -0.08899591347
90 -0.08899591347
91 -0.08899591347
92 -0.08899591347
93 -0.08899591347
94 -0.08899591347
95 -0.08899591347
96 -0.08899591347
97 -0.08899591347
98 -0.08899591347
99 -0.08899591347
100 -0.08899591347
101 -0.08899591347
102 -0.08899591347
103 -0.08899591347
104 -0.08899591347
105 -0.08899591347
106 -0.08899591347
107 -0.08899591347
108 -0.08899591347
109 -0.08899591347
110 -0.08899591347
111 -0.08899591347
112 -0.08899591347
113 -0.08899591347
114 -0.08899591347
115 -0.08899591347
116 -0.08899591347
117 -0.08899591347
118 -0.08899591347
119 -0.08899591347
120 -0.08899591347
121 -0.08899591347
122 -0.08899591347
123 -0.08899591347
124 -0.08899591347
125 -0.08899591347
126 -0.08899591347
127 -0.08899591347
128 -0.08899591347
129 -0.08899591347
130 -0.08899591347
131 -0.08899591347
132 -0.08899591347
133 -0.08899591347
134 -0.08899591347
135 -0.08899591347
136 -0.08899591347
137 -0.08899591347
138 -0.08899591347
139 -0.08899591347
140 -0.08899591347
141 -0.08899591347
142 -0.08899591347
143 -0.08899591347
144 -0.08899591347
145 -0.08899591347
146 -0.08899591347
147 -0.08899591347
148 -0.08899591347
149 -0.08899591347
150 -0.08899591347
151 -0.08899591347
152 -0.08899591347
153 -0.08899591347
154 -0.08899591347
155 -0.08899591347
156 -0.08899591347
157 -0.08899591347
158 -0.08899591347
159 -0.08899591347
160 -0.08899591347
161 -0.08899591347
162 -0.08899591347
163 -0.08899591347
164 -0.08899591347
165 -0.08899591347
166 -0.08899591347
167 -0.08899591347
168 -0.08899591347
169 -0.08899591347
170 -0.08899591347
171 -0.08899591347
172 -0.08899591347
173 -0.08899591347
174 -0.08899591347
175 -0.08899591347
176 -0.08899591347
177 -0.08899591347
178 -0.08899591347
179 -0.08899591347
180 -0.08899591347
181 -0.08899591347
182 -0.08899591347
183 -0.08899591347
184 -0.08899591347
185 -0.08899591347
186 -0.08899591347
187 -0.08899591347
188 -0.08899591347
189 -0.08899591347
190 -0.08899591347
191 -0.08899591347
192 -0.08899591347
193 -0.08899591347
194 -0.08899591347
195 -0.08899591347
196 -0.08899591347
197 -0.08899591347
198 -0.08899591347
199 -0.08899591347
200 -0.08899591347
201 -0.08899591347
202 -0.08899591347
203 -0.08899591347
204 -0.08899591347
205 -0.08899591347
206 -0.08899591347
207 -0.08899591347
208 -0.08899591347
209 -0.08899591347
210 -0.08899591347
211 -0.08899591347
212 -0.08899591347
213 -0.08899591347
214 -0.08899591347
215 -0.08899591347
216 -0.08899591347
217 -0.08899591347
218 -0.08899591347
219 -0.08899591347
220 -0.08899591347
221 -0.08899591347
222 -0.08899591347
223 -0.08899591347
224 -0.08899591347
225 -0.08899591347
226 -0.08899591347
227 -0.08899591347
228 -0.08899591347
229 -0.08899591347
230 -0.08899591347
231 -0.08899591347
232 -0.08899591347
233 -0.08899591347
234 -0.08899591347
235 -0.08899591347
236 -0.08899591347
237 -0.08899591347
238 -0.08899591347
239 -0.08899591347
240 -0.08899591347
241 -0.08899591347
242 -0.08899591347
243 -0.08899591347
244 -0.08899591347
245 -0.08899591347
246 -0.08899591347
247 -0.08899591347
248 -0.08899591347
249 -0.08899591347
250 -0.08899591347
251 -0.08899591347
252 -0.08899591347
253 -0.08899591347
254 -0.08899591347
255 -0.08899591347
256 -0.08899591347
257 -0.08899591347
258 -0.08899591347
259 -0.08899591347
260 -0.08899591347
261 -0.08899591347
262 -0.08899591347
263 -0.08899591347
264 -0.08899591347
265 -0.08899591347
266 -0.08899591347
267 -0.08899591347
268 -0.08899591347
269 -0.08899591347
270 -0.08899591347
271 -0.08899591347
272 -0.08899591347
273 -0.08899591347
274 -0.08899591347
275 -0.08899591347
276 -0.08899591347
277 -0.08899591347
278 -0.08899591347
279 -0.08899591347
280 -0.08899591347
281 -0.08899591347
282 -0.08899591347
283 -0.08899591347
284 -0.08899591347
285 -0.08899591347
286 -0.08899591347
287 -0.08899591347
288 -0.08899591347
289 -0.08899591347
290 -0.08899591347
291 -0.08899591347
292 -0.08899591347
293 -0.08899591347
294 -0.08899591347
295 -0.08899591347
296 -0.08899591347
297 -0.08899591347
298 -0.08899591347
299 -0.08899591347
300 -0.08899591347
301 -0.08899591347
302 -0.08899591347
303 -0.08899591347
304 -0.08899591347
305 -0.08899591347
306 -0.08899591347
307 -0.08899591347
308 -0.08899591347
309 -0.08899591347
310 -0.08899591347
311 -0.08899591347
312 -0.08899591347
313 -0.08899591347
314 -0.08899591347
315 -0.08899591347
316 -0.08899591347
317 -0.08899591347
318 -0.08899591347
319 -0.08899591347
320 -0.08899591347
321 -0.08899591347
322 -0.08899591347
323 -0.08899591347
324 -0.08899591347
325 -0.08899591347
326 -0.08899591347
327 -0.08899591347
328 -0.08899591347
329 -0.08899591347
330 -0.08899591347
331 -0.08899591347
332 -0.08899591347
333 -0.08899591347
334 -0.08899591347
335 -0.08899591347
336 -0.08899591347
337 -0.08899591347
338 -0.08899591347
339 -0.08899591347
340 -0.08899591347
341 -0.08899591347
342 -0.08899591347
343 -0.08899591347
344 -0.08899591347
345 -0.08899591347
346 -0.08899591347
347 -0.08899591347
348 -0.08899591347
349 -0.08899591347
350 -0.08899591347
351 -0.08899591347
352 -0.08899591347
353 -0.08899591347
354 -0.08899591347
355 -0.08899591347
356 -0.08899591347
357 -0.08899591347
358 -0.08899591347
359 -0.08899591347
360 -0.08899591347
361 -0.08899591347
362 -0.08899591347
363 -0.08899591347
364 -0.08899591347
365 -0.08899591347
366 -0.08899591347
367 -0.08899591347
368 -0.08899591347
369 -0.08899591347
370 -0.08899591347
371 -0.08899591347
372 -0.08899591347
373 -0.08899591347
374 -0.08899591347
375 -0.08899591347
376 -0.08899591347
377 -0.08899591347
378 -0.08899591347
379 -0.08899591347
380 -0.08899591347
381 -0.08899591347
382 -0.08899591347
383 -0.08899591347
384 -0.08899591347
385 -0.08899591347
386 -0.08899591347
387 -0.08899591347
388 -0.08899591347
389 -0.08899591347
390 -0.08899591347
391 -0.08899591347
392 -0.08899591347
393 -0.08899591347
394 -0.08899591347
395 -0.08899591347
396 -0.08899591347
397 -0.08899591347
398 -0.08899591347
399 -0.08899591347
400 -0.08899591347
401 -0.08899591347
402 -0.08899591347
403 -0.08899591347
404 -0.08899591347
405 -0.08899591347
406 -0.08899591347
407 -0.08899591347
408 -0.08899591347
409 -0.08899591347
410 -0.08899591347
411 -0.08899591347
412 -0.08899591347
413 -0.08899591347
414 -0.08899591347
415 -0.08899591347
416 -0.08899591347
417 -0.08899591347
418 -0.08899591347
419 -0.08899591347
420 -0.08899591347
421 -0.08899591347
422 -0.08899591347
423 -0.08899591347
424 -0.08899591347
425 -0.08899591347
426 -0.08899591347
427 -0.08899591347
428 -0.08899591347
429 -0.08899591347
430 -0.08899591347
431 -0.08899591347
432 -0.08899591347
433 -0.08899591347
434 -0.08899591347
435 -0.08899591347
436 -0.08899591347
437 -0.08899591347
438 -0.08899591347
439 -0.08899591347
440 -0.08899591347
441 -0.08899591347
442 -0.08899591347
443 -0.08899591347
444 -0.08899591347
445 -0.08899591347
446 -0.08899591347
447 -0.08899591347
448 -0.08899591347
449 -0.08899591347
450 -0.08899591347
451 -0.08899591347
452 -0.08899591347
453 -0.08899591347
454 -0.08899591347
455 -0.08899591347
456 -0.08899591347
457 -0.08899591347
458 -0.08899591347
459 -0.08899591347
460 -0.08899591347
461 -0.08899591347
462 -0.08899591346
463 -0.08899591346
464 -0.08899591346
465 -0.08899591346
466 -0.08899591346
467 -0.08899591346
468 -0.08899591346
469 -0.08899591346
470 -0.08899591346
471 -0.08899591345
472 -0.08899591345
473 -0.08899591344
474 -0.08899591344
475 -0.08899591343
476 -0.08899591342
477 -0.08899591341
478 -0.0889959134
479 -0.08899591338
480 -0.08899591335
481 -0.08899591332
482 -0.08899591329
483 -0.08899591324
484 -0.08899591318
485 -0.08899591311
486 -0.08899591301
487 -0.0889959129
488 -0.08899591275
489 -0.08899591257
490 -0.08899591235
491 -0.08899591207
492 -0.08899591172
493 -0.08899591129
494 -0.08899591076
495 -0.0889959101
496 -0.08899590928
497 -0.08899590827
498 -0.08899590701
499 -0.08899590547
500 -0.08899590356
501 -0.08899590121
502 -0.08899589833
503 -0.08899589478
504 -0.08899589042
505 -0.08899588507
506 -0.08899587852
507 -0.0889958705
508 -0.0889958607
509 -0.08899584873
510 -0.08899583412
511 -0.08899581631
512 -0.08899579463
513 -0.08899576826
514 -0.08899573622
515 -0.08899569733
516 -0.08899565018
517 -0.08899559307
518 -0.08899552397
519 -0.08899544046
520 -0.08899533962
521 -0.08899521799
522 -0.08899507145
523 -0.08899489507
524 -0.088994683
525 -0.08899442829
526 -0.08899412269
527 -0.08899375642
528 -0.08899331788
529 -0.08899279337
530 -0.08899216671
531 -0.08899141879
532 -0.08899052708
533 -0.08898946505
534 -0.08898820151
535 -0.08898669982
536 -0.08898491696
537 -0.08898280252
538 -0.0889802975
539 -0.08897733285
540 -0.08897382798
541 -0.0889696888
542 -0.0889648057
543 -0.08895905105
544 -0.0889522765
545 -0.08894430971
546 -0.08893495079
547 -0.08892396812
548 -0.08891109365
549 -0.08889601751
550 -0.08887838193
551 -0.08885777428
552 -0.08883371926
553 -0.08880567001
554 -0.08877299807
555 -0.08873498206
556 -0.08869079493
557 -0.08863948959
558 -0.0885799828
559 -0.08851103707
560 -0.08843124036
561 -0.08833898344
562 -0.0882324345
563 -0.08810951092
564 -0.08796784778
565 -0.08780476283
566 -0.08761721764
567 -0.08740177445
568 -0.08715454852
569 -0.0868711553
570 -0.08654665231
571 -0.08617547496
572 -0.08575136603
573 -0.08526729818
574 -0.08471538909
575 -0.08408680839
576 -0.0833716762
577 -0.08255895225
578 -0.08163631526
579 -0.08059003184
580 -0.07940481416
581 -0.07806366587
582 -0.07654771559
583 -0.07483603713
584 -0.07290545604
585 -0.07073034159
586 -0.06828238381
587 -0.06553035472
588 -0.0624398534
589 -0.05897303433
590 -0.05508831852
591 -0.05074008705
592 -0.04587835679
593 -0.04044843802
594 -0.03439057397
595 -0.02763956214
596 -0.02012435786
597 -0.01176766012
598 -0.002485480462
599 0.007813304532
600 0.01922741614
601 0.0318636507
602 0.04583736961
603 0.06127300062
604 0.07830454835
605 0.09707611183
606 0.1177424065
607 0.1404692881
608 0.1654342743
609 0.1928270622
610 0.2228500357
611 0.2557187606
612 0.2916624608
613 0.3309244728
614 0.3737626703
615 0.4204498567
616 0.4712741164
617 0.5265391201
618 0.5865643775
619 0.6516854301
620 0.7222539767
621 0.7986379252
622 0.8812213619
623 0.9704044324
624 1.066603125
625 1.170248948
626 1.281788499
627 1.401682911
628 1.530407171
629 1.668449308
630 1.81630944
631 1.974498674
632 2.143537856
633 2.323956161
634 2.516289527
635 2.721078928
636 2.938868468
637 3.170203329
638 3.415627534
639 3.675681552
640 3.950899747
641 4.241807653
642 4.548919112
643 4.872733253
644 5.213731343
645 5.572373506
646 5.949095325
647 6.344304352
648 6.758376517
649 7.191652483
650 7.644433937
651 8.116979866
652 8.609502804
653 9.122165116
654 9.655075305
655 10.20828439
656 10.78178238
657 11.37549484
658 11.98927968
659 12.62292402
660 13.2761413
661 13.9485687
662 14.63976471
663 15.34920705
664 16.07629093
665 16.82032761
666 17.58054339
667 18.35607894
668 19.14598915
669 19.94924328
670 20.76472573
671 21.59123716
672 22.42749621
673 23.27214165
674 24.12373505
675 24.98076405
676 25.84164599
677 26.70473222
678 27.56831282
679 28.43062183
680 29.28984298
681 30.14411592
682 30.99154279
683 31.83019533
684 32.6581223
685 33.47335729
686 34.27392685
687 35.05785888
688 35.82319132
689 36.56798095
690 37.29031244
691 37.98830739
692 38.66013357
693 39.304014
694 39.91823613
695 40.50116079
696 41.05123109
697 41.56698103
698 42.04704393
699 42.49016051
700 42.89518657
701 43.26110039
702 43.58700957
703 43.87215743
704 44.11592887
705 44.31785571
706 44.47762135
707 44.59506487
708 44.67018452
709 44.70314041
710 44.69425665
711 44.64402271
712 44.55309411
713 44.42229235
714 44.25260421
715 44.04518023
716 43.80133256
717 43.52253213
718 43.210405
719 42.86672825
720 42.49342503
721 42.09255907
722 41.66632861
723 41.21705967
724 40.7471988
725 40.25930533
726 39.75604308
727 39.24017163
728 38.71453709
729 38.18206256
730 37.64573813
731 37.10861055
732 36.57377259
733 36.0443521
734 35.52350086
735 35.0143831
736 34.52016391
737 34.04399744
738 33.58901499
739 33.15831291
740 32.7549405
741 32.38188785
742 32.04207355
743 31.73833259
744 31.47340409
745 31.2499193
746 31.07038956
747 30.9371945
748 30.85257034
749 30.81859852
750 30.83719449
751 30.91009689
752 31.03885706
753 31.22482896
754 31.46915959
755 31.77277985
756 32.13639609
757 32.56048219
758 33.04527241
759 33.59075497
760 34.19666641
761 34.86248696
762 35.58743667
763 36.37047272
764 37.21028767
765 38.10530889
766 39.05369916
767 40.05335846
768 41.10192706
769 42.19678988
770 43.33508219
771 44.51369671
772 45.729292
773 46.97830231
774 48.25694873
775 49.56125176
776 50.88704521
777 52.22999133
778 53.58559731
779 54.94923289
780 56.31614911
781 57.68149815
782 59.04035409
783 60.3877345
784 61.71862284
785 63.0279914
786 64.31082476
787 65.56214357
788 66.77702861
789 67.95064474
790 69.0782649
791 70.15529371
792 71.17729074
793 72.13999311
794 73.03933733
795 73.87148031
796 74.63281919
797 75.32001006
798 75.92998521
799 76.459969
800 76.90749207
801 77.27040381
802 77.54688309
803 77.73544701
804 77.83495774
805 77.8446273
806 77.76402035
807 77.59305486
808 77.33200067
809 76.98147609
810 76.54244235
811 76.01619616
812 75.40436029
813 74.70887234
814 73.93197175
815 73.07618514
816 72.14431019
817 71.13939805
818 70.06473457
819 68.92382041
820 67.72035014
821 66.45819067
822 65.14135894
823 63.7739993
824 62.36036048
825 60.90477252
826 59.41162373
827 57.88533789
828 56.33035181
829 54.75109335
830 53.15196025
831 51.53729957
832 49.9113882
833 48.2784143
834 46.6424599
835 45.00748473
836 43.37731132
837 41.75561141
838 40.14589383
839 38.55149373
840 36.97556333
841 35.42106409
842 33.89076035
843 32.38721439
844 30.91278292
845 29.46961497
846 28.05965107
847 26.68462372
848 25.34605906
849 24.04527972
850 22.7834087
851 21.56137422
852 20.3799155
853 19.23958937
854 18.14077749
855 17.08369437
856 16.06839575
857 15.09478759
858 14.16263526
859 13.27157315
860 12.42111435
861 11.61066051
862 10.83951172
863 10.10687632
864 9.411880634
865 8.753578522
866 8.130960726
867 7.542963926
868 6.988479488
869 6.466361851
870 5.975436531
871 5.514507701
872 5.082365335
873 4.677791901
874 4.299568576
875 3.946480996
876 3.617324523
877 3.310909032
878 3.026063235
879 2.761638536
880 2.516512433
881 2.289591491
882 2.07981388
883 1.886151528
884 1.707611874
885 1.543239276
886 1.39211607
887 1.253363322
888 1.126141277
889 1.009649556
890 0.9031270976
891 0.8058518833
892 0.717140465
893 0.6363473177
894 0.5628640389
895 0.4961184151
896 0.4355733752
897 0.3807258498
898 0.3311055533
899 0.286273706
900 0.2458217096
901 0.2093697926
902 0.1765656349
903 0.1470829864
904 0.1206202875
905 0.09689930139
906 0.07566376682
907 0.05667807692
908 0.03972599128
909 0.02460938576
910 0.01114704417
911 -0.0008265046094
912 -0.0114621017
913 -0.02089702342
914 -0.02925599546
915 -0.03665215514
916 -0.04318796174
917 -0.04895605489
918 -0.05404006182
919 -0.05851535422
920 -0.06244975606
921 -0.06590420371
922 -0.06893336006
923 -0.07158618442
924 -0.07390646004
925 -0.07593328134
926 -0.07770150281
927 -0.07924215172
928 -0.08058280667
929 -0.08174794407
930 -0.08275925458
931 -0.08363593159
932 -0.0843949335
933 -0.08505122189
934 -0.08561797718
935 -0.0861067937
936 -0.08652785566
937 -0.08689009563
938 -0.08720133702
939 -0.08746842192
940 -0.08769732554
941 -0.08789325861
942 -0.08806075864
943 -0.0882037713
944 -0.08832572271
945 -0.08842958365
946 -0.08851792643
947 -0.08859297522
948 -0.08865665042
949 -0.08871060786
950 -0.08875627322
951 -0.08879487235
952 -0.08882745776
953 -0.08885493193
954 -0.08887806758
955 -0.08889752542
956 -0.08891386964
957 -0.0889275813
958 -0.08893907005
959 -0.08894868424
960 -0.08895671968
961 -0.08896342724
962 -0.08896901937
963 -0.08897367574
964 -0.08897754811
965 -0.08898076446
966 -0.0889834326
967 -0.08898564322
968 -0.08898747249
969 -0.08898898431
970 -0.08899023222
971 -0.08899126101
972 -0.08899210809
973 -0.0889928047
974 -0.08899337686
975 -0.08899384621
976 -0.08899423074
977 -0.0889945454
978 -0.08899480257
979 -0.08899501248
980 -0.08899518361
981 -0.08899532295
982 -0.08899543626
983 -0.0889955283
984 -0.08899560296
985 -0.08899566345
986 -0.0889957124
987 -0.08899575196
988 -0.08899578389
989 -0.08899580964
990 -0.08899583037
991 -0.08899584704
992 -0.08899586043
993 -0.08899587117
994 -0.08899587978
995 -0.08899588667
996 -0.08899589217
997 -0.08899589657
998 -0.08899590007
999 -0.08899590286
1000 -0.08899590508
1001 -0.08899590684
1002 -0.08899590824
1003 -0.08899590935
1004 -0.08899591023
1005 -0.08899591092
1006 -0.08899591147
1007 -0.0889959119
1008 -0.08899591224
1009 -0.08899591251
1010 -0.08899591272
1011 -0.08899591288
1012 -0.08899591301
1013 -0.08899591311
1014 -0.08899591319
1015 -0.08899591325
1016 -0.0889959133
1017 -0.08899591334
1018 -0.08899591337
1019 -0.08899591339
1020 -0.08899591341
1021 -0.08899591342
1022 -0.08899591343
1023 -0.08899591344
