#54504 2910.0060496859000478 0.0045697929505388841867 1 1301 16.000049430220818044 1024 7 1 J1713+0747 0.0000000 
0 -0.1933775178
1 -0.1933775178
2 -0.1933775178
3 -0.1933775178
4 -0.1933775178
5 -0.1933775178
6 -0.1933775178
7 -0.1933775178
8 -0.1933775178
9 -0.1933775178
10 -0.1933775178
11 -0.1933775178
12 -0.1933775178
13 -0.1933775178
14 -0.1933775178
15 -0.1933775178
16 -0.1933775178
17 -0.1933775178
18 -0.1933775178
19 -0.1933775178
20 -0.1933775178
21 -0.1933775178
22 -0.1933775178
23 -0.1933775178
24 -0.1933775178
25 -0.1933775178
26 -0.1933775178
27 -0.1933775178
28 -0.1933775178
29 -0.1933775178
30 -0.1933775178
31 -0.1933775178
32 -0.1933775178
33 -0.1933775178
34 -0.1933775178
35 -0.1933775178
36 -0.1933775178
37 -0.1933775178
38 -0.1933775178
39 -0.1933775178
40 -0.1933775178
41 -0.1933775178
42 -0.1933775178
43 -0.1933775178
44 -0.1933775178
45 -0.1933775178
46 -0.1933775178
47 -0.1933775178
48 -0.1933775178
49 -0.1933775178
50 -0.1933775178
51 -0.1933775178
52 -0.1933775178
53 -0.1933775178
54 -0.1933775178
55 -0.1933775178
56 -0.1933775178
57 -0.1933775178
58 -0.1933775178
59 -0.1933775178
60 -0.1933775178
61 -0.1933775178
62 -0.1933775178
63 -0.1933775178
64 -0.1933775178
65 -0.1933775178
66 -0.1933775178
67 -0.1933775178
68 -0.1933775178
69 -0.1933775178
70 -0.1933775178
71 -0.1933775178
72 -0.1933775178
73 -0.1933775178
74 -0.1933775178
75 -0.1933775178
76 -0.1933775178
77 -0.1933775178
78 -0.1933775178
79 -0.1933775178
80 -0.1933775178
81 -0.1933775178
82 -0.1933775178
83 -0.1933775178
84 -0.1933775178
85 -0.1933775178
86 -0.1933775178
87 -0.1933775178
88 -0.1933775178
89 -0.1933775178
90 -0.1933775178
91 -0.1933775178
92 -0.1933775178
93 -0.1933775178
94 -0.1933775178
95 -0.1933775178
96 -0.1933775178
97 -0.1933775178
98 -0.1933775178
99 -0.1933775178
100 -0.1933775178
101 -0.1933775178
102 -0.1933775178
103 -0.1933775178
104 -0.1933775178
105 -0.1933775178
106 -0.1933775178
107 -0.1933775178
108 -0.1933775178
109 -0.1933775178
110 -0.1933775178
111 -0.1933775178
112 -0.1933775178
113 -0.1933775178
114 -0.1933775178
115 -0.1933775178
116 -0.1933775178
117 -0.1933775178
118 -0.1933775178
119 -0.1933775178
120 -0.1933775178
121 -0.1933775178
122 -0.1933775178
123 -0.1933775178
124 -0.1933775178
125 -0.1933775178
126 -0.1933775178
127 -0.1933775178
128 -0.1933775178
129 -0.1933775178
130 -0.1933775178
131 -0.1933775178
132 -0.1933775178
133 -0.1933775178
134 -0.1933775178
135 -0.1933775178
136 -0.1933775178
137 -0.1933775178
138 -0.1933775178
139 -0.1933775178
140 -0.1933775178
141 -0.1933775178
142 -0.1933775178
143 -0.1933775178
144 -0.1933775178
145 -0.1933775178
146 -0.1933775178
147 -0.1933775178
148 -0.1933775178
149 -0.1933775178
150 -0.1933775178
151 -0.1933775178
152 -0.1933775178
153 -0.1933775178
154 -0.1933775178
155 -0.1933775178
156 -0.1933775178
157 -0.1933775178
158 -0.1933775178
159 -0.1933775178
160 -0.1933775178
161 -0.1933775178
162 -0.1933775178
163 -0.1933775178
164 -0.1933775178
165 -0.1933775178
166 -0.1933775178
167 -0.1933775178
168 -0.1933775178
169 -0.1933775178
170 -0.1933775178
171 -0.1933775178
172 -0.1933775178
173 -0.1933775178
174 -0.1933775178
175 -0.1933775178
176 -0.1933775178
177 -0.1933775178
178 -0.1933775178
179 -0.1933775178
180 -0.1933775178
181 -0.1933775178
182 -0.1933775178
183 -0.1933775178
184 -0.1933775178
185 -0.1933775178
186 -0.1933775178
187 -0.1933775178
188 -0.1933775178
189 -0.1933775178
190 -0.1933775178
191 -0.1933775178
192 -0.1933775178
193 -0.1933775178
194 -0.1933775178
195 -0.1933775178
196 -0.1933775178
197 -0.1933775178
198 -0.1933775178
199 -0.1933775178
200 -0.1933775178
201 -0.1933775178
202 -0.1933775178
203 -0.1933775178
204 -0.1933775178
205 -0.1933775178
206 -0.1933775178
207 -0.1933775178
208 -0.1933775178
209 -0.1933775178
210 -0.1933775178
211 -0.1933775178
212 -0.1933775178
213 -0.1933775178
214 -0.1933775178
215 -0.1933775178
216 -0.1933775178
217 -0.1933775178
218 -0.1933775178
219 -0.1933775178
220 -0.1933775178
221 -0.1933775178
222 -0.1933775178
223 -0.1933775178
224 -0.1933775178
225 -0.1933775178
226 -0.1933775178
227 -0.1933775178
228 -0.1933775178
229 -0.1933775178
230 -0.1933775178
231 -0.1933775178
232 -0.1933775178
233 -0.1933775178
234 -0.1933775178
235 -0.1933775178
236 -0.1933775178
237 -0.1933775178
238 -0.1933775178
239 -0.1933775178
240 -0.1933775178
241 -0.1933775178
242 -0.1933775178
243 -0.1933775178
244 -0.1933775178
245 -0.1933775178
246 -0.1933775178
247 -0.1933775178
248 -0.1933775178
249 -0.1933775178
250 -0.1933775178
251 -0.1933775178
252 -0.1933775178
253 -0.1933775178
254 -0.1933775178
255 -0.1933775178
256 -0.1933775178
257 -0.1933775178
258 -0.1933775178
259 -0.1933775178
260 -0.1933775178
261 -0.1933775178
262 -0.1933775178
263 -0.1933775178
264 -0.1933775178
265 -0.1933775178
266 -0.1933775178
267 -0.1933775178
268 -0.1933775178
269 -0.1933775178
270 -0.1933775178
271 -0.1933775178
272 -0.1933775178
273 -0.1933775178
274 -0.1933775178
275 -0.1933775178
276 -0.1933775178
277 -0.1933775178
278 -0.1933775178
279 -0.1933775178
280 -0.1933775178
281 -0.1933775178
282 -0.1933775178
283 -0.1933775178
284 -0.1933775178
285 -0.1933775178
286 -0.1933775178
287 -0.1933775178
288 -0.1933775178
289 -0.1933775178
290 -0.1933775178
291 -0.1933775178
292 -0.1933775178
293 -0.1933775178
294 -0.1933775178
295 -0.1933775178
296 -0.1933775178
297 -0.1933775178
298 -0.1933775178
299 -0.1933775178
300 -0.1933775178
301 -0.1933775178
302 -0.1933775178
303 -0.1933775178
304 -0.1933775178
305 -0.1933775178
306 -0.1933775178
307 -0.1933775178
308 -0.1933775178
309 -0.1933775178
310 -0.1933775178
311 -0.1933775178
312 -0.1933775178
313 -0.1933775178
314 -0.1933775178
315 -0.1933775178
316 -0.1933775178
317 -0.1933775178
318 -0.1933775178
319 -0.1933775178
320 -0.1933775178
321 -0.1933775178
322 -0.1933775178
323 -0.1933775178
324 -0.1933775178
325 -0.1933775178
326 -0.1933775178
327 -0.1933775177
328 -0.1933775177
329 -0.1933775177
330 -0.1933775177
331 -0.1933775176
332 -0.1933775176
333 -0.1933775175
334 -0.1933775175
335 -0.1933775174
336 -0.1933775173
337 -0.1933775171
338 -0.1933775169
339 -0.1933775167
340 -0.1933775165
341 -0.1933775161
342 -0.1933775157
343 -0.1933775152
344 -0.1933775145
345 -0.1933775137
346 -0.1933775127
347 -0.1933775115
348 -0.19337751
349 -0.1933775081
350 -0.1933775058
351 -0.1933775029
352 -0.1933774994
353 -0.1933774951
354 -0.1933774899
355 -0.1933774834
356 -0.1933774755
357 -0.1933774658
358 -0.1933774539
359 -0.1933774395
360 -0.1933774219
361 -0.1933774004
362 -0.1933773743
363 -0.1933773425
364 -0.1933773039
365 -0.1933772571
366 -0.1933772004
367 -0.1933771318
368 -0.1933770488
369 -0.1933769485
370 -0.1933768275
371 -0.1933766816
372 -0.1933765059
373 -0.1933762946
374 -0.1933760406
375 -0.1933757358
376 -0.1933753702
377 -0.1933749322
378 -0.1933744082
379 -0.1933737817
380 -0.1933730337
381 -0.1933721413
382 -0.193371078
383 -0.1933698122
384 -0.1933683071
385 -0.1933665192
386 -0.1933643977
387 -0.193361883
388 -0.1933589054
389 -0.1933553833
390 -0.1933512216
391 -0.1933463094
392 -0.1933405174
393 -0.1933336953
394 -0.1933256683
395 -0.1933162338
396 -0.1933051566
397 -0.1932921645
398 -0.1932769426
399 -0.1932591271
400 -0.1932382983
401 -0.1932139723
402 -0.1931855921
403 -0.1931525173
404 -0.1931140123
405 -0.1930692331
406 -0.1930172128
407 -0.192956845
408 -0.1928868647
409 -0.1928058277
410 -0.1927120873
411 -0.1926037677
412 -0.1924787352
413 -0.1923345652
414 -0.1921685063
415 -0.1919774397
416 -0.1917578348
417 -0.1915056993
418 -0.1912165246
419 -0.1908852252
420 -0.1905060722
421 -0.1900726193
422 -0.1895776227
423 -0.1890129521
424 -0.1883694935
425 -0.1876370437
426 -0.1868041935
427 -0.1858582024
428 -0.1847848603
429 -0.1835683389
430 -0.1821910298
431 -0.1806333694
432 -0.1788736501
433 -0.1768878163
434 -0.1746492456
435 -0.1721285136
436 -0.1692931414
437 -0.1661073266
438 -0.1625316557
439 -0.1585227981
440 -0.1540331809
441 -0.1490106449
442 -0.1433980806
443 -0.1371330442
444 -0.1301473544
445 -0.1223666688
446 -0.1137100416
447 -0.104089462
448 -0.09340937435
449 -0.08156618095
450 -0.06844772879
451 -0.05393278128
452 -0.03789047684
453 -0.02017977632
454 -0.0006489015085
455 0.02086523277
456 0.04453758982
457 0.07055558236
458 0.09911964014
459 0.1304437698
460 0.1647561029
461 0.2022994262
462 0.2433316904
463 0.288126491
464 0.3369735145
465 0.3901789452
466 0.448065824
467 0.5109743542
468 0.5792621451
469 0.6533043858
470 0.7334939436
471 0.8202413756
472 0.9139748474
473 1.015139951
474 1.12419941
475 1.241632671
476 1.367935364
477 1.503618627
478 1.649208298
479 1.805243945
480 1.972277749
481 2.150873218
482 2.341603738
483 2.545050949
484 2.761802943
485 2.992452283
486 3.237593843
487 3.497822463
488 3.773730422
489 4.065904736
490 4.374924277
491 4.701356722
492 5.045755338
493 5.408655618
494 5.790571759
495 6.191993026
496 6.613379981
497 7.055160617
498 7.51772641
499 8.001428297
500 8.506572616
501 9.033417026
502 9.582166422
503 10.15296889
504 10.74591171
505 11.36101745
506 11.99824018
507 12.65746181
508 13.33848863
509 14.04104806
510 14.76478561
511 15.50926216
512 16.27395151
513 17.05823828
514 17.86141615
515 18.68268657
516 19.52115782
517 20.37584453
518 21.24566773
519 22.12945531
520 23.0259431
521 23.93377636
522 24.85151194
523 25.7776209
524 26.71049175
525 27.64843421
526 28.58968358
527 29.53240563
528 30.47470207
529 31.41461653
530 32.35014106
531 33.27922317
532 34.19977327
533 35.10967262
534 36.00678167
535 36.88894871
536 37.75401896
537 38.59984384
538 39.42429058
539 40.22525192
540 41.00065604
541 41.7484765
542 42.46674227
543 43.15354772
544 43.80706248
545 44.42554122
546 45.00733321
547 45.55089163
548 46.05478257
549 46.51769364
550 46.93844224
551 47.31598329
552 47.64941647
553 47.93799297
554 48.1811215
555 48.37837383
556 48.52948959
557 48.63438033
558 48.69313294
559 48.7060123
560 48.67346316
561 48.59611126
562 48.4747637
563 48.31040846
564 48.10421322
565 47.85752335
566 47.57185919
567 47.24891246
568 46.89054212
569 46.4987693
570 46.07577169
571 45.62387716
572 45.14555681
573 44.64341732
574 44.12019272
575 43.57873571
576 43.02200827
577 42.45307191
578 41.87507741
579 41.29125414
580 40.70489893
581 40.11936468
582 39.53804854
583 38.96437983
584 38.40180771
585 37.85378857
586 37.32377326
587 36.81519417
588 36.33145205
589 35.87590288
590 35.45184457
591 35.06250363
592 34.71102183
593 34.40044293
594 34.13369942
595 33.91359934
596 33.74281335
597 33.62386183
598 33.55910231
599 33.55071714
600 33.60070146
601 33.71085156
602 33.88275365
603 34.11777311
604 34.41704428
605 34.78146085
606 35.21166695
607 35.70804884
608 36.27072759
609 36.89955245
610 37.59409521
611 38.35364561
612 39.17720774
613 40.06349759
614 41.01094181
615 42.01767772
616 43.0815546
617 44.20013637
618 45.37070563
619 46.59026922
620 47.85556511
621 49.16307098
622 50.50901405
623 51.88938267
624 53.29993923
625 54.73623456
626 56.1936239
627 57.6672841
628 59.15223227
629 60.64334564
630 62.13538267
631 63.62300519
632 65.10080156
633 66.56331068
634 68.00504678
635 69.42052476
636 70.804286
637 72.15092449
638 73.45511303
639 74.7116295
640 75.91538278
641 77.0614384
642 78.14504357
643 79.1616515
644 80.10694475
645 80.97685757
646 81.76759694
647 82.47566225
648 83.09786334
649 83.63133695
650 84.07356131
651 84.42236876
652 84.67595643
653 84.83289469
654 84.89213358
655 84.85300685
656 84.71523387
657 84.47891922
658 84.14454998
659 83.71299091
660 83.18547727
661 82.56360563
662 81.84932259
663 81.04491148
664 80.15297733
665 79.17642997
666 78.11846565
667 76.98254715
668 75.77238265
669 74.49190342
670 73.14524066
671 71.7367015
672 70.27074443
673 68.75195437
674 67.1850175
675 65.57469606
676 63.92580329
677 62.24317875
678 60.53166403
679 58.79607919
680 57.04119996
681 55.2717359
682 53.49230957
683 51.70743695
684 49.92150907
685 48.13877507
686 46.36332661
687 44.59908391
688 42.8497832
689 41.1189658
690 39.40996885
691 37.72591751
692 36.06971883
693 34.44405718
694 32.85139116
695 31.293952
696 29.77374342
697 28.29254278
698 26.85190363
699 25.45315929
700 24.09742771
701 22.7856173
702 21.51843363
703 20.29638707
704 19.1198011
705 17.98882128
706 16.90342471
707 15.86343002
708 14.86850762
709 13.91819025
710 13.01188363
711 12.14887728
712 11.32835526
713 10.54940684
714 9.811037047
715 9.112176994
716 8.451693901
717 7.828400839
718 7.241066081
719 6.68842205
720 6.169173828
721 5.682007192
722 5.225596169
723 4.798610078
724 4.399720062
725 4.027605095
726 3.680957472
727 3.358487776
728 3.05892934
729 2.781042202
730 2.523616585
731 2.285475894
732 2.06547928
733 1.86252376
734 1.675545942
735 1.503523366
736 1.345475484
737 1.200464318
738 1.067594804
739 0.9460148599
740 0.8349152064
741 0.73352895
742 0.6411309702
743 0.5570371247
744 0.4806032998
745 0.411224326
746 0.3483327816
747 0.2913977023
748 0.2399232169
749 0.1934471239
750 0.1515394279
751 0.113800847
752 0.07986130742
753 0.0493784343
754 0.02203605162
755 -0.002457300866
756 -0.02436982494
757 -0.04394788852
758 -0.06141741156
759 -0.07698520833
760 -0.09084028187
761 -0.1031550674
762 -0.1140866226
763 -0.1237777621
764 -0.1323581364
765 -0.1399452537
766 -0.146645445
767 -0.152554773
768 -0.1577598851
769 -0.1623388129
770 -0.1663617185
771 -0.1698915888
772 -0.1729848824
773 -0.1756921272
774 -0.1780584743
775 -0.1801242085
776 -0.181925218
777 -0.183493426
778 -0.1848571856
779 -0.1860416419
780 -0.1870690614
781 -0.1879591319
782 -0.188729236
783 -0.189394698
784 -0.1899690079
785 -0.1904640237
786 -0.1908901534
787 -0.1912565192
788 -0.1915711048
789 -0.1918408875
790 -0.192071956
791 -0.1922696163
792 -0.1924384854
793 -0.1925825753
794 -0.1927053674
795 -0.1928098778
796 -0.1928987167
797 -0.192974139
798 -0.1930380906
799 -0.193092248
800 -0.1931380535
801 -0.1931767466
802 -0.1932093907
803 -0.1932368969
804 -0.193260045
805 -0.1932795009
806 -0.1932958333
807 -0.1933095263
808 -0.1933209922
809 -0.1933305812
810 -0.1933385906
811 -0.1933452722
812 -0.1933508392
813 -0.1933554717
814 -0.1933593218
815 -0.1933625176
816 -0.1933651671
817 -0.1933673608
818 -0.193369175
819 -0.1933706734
820 -0.1933719095
821 -0.1933729279
822 -0.1933737658
823 -0.1933744545
824 -0.1933750198
825 -0.1933754833
826 -0.1933758627
827 -0.1933761731
828 -0.1933764265
829 -0.1933766333
830 -0.1933768017
831 -0.1933769388
832 -0.1933770502
833 -0.1933771406
834 -0.1933772139
835 -0.1933772732
836 -0.1933773212
837 -0.19337736
838 -0.1933773913
839 -0.1933774165
840 -0.1933774368
841 -0.1933774531
842 -0.1933774662
843 -0.1933774766
844 -0.193377485
845 -0.1933774918
846 -0.1933774971
847 -0.1933775014
848 -0.1933775048
849 -0.1933775075
850 -0.1933775097
851 -0.1933775114
852 -0.1933775128
853 -0.1933775138
854 -0.1933775147
855 -0.1933775154
856 -0.1933775159
857 -0.1933775163
858 -0.1933775166
859 -0.1933775169
860 -0.1933775171
861 -0.1933775173
862 -0.1933775174
863 -0.1933775175
864 -0.1933775175
865 -0.1933775176
866 -0.1933775177
867 -0.1933775177
868 -0.1933775177
869 -0.1933775177
870 -0.1933775178
871 -0.1933775178
872 -0.1933775178
873 -0.1933775178
874 -0.1933775178
875 -0.1933775178
876 -0.1933775178
877 -0.1933775178
878 -0.1933775178
879 -0.1933775178
880 -0.1933775178
881 -0.1933775178
882 -0.1933775178
883 -0.1933775178
884 -0.1933775178
885 -0.1933775178
886 -0.1933775178
887 -0.1933775178
888 -0.1933775178
889 -0.1933775178
890 -0.1933775178
891 -0.1933775178
892 -0.1933775178
893 -0.1933775178
894 -0.1933775178
895 -0.1933775178
896 -0.1933775178
897 -0.1933775178
898 -0.1933775178
899 -0.1933775178
900 -0.1933775178
901 -0.1933775178
902 -0.1933775178
903 -0.1933775178
904 -0.1933775178
905 -0.1933775178
906 -0.1933775178
907 -0.1933775178
908 -0.1933775178
909 -0.1933775178
910 -0.1933775178
911 -0.1933775178
912 -0.1933775178
913 -0.1933775178
914 -0.1933775178
915 -0.1933775178
916 -0.1933775178
917 -0.1933775178
918 -0.1933775178
919 -0.1933775178
920 -0.1933775178
921 -0.1933775178
922 -0.1933775178
923 -0.1933775178
924 -0.1933775178
925 -0.1933775178
926 -0.1933775178
927 -0.1933775178
928 -0.1933775178
929 -0.1933775178
930 -0.1933775178
931 -0.1933775178
932 -0.1933775178
933 -0.1933775178
934 -0.1933775178
935 -0.1933775178
936 -0.1933775178
937 -0.1933775178
938 -0.1933775178
939 -0.1933775178
940 -0.1933775178
941 -0.1933775178
942 -0.1933775178
943 -0.1933775178
944 -0.1933775178
945 -0.1933775178
946 -0.1933775178
947 -0.1933775178
948 -0.1933775178
949 -0.1933775178
950 -0.1933775178
951 -0.1933775178
952 -0.1933775178
953 -0.1933775178
954 -0.1933775178
955 -0.1933775178
956 -0.1933775178
957 -0.1933775178
958 -0.1933775178
959 -0.1933775178
960 -0.1933775178
961 -0.1933775178
962 -0.1933775178
963 -0.1933775178
964 -0.1933775178
965 -0.1933775178
966 -0.1933775178
967 -0.1933775178
968 -0.1933775178
969 -0.1933775178
970 -0.1933775178
971 -0.1933775178
972 -0.1933775178
973 -0.1933775178
974 -0.1933775178
975 -0.1933775178
976 -0.1933775178
977 -0.1933775178
978 -0.1933775178
979 -0.1933775178
980 -0.1933775178
981 -0.1933775178
982 -0.1933775178
983 -0.1933775178
984 -0.1933775178
985 -0.1933775178
986 -0.1933775178
987 -0.1933775178
988 -0.1933775178
989 -0.1933775178
990 -0.1933775178
991 -0.1933775178
992 -0.1933775178
993 -0.1933775178
994 -0.1933775178
995 -0.1933775178
996 -0.1933775178
997 -0.1933775178
998 -0.1933775178
999 -0.1933775178
1000 -0.1933775178
1001 -0.1933775178
1002 -0.1933775178
1003 -0.1933775178
1004 -0.1933775178
1005 -0.1933775178
1006 -0.1933775178
1007 -0.1933775178
1008 -0.1933775178
1009 -0.1933775178
1010 -0.1933775178
1011 -0.1933775178
1012 -0.1933775178
1013 -0.1933775178
1014 -0.1933775178
1015 -0.1933775178
1016 -0.1933775178
1017 -0.1933775178
1018 -0.1933775178
1019 -0.1933775178
1020 -0.1933775178
1021 -0.1933775178
1022 -0.1933775178
1023 -0.1933775178
