#53540 2909.9996572505397654 0.0045702102506474124449 1 1309 16.000049430220818044 1024 7 1 J1713+0747 0.0000000 
0 0.2744803439
1 0.2744803252
2 0.2744803102
3 0.2744802981
4 0.2744802884
5 0.2744802807
6 0.2744802745
7 0.2744802695
8 0.2744802656
9 0.2744802625
10 0.27448026
11 0.274480258
12 0.2744802564
13 0.2744802552
14 0.2744802542
15 0.2744802534
16 0.2744802528
17 0.2744802523
18 0.2744802519
19 0.2744802516
20 0.2744802514
21 0.2744802512
22 0.274480251
23 0.2744802509
24 0.2744802508
25 0.2744802508
26 0.2744802507
27 0.2744802507
28 0.2744802506
29 0.2744802506
30 0.2744802506
31 0.2744802506
32 0.2744802506
33 0.2744802506
34 0.2744802505
35 0.2744802505
36 0.2744802505
37 0.2744802505
38 0.2744802505
39 0.2744802505
40 0.2744802505
41 0.2744802505
42 0.2744802505
43 0.2744802505
44 0.2744802505
45 0.2744802505
46 0.2744802505
47 0.2744802505
48 0.2744802505
49 0.2744802505
50 0.2744802505
51 0.2744802505
52 0.2744802505
53 0.2744802505
54 0.2744802505
55 0.2744802505
56 0.2744802505
57 0.2744802505
58 0.2744802505
59 0.2744802505
60 0.2744802505
61 0.2744802505
62 0.2744802505
63 0.2744802505
64 0.2744802505
65 0.2744802505
66 0.2744802505
67 0.2744802505
68 0.2744802505
69 0.2744802505
70 0.2744802505
71 0.2744802505
72 0.2744802505
73 0.2744802505
74 0.2744802505
75 0.2744802505
76 0.2744802505
77 0.2744802505
78 0.2744802505
79 0.2744802505
80 0.2744802505
81 0.2744802505
82 0.2744802505
83 0.2744802505
84 0.2744802505
85 0.2744802505
86 0.2744802505
87 0.2744802505
88 0.2744802505
89 0.2744802505
90 0.2744802505
91 0.2744802505
92 0.2744802505
93 0.2744802505
94 0.2744802505
95 0.2744802505
96 0.2744802505
97 0.2744802505
98 0.2744802505
99 0.2744802505
100 0.2744802505
101 0.2744802505
102 0.2744802505
103 0.2744802505
104 0.2744802505
105 0.2744802505
106 0.2744802505
107 0.2744802505
108 0.2744802505
109 0.2744802505
110 0.2744802505
111 0.2744802505
112 0.2744802505
113 0.2744802505
114 0.2744802505
115 0.2744802505
116 0.2744802505
117 0.2744802505
118 0.2744802505
119 0.2744802505
120 0.2744802505
121 0.2744802505
122 0.2744802505
123 0.2744802505
124 0.2744802505
125 0.2744802505
126 0.2744802505
127 0.2744802505
128 0.2744802505
129 0.2744802505
130 0.2744802505
131 0.2744802505
132 0.2744802505
133 0.2744802505
134 0.2744802505
135 0.2744802505
136 0.2744802505
137 0.2744802505
138 0.2744802505
139 0.2744802505
140 0.2744802505
141 0.2744802505
142 0.2744802505
143 0.2744802505
144 0.2744802505
145 0.2744802505
146 0.2744802505
147 0.2744802505
148 0.2744802505
149 0.2744802505
150 0.2744802505
151 0.2744802505
152 0.2744802505
153 0.2744802505
154 0.2744802505
155 0.2744802505
156 0.2744802505
157 0.2744802505
158 0.2744802505
159 0.2744802505
160 0.2744802505
161 0.2744802505
162 0.2744802505
163 0.2744802505
164 0.2744802505
165 0.2744802505
166 0.2744802505
167 0.2744802505
168 0.2744802505
169 0.2744802505
170 0.2744802505
171 0.2744802505
172 0.2744802505
173 0.2744802505
174 0.2744802505
175 0.2744802505
176 0.2744802505
177 0.2744802505
178 0.2744802505
179 0.2744802505
180 0.2744802505
181 0.2744802505
182 0.2744802505
183 0.2744802505
184 0.2744802505
185 0.2744802505
186 0.2744802505
187 0.2744802505
188 0.2744802505
189 0.2744802505
190 0.2744802505
191 0.2744802505
192 0.2744802505
193 0.2744802505
194 0.2744802505
195 0.2744802505
196 0.2744802505
197 0.2744802505
198 0.2744802505
199 0.2744802505
200 0.2744802505
201 0.2744802505
202 0.2744802505
203 0.2744802505
204 0.2744802505
205 0.2744802505
206 0.2744802505
207 0.2744802505
208 0.2744802505
209 0.2744802505
210 0.2744802505
211 0.2744802505
212 0.2744802505
213 0.2744802505
214 0.2744802505
215 0.2744802505
216 0.2744802505
217 0.2744802505
218 0.2744802505
219 0.2744802505
220 0.2744802505
221 0.2744802505
222 0.2744802505
223 0.2744802505
224 0.2744802505
225 0.2744802505
226 0.2744802505
227 0.2744802505
228 0.2744802505
229 0.2744802505
230 0.2744802505
231 0.2744802505
232 0.2744802505
233 0.2744802505
234 0.2744802505
235 0.2744802505
236 0.2744802505
237 0.2744802505
238 0.2744802505
239 0.2744802505
240 0.2744802505
241 0.2744802505
242 0.2744802505
243 0.2744802505
244 0.2744802505
245 0.2744802505
246 0.2744802505
247 0.2744802505
248 0.2744802505
249 0.2744802505
250 0.2744802505
251 0.2744802505
252 0.2744802505
253 0.2744802505
254 0.2744802505
255 0.2744802505
256 0.2744802505
257 0.2744802505
258 0.2744802505
259 0.2744802505
260 0.2744802505
261 0.2744802505
262 0.2744802505
263 0.2744802505
264 0.2744802505
265 0.2744802505
266 0.2744802505
267 0.2744802505
268 0.2744802505
269 0.2744802505
270 0.2744802505
271 0.2744802505
272 0.2744802505
273 0.2744802505
274 0.2744802505
275 0.2744802505
276 0.2744802505
277 0.2744802505
278 0.2744802505
279 0.2744802505
280 0.2744802505
281 0.2744802505
282 0.2744802505
283 0.2744802505
284 0.2744802505
285 0.2744802505
286 0.2744802505
287 0.2744802505
288 0.2744802505
289 0.2744802505
290 0.2744802505
291 0.2744802505
292 0.2744802505
293 0.2744802505
294 0.2744802505
295 0.2744802505
296 0.2744802505
297 0.2744802505
298 0.2744802505
299 0.2744802505
300 0.2744802505
301 0.2744802505
302 0.2744802505
303 0.2744802505
304 0.2744802505
305 0.2744802505
306 0.2744802505
307 0.2744802505
308 0.2744802505
309 0.2744802505
310 0.2744802505
311 0.2744802505
312 0.2744802505
313 0.2744802505
314 0.2744802505
315 0.2744802505
316 0.2744802505
317 0.2744802505
318 0.2744802505
319 0.2744802505
320 0.2744802505
321 0.2744802505
322 0.2744802505
323 0.2744802505
324 0.2744802505
325 0.2744802505
326 0.2744802505
327 0.2744802505
328 0.2744802505
329 0.2744802505
330 0.2744802505
331 0.2744802505
332 0.2744802505
333 0.2744802505
334 0.2744802505
335 0.2744802505
336 0.2744802505
337 0.2744802505
338 0.2744802505
339 0.2744802505
340 0.2744802505
341 0.2744802505
342 0.2744802505
343 0.2744802505
344 0.2744802505
345 0.2744802505
346 0.2744802505
347 0.2744802505
348 0.2744802505
349 0.2744802505
350 0.2744802505
351 0.2744802505
352 0.2744802505
353 0.2744802505
354 0.2744802505
355 0.2744802505
356 0.2744802505
357 0.2744802505
358 0.2744802505
359 0.2744802505
360 0.2744802505
361 0.2744802505
362 0.2744802505
363 0.2744802505
364 0.2744802505
365 0.2744802505
366 0.2744802505
367 0.2744802505
368 0.2744802505
369 0.2744802505
370 0.2744802505
371 0.2744802505
372 0.2744802505
373 0.2744802505
374 0.2744802505
375 0.2744802505
376 0.2744802505
377 0.2744802505
378 0.2744802505
379 0.2744802505
380 0.2744802505
381 0.2744802505
382 0.2744802505
383 0.2744802505
384 0.2744802505
385 0.2744802505
386 0.2744802505
387 0.2744802505
388 0.2744802505
389 0.2744802505
390 0.2744802505
391 0.2744802505
392 0.2744802505
393 0.2744802505
394 0.2744802505
395 0.2744802505
396 0.2744802505
397 0.2744802505
398 0.2744802505
399 0.2744802505
400 0.2744802505
401 0.2744802505
402 0.2744802505
403 0.2744802505
404 0.2744802505
405 0.2744802505
406 0.2744802505
407 0.2744802505
408 0.2744802505
409 0.2744802505
410 0.2744802505
411 0.2744802505
412 0.2744802505
413 0.2744802505
414 0.2744802505
415 0.2744802505
416 0.2744802505
417 0.2744802505
418 0.2744802505
419 0.2744802505
420 0.2744802505
421 0.2744802505
422 0.2744802505
423 0.2744802505
424 0.2744802505
425 0.2744802505
426 0.2744802505
427 0.2744802505
428 0.2744802505
429 0.2744802505
430 0.2744802505
431 0.2744802505
432 0.2744802505
433 0.2744802505
434 0.2744802505
435 0.2744802505
436 0.2744802505
437 0.2744802505
438 0.2744802505
439 0.2744802505
440 0.2744802505
441 0.2744802505
442 0.2744802505
443 0.2744802505
444 0.2744802505
445 0.2744802505
446 0.2744802505
447 0.2744802505
448 0.2744802505
449 0.2744802505
450 0.2744802505
451 0.2744802505
452 0.2744802505
453 0.2744802505
454 0.2744802505
455 0.2744802505
456 0.2744802505
457 0.2744802505
458 0.2744802505
459 0.2744802505
460 0.2744802505
461 0.2744802505
462 0.2744802505
463 0.2744802505
464 0.2744802505
465 0.2744802505
466 0.2744802505
467 0.2744802505
468 0.2744802505
469 0.2744802505
470 0.2744802505
471 0.2744802505
472 0.2744802505
473 0.2744802505
474 0.2744802505
475 0.2744802505
476 0.2744802505
477 0.2744802505
478 0.2744802505
479 0.2744802505
480 0.2744802505
481 0.2744802505
482 0.2744802505
483 0.2744802505
484 0.2744802505
485 0.2744802505
486 0.2744802505
487 0.2744802505
488 0.2744802505
489 0.2744802505
490 0.2744802505
491 0.2744802505
492 0.2744802505
493 0.2744802505
494 0.2744802505
495 0.2744802505
496 0.2744802505
497 0.2744802505
498 0.2744802505
499 0.2744802505
500 0.2744802505
501 0.2744802505
502 0.2744802505
503 0.2744802505
504 0.2744802505
505 0.2744802505
506 0.2744802505
507 0.2744802505
508 0.2744802505
509 0.2744802506
510 0.2744802506
511 0.2744802506
512 0.2744802506
513 0.2744802506
514 0.2744802506
515 0.2744802507
516 0.2744802507
517 0.2744802508
518 0.2744802508
519 0.2744802509
520 0.274480251
521 0.2744802511
522 0.2744802513
523 0.2744802514
524 0.2744802517
525 0.274480252
526 0.2744802523
527 0.2744802528
528 0.2744802533
529 0.274480254
530 0.2744802548
531 0.2744802559
532 0.2744802572
533 0.2744802588
534 0.2744802607
535 0.2744802631
536 0.2744802661
537 0.2744802698
538 0.2744802743
539 0.2744802798
540 0.2744802865
541 0.2744802948
542 0.2744803049
543 0.2744803173
544 0.2744803324
545 0.2744803508
546 0.2744803732
547 0.2744804004
548 0.2744804335
549 0.2744804737
550 0.2744805225
551 0.2744805816
552 0.274480653
553 0.2744807394
554 0.2744808438
555 0.2744809697
556 0.2744811214
557 0.274481304
558 0.2744815237
559 0.2744817875
560 0.2744821042
561 0.2744824838
562 0.2744829384
563 0.2744834822
564 0.2744841321
565 0.2744849078
566 0.274485833
567 0.274486935
568 0.2744882465
569 0.2744898054
570 0.2744916566
571 0.2744938526
572 0.2744964548
573 0.2744995351
574 0.2745031775
575 0.27450748
576 0.2745125568
577 0.274518541
578 0.2745255873
579 0.2745338755
580 0.274543614
581 0.2745550445
582 0.2745684468
583 0.2745841444
584 0.2746025109
585 0.2746239772
586 0.2746490398
587 0.2746782702
588 0.2747123252
589 0.274751959
590 0.2747980364
591 0.274851548
592 0.2749136269
593 0.2749855682
594 0.2750688497
595 0.2751651562
596 0.275276406
597 0.2754047804
598 0.275552757
599 0.2757231468
600 0.2759191345
601 0.2761443245
602 0.2764027908
603 0.2766991325
604 0.2770385355
605 0.2774268397
606 0.2778706136
607 0.278377236
608 0.2789549855
609 0.2796131386
610 0.2803620773
611 0.2812134056
612 0.2821800773
613 0.2832765347
614 0.2845188585
615 0.2859249316
616 0.2875146146
617 0.2893099364
618 0.2913352991
619 0.2936176984
620 0.2961869596
621 0.299075991
622 0.3023210545
623 0.3059620534
624 0.3100428396
625 0.3146115388
626 0.3197208951
627 0.3254286352
628 0.3317978519
629 0.3388974069
630 0.3468023532
631 0.3555943763
632 0.365362254
633 0.3762023339
634 0.3882190274
635 0.4015253196
636 0.4162432935
637 0.4325046663
638 0.4504513359
639 0.4702359365
640 0.4920223979
641 0.5159865093
642 0.5423164799
643 0.5712134966
644 0.6028922721
645 0.637581579
646 0.6755247673
647 0.7169802569
648 0.7622220015
649 0.8115399174
650 0.8652402707
651 0.9236460159
652 0.9870970793
653 1.05595058
654 1.130580978
655 1.211380151
656 1.298757375
657 1.393139218
658 1.494969328
659 1.604708113
660 1.722832298
661 1.849834359
662 1.986221817
663 2.1325164
664 2.289253041
665 2.456978733
666 2.636251221
667 2.827637514
668 3.031712247
669 3.249055846
670 3.480252533
671 3.725888141
672 3.986547755
673 4.262813175
674 4.555260199
675 4.86445574
676 5.190954777
677 5.53529714
678 5.898004154
679 6.279575142
680 6.680483796
681 7.101174443
682 7.542058212
683 8.003509121
684 8.485860107
685 8.989399023
686 9.514364611
687 10.0609425
688 10.62926122
689 11.21938831
690 11.8313265
691 12.46500997
692 13.1203009
693 13.79698603
694 14.49477356
695 15.21329023
696 15.95207874
697 16.71059541
698 17.48820823
699 18.28419525
700 19.09774341
701 19.92794775
702 20.77381109
703 21.63424416
704 22.50806632
705 23.39400662
706 24.29070557
707 25.19671733
708 26.11051251
709 27.03048146
710 27.9549382
711 28.88212486
712 29.81021664
713 30.73732736
714 31.66151551
715 32.5807908
716 33.49312119
717 34.39644041
718 35.28865585
719 36.16765688
720 37.03132353
721 37.87753548
722 38.70418124
723 39.50916771
724 40.29042977
725 41.04594005
726 41.77371879
727 42.47184366
728 43.13845957
729 43.77178839
730 44.37013851
731 44.93191415
732 45.45562449
733 45.93989236
734 46.38346271
735 46.78521051
736 47.14414828
737 47.45943304
738 47.73037277
739 47.95643221
740 48.13723805
741 48.27258349
742 48.36243203
743 48.40692061
744 48.40636203
745 48.36124655
746 48.27224277
747 48.14019778
748 47.96613645
749 47.75126006
750 47.49694409
751 47.20473528
752 46.87634799
753 46.51365977
754 46.11870628
755 45.69367549
756 45.2409013
757 44.76285639
758 44.26214462
759 43.74149274
760 43.20374164
761 42.65183701
762 42.08881958
763 41.51781492
764 40.94202274
765 40.36470593
766 39.78917914
767 39.21879712
768 38.65694274
769 38.10701475
770 37.57241535
771 37.05653755
772 36.56275234
773 36.09439581
774 35.65475611
775 35.24706034
776 34.87446147
777 34.54002518
778 34.24671682
779 33.99738836
780 33.7947655
781 33.64143493
782 33.53983175
783 33.49222714
784 33.50071627
785 33.56720665
786 33.6934067
787 33.88081489
788 34.13070927
789 34.44413761
790 34.82190813
791 35.26458086
792 35.77245983
793 36.34558595
794 36.98373084
795 37.68639154
796 38.4527863
797 39.28185133
798 40.17223874
799 41.12231572
800 42.13016484
801 43.19358578
802 44.31009835
803 45.47694686
804 46.69110604
805 47.94928827
806 49.24795239
807 50.58331391
808 51.95135678
809 53.34784654
810 54.76834497
811 56.20822617
812 57.66269387
813 59.12680024
814 60.59546572
815 62.06350018
816 63.52562497
817 64.97649601
818 66.41072766
819 67.82291728
820 69.20767035
821 70.55962597
822 71.87348265
823 73.14402409
824 74.36614498
825 75.53487649
826 76.64541128
827 77.69312804
828 78.6736151
829 79.58269316
830 80.41643696
831 81.17119554
832 81.84361119
833 82.4306368
834 82.92955145
835 83.33797425
836 83.65387624
837 83.87559018
838 84.00181839
839 84.03163831
840 83.9645059
841 83.80025685
842 83.53910546
843 83.18164144
844 82.72882439
845 82.18197621
846 81.54277137
847 80.81322529
848 79.99568067
849 79.09279214
850 78.10750923
851 77.04305778
852 75.90291999
853 74.69081327
854 73.41066801
855 72.06660452
856 70.66290919
857 69.20401024
858 67.69445304
859 66.13887534
860 64.54198244
861 62.90852267
862 61.24326314
863 59.55096606
864 57.83636574
865 56.10414642
866 54.35892103
867 52.60521105
868 50.84742758
869 49.08985367
870 47.33662801
871 45.59173005
872 43.85896667
873 42.14196033
874 40.44413874
875 38.76872619
876 37.11873635
877 35.49696673
878 33.90599455
879 32.34817418
880 30.82563597
881 29.34028653
882 27.89381024
883 26.48767206
884 25.1231215
885 23.80119761
886 22.52273504
887 21.2883709
888 20.09855249
889 18.95354564
890 17.85344378
891 16.79817735
892 15.78752371
893 14.82111739
894 13.89846044
895 13.01893304
896 12.18180408
897 11.38624176
898 10.63132402
899 9.916048921
900 9.239344688
901 8.600079516
902 7.997071048
903 7.429095467
904 6.894896182
905 6.393192068
906 5.922685241
907 5.482068343
908 5.070031332
909 4.685267759
910 4.326480528
911 3.992387152
912 3.681724495
913 3.393253011
914 3.125760504
915 2.878065408
916 2.649019612
917 2.437510848
918 2.242464669
919 2.062846026
920 1.897660483
921 1.745955089
922 1.606818924
923 1.479383364
924 1.362822069
925 1.256350732
926 1.159226616
927 1.070747891
928 0.9902528042
929 0.9171187074
930 0.8507609511
931 0.7906316796
932 0.7362185366
933 0.687043304
934 0.6426604868
935 0.6026558631
936 0.5666450094
937 0.5342718165
938 0.5052070055
939 0.4791466552
940 0.4558107489
941 0.4349417483
942 0.4163032022
943 0.3996783942
944 0.384869035
945 0.3716940022
946 0.3599881323
947 0.3496010642
948 0.340396139
949 0.332249354
950 0.3250483738
951 0.3186915964
952 0.3130872746
953 0.308152692
954 0.3038133921
955 0.3000024584
956 0.2966598447
957 0.2937317534
958 0.2911700598
959 0.2889317795
960 0.2869785784
961 0.2852763212
962 0.2837946577
963 0.2825066432
964 0.2813883929
965 0.2804187654
966 0.2795790755
967 0.2788528335
968 0.2782255081
969 0.2776843134
970 0.2772180148
971 0.2768167557
972 0.2764719011
973 0.2761758967
974 0.2759221435
975 0.275704885
976 0.2755191073
977 0.2753604488
978 0.2752251215
979 0.2751098397
980 0.2750117578
981 0.2749284144
982 0.2748576837
983 0.2747977325
984 0.2747469817
985 0.2747040732
986 0.2746678408
987 0.2746372839
988 0.2746115459
989 0.2745898939
990 0.2745717021
991 0.2745564367
992 0.2745436428
993 0.2745329337
994 0.2745239809
995 0.2745165058
996 0.2745102721
997 0.2745050803
998 0.2745007615
999 0.2744971735
1000 0.2744941963
1001 0.274491729
1002 0.2744896868
1003 0.2744879986
1004 0.2744866047
1005 0.2744854553
1006 0.2744845087
1007 0.2744837301
1008 0.2744830904
1009 0.2744825655
1010 0.2744821353
1011 0.2744817832
1012 0.2744814954
1013 0.2744812604
1014 0.2744810688
1015 0.2744809128
1016 0.2744807858
1017 0.2744806827
1018 0.274480599
1019 0.2744805312
1020 0.2744804763
1021 0.2744804319
1022 0.2744803961
1023 0.2744803672
