#54438 2910.0029190123102276 0.0045701672816773550312 1 1365 16.000049430220818044 1024 7 1 J1713+0747 0.0000000 
0 -0.2648167548
1 -0.2648167548
2 -0.2648167548
3 -0.2648167548
4 -0.2648167548
5 -0.2648167548
6 -0.2648167548
7 -0.2648167548
8 -0.2648167548
9 -0.2648167548
10 -0.2648167548
11 -0.2648167548
12 -0.2648167548
13 -0.2648167548
14 -0.2648167548
15 -0.2648167548
16 -0.2648167548
17 -0.2648167548
18 -0.2648167548
19 -0.2648167548
20 -0.2648167548
21 -0.2648167548
22 -0.2648167548
23 -0.2648167548
24 -0.2648167548
25 -0.2648167548
26 -0.2648167548
27 -0.2648167548
28 -0.2648167548
29 -0.2648167548
30 -0.2648167548
31 -0.2648167548
32 -0.2648167548
33 -0.2648167548
34 -0.2648167548
35 -0.2648167548
36 -0.2648167548
37 -0.2648167548
38 -0.2648167548
39 -0.2648167548
40 -0.2648167548
41 -0.2648167548
42 -0.2648167548
43 -0.2648167548
44 -0.2648167548
45 -0.2648167548
46 -0.2648167548
47 -0.2648167548
48 -0.2648167548
49 -0.2648167548
50 -0.2648167548
51 -0.2648167548
52 -0.2648167548
53 -0.2648167548
54 -0.2648167548
55 -0.2648167548
56 -0.2648167548
57 -0.2648167548
58 -0.2648167548
59 -0.2648167548
60 -0.2648167548
61 -0.2648167548
62 -0.2648167548
63 -0.2648167548
64 -0.2648167548
65 -0.2648167548
66 -0.2648167548
67 -0.2648167548
68 -0.2648167548
69 -0.2648167548
70 -0.2648167548
71 -0.2648167548
72 -0.2648167548
73 -0.2648167548
74 -0.2648167548
75 -0.2648167548
76 -0.2648167548
77 -0.2648167548
78 -0.2648167548
79 -0.2648167548
80 -0.2648167548
81 -0.2648167548
82 -0.2648167548
83 -0.2648167548
84 -0.2648167548
85 -0.2648167548
86 -0.2648167548
87 -0.2648167548
88 -0.2648167548
89 -0.2648167548
90 -0.2648167548
91 -0.2648167548
92 -0.2648167548
93 -0.2648167548
94 -0.2648167548
95 -0.2648167548
96 -0.2648167548
97 -0.2648167548
98 -0.2648167548
99 -0.2648167548
100 -0.2648167548
101 -0.2648167548
102 -0.2648167548
103 -0.2648167548
104 -0.2648167548
105 -0.2648167548
106 -0.2648167548
107 -0.2648167548
108 -0.2648167548
109 -0.2648167548
110 -0.2648167548
111 -0.2648167548
112 -0.2648167548
113 -0.2648167548
114 -0.2648167548
115 -0.2648167548
116 -0.2648167548
117 -0.2648167548
118 -0.2648167548
119 -0.2648167548
120 -0.2648167548
121 -0.2648167548
122 -0.2648167548
123 -0.2648167548
124 -0.2648167548
125 -0.2648167548
126 -0.2648167548
127 -0.2648167548
128 -0.2648167548
129 -0.2648167548
130 -0.2648167548
131 -0.2648167548
132 -0.2648167548
133 -0.2648167548
134 -0.2648167548
135 -0.2648167548
136 -0.2648167548
137 -0.2648167548
138 -0.2648167548
139 -0.2648167548
140 -0.2648167548
141 -0.2648167548
142 -0.2648167548
143 -0.2648167548
144 -0.2648167548
145 -0.2648167548
146 -0.2648167548
147 -0.2648167548
148 -0.2648167548
149 -0.2648167548
150 -0.2648167548
151 -0.2648167548
152 -0.2648167548
153 -0.2648167548
154 -0.2648167548
155 -0.2648167548
156 -0.2648167548
157 -0.2648167548
158 -0.2648167548
159 -0.2648167548
160 -0.2648167548
161 -0.2648167548
162 -0.2648167548
163 -0.2648167548
164 -0.2648167548
165 -0.2648167548
166 -0.2648167548
167 -0.2648167548
168 -0.2648167548
169 -0.2648167548
170 -0.2648167548
171 -0.2648167548
172 -0.2648167548
173 -0.2648167548
174 -0.2648167548
175 -0.2648167548
176 -0.2648167548
177 -0.2648167548
178 -0.2648167548
179 -0.2648167548
180 -0.2648167548
181 -0.2648167548
182 -0.2648167548
183 -0.2648167548
184 -0.2648167548
185 -0.2648167548
186 -0.2648167548
187 -0.2648167548
188 -0.2648167548
189 -0.2648167548
190 -0.2648167548
191 -0.2648167548
192 -0.2648167548
193 -0.2648167548
194 -0.2648167548
195 -0.2648167548
196 -0.2648167548
197 -0.2648167548
198 -0.2648167548
199 -0.2648167548
200 -0.2648167548
201 -0.2648167548
202 -0.2648167548
203 -0.2648167548
204 -0.2648167548
205 -0.2648167548
206 -0.2648167548
207 -0.2648167548
208 -0.2648167548
209 -0.2648167548
210 -0.2648167548
211 -0.2648167548
212 -0.2648167548
213 -0.2648167548
214 -0.2648167548
215 -0.2648167548
216 -0.2648167548
217 -0.2648167548
218 -0.2648167547
219 -0.2648167547
220 -0.2648167547
221 -0.2648167547
222 -0.2648167547
223 -0.2648167547
224 -0.2648167547
225 -0.2648167547
226 -0.2648167547
227 -0.2648167547
228 -0.2648167546
229 -0.2648167546
230 -0.2648167545
231 -0.2648167545
232 -0.2648167544
233 -0.2648167543
234 -0.2648167542
235 -0.2648167541
236 -0.2648167539
237 -0.2648167537
238 -0.2648167535
239 -0.2648167531
240 -0.2648167527
241 -0.2648167522
242 -0.2648167516
243 -0.2648167508
244 -0.2648167499
245 -0.2648167487
246 -0.2648167472
247 -0.2648167455
248 -0.2648167432
249 -0.2648167405
250 -0.2648167372
251 -0.2648167331
252 -0.264816728
253 -0.2648167218
254 -0.2648167143
255 -0.264816705
256 -0.2648166937
257 -0.2648166799
258 -0.264816663
259 -0.2648166425
260 -0.2648166176
261 -0.2648165872
262 -0.2648165504
263 -0.2648165057
264 -0.2648164515
265 -0.264816386
266 -0.2648163067
267 -0.2648162109
268 -0.2648160954
269 -0.2648159561
270 -0.2648157884
271 -0.2648155867
272 -0.2648153443
273 -0.2648150533
274 -0.2648147044
275 -0.2648142865
276 -0.2648137865
277 -0.2648131888
278 -0.2648124751
279 -0.2648116238
280 -0.2648106095
281 -0.2648094022
282 -0.2648079667
283 -0.2648062617
284 -0.2648042386
285 -0.2648018408
286 -0.2647990018
287 -0.264795644
288 -0.2647916766
289 -0.2647869942
290 -0.2647814736
291 -0.2647749716
292 -0.264767322
293 -0.2647583316
294 -0.2647477767
295 -0.2647353982
296 -0.2647208963
297 -0.2647039249
298 -0.2646840844
299 -0.2646609145
300 -0.2646338853
301 -0.2646023874
302 -0.264565721
303 -0.2645230834
304 -0.2644735549
305 -0.2644160833
306 -0.2643494656
307 -0.2642723286
308 -0.2641831066
309 -0.2640800163
310 -0.2639610292
311 -0.2638238409
312 -0.2636658362
313 -0.2634840511
314 -0.2632751306
315 -0.2630352811
316 -0.2627602191
317 -0.2624451132
318 -0.2620845213
319 -0.2616723206
320 -0.2612016311
321 -0.2606647316
322 -0.2600529679
323 -0.2593566517
324 -0.2585649515
325 -0.2576657721
326 -0.2566456252
327 -0.2554894875
328 -0.2541806476
329 -0.2527005408
330 -0.2510285692
331 -0.2491419097
332 -0.247015306
333 -0.2446208463
334 -0.2419277246
335 -0.2389019858
336 -0.2355062536
337 -0.2316994411
338 -0.2274364437
339 -0.2226678131
340 -0.2173394136
341 -0.2113920589
342 -0.2047611312
343 -0.1973761812
344 -0.1891605096
345 -0.1800307318
346 -0.1698963244
347 -0.1586591561
348 -0.1462130032
349 -0.1324430512
350 -0.117225384
351 -0.1004264631
352 -0.08190259814
353 -0.06149941207
354 -0.03905130285
355 -0.0143809059
356 0.01270144014
357 0.04239821986
358 0.07492525594
359 0.1105122075
360 0.1494030471
361 0.1918565113
362 0.2381465185
363 0.2885625488
364 0.3434099784
365 0.4030103635
366 0.4677016647
367 0.5378384066
368 0.6137917634
369 0.6959495648
370 0.7847162122
371 0.8805124991
372 0.9837753275
373 1.094957312
374 1.214526263
375 1.342964545
376 1.480768301
377 1.628446529
378 1.78652002
379 1.955520137
380 2.135987437
381 2.328470128
382 2.533522362
383 2.751702359
384 2.983570355
385 3.229686384
386 3.490607888
387 3.766887156
388 4.059068604
389 4.367685883
390 4.693258852
391 5.036290386
392 5.397263063
393 5.776635722
394 6.174839907
395 6.592276226
396 7.029310617
397 7.486270565
398 7.963441279
399 8.461061838
400 8.979321357
401 9.518355178
402 10.07824111
403 10.65899575
404 11.26057094
405 11.88285033
406 12.52564613
407 13.18869605
408 13.87166049
409 14.57411996
410 15.29557282
411 16.03543331
412 16.79302997
413 17.56760436
414 18.3583103
415 19.1642134
416 19.98429113
417 20.81743334
418 21.66244326
419 22.51803898
420 23.38285549
421 24.25544722
422 25.13429109
423 26.01779014
424 26.90427763
425 27.79202172
426 28.67923065
427 29.5640584
428 30.44461087
429 31.31895249
430 32.18511332
431 33.04109655
432 33.88488632
433 34.71445599
434 35.52777662
435 36.32282583
436 37.09759673
437 37.85010719
438 38.57840912
439 39.28059785
440 39.95482162
441 40.5992909
442 41.21228774
443 41.79217493
444 42.33740501
445 42.84652899
446 43.3182048
447 43.75120544
448 44.14442662
449 44.4968941
450 44.80777045
451 45.0763613
452 45.30212106
453 45.48465804
454 45.62373888
455 45.71929242
456 45.77141277
457 45.78036184
458 45.746571
459 45.6706421
460 45.55334774
461 45.39563081
462 45.19860332
463 44.96354439
464 44.69189769
465 44.38526803
466 44.04541734
467 43.67425991
468 43.27385701
469 42.84641089
470 42.39425814
471 41.91986245
472 41.4258069
473 40.91478561
474 40.38959499
475 39.85312444
476 39.30834671
477 38.75830777
478 38.20611638
479 37.65493323
480 37.10795987
481 36.56842731
482 36.03958432
483 35.52468567
484 35.02697996
485 34.5496975
486 34.09603793
487 33.66915777
488 33.27215796
489 32.90807125
490 32.5798497
491 32.29035214
492 32.04233168
493 31.83842339
494 31.68113202
495 31.57281994
496 31.51569534
497 31.51180055
498 31.56300082
499 31.67097337
500 31.8371968
501 32.06294106
502 32.34925786
503 32.69697166
504 33.10667127
505 33.57870221
506 34.11315976
507 34.70988281
508 35.36844866
509 36.08816871
510 36.86808516
511 37.70696882
512 38.603318
513 39.55535859
514 40.56104541
515 41.6180648
516 42.72383854
517 43.87552917
518 45.0700466
519 46.30405626
520 47.57398853
521 48.87604966
522 50.20623412
523 51.56033822
524 52.93397524
525 54.32259173
526 55.72148518
527 57.12582279
528 58.53066142
529 59.93096851
530 61.321644
531 62.69754293
532 64.05349885
533 65.38434774
534 66.68495234
535 67.95022671
536 69.17516099
537 70.35484607
538 71.48449798
539 72.55948206
540 73.57533641
541 74.52779478
542 75.41280847
543 76.22656731
544 76.96551936
545 77.6263893
546 78.2061954
547 78.70226478
548 79.11224709
549 79.43412624
550 79.66623029
551 79.80723929
552 79.85619113
553 79.81248527
554 79.67588431
555 79.44651344
556 79.12485782
557 78.71175778
558 78.20840197
559 77.61631856
560 76.93736444
561 76.17371261
562 75.32783787
563 74.40250079
564 73.40073034
565 72.325805
566 71.18123283
567 69.97073039
568 68.69820083
569 67.36771127
570 65.98346967
571 64.54980125
572 63.07112485
573 61.55192918
574 59.99674924
575 58.4101431
576 56.79666909
577 55.16086363
578 53.50721989
579 51.84016719
580 50.16405156
581 48.48311734
582 46.80148999
583 45.12316021
584 43.45196942
585 41.79159665
586 40.14554688
587 38.51714086
588 36.90950646
589 35.32557148
590 33.76805798
591 32.23947805
592 30.74213102
593 29.27810208
594 27.84926222
595 26.45726942
596 25.1035711
597 23.78940762
598 22.51581692
599 21.28364004
600 20.09352755
601 18.94594674
602 17.84118955
603 16.77938099
604 15.76048815
605 14.78432959
606 13.85058503
607 12.95880527
608 12.1084223
609 11.29875939
610 10.52904128
611 9.798404176
612 9.105905698
613 8.450534553
614 7.831219987
615 7.246840916
616 6.696234708
617 6.17820558
618 5.691532579
619 5.234977114
620 4.807290038
621 4.40721824
622 4.033510764
623 3.684924424
624 3.360228942
625 3.058211588
626 2.777681345
627 2.517472602
628 2.276448392
629 2.05350319
630 1.847565288
631 1.657598772
632 1.482605112
633 1.3216244
634 1.173736252
635 1.038060403
636 0.9137570093
637 0.8000267009
638 0.6961103868
639 0.6012888539
640 0.5148821742
641 0.4362489458
642 0.3647853877
643 0.2999243112
644 0.2411339854
645 0.1879169168
646 0.1398085596
647 0.09637597256
648 0.05721643781
649 0.02195605457
650 -0.009751679611
651 -0.03822728914
652 -0.06376673235
653 -0.08664279636
654 -0.1071064673
655 -0.1253882693
656 -0.1416995667
657 -0.1562338245
658 -0.1691678242
659 -0.1806628308
660 -0.1908657098
661 -0.1999099919
662 -0.2079168845
663 -0.2149962306
664 -0.2212474128
665 -0.2267602061
666 -0.2316155771
667 -0.2358864326
668 -0.2396383193
669 -0.242930074
670 -0.2458144292
671 -0.2483385727
672 -0.2505446662
673 -0.2524703231
674 -0.254149048
675 -0.2556106402
676 -0.256881564
677 -0.2579852865
678 -0.2589425858
679 -0.2597718322
680 -0.260489243
681 -0.2611091135
682 -0.2616440267
683 -0.2621050421
684 -0.2625018657
685 -0.2628430036
686 -0.2631358996
687 -0.2633870581
688 -0.2636021551
689 -0.2637861358
690 -0.2639433033
691 -0.2640773961
692 -0.2641916581
693 -0.2642888994
694 -0.2643715515
695 -0.2644417149
696 -0.2645012018
697 -0.2645515735
698 -0.2645941733
699 -0.2646301551
700 -0.264660509
701 -0.264686083
702 -0.264707603
703 -0.264725689
704 -0.2647408698
705 -0.2647535963
706 -0.2647642519
707 -0.2647731624
708 -0.2647806043
709 -0.264786812
710 -0.2647919836
711 -0.2647962867
712 -0.2647998627
713 -0.2648028307
714 -0.2648052911
715 -0.2648073282
716 -0.2648090126
717 -0.2648104037
718 -0.2648115511
719 -0.2648124964
720 -0.2648132742
721 -0.2648139133
722 -0.2648144379
723 -0.2648148679
724 -0.2648152199
725 -0.2648155078
726 -0.2648157429
727 -0.2648159347
728 -0.2648160909
729 -0.264816218
730 -0.2648163213
731 -0.2648164052
732 -0.2648164731
733 -0.2648165281
734 -0.2648165726
735 -0.2648166086
736 -0.2648166376
737 -0.2648166609
738 -0.2648166797
739 -0.2648166948
740 -0.2648167069
741 -0.2648167166
742 -0.2648167244
743 -0.2648167306
744 -0.2648167356
745 -0.2648167396
746 -0.2648167427
747 -0.2648167452
748 -0.2648167472
749 -0.2648167488
750 -0.2648167501
751 -0.2648167511
752 -0.2648167519
753 -0.2648167525
754 -0.264816753
755 -0.2648167534
756 -0.2648167537
757 -0.2648167539
758 -0.2648167541
759 -0.2648167542
760 -0.2648167544
761 -0.2648167544
762 -0.2648167545
763 -0.2648167546
764 -0.2648167546
765 -0.2648167546
766 -0.2648167547
767 -0.2648167547
768 -0.2648167547
769 -0.2648167547
770 -0.2648167547
771 -0.2648167547
772 -0.2648167547
773 -0.2648167547
774 -0.2648167548
775 -0.2648167548
776 -0.2648167548
777 -0.2648167548
778 -0.2648167548
779 -0.2648167548
780 -0.2648167548
781 -0.2648167548
782 -0.2648167548
783 -0.2648167548
784 -0.2648167548
785 -0.2648167548
786 -0.2648167548
787 -0.2648167548
788 -0.2648167548
789 -0.2648167548
790 -0.2648167548
791 -0.2648167548
792 -0.2648167548
793 -0.2648167548
794 -0.2648167548
795 -0.2648167548
796 -0.2648167548
797 -0.2648167548
798 -0.2648167548
799 -0.2648167548
800 -0.2648167548
801 -0.2648167548
802 -0.2648167548
803 -0.2648167548
804 -0.2648167548
805 -0.2648167548
806 -0.2648167548
807 -0.2648167548
808 -0.2648167548
809 -0.2648167548
810 -0.2648167548
811 -0.2648167548
812 -0.2648167548
813 -0.2648167548
814 -0.2648167548
815 -0.2648167548
816 -0.2648167548
817 -0.2648167548
818 -0.2648167548
819 -0.2648167548
820 -0.2648167548
821 -0.2648167548
822 -0.2648167548
823 -0.2648167548
824 -0.2648167548
825 -0.2648167548
826 -0.2648167548
827 -0.2648167548
828 -0.2648167548
829 -0.2648167548
830 -0.2648167548
831 -0.2648167548
832 -0.2648167548
833 -0.2648167548
834 -0.2648167548
835 -0.2648167548
836 -0.2648167548
837 -0.2648167548
838 -0.2648167548
839 -0.2648167548
840 -0.2648167548
841 -0.2648167548
842 -0.2648167548
843 -0.2648167548
844 -0.2648167548
845 -0.2648167548
846 -0.2648167548
847 -0.2648167548
848 -0.2648167548
849 -0.2648167548
850 -0.2648167548
851 -0.2648167548
852 -0.2648167548
853 -0.2648167548
854 -0.2648167548
855 -0.2648167548
856 -0.2648167548
857 -0.2648167548
858 -0.2648167548
859 -0.2648167548
860 -0.2648167548
861 -0.2648167548
862 -0.2648167548
863 -0.2648167548
864 -0.2648167548
865 -0.2648167548
866 -0.2648167548
867 -0.2648167548
868 -0.2648167548
869 -0.2648167548
870 -0.2648167548
871 -0.2648167548
872 -0.2648167548
873 -0.2648167548
874 -0.2648167548
875 -0.2648167548
876 -0.2648167548
877 -0.2648167548
878 -0.2648167548
879 -0.2648167548
880 -0.2648167548
881 -0.2648167548
882 -0.2648167548
883 -0.2648167548
884 -0.2648167548
885 -0.2648167548
886 -0.2648167548
887 -0.2648167548
888 -0.2648167548
889 -0.2648167548
890 -0.2648167548
891 -0.2648167548
892 -0.2648167548
893 -0.2648167548
894 -0.2648167548
895 -0.2648167548
896 -0.2648167548
897 -0.2648167548
898 -0.2648167548
899 -0.2648167548
900 -0.2648167548
901 -0.2648167548
902 -0.2648167548
903 -0.2648167548
904 -0.2648167548
905 -0.2648167548
906 -0.2648167548
907 -0.2648167548
908 -0.2648167548
909 -0.2648167548
910 -0.2648167548
911 -0.2648167548
912 -0.2648167548
913 -0.2648167548
914 -0.2648167548
915 -0.2648167548
916 -0.2648167548
917 -0.2648167548
918 -0.2648167548
919 -0.2648167548
920 -0.2648167548
921 -0.2648167548
922 -0.2648167548
923 -0.2648167548
924 -0.2648167548
925 -0.2648167548
926 -0.2648167548
927 -0.2648167548
928 -0.2648167548
929 -0.2648167548
930 -0.2648167548
931 -0.2648167548
932 -0.2648167548
933 -0.2648167548
934 -0.2648167548
935 -0.2648167548
936 -0.2648167548
937 -0.2648167548
938 -0.2648167548
939 -0.2648167548
940 -0.2648167548
941 -0.2648167548
942 -0.2648167548
943 -0.2648167548
944 -0.2648167548
945 -0.2648167548
946 -0.2648167548
947 -0.2648167548
948 -0.2648167548
949 -0.2648167548
950 -0.2648167548
951 -0.2648167548
952 -0.2648167548
953 -0.2648167548
954 -0.2648167548
955 -0.2648167548
956 -0.2648167548
957 -0.2648167548
958 -0.2648167548
959 -0.2648167548
960 -0.2648167548
961 -0.2648167548
962 -0.2648167548
963 -0.2648167548
964 -0.2648167548
965 -0.2648167548
966 -0.2648167548
967 -0.2648167548
968 -0.2648167548
969 -0.2648167548
970 -0.2648167548
971 -0.2648167548
972 -0.2648167548
973 -0.2648167548
974 -0.2648167548
975 -0.2648167548
976 -0.2648167548
977 -0.2648167548
978 -0.2648167548
979 -0.2648167548
980 -0.2648167548
981 -0.2648167548
982 -0.2648167548
983 -0.2648167548
984 -0.2648167548
985 -0.2648167548
986 -0.2648167548
987 -0.2648167548
988 -0.2648167548
989 -0.2648167548
990 -0.2648167548
991 -0.2648167548
992 -0.2648167548
993 -0.2648167548
994 -0.2648167548
995 -0.2648167548
996 -0.2648167548
997 -0.2648167548
998 -0.2648167548
999 -0.2648167548
1000 -0.2648167548
1001 -0.2648167548
1002 -0.2648167548
1003 -0.2648167548
1004 -0.2648167548
1005 -0.2648167548
1006 -0.2648167548
1007 -0.2648167548
1008 -0.2648167548
1009 -0.2648167548
1010 -0.2648167548
1011 -0.2648167548
1012 -0.2648167548
1013 -0.2648167548
1014 -0.2648167548
1015 -0.2648167548
1016 -0.2648167548
1017 -0.2648167548
1018 -0.2648167548
1019 -0.2648167548
1020 -0.2648167548
1021 -0.2648167548
1022 -0.2648167548
1023 -0.2648167548
