#54438 2910.0055604760461112 0.0045701672816773550312 1 1317 16.000049430220818044 1024 7 1 J1713+0747 0.0000000 
0 34.63917193
1 35.50636124
2 36.35791663
3 37.19173991
4 38.00574369
5 38.79786077
6 39.56605375
7 40.30832469
8 41.02272489
9 41.7073646
10 42.36042272
11 42.98015641
12 43.56491045
13 44.11312653
14 44.62335207
15 45.09424892
16 45.5246015
17 45.91332461
18 46.2594708
19 46.56223706
20 46.82097117
21 47.03517724
22 47.20452077
23 47.32883296
24 47.40811438
25 47.44253788
26 47.43245082
27 47.37837652
28 47.28101497
29 47.14124278
30 46.96011237
31 46.73885038
32 46.47885537
33 46.18169477
34 45.84910105
35 45.48296723
36 45.08534171
37 44.65842238
38 44.20455013
39 43.7262017
40 43.22598197
41 42.70661569
42 42.17093865
43 41.62188839
44 41.06249438
45 40.49586786
46 39.92519118
47 39.35370681
48 38.78470604
49 38.22151732
50 37.66749435
51 37.12600393
52 36.60041361
53 36.09407909
54 35.61033158
55 35.15246493
56 34.72372275
57 34.32728542
58 33.96625714
59 33.64365289
60 33.36238552
61 33.1252529
62 32.93492513
63 32.793932
64 32.70465055
65 32.66929295
66 32.68989458
67 32.76830257
68 32.90616458
69 33.10491812
70 33.36578034
71 33.68973835
72 34.07754021
73 34.52968651
74 35.0464228
75 35.62773273
76 36.27333214
77 36.98266402
78 37.75489455
79 38.58891015
80 39.48331568
81 40.43643384
82 41.44630582
83 42.51069326
84 43.6270815
85 44.79268427
86 46.0044498
87 47.25906833
88 48.55298114
89 49.88239097
90 51.24327396
91 52.63139302
92 54.04231266
93 55.47141508
94 56.91391776
95 58.36489222
96 59.81928397
97 61.27193366
98 62.71759915
99 64.15097852
100 65.5667339
101 66.95951589
102 68.32398851
103 69.65485457
104 70.94688117
105 72.19492527
106 73.39395918
107 74.53909567
108 75.62561273
109 76.64897758
110 77.60486996
111 78.48920438
112 79.29815128
113 80.02815684
114 80.67596143
115 81.23861637
116 81.71349907
117 82.09832627
118 82.3911654
119 82.5904439
120 82.69495643
121 82.70386997
122 82.61672672
123 82.43344476
124 82.15431657
125 81.78000528
126 81.3115388
127 80.75030188
128 80.09802601
129 79.35677747
130 78.52894348
131 77.61721659
132 76.62457749
133 75.5542763
134 74.40981254
135 73.19491397
136 71.91351435
137 70.56973048
138 69.16783845
139 67.71224953
140 66.20748574
141 64.65815523
142 63.06892782
143 61.44451071
144 59.78962462
145 58.10898045
146 56.40725669
147 54.68907762
148 52.95899259
149 51.22145622
150 49.48081002
151 47.74126509
152 46.00688632
153 44.28157802
154 42.56907095
155 40.87291093
156 39.19644904
157 37.54283326
158 35.91500174
159 34.31567762
160 32.74736525
161 31.21234797
162 29.71268731
163 28.25022345
164 26.82657706
165 25.44315233
166 24.10114109
167 22.80152803
168 21.54509685
169 20.33243725
170 19.16395273
171 18.03986902
172 16.96024308
173 15.92497264
174 14.93380598
175 13.98635217
176 13.08209138
177 12.22038535
178 11.40048792
179 10.62155543
180 9.882657141
181 9.182785336
182 8.520865288
183 7.895764884
184 7.306303929
185 6.751263062
186 6.229392266
187 5.73941893
188 5.280055442
189 4.850006298
190 4.447974716
191 4.072668741
192 3.722806838
193 3.397122992
194 3.094371286
195 2.813330003
196 2.552805243
197 2.311634066
198 2.088687205
199 1.882871332
200 1.693130932
201 1.518449788
202 1.357852105
203 1.210403302
204 1.075210496
205 0.9514226938
206 0.8382307357
207 0.7348669968
208 0.640604882
209 0.5547581349
210 0.4766799834
211 0.4057621449
212 0.3414337109
213 0.2831599324
214 0.2304409227
215 0.1828102969
216 0.1398337626
217 0.1011076773
218 0.06625758564
219 0.03493674935
220 0.006824679303
221 -0.018374319
222 -0.04093257898
223 -0.06110047789
224 -0.07910780673
225 -0.09516509983
226 -0.1094649197
227 -0.1221830939
228 -0.1334799004
229 -0.1435012001
230 -0.1523795156
231 -0.1602350537
232 -0.1671766735
233 -0.1733027987
234 -0.1787022761
235 -0.1834551797
236 -0.1876335633
237 -0.1913021622
238 -0.1945190456
239 -0.1973362227
240 -0.1998002032
241 -0.2019525151
242 -0.2038301815
243 -0.2054661598
244 -0.2068897433
245 -0.2081269296
246 -0.2092007573
247 -0.2101316117
248 -0.2109375042
249 -0.2116343249
250 -0.212236072
251 -0.212755059
252 -0.2132021013
253 -0.2135866853
254 -0.2139171189
255 -0.2142006681
256 -0.2144436779
257 -0.2146516816
258 -0.2148294975
259 -0.214981315
260 -0.2151107724
261 -0.2152210238
262 -0.2153148005
263 -0.2153944641
264 -0.2154620536
265 -0.2155193268
266 -0.2155677976
267 -0.2156087673
268 -0.2156433533
269 -0.2156725137
270 -0.2156970689
271 -0.2157177202
272 -0.2157350667
273 -0.2157496188
274 -0.2157618116
275 -0.2157720148
276 -0.2157805424
277 -0.2157876606
278 -0.215793595
279 -0.2157985363
280 -0.2158026455
281 -0.2158060585
282 -0.2158088898
283 -0.2158112355
284 -0.2158131765
285 -0.2158147807
286 -0.2158161047
287 -0.2158171963
288 -0.2158180951
289 -0.2158188342
290 -0.2158194412
291 -0.2158199392
292 -0.2158203472
293 -0.215820681
294 -0.2158209538
295 -0.2158211765
296 -0.2158213581
297 -0.2158215059
298 -0.2158216261
299 -0.2158217237
300 -0.2158218029
301 -0.2158218671
302 -0.215821919
303 -0.215821961
304 -0.2158219948
305 -0.2158220222
306 -0.2158220441
307 -0.2158220618
308 -0.215822076
309 -0.2158220874
310 -0.2158220966
311 -0.2158221039
312 -0.2158221097
313 -0.2158221144
314 -0.2158221181
315 -0.215822121
316 -0.2158221234
317 -0.2158221253
318 -0.2158221267
319 -0.2158221279
320 -0.2158221288
321 -0.2158221296
322 -0.2158221302
323 -0.2158221306
324 -0.215822131
325 -0.2158221313
326 -0.2158221315
327 -0.2158221317
328 -0.2158221318
329 -0.2158221319
330 -0.215822132
331 -0.215822132
332 -0.2158221321
333 -0.2158221321
334 -0.2158221322
335 -0.2158221322
336 -0.2158221322
337 -0.2158221322
338 -0.2158221322
339 -0.2158221322
340 -0.2158221323
341 -0.2158221323
342 -0.2158221323
343 -0.2158221323
344 -0.2158221323
345 -0.2158221323
346 -0.2158221323
347 -0.2158221323
348 -0.2158221323
349 -0.2158221323
350 -0.2158221323
351 -0.2158221323
352 -0.2158221323
353 -0.2158221323
354 -0.2158221323
355 -0.2158221323
356 -0.2158221323
357 -0.2158221323
358 -0.2158221323
359 -0.2158221323
360 -0.2158221323
361 -0.2158221323
362 -0.2158221323
363 -0.2158221323
364 -0.2158221323
365 -0.2158221323
366 -0.2158221323
367 -0.2158221323
368 -0.2158221323
369 -0.2158221323
370 -0.2158221323
371 -0.2158221323
372 -0.2158221323
373 -0.2158221323
374 -0.2158221323
375 -0.2158221323
376 -0.2158221323
377 -0.2158221323
378 -0.2158221323
379 -0.2158221323
380 -0.2158221323
381 -0.2158221323
382 -0.2158221323
383 -0.2158221323
384 -0.2158221323
385 -0.2158221323
386 -0.2158221323
387 -0.2158221323
388 -0.2158221323
389 -0.2158221323
390 -0.2158221323
391 -0.2158221323
392 -0.2158221323
393 -0.2158221323
394 -0.2158221323
395 -0.2158221323
396 -0.2158221323
397 -0.2158221323
398 -0.2158221323
399 -0.2158221323
400 -0.2158221323
401 -0.2158221323
402 -0.2158221323
403 -0.2158221323
404 -0.2158221323
405 -0.2158221323
406 -0.2158221323
407 -0.2158221323
408 -0.2158221323
409 -0.2158221323
410 -0.2158221323
411 -0.2158221323
412 -0.2158221323
413 -0.2158221323
414 -0.2158221323
415 -0.2158221323
416 -0.2158221323
417 -0.2158221323
418 -0.2158221323
419 -0.2158221323
420 -0.2158221323
421 -0.2158221323
422 -0.2158221323
423 -0.2158221323
424 -0.2158221323
425 -0.2158221323
426 -0.2158221323
427 -0.2158221323
428 -0.2158221323
429 -0.2158221323
430 -0.2158221323
431 -0.2158221323
432 -0.2158221323
433 -0.2158221323
434 -0.2158221323
435 -0.2158221323
436 -0.2158221323
437 -0.2158221323
438 -0.2158221323
439 -0.2158221323
440 -0.2158221323
441 -0.2158221323
442 -0.2158221323
443 -0.2158221323
444 -0.2158221323
445 -0.2158221323
446 -0.2158221323
447 -0.2158221323
448 -0.2158221323
449 -0.2158221323
450 -0.2158221323
451 -0.2158221323
452 -0.2158221323
453 -0.2158221323
454 -0.2158221323
455 -0.2158221323
456 -0.2158221323
457 -0.2158221323
458 -0.2158221323
459 -0.2158221323
460 -0.2158221323
461 -0.2158221323
462 -0.2158221323
463 -0.2158221323
464 -0.2158221323
465 -0.2158221323
466 -0.2158221323
467 -0.2158221323
468 -0.2158221323
469 -0.2158221323
470 -0.2158221323
471 -0.2158221323
472 -0.2158221323
473 -0.2158221323
474 -0.2158221323
475 -0.2158221323
476 -0.2158221323
477 -0.2158221323
478 -0.2158221323
479 -0.2158221323
480 -0.2158221323
481 -0.2158221323
482 -0.2158221323
483 -0.2158221323
484 -0.2158221323
485 -0.2158221323
486 -0.2158221323
487 -0.2158221323
488 -0.2158221323
489 -0.2158221323
490 -0.2158221323
491 -0.2158221323
492 -0.2158221323
493 -0.2158221323
494 -0.2158221323
495 -0.2158221323
496 -0.2158221323
497 -0.2158221323
498 -0.2158221323
499 -0.2158221323
500 -0.2158221323
501 -0.2158221323
502 -0.2158221323
503 -0.2158221323
504 -0.2158221323
505 -0.2158221323
506 -0.2158221323
507 -0.2158221323
508 -0.2158221323
509 -0.2158221323
510 -0.2158221323
511 -0.2158221323
512 -0.2158221323
513 -0.2158221323
514 -0.2158221323
515 -0.2158221323
516 -0.2158221323
517 -0.2158221323
518 -0.2158221323
519 -0.2158221323
520 -0.2158221323
521 -0.2158221323
522 -0.2158221323
523 -0.2158221323
524 -0.2158221323
525 -0.2158221323
526 -0.2158221323
527 -0.2158221323
528 -0.2158221323
529 -0.2158221323
530 -0.2158221323
531 -0.2158221323
532 -0.2158221323
533 -0.2158221323
534 -0.2158221323
535 -0.2158221323
536 -0.2158221323
537 -0.2158221323
538 -0.2158221323
539 -0.2158221323
540 -0.2158221323
541 -0.2158221323
542 -0.2158221323
543 -0.2158221323
544 -0.2158221323
545 -0.2158221323
546 -0.2158221323
547 -0.2158221323
548 -0.2158221323
549 -0.2158221323
550 -0.2158221323
551 -0.2158221323
552 -0.2158221323
553 -0.2158221323
554 -0.2158221323
555 -0.2158221323
556 -0.2158221323
557 -0.2158221323
558 -0.2158221323
559 -0.2158221323
560 -0.2158221323
561 -0.2158221323
562 -0.2158221323
563 -0.2158221323
564 -0.2158221323
565 -0.2158221323
566 -0.2158221323
567 -0.2158221323
568 -0.2158221323
569 -0.2158221323
570 -0.2158221323
571 -0.2158221323
572 -0.2158221323
573 -0.2158221323
574 -0.2158221323
575 -0.2158221323
576 -0.2158221323
577 -0.2158221323
578 -0.2158221323
579 -0.2158221323
580 -0.2158221323
581 -0.2158221323
582 -0.2158221323
583 -0.2158221323
584 -0.2158221323
585 -0.2158221323
586 -0.2158221323
587 -0.2158221323
588 -0.2158221323
589 -0.2158221323
590 -0.2158221323
591 -0.2158221323
592 -0.2158221323
593 -0.2158221323
594 -0.2158221323
595 -0.2158221323
596 -0.2158221323
597 -0.2158221323
598 -0.2158221323
599 -0.2158221323
600 -0.2158221323
601 -0.2158221323
602 -0.2158221323
603 -0.2158221323
604 -0.2158221323
605 -0.2158221323
606 -0.2158221323
607 -0.2158221323
608 -0.2158221323
609 -0.2158221323
610 -0.2158221323
611 -0.2158221323
612 -0.2158221323
613 -0.2158221323
614 -0.2158221323
615 -0.2158221323
616 -0.2158221323
617 -0.2158221323
618 -0.2158221323
619 -0.2158221323
620 -0.2158221323
621 -0.2158221323
622 -0.2158221323
623 -0.2158221323
624 -0.2158221323
625 -0.2158221323
626 -0.2158221323
627 -0.2158221323
628 -0.2158221323
629 -0.2158221323
630 -0.2158221323
631 -0.2158221323
632 -0.2158221323
633 -0.2158221323
634 -0.2158221323
635 -0.2158221323
636 -0.2158221323
637 -0.2158221323
638 -0.2158221323
639 -0.2158221323
640 -0.2158221323
641 -0.2158221323
642 -0.2158221323
643 -0.2158221323
644 -0.2158221323
645 -0.2158221323
646 -0.2158221323
647 -0.2158221323
648 -0.2158221323
649 -0.2158221323
650 -0.2158221323
651 -0.2158221323
652 -0.2158221323
653 -0.2158221323
654 -0.2158221323
655 -0.2158221323
656 -0.2158221323
657 -0.2158221323
658 -0.2158221323
659 -0.2158221323
660 -0.2158221323
661 -0.2158221323
662 -0.2158221323
663 -0.2158221323
664 -0.2158221323
665 -0.2158221323
666 -0.2158221323
667 -0.2158221323
668 -0.2158221323
669 -0.2158221323
670 -0.2158221323
671 -0.2158221323
672 -0.2158221323
673 -0.2158221323
674 -0.2158221323
675 -0.2158221323
676 -0.2158221323
677 -0.2158221323
678 -0.2158221323
679 -0.2158221323
680 -0.2158221323
681 -0.2158221323
682 -0.2158221323
683 -0.2158221323
684 -0.2158221323
685 -0.2158221323
686 -0.2158221323
687 -0.2158221323
688 -0.2158221323
689 -0.2158221323
690 -0.2158221323
691 -0.2158221323
692 -0.2158221323
693 -0.2158221323
694 -0.2158221323
695 -0.2158221323
696 -0.2158221323
697 -0.2158221323
698 -0.2158221323
699 -0.2158221323
700 -0.2158221323
701 -0.2158221323
702 -0.2158221323
703 -0.2158221323
704 -0.2158221323
705 -0.2158221323
706 -0.2158221323
707 -0.2158221323
708 -0.2158221323
709 -0.2158221323
710 -0.2158221323
711 -0.2158221323
712 -0.2158221323
713 -0.2158221323
714 -0.2158221323
715 -0.2158221323
716 -0.2158221323
717 -0.2158221323
718 -0.2158221323
719 -0.2158221323
720 -0.2158221323
721 -0.2158221323
722 -0.2158221323
723 -0.2158221323
724 -0.2158221323
725 -0.2158221323
726 -0.2158221323
727 -0.2158221323
728 -0.2158221323
729 -0.2158221323
730 -0.2158221323
731 -0.2158221323
732 -0.2158221323
733 -0.2158221323
734 -0.2158221323
735 -0.2158221323
736 -0.2158221323
737 -0.2158221323
738 -0.2158221323
739 -0.2158221323
740 -0.2158221323
741 -0.2158221323
742 -0.2158221323
743 -0.2158221323
744 -0.2158221323
745 -0.2158221323
746 -0.2158221323
747 -0.2158221323
748 -0.2158221323
749 -0.2158221323
750 -0.2158221323
751 -0.2158221323
752 -0.2158221323
753 -0.2158221323
754 -0.2158221323
755 -0.2158221323
756 -0.2158221323
757 -0.2158221323
758 -0.2158221323
759 -0.2158221323
760 -0.2158221323
761 -0.2158221323
762 -0.2158221323
763 -0.2158221323
764 -0.2158221323
765 -0.2158221323
766 -0.2158221323
767 -0.2158221323
768 -0.2158221323
769 -0.2158221323
770 -0.2158221323
771 -0.2158221323
772 -0.2158221323
773 -0.2158221323
774 -0.2158221323
775 -0.2158221323
776 -0.2158221323
777 -0.2158221323
778 -0.2158221323
779 -0.2158221323
780 -0.2158221323
781 -0.2158221323
782 -0.2158221323
783 -0.2158221323
784 -0.2158221323
785 -0.2158221323
786 -0.2158221323
787 -0.2158221323
788 -0.2158221323
789 -0.2158221323
790 -0.2158221323
791 -0.2158221323
792 -0.2158221323
793 -0.2158221323
794 -0.2158221323
795 -0.2158221323
796 -0.2158221323
797 -0.2158221323
798 -0.2158221323
799 -0.2158221323
800 -0.2158221323
801 -0.2158221323
802 -0.2158221323
803 -0.2158221323
804 -0.2158221323
805 -0.2158221323
806 -0.2158221323
807 -0.2158221323
808 -0.2158221323
809 -0.2158221323
810 -0.2158221323
811 -0.2158221323
812 -0.2158221323
813 -0.2158221323
814 -0.2158221322
815 -0.2158221322
816 -0.2158221322
817 -0.2158221322
818 -0.2158221322
819 -0.2158221322
820 -0.2158221322
821 -0.2158221321
822 -0.2158221321
823 -0.215822132
824 -0.215822132
825 -0.2158221319
826 -0.2158221318
827 -0.2158221317
828 -0.2158221315
829 -0.2158221313
830 -0.2158221311
831 -0.2158221308
832 -0.2158221304
833 -0.21582213
834 -0.2158221294
835 -0.2158221287
836 -0.2158221278
837 -0.2158221267
838 -0.2158221254
839 -0.2158221237
840 -0.2158221217
841 -0.2158221192
842 -0.2158221161
843 -0.2158221123
844 -0.2158221077
845 -0.215822102
846 -0.215822095
847 -0.2158220864
848 -0.215822076
849 -0.2158220632
850 -0.2158220476
851 -0.2158220286
852 -0.2158220055
853 -0.2158219773
854 -0.2158219432
855 -0.2158219017
856 -0.2158218514
857 -0.2158217904
858 -0.2158217167
859 -0.2158216276
860 -0.21582152
861 -0.2158213903
862 -0.2158212339
863 -0.2158210458
864 -0.2158208195
865 -0.2158205478
866 -0.2158202218
867 -0.2158198311
868 -0.2158193633
869 -0.2158188038
870 -0.2158181353
871 -0.2158173375
872 -0.2158163864
873 -0.2158152536
874 -0.2158139059
875 -0.2158123041
876 -0.2158104025
877 -0.2158081473
878 -0.2158054755
879 -0.2158023136
880 -0.2157985755
881 -0.215794161
882 -0.2157889532
883 -0.2157828159
884 -0.2157755911
885 -0.2157670949
886 -0.2157571142
887 -0.215745402
888 -0.2157316726
889 -0.2157155956
890 -0.2156967895
891 -0.2156748145
892 -0.2156491636
893 -0.2156192541
894 -0.2155844158
895 -0.2155438797
896 -0.215496764
897 -0.2154420593
898 -0.2153786107
899 -0.215305099
900 -0.215220019
901 -0.2151216554
902 -0.2150080554
903 -0.2148769992
904 -0.2147259659
905 -0.2145520965
906 -0.2143521525
907 -0.2141224697
908 -0.2138589075
909 -0.2135567928
910 -0.2132108579
911 -0.212815172
912 -0.2123630665
913 -0.2118470521
914 -0.2112587281
915 -0.2105886842
916 -0.2098263914
917 -0.2089600843
918 -0.2079766328
919 -0.2068614022
920 -0.2055981015
921 -0.2041686196
922 -0.2025528477
923 -0.2007284877
924 -0.1986708465
925 -0.1963526142
926 -0.1937436268
927 -0.1908106117
928 -0.1875169164
929 -0.1838222191
930 -0.179682221
931 -0.1750483201
932 -0.169867266
933 -0.1640807951
934 -0.1576252469
935 -0.1504311607
936 -0.1424228538
937 -0.1335179803
938 -0.1236270722
939 -0.1126530632
940 -0.1004907958
941 -0.08702651323
942 -0.07213733812
943 -0.05569073895
944 -0.03754398666
945 -0.01754360398
946 0.004475190119
947 0.02868903759
948 0.05528699671
949 0.08447109204
950 0.1164568546
951 0.1514738481
952 0.1897661754
953 0.2315929615
954 0.2772288053
955 0.3269641961
956 0.381105887
957 0.4399772194
958 0.50391839
959 0.5732866558
960 0.6484564664
961 0.7298195176
962 0.8177847177
963 0.9127780595
964 1.015242387
965 1.125637055
966 1.244437461
967 1.372134461
968 1.509233639
969 1.656254443
970 1.813729169
971 1.982201784
972 2.162226599
973 2.354366764
974 2.559192602
975 2.777279759
976 3.00920719
977 3.255554959
978 3.516901861
979 3.793822878
980 4.086886447
981 4.396651575
982 4.723664779
983 5.068456879
984 5.431539637
985 5.813402269
986 6.214507831
987 6.635289493
988 7.076146732
989 7.53744144
990 8.019493986
991 8.522579245
992 9.046922616
993 9.592696058
994 10.16001417
995 10.74893032
996 11.35943292
997 11.99144179
998 12.64480467
999 13.31929394
1000 14.0146036
1001 14.73034641
1002 15.46605138
1003 16.22116159
1004 16.99503226
1005 17.78692931
1006 18.59602822
1007 19.42141338
1008 20.26207787
1009 21.11692373
1010 21.98476267
1011 22.86431735
1012 23.75422318
1013 24.65303064
1014 25.55920812
1015 26.47114536
1016 27.38715742
1017 28.30548917
1018 29.22432039
1019 30.14177131
1020 31.05590874
1021 31.96475265
1022 32.86628324
1023 33.75844846
