#54460 2909.9998870050218616 0.0045700186745149294978 1 1309 16.000049430220818044 1024 7 1 J1713+0747 0.0000000 
0 0.2071880418
1 0.2071880418
2 0.2071880418
3 0.2071880418
4 0.2071880418
5 0.2071880418
6 0.2071880418
7 0.2071880418
8 0.2071880418
9 0.2071880418
10 0.2071880418
11 0.2071880418
12 0.2071880418
13 0.2071880418
14 0.2071880418
15 0.2071880418
16 0.2071880418
17 0.2071880418
18 0.2071880418
19 0.2071880418
20 0.2071880418
21 0.2071880418
22 0.2071880418
23 0.2071880418
24 0.2071880418
25 0.2071880418
26 0.2071880418
27 0.2071880418
28 0.2071880418
29 0.2071880418
30 0.2071880418
31 0.2071880418
32 0.2071880418
33 0.2071880418
34 0.2071880418
35 0.2071880418
36 0.2071880418
37 0.2071880418
38 0.2071880418
39 0.2071880418
40 0.2071880418
41 0.2071880418
42 0.2071880418
43 0.2071880418
44 0.2071880418
45 0.2071880418
46 0.2071880418
47 0.2071880418
48 0.2071880418
49 0.2071880418
50 0.2071880418
51 0.2071880418
52 0.2071880418
53 0.2071880418
54 0.2071880418
55 0.2071880418
56 0.2071880418
57 0.2071880418
58 0.2071880418
59 0.2071880418
60 0.2071880418
61 0.2071880418
62 0.2071880418
63 0.2071880418
64 0.2071880418
65 0.2071880418
66 0.2071880418
67 0.2071880418
68 0.2071880418
69 0.2071880418
70 0.2071880418
71 0.2071880418
72 0.2071880418
73 0.2071880418
74 0.2071880418
75 0.2071880418
76 0.2071880418
77 0.2071880418
78 0.2071880418
79 0.2071880418
80 0.2071880418
81 0.2071880418
82 0.2071880418
83 0.2071880418
84 0.2071880418
85 0.2071880418
86 0.2071880418
87 0.2071880418
88 0.2071880418
89 0.2071880418
90 0.2071880418
91 0.2071880418
92 0.2071880418
93 0.2071880418
94 0.2071880418
95 0.2071880418
96 0.2071880418
97 0.2071880418
98 0.2071880418
99 0.2071880418
100 0.2071880418
101 0.2071880418
102 0.2071880418
103 0.2071880418
104 0.2071880418
105 0.2071880418
106 0.2071880418
107 0.2071880418
108 0.2071880418
109 0.2071880418
110 0.2071880418
111 0.2071880418
112 0.2071880418
113 0.2071880418
114 0.2071880418
115 0.2071880418
116 0.2071880418
117 0.2071880418
118 0.2071880418
119 0.2071880418
120 0.2071880418
121 0.2071880418
122 0.2071880418
123 0.2071880418
124 0.2071880418
125 0.2071880418
126 0.2071880418
127 0.2071880418
128 0.2071880418
129 0.2071880418
130 0.2071880418
131 0.2071880418
132 0.2071880418
133 0.2071880418
134 0.2071880418
135 0.2071880418
136 0.2071880418
137 0.2071880418
138 0.2071880418
139 0.2071880418
140 0.2071880418
141 0.2071880418
142 0.2071880418
143 0.2071880418
144 0.2071880418
145 0.2071880418
146 0.2071880418
147 0.2071880418
148 0.2071880418
149 0.2071880418
150 0.2071880418
151 0.2071880418
152 0.2071880418
153 0.2071880418
154 0.2071880418
155 0.2071880418
156 0.2071880418
157 0.2071880418
158 0.2071880418
159 0.2071880418
160 0.2071880418
161 0.2071880418
162 0.2071880418
163 0.2071880418
164 0.2071880418
165 0.2071880418
166 0.2071880418
167 0.2071880418
168 0.2071880418
169 0.2071880418
170 0.2071880418
171 0.2071880418
172 0.2071880418
173 0.2071880418
174 0.2071880418
175 0.2071880418
176 0.2071880418
177 0.2071880418
178 0.2071880418
179 0.2071880418
180 0.2071880418
181 0.2071880418
182 0.2071880418
183 0.2071880418
184 0.2071880418
185 0.2071880418
186 0.2071880418
187 0.2071880418
188 0.2071880418
189 0.2071880418
190 0.2071880418
191 0.2071880418
192 0.2071880418
193 0.2071880418
194 0.2071880418
195 0.2071880418
196 0.2071880418
197 0.2071880418
198 0.2071880418
199 0.2071880418
200 0.2071880418
201 0.2071880418
202 0.2071880418
203 0.2071880418
204 0.2071880418
205 0.2071880418
206 0.2071880418
207 0.2071880418
208 0.2071880418
209 0.2071880418
210 0.2071880418
211 0.2071880418
212 0.2071880418
213 0.2071880418
214 0.2071880418
215 0.2071880418
216 0.2071880418
217 0.2071880418
218 0.2071880418
219 0.2071880418
220 0.2071880418
221 0.2071880418
222 0.2071880418
223 0.2071880418
224 0.2071880418
225 0.2071880419
226 0.2071880419
227 0.2071880419
228 0.2071880419
229 0.2071880419
230 0.2071880419
231 0.207188042
232 0.207188042
233 0.207188042
234 0.2071880421
235 0.2071880422
236 0.2071880422
237 0.2071880424
238 0.2071880425
239 0.2071880427
240 0.2071880429
241 0.2071880431
242 0.2071880435
243 0.2071880439
244 0.2071880444
245 0.207188045
246 0.2071880458
247 0.2071880468
248 0.2071880479
249 0.2071880494
250 0.2071880512
251 0.2071880535
252 0.2071880562
253 0.2071880596
254 0.2071880638
255 0.2071880689
256 0.2071880751
257 0.2071880828
258 0.2071880922
259 0.2071881036
260 0.2071881176
261 0.2071881347
262 0.2071881555
263 0.2071881808
264 0.2071882116
265 0.2071882489
266 0.2071882942
267 0.2071883492
268 0.2071884157
269 0.2071884961
270 0.2071885932
271 0.2071887105
272 0.2071888518
273 0.207189022
274 0.2071892268
275 0.2071894729
276 0.2071897684
277 0.2071901227
278 0.2071905472
279 0.2071910551
280 0.2071916624
281 0.2071923876
282 0.2071932527
283 0.2071942836
284 0.2071955109
285 0.2071969704
286 0.2071987041
287 0.2072007614
288 0.2072032002
289 0.2072060882
290 0.2072095044
291 0.2072135412
292 0.2072183063
293 0.2072239252
294 0.2072305438
295 0.2072383317
296 0.2072474859
297 0.2072582346
298 0.2072708422
299 0.2072856144
300 0.2073029046
301 0.2073231205
302 0.2073467322
303 0.2073742805
304 0.2074063879
305 0.2074437689
306 0.2074872436
307 0.2075377513
308 0.2075963675
309 0.2076643213
310 0.2077430164
311 0.2078340532
312 0.2079392551
313 0.2080606962
314 0.2082007335
315 0.208362042
316 0.2085476539
317 0.2087610025
318 0.2090059696
319 0.20928694
320 0.2096088594
321 0.2099772999
322 0.2103985317
323 0.2108796011
324 0.2114284176
325 0.212053848
326 0.2127658196
327 0.2135754338
328 0.2144950885
329 0.2155386123
330 0.21672141
331 0.21806062
332 0.219575285
333 0.2212865365
334 0.2232177928
335 0.2253949734
336 0.2278467279
337 0.2306046823
338 0.2337037012
339 0.237182169
340 0.2410822879
341 0.2454503954
342 0.2503373003
343 0.2557986378
344 0.2618952444
345 0.2686935516
346 0.2762659998
347 0.2846914699
348 0.2940557346
349 0.3044519271
350 0.3159810272
351 0.3287523626
352 0.3428841258
353 0.3585039032
354 0.3757492158
355 0.3947680686
356 0.4157195061
357 0.4387741717
358 0.4641148671
359 0.4919371086
360 0.5224496752
361 0.5558751466
362 0.5924504234
363 0.6324272264
364 0.6760725692
365 0.7236691972
366 0.7755159882
367 0.8319283068
368 0.8932383066
369 0.9597951725
370 1.031965295
371 1.110132371
372 1.19469742
373 1.286078709
374 1.384711582
375 1.491048178
376 1.605557032
377 1.728722562
378 1.86104441
379 2.00303666
380 2.155226898
381 2.318155124
382 2.492372507
383 2.678439972
384 2.876926618
385 3.088407967
386 3.313464035
387 3.552677221
388 3.806630029
389 4.075902597
390 4.361070065
391 4.662699762
392 4.981348228
393 5.317558078
394 5.671854709
395 6.044742869
396 6.436703095
397 6.848188031
398 7.27961865
399 7.731380385
400 8.203819202
401 8.697237624
402 9.211890732
403 9.747982174
404 10.30566019
405 10.88501371
406 11.4860685
407 12.10878347
408 12.75304708
409 13.41867393
410 14.10540155
411 14.81288746
412 15.54070643
413 16.2883481
414 17.05521491
415 17.84062033
416 18.6437876
417 19.46384874
418 20.29984412
419 21.15072243
420 22.01534114
421 22.89246746
422 23.7807799
423 24.6788702
424 25.58524597
425 26.49833379
426 27.41648288
427 28.33796933
428 29.26100086
429 30.18372215
430 31.10422067
431 32.02053303
432 32.93065179
433 33.83253279
434 34.72410287
435 35.60326802
436 36.46792183
437 37.31595439
438 38.14526134
439 38.95375324
440 39.73936512
441 40.50006613
442 41.23386933
443 41.93884146
444 42.61311276
445 43.2548866
446 43.8624491
447 44.43417847
448 44.96855418
449 45.46416573
450 45.91972118
451 46.3340552
452 46.70613671
453 47.03507598
454 47.32013127
455 47.56071477
456 47.75639805
457 47.90691675
458 48.01217468
459 48.07224715
460 48.08738362
461 48.05800959
462 47.98472774
463 47.8683183
464 47.70973869
465 47.51012235
466 47.27077683
467 46.99318119
468 46.67898251
469 46.32999184
470 45.94817937
471 45.53566887
472 45.09473156
473 44.62777927
474 44.13735703
475 43.62613508
476 43.09690028
477 42.55254706
478 41.99606787
479 41.43054311
480 40.85913076
481 40.28505547
482 39.71159743
483 39.14208082
484 38.57986198
485 38.02831738
486 37.49083127
487 36.9707832
488 36.47153531
489 35.99641957
490 35.54872477
491 35.13168362
492 34.74845964
493 34.40213412
494 34.09569312
495 33.83201445
496 33.61385485
497 33.44383719
498 33.32443795
499 33.25797482
500 33.24659464
501 33.2922616
502 33.39674583
503 33.56161236
504 33.78821056
505 34.07766415
506 34.43086175
507 34.84844804
508 35.3308157
509 35.87809811
510 36.49016284
511 37.16660607
512 37.90674806
513 38.70962952
514 39.57400919
515 40.49836253
516 41.48088167
517 42.5194766
518 43.61177772
519 44.75513972
520 45.94664691
521 47.18311997
522 48.46112414
523 49.77697888
524 51.12676908
525 52.50635761
526 53.91139938
527 55.33735684
528 56.77951682
529 58.23300864
530 59.69282356
531 61.15383534
532 62.61082185
533 64.05848775
534 65.49148791
535 66.90445166
536 68.29200757
537 69.6488087
538 70.96955818
539 72.24903486
540 73.48211901
541 74.66381778
542 75.78929026
543 76.8538721
544 77.85309929
545 78.78273117
546 79.6387723
547 80.41749315
548 81.11544945
549 81.72949996
550 82.25682266
551 82.69492914
552 83.04167708
553 83.29528078
554 83.45431964
555 83.51774444
556 83.48488156
557 83.35543491
558 83.12948562
559 82.80748961
560 82.39027287
561 81.87902465
562 81.27528854
563 80.58095152
564 79.79823109
565 78.92966057
566 77.97807276
567 76.94658192
568 75.83856443
569 74.65763815
570 73.40764065
571 72.09260656
572 70.71674408
573 69.28441103
574 67.80009039
575 66.26836568
576 64.69389627
577 63.0813929
578 61.43559336
579 59.7612388
580 58.06305057
581 56.34570784
582 54.61382616
583 52.87193706
584 51.1244687
585 49.37572794
586 47.62988355
587 45.89095097
588 44.16277848
589 42.44903487
590 40.75319867
591 39.07854889
592 37.42815745
593 35.80488296
594 34.21136622
595 32.65002709
596 31.12306286
597 29.63244803
598 28.17993536
599 26.76705826
600 25.39513434
601 24.06526999
602 22.77836609
603 21.53512451
604 20.33605557
605 19.1814861
606 18.07156821
607 17.00628855
608 15.98547801
609 15.0088218
610 14.07586972
611 13.18604665
612 12.33866305
613 11.53292554
614 10.76794736
615 10.04275867
616 9.356316676
617 8.707515502
618 8.095195715
619 7.518153511
620 6.975149502
621 6.464917068
622 5.986170258
623 5.537611208
624 5.117937071
625 4.725846438
626 4.360045249
627 4.019252195
628 3.702203618
629 3.407657896
630 3.134399355
631 2.88124169
632 2.647030941
633 2.430648009
634 2.231010771
635 2.047075782
636 1.877839613
637 1.722339825
638 1.579655635
639 1.448908265
640 1.329261031
641 1.21991917
642 1.120129451
643 1.029179586
644 0.9463974557
645 0.871150193
646 0.8028431251
647 0.7409186089
648 0.6848547718
649 0.6341641794
650 0.5883924454
651 0.547116799
652 0.5099446262
653 0.4765119949
654 0.4464821777
655 0.4195441825
656 0.3954112988
657 0.3738196693
658 0.3545268933
659 0.3373106668
660 0.3219674663
661 0.3083112784
662 0.2961723793
663 0.2853961665
664 0.2758420448
665 0.2673823667
666 0.2599014289
667 0.253294524
668 0.2474670478
669 0.2423336604
670 0.2378175011
671 0.2338494546
672 0.2303674678
673 0.227315915
674 0.2246450087
675 0.2223102558
676 0.2202719552
677 0.2184947357
678 0.2169471312
679 0.2156011922
680 0.2144321294
681 0.2134179899
682 0.212539361
683 0.2117791018
684 0.2111220999
685 0.2105550507
686 0.2100662583
687 0.2096454558
688 0.2092836443
689 0.208972947
690 0.20870648
691 0.208478235
692 0.2082829761
693 0.2081161468
694 0.2079737871
695 0.207852461
696 0.2077491909
697 0.2076614002
698 0.2075868624
699 0.2075236563
700 0.2074701265
701 0.2074248486
702 0.2073865984
703 0.2073543257
704 0.2073271305
705 0.2073042426
706 0.2072850039
707 0.2072688529
708 0.2072553109
709 0.2072439706
710 0.207234486
711 0.2072265633
712 0.2072199535
713 0.207214446
714 0.2072098626
715 0.2072060531
716 0.2072028907
717 0.2072002688
718 0.2071980977
719 0.2071963022
720 0.207194819
721 0.2071935955
722 0.2071925873
723 0.2071917577
724 0.2071910758
725 0.2071905161
726 0.2071900572
727 0.2071896814
728 0.2071893741
729 0.2071891231
730 0.2071889183
731 0.2071887514
732 0.2071886157
733 0.2071885053
734 0.2071884157
735 0.2071883431
736 0.2071882843
737 0.2071882367
738 0.2071881983
739 0.2071881673
740 0.2071881423
741 0.2071881222
742 0.207188106
743 0.2071880931
744 0.2071880827
745 0.2071880743
746 0.2071880677
747 0.2071880623
748 0.2071880581
749 0.2071880547
750 0.207188052
751 0.2071880499
752 0.2071880482
753 0.2071880468
754 0.2071880458
755 0.2071880449
756 0.2071880443
757 0.2071880437
758 0.2071880433
759 0.207188043
760 0.2071880427
761 0.2071880425
762 0.2071880424
763 0.2071880423
764 0.2071880422
765 0.2071880421
766 0.207188042
767 0.207188042
768 0.2071880419
769 0.2071880419
770 0.2071880419
771 0.2071880419
772 0.2071880419
773 0.2071880419
774 0.2071880418
775 0.2071880418
776 0.2071880418
777 0.2071880418
778 0.2071880418
779 0.2071880418
780 0.2071880418
781 0.2071880418
782 0.2071880418
783 0.2071880418
784 0.2071880418
785 0.2071880418
786 0.2071880418
787 0.2071880418
788 0.2071880418
789 0.2071880418
790 0.2071880418
791 0.2071880418
792 0.2071880418
793 0.2071880418
794 0.2071880418
795 0.2071880418
796 0.2071880418
797 0.2071880418
798 0.2071880418
799 0.2071880418
800 0.2071880418
801 0.2071880418
802 0.2071880418
803 0.2071880418
804 0.2071880418
805 0.2071880418
806 0.2071880418
807 0.2071880418
808 0.2071880418
809 0.2071880418
810 0.2071880418
811 0.2071880418
812 0.2071880418
813 0.2071880418
814 0.2071880418
815 0.2071880418
816 0.2071880418
817 0.2071880418
818 0.2071880418
819 0.2071880418
820 0.2071880418
821 0.2071880418
822 0.2071880418
823 0.2071880418
824 0.2071880418
825 0.2071880418
826 0.2071880418
827 0.2071880418
828 0.2071880418
829 0.2071880418
830 0.2071880418
831 0.2071880418
832 0.2071880418
833 0.2071880418
834 0.2071880418
835 0.2071880418
836 0.2071880418
837 0.2071880418
838 0.2071880418
839 0.2071880418
840 0.2071880418
841 0.2071880418
842 0.2071880418
843 0.2071880418
844 0.2071880418
845 0.2071880418
846 0.2071880418
847 0.2071880418
848 0.2071880418
849 0.2071880418
850 0.2071880418
851 0.2071880418
852 0.2071880418
853 0.2071880418
854 0.2071880418
855 0.2071880418
856 0.2071880418
857 0.2071880418
858 0.2071880418
859 0.2071880418
860 0.2071880418
861 0.2071880418
862 0.2071880418
863 0.2071880418
864 0.2071880418
865 0.2071880418
866 0.2071880418
867 0.2071880418
868 0.2071880418
869 0.2071880418
870 0.2071880418
871 0.2071880418
872 0.2071880418
873 0.2071880418
874 0.2071880418
875 0.2071880418
876 0.2071880418
877 0.2071880418
878 0.2071880418
879 0.2071880418
880 0.2071880418
881 0.2071880418
882 0.2071880418
883 0.2071880418
884 0.2071880418
885 0.2071880418
886 0.2071880418
887 0.2071880418
888 0.2071880418
889 0.2071880418
890 0.2071880418
891 0.2071880418
892 0.2071880418
893 0.2071880418
894 0.2071880418
895 0.2071880418
896 0.2071880418
897 0.2071880418
898 0.2071880418
899 0.2071880418
900 0.2071880418
901 0.2071880418
902 0.2071880418
903 0.2071880418
904 0.2071880418
905 0.2071880418
906 0.2071880418
907 0.2071880418
908 0.2071880418
909 0.2071880418
910 0.2071880418
911 0.2071880418
912 0.2071880418
913 0.2071880418
914 0.2071880418
915 0.2071880418
916 0.2071880418
917 0.2071880418
918 0.2071880418
919 0.2071880418
920 0.2071880418
921 0.2071880418
922 0.2071880418
923 0.2071880418
924 0.2071880418
925 0.2071880418
926 0.2071880418
927 0.2071880418
928 0.2071880418
929 0.2071880418
930 0.2071880418
931 0.2071880418
932 0.2071880418
933 0.2071880418
934 0.2071880418
935 0.2071880418
936 0.2071880418
937 0.2071880418
938 0.2071880418
939 0.2071880418
940 0.2071880418
941 0.2071880418
942 0.2071880418
943 0.2071880418
944 0.2071880418
945 0.2071880418
946 0.2071880418
947 0.2071880418
948 0.2071880418
949 0.2071880418
950 0.2071880418
951 0.2071880418
952 0.2071880418
953 0.2071880418
954 0.2071880418
955 0.2071880418
956 0.2071880418
957 0.2071880418
958 0.2071880418
959 0.2071880418
960 0.2071880418
961 0.2071880418
962 0.2071880418
963 0.2071880418
964 0.2071880418
965 0.2071880418
966 0.2071880418
967 0.2071880418
968 0.2071880418
969 0.2071880418
970 0.2071880418
971 0.2071880418
972 0.2071880418
973 0.2071880418
974 0.2071880418
975 0.2071880418
976 0.2071880418
977 0.2071880418
978 0.2071880418
979 0.2071880418
980 0.2071880418
981 0.2071880418
982 0.2071880418
983 0.2071880418
984 0.2071880418
985 0.2071880418
986 0.2071880418
987 0.2071880418
988 0.2071880418
989 0.2071880418
990 0.2071880418
991 0.2071880418
992 0.2071880418
993 0.2071880418
994 0.2071880418
995 0.2071880418
996 0.2071880418
997 0.2071880418
998 0.2071880418
999 0.2071880418
1000 0.2071880418
1001 0.2071880418
1002 0.2071880418
1003 0.2071880418
1004 0.2071880418
1005 0.2071880418
1006 0.2071880418
1007 0.2071880418
1008 0.2071880418
1009 0.2071880418
1010 0.2071880418
1011 0.2071880418
1012 0.2071880418
1013 0.2071880418
1014 0.2071880418
1015 0.2071880418
1016 0.2071880418
1017 0.2071880418
1018 0.2071880418
1019 0.2071880418
1020 0.2071880418
1021 0.2071880418
1022 0.2071880418
1023 0.2071880418
