#54504 2910.005409260137005 0.0045697929505388841867 1 1397 16.000049430220818044 1024 7 1 J1713+0747 0.0000000 
0 0.2118334526
1 0.2118334526
2 0.2118334526
3 0.2118334526
4 0.2118334526
5 0.2118334526
6 0.2118334526
7 0.2118334526
8 0.2118334526
9 0.2118334526
10 0.2118334526
11 0.2118334526
12 0.2118334526
13 0.2118334526
14 0.2118334526
15 0.2118334526
16 0.2118334526
17 0.2118334526
18 0.2118334526
19 0.2118334526
20 0.2118334526
21 0.2118334526
22 0.2118334526
23 0.2118334526
24 0.2118334526
25 0.2118334526
26 0.2118334526
27 0.2118334526
28 0.2118334526
29 0.2118334526
30 0.2118334526
31 0.2118334526
32 0.2118334526
33 0.2118334526
34 0.2118334526
35 0.2118334526
36 0.2118334526
37 0.2118334526
38 0.2118334526
39 0.2118334526
40 0.2118334526
41 0.2118334526
42 0.2118334526
43 0.2118334526
44 0.2118334526
45 0.2118334526
46 0.2118334526
47 0.2118334526
48 0.2118334526
49 0.2118334526
50 0.2118334526
51 0.2118334526
52 0.2118334526
53 0.2118334526
54 0.2118334526
55 0.2118334526
56 0.2118334526
57 0.2118334526
58 0.2118334526
59 0.2118334526
60 0.2118334526
61 0.2118334526
62 0.2118334526
63 0.2118334526
64 0.2118334526
65 0.2118334526
66 0.2118334526
67 0.2118334526
68 0.2118334526
69 0.2118334526
70 0.2118334526
71 0.2118334526
72 0.2118334526
73 0.2118334526
74 0.2118334526
75 0.2118334526
76 0.2118334526
77 0.2118334526
78 0.2118334526
79 0.2118334526
80 0.2118334526
81 0.2118334526
82 0.2118334526
83 0.2118334526
84 0.2118334526
85 0.2118334526
86 0.2118334526
87 0.2118334526
88 0.2118334526
89 0.2118334526
90 0.2118334526
91 0.2118334526
92 0.2118334526
93 0.2118334526
94 0.2118334526
95 0.2118334526
96 0.2118334526
97 0.2118334526
98 0.2118334526
99 0.2118334526
100 0.2118334526
101 0.2118334526
102 0.2118334526
103 0.2118334526
104 0.2118334526
105 0.2118334526
106 0.2118334526
107 0.2118334526
108 0.2118334526
109 0.2118334526
110 0.2118334526
111 0.2118334526
112 0.2118334526
113 0.2118334526
114 0.2118334526
115 0.2118334526
116 0.2118334526
117 0.2118334526
118 0.2118334526
119 0.2118334526
120 0.2118334526
121 0.2118334526
122 0.2118334526
123 0.2118334526
124 0.2118334526
125 0.2118334526
126 0.2118334526
127 0.2118334526
128 0.2118334526
129 0.2118334526
130 0.2118334526
131 0.2118334526
132 0.2118334526
133 0.2118334526
134 0.2118334526
135 0.2118334526
136 0.2118334526
137 0.2118334526
138 0.2118334526
139 0.2118334526
140 0.2118334526
141 0.2118334526
142 0.2118334526
143 0.2118334526
144 0.2118334526
145 0.2118334526
146 0.2118334526
147 0.2118334526
148 0.2118334526
149 0.2118334526
150 0.2118334526
151 0.2118334526
152 0.2118334526
153 0.2118334526
154 0.2118334526
155 0.2118334526
156 0.2118334526
157 0.2118334526
158 0.2118334526
159 0.2118334526
160 0.2118334526
161 0.2118334526
162 0.2118334526
163 0.2118334526
164 0.2118334526
165 0.2118334526
166 0.2118334526
167 0.2118334526
168 0.2118334526
169 0.2118334526
170 0.2118334526
171 0.2118334526
172 0.2118334526
173 0.2118334526
174 0.2118334526
175 0.2118334526
176 0.2118334527
177 0.2118334527
178 0.2118334527
179 0.2118334527
180 0.2118334527
181 0.2118334527
182 0.2118334527
183 0.2118334527
184 0.2118334527
185 0.2118334527
186 0.2118334527
187 0.2118334528
188 0.2118334528
189 0.2118334528
190 0.2118334529
191 0.2118334529
192 0.211833453
193 0.2118334531
194 0.2118334532
195 0.2118334534
196 0.2118334536
197 0.2118334538
198 0.2118334541
199 0.2118334544
200 0.2118334549
201 0.2118334554
202 0.2118334561
203 0.2118334569
204 0.2118334579
205 0.2118334592
206 0.2118334608
207 0.2118334627
208 0.2118334651
209 0.2118334681
210 0.2118334717
211 0.2118334761
212 0.2118334816
213 0.2118334883
214 0.2118334964
215 0.2118335064
216 0.2118335186
217 0.2118335335
218 0.2118335516
219 0.2118335737
220 0.2118336006
221 0.2118336332
222 0.2118336728
223 0.2118337208
224 0.211833779
225 0.2118338493
226 0.2118339344
227 0.211834037
228 0.2118341609
229 0.21183431
230 0.2118344896
231 0.2118347054
232 0.2118349646
233 0.2118352756
234 0.2118356483
235 0.2118360945
236 0.2118366282
237 0.2118372657
238 0.2118380266
239 0.2118389337
240 0.2118400139
241 0.2118412991
242 0.2118428263
243 0.2118446394
244 0.2118467896
245 0.2118493367
246 0.211852351
247 0.2118559143
248 0.2118601222
249 0.2118650861
250 0.2118709354
251 0.2118778211
252 0.2118859179
253 0.211895429
254 0.2119065894
255 0.2119196713
256 0.2119349894
257 0.2119529067
258 0.2119738421
259 0.211998278
260 0.2120267694
261 0.2120599542
262 0.2120985641
263 0.2121434385
264 0.2121955383
265 0.2122559623
266 0.2123259658
267 0.2124069812
268 0.2125006406
269 0.2126088018
270 0.2127335768
271 0.2128773635
272 0.2130428817
273 0.2132332119
274 0.213451839
275 0.2137027012
276 0.2139902425
277 0.2143194724
278 0.2146960303
279 0.2151262569
280 0.2156172731
281 0.2161770651
282 0.2168145792
283 0.2175398241
284 0.2183639829
285 0.2192995356
286 0.2203603911
287 0.2215620315
288 0.2229216673
289 0.2244584066
290 0.2261934359
291 0.228150216
292 0.2303546923
293 0.2328355197
294 0.235624304
295 0.2387558593
296 0.2422684822
297 0.2462042438
298 0.2506092988
299 0.2555342128
300 0.2610343079
301 0.2671700264
302 0.2740073129
303 0.2816180139
304 0.2900802959
305 0.2994790795
306 0.3099064911
307 0.321462329
308 0.3342545444
309 0.3483997348
310 0.3640236492
311 0.3812617017
312 0.4002594924
313 0.4211733329
314 0.4441707727
315 0.4694311241
316 0.4971459817
317 0.5275197324
318 0.5607700519
319 0.5971283827
320 0.636840389
321 0.680166382
322 0.7273817125
323 0.7787771206
324 0.8346590402
325 0.8953498495
326 0.9611880599
327 1.032528439
328 1.109742055
329 1.193216244
330 1.28335448
331 1.380576156
332 1.485316245
333 1.598024865
334 1.719166712
335 1.849220365
336 1.988677464
337 2.138041737
338 2.29782789
339 2.468560331
340 2.650771754
341 2.845001544
342 3.051794027
343 3.271696555
344 3.505257419
345 3.753023593
346 4.015538318
347 4.293338516
348 4.586952053
349 4.896894839
350 5.223667785
351 5.56775363
352 5.929613628
353 6.309684129
354 6.708373057
355 7.126056299
356 7.563074032
357 8.019726993
358 8.496272724
359 8.992921814
360 9.509834147
361 10.0471152
362 10.6048124
363 11.1829116
364 11.78133362
365 12.39993101
366 13.03848494
367 13.69670234
368 14.37421322
369 15.07056833
370 15.78523708
371 16.51760576
372 17.26697618
373 18.03256464
374 18.8135013
375 19.60883002
376 20.41750862
377 21.23840961
378 22.07032137
379 22.91194994
380 23.76192117
381 24.61878349
382 25.48101115
383 26.34700804
384 27.21511191
385 28.08359924
386 28.95069053
387 29.81455604
388 30.67332213
389 31.5250779
390 32.36788232
391 33.19977178
392 34.01876791
393 34.82288582
394 35.61014253
395 36.37856572
396 37.12620261
397 37.85112905
398 38.55145866
399 39.22535205
400 39.87102604
401 40.48676279
402 41.07091889
403 41.6219342
404 42.13834061
405 42.61877039
406 43.06196434
407 43.46677952
408 43.83219662
409 44.15732679
410 44.44141813
411 44.68386145
412 44.88419567
413 45.04211243
414 45.1574602
415 45.2302477
416 45.26064663
417 45.24899372
418 45.19579207
419 45.1017118
420 44.96758993
421 44.79442964
422 44.58339867
423 44.33582715
424 44.05320464
425 43.73717654
426 43.38953974
427 43.01223777
428 42.60735513
429 42.17711117
430 41.72385331
431 41.2500497
432 40.75828137
433 40.25123391
434 39.73168859
435 39.20251313
436 38.66665202
437 38.12711644
438 37.58697389
439 37.04933746
440 36.51735479
441 35.99419681
442 35.48304626
443 34.98708597
444 34.50948698
445 34.05339657
446 33.62192609
447 33.21813877
448 32.84503748
449 32.50555242
450 32.20252887
451 31.93871493
452 31.71674942
453 31.53914979
454 31.40830024
455 31.32644002
456 31.29565194
457 31.31785118
458 31.39477441
459 31.52796922
460 31.7187841
461 31.96835873
462 32.27761492
463 32.64724811
464 33.07771945
465 33.56924863
466 34.12180752
467 34.73511457
468 35.40863012
469 36.14155268
470 36.93281621
471 37.78108847
472 38.68477054
473 39.64199746
474 40.65064012
475 41.70830848
476 42.81235602
477 43.95988555
478 45.14775647
479 46.37259328
480 47.63079554
481 48.91854927
482 50.23183959
483 51.56646479
484 52.91805171
485 54.28207231
486 55.65386154
487 57.02863623
488 58.4015151
489 59.76753972
490 61.12169627
491 62.4589381
492 63.77420885
493 65.06246606
494 66.31870513
495 67.53798346
496 68.71544464
497 69.84634246
498 70.92606472
499 71.95015651
500 72.91434295
501 73.81455112
502 74.64693106
503 75.40787568
504 76.09403949
505 76.70235586
506 77.2300529
507 77.67466758
508 78.03405824
509 78.30641518
510 78.49026938
511 78.58449924
512 78.58833528
513 78.50136273
514 78.32352216
515 78.05510785
516 77.69676421
517 77.24948017
518 76.71458144
519 76.093721
520 75.38886766
521 74.60229289
522 73.73655596
523 72.79448765
524 71.77917247
525 70.69392972
526 69.54229335
527 68.32799099
528 67.05492213
529 65.72713571
530 64.34880726
531 62.92421582
532 61.45772068
533 59.95373825
534 58.41671912
535 56.85112552
536 55.26140932
537 53.65199067
538 52.02723749
539 50.39144585
540 48.74882145
541 47.10346213
542 45.45934174
543 43.82029518
544 42.1900049
545 40.57198873
546 38.96958922
547 37.38596436
548 35.82407983
549 34.2867027
550 32.77639655
551 31.29551805
552 29.84621489
553 28.43042508
554 27.04987745
555 25.7060935
556 24.40039024
557 23.13388418
558 21.90749634
559 20.72195802
560 19.57781755
561 18.47544763
562 17.41505333
563 16.39668068
564 15.42022559
565 14.48544326
566 13.59195776
567 12.73927182
568 11.92677674
569 11.1537623
570 10.41942667
571 9.722886161
572 9.063184813
573 8.439303796
574 7.85017049
575 7.29466726
576 6.771639869
577 6.279905499
578 5.818260347
579 5.385486783
580 4.980360047
581 4.601654474
582 4.248149237
583 3.918633621
584 3.611911804
585 3.326807174
586 3.062166176
587 2.816861708
588 2.589796075
589 2.379903524
590 2.186152378
591 2.007546778
592 1.843128071
593 1.691975861
594 1.553208739
595 1.42598472
596 1.309501426
597 1.202996006
598 1.105744851
599 1.017063108
600 0.9363040139
601 0.862858083
602 0.7961521609
603 0.7356483646
604 0.6808429296
605 0.6312649806
606 0.5864752431
607 0.546064709
608 0.5096532717
609 0.4768883434
610 0.4474434647
611 0.421016918
612 0.3973303531
613 0.3761274336
614 0.3571725106
615 0.3402493291
616 0.325159774
617 0.311722657
618 0.2997725509
619 0.2891586707
620 0.2797438059
621 0.2714033041
622 0.2640241063
623 0.2575038348
624 0.2517499335
625 0.2466788593
626 0.2422153239
627 0.2382915855
628 0.2348467875
629 0.2318263442
630 0.2291813704
631 0.2268681535
632 0.2248476658
633 0.2230851161
634 0.2215495362
635 0.2202134029
636 0.2190522912
637 0.2180445581
638 0.2171710545
639 0.2164148624
640 0.2157610575
641 0.2151964933
642 0.2147096068
643 0.2142902417
644 0.2139294913
645 0.2136195552
646 0.2133536122
647 0.213125706
648 0.2129306426
649 0.2127638998
650 0.2126215452
651 0.212500165
652 0.2123967989
653 0.2123088842
654 0.2122342053
655 0.212170849
656 0.2121171662
657 0.212071737
658 0.2120333405
659 0.2120009289
660 0.2119736035
661 0.211950595
662 0.2119312456
663 0.2119149939
664 0.2119013609
665 0.211889939
666 0.2118803815
667 0.2118723941
668 0.2118657272
669 0.2118601694
670 0.211855542
671 0.211851694
672 0.2118484982
673 0.2118458473
674 0.2118436512
675 0.211841834
676 0.2118403323
677 0.2118390929
678 0.2118380712
679 0.21183723
680 0.2118365382
681 0.2118359702
682 0.2118355042
683 0.2118351224
684 0.2118348101
685 0.2118345548
686 0.2118343465
687 0.2118341767
688 0.2118340384
689 0.211833926
690 0.2118338346
691 0.2118337606
692 0.2118337006
693 0.211833652
694 0.2118336128
695 0.2118335811
696 0.2118335556
697 0.211833535
698 0.2118335185
699 0.2118335052
700 0.2118334946
701 0.211833486
702 0.2118334792
703 0.2118334737
704 0.2118334694
705 0.2118334659
706 0.2118334631
707 0.2118334609
708 0.2118334592
709 0.2118334578
710 0.2118334567
711 0.2118334558
712 0.2118334552
713 0.2118334546
714 0.2118334542
715 0.2118334539
716 0.2118334536
717 0.2118334534
718 0.2118334532
719 0.2118334531
720 0.211833453
721 0.2118334529
722 0.2118334529
723 0.2118334528
724 0.2118334528
725 0.2118334527
726 0.2118334527
727 0.2118334527
728 0.2118334527
729 0.2118334527
730 0.2118334527
731 0.2118334527
732 0.2118334527
733 0.2118334527
734 0.2118334527
735 0.2118334526
736 0.2118334526
737 0.2118334526
738 0.2118334526
739 0.2118334526
740 0.2118334526
741 0.2118334526
742 0.2118334526
743 0.2118334526
744 0.2118334526
745 0.2118334526
746 0.2118334526
747 0.2118334526
748 0.2118334526
749 0.2118334526
750 0.2118334526
751 0.2118334526
752 0.2118334526
753 0.2118334526
754 0.2118334526
755 0.2118334526
756 0.2118334526
757 0.2118334526
758 0.2118334526
759 0.2118334526
760 0.2118334526
761 0.2118334526
762 0.2118334526
763 0.2118334526
764 0.2118334526
765 0.2118334526
766 0.2118334526
767 0.2118334526
768 0.2118334526
769 0.2118334526
770 0.2118334526
771 0.2118334526
772 0.2118334526
773 0.2118334526
774 0.2118334526
775 0.2118334526
776 0.2118334526
777 0.2118334526
778 0.2118334526
779 0.2118334526
780 0.2118334526
781 0.2118334526
782 0.2118334526
783 0.2118334526
784 0.2118334526
785 0.2118334526
786 0.2118334526
787 0.2118334526
788 0.2118334526
789 0.2118334526
790 0.2118334526
791 0.2118334526
792 0.2118334526
793 0.2118334526
794 0.2118334526
795 0.2118334526
796 0.2118334526
797 0.2118334526
798 0.2118334526
799 0.2118334526
800 0.2118334526
801 0.2118334526
802 0.2118334526
803 0.2118334526
804 0.2118334526
805 0.2118334526
806 0.2118334526
807 0.2118334526
808 0.2118334526
809 0.2118334526
810 0.2118334526
811 0.2118334526
812 0.2118334526
813 0.2118334526
814 0.2118334526
815 0.2118334526
816 0.2118334526
817 0.2118334526
818 0.2118334526
819 0.2118334526
820 0.2118334526
821 0.2118334526
822 0.2118334526
823 0.2118334526
824 0.2118334526
825 0.2118334526
826 0.2118334526
827 0.2118334526
828 0.2118334526
829 0.2118334526
830 0.2118334526
831 0.2118334526
832 0.2118334526
833 0.2118334526
834 0.2118334526
835 0.2118334526
836 0.2118334526
837 0.2118334526
838 0.2118334526
839 0.2118334526
840 0.2118334526
841 0.2118334526
842 0.2118334526
843 0.2118334526
844 0.2118334526
845 0.2118334526
846 0.2118334526
847 0.2118334526
848 0.2118334526
849 0.2118334526
850 0.2118334526
851 0.2118334526
852 0.2118334526
853 0.2118334526
854 0.2118334526
855 0.2118334526
856 0.2118334526
857 0.2118334526
858 0.2118334526
859 0.2118334526
860 0.2118334526
861 0.2118334526
862 0.2118334526
863 0.2118334526
864 0.2118334526
865 0.2118334526
866 0.2118334526
867 0.2118334526
868 0.2118334526
869 0.2118334526
870 0.2118334526
871 0.2118334526
872 0.2118334526
873 0.2118334526
874 0.2118334526
875 0.2118334526
876 0.2118334526
877 0.2118334526
878 0.2118334526
879 0.2118334526
880 0.2118334526
881 0.2118334526
882 0.2118334526
883 0.2118334526
884 0.2118334526
885 0.2118334526
886 0.2118334526
887 0.2118334526
888 0.2118334526
889 0.2118334526
890 0.2118334526
891 0.2118334526
892 0.2118334526
893 0.2118334526
894 0.2118334526
895 0.2118334526
896 0.2118334526
897 0.2118334526
898 0.2118334526
899 0.2118334526
900 0.2118334526
901 0.2118334526
902 0.2118334526
903 0.2118334526
904 0.2118334526
905 0.2118334526
906 0.2118334526
907 0.2118334526
908 0.2118334526
909 0.2118334526
910 0.2118334526
911 0.2118334526
912 0.2118334526
913 0.2118334526
914 0.2118334526
915 0.2118334526
916 0.2118334526
917 0.2118334526
918 0.2118334526
919 0.2118334526
920 0.2118334526
921 0.2118334526
922 0.2118334526
923 0.2118334526
924 0.2118334526
925 0.2118334526
926 0.2118334526
927 0.2118334526
928 0.2118334526
929 0.2118334526
930 0.2118334526
931 0.2118334526
932 0.2118334526
933 0.2118334526
934 0.2118334526
935 0.2118334526
936 0.2118334526
937 0.2118334526
938 0.2118334526
939 0.2118334526
940 0.2118334526
941 0.2118334526
942 0.2118334526
943 0.2118334526
944 0.2118334526
945 0.2118334526
946 0.2118334526
947 0.2118334526
948 0.2118334526
949 0.2118334526
950 0.2118334526
951 0.2118334526
952 0.2118334526
953 0.2118334526
954 0.2118334526
955 0.2118334526
956 0.2118334526
957 0.2118334526
958 0.2118334526
959 0.2118334526
960 0.2118334526
961 0.2118334526
962 0.2118334526
963 0.2118334526
964 0.2118334526
965 0.2118334526
966 0.2118334526
967 0.2118334526
968 0.2118334526
969 0.2118334526
970 0.2118334526
971 0.2118334526
972 0.2118334526
973 0.2118334526
974 0.2118334526
975 0.2118334526
976 0.2118334526
977 0.2118334526
978 0.2118334526
979 0.2118334526
980 0.2118334526
981 0.2118334526
982 0.2118334526
983 0.2118334526
984 0.2118334526
985 0.2118334526
986 0.2118334526
987 0.2118334526
988 0.2118334526
989 0.2118334526
990 0.2118334526
991 0.2118334526
992 0.2118334526
993 0.2118334526
994 0.2118334526
995 0.2118334526
996 0.2118334526
997 0.2118334526
998 0.2118334526
999 0.2118334526
1000 0.2118334526
1001 0.2118334526
1002 0.2118334526
1003 0.2118334526
1004 0.2118334526
1005 0.2118334526
1006 0.2118334526
1007 0.2118334526
1008 0.2118334526
1009 0.2118334526
1010 0.2118334526
1011 0.2118334526
1012 0.2118334526
1013 0.2118334526
1014 0.2118334526
1015 0.2118334526
1016 0.2118334526
1017 0.2118334526
1018 0.2118334526
1019 0.2118334526
1020 0.2118334526
1021 0.2118334526
1022 0.2118334526
1023 0.2118334526
