#54394 2910.0038736901890219 0.0045704250377746422768 1 1269 16.000049430220818044 1024 7 1 J1713+0747 0.0000000 
0 45.62982365
1 46.84035937
2 48.09909737
3 49.40260635
4 50.74719545
5 52.128925
6 53.54361887
7 54.98687831
8 56.45409728
9 57.94047923
10 59.44105519
11 60.95070335
12 62.46416969
13 63.97608996
14 65.48101262
15 66.97342269
16 68.44776657
17 69.89847736
18 71.32000087
19 72.70682196
20 74.05349106
21 75.35465083
22 76.60506265
23 77.79963281
24 78.93343827
25 80.00175171
26 81.00006578
27 81.92411632
28 82.76990449
29 83.5337174
30 84.21214737
31 84.80210954
32 85.30085763
33 85.70599786
34 86.01550088
35 86.22771153
36 86.34135649
37 86.35554972
38 86.26979549
39 86.08398932
40 85.79841643
41 85.41374804
42 84.93103531
43 84.35170121
44 83.67753011
45 82.91065544
46 82.05354537
47 81.10898668
48 80.08006688
49 78.97015486
50 77.78288015
51 76.52211086
52 75.19193068
53 73.79661492
54 72.34060595
55 70.82848803
56 69.26496192
57 67.65481928
58 66.00291721
59 64.31415295
60 62.59343899
61 60.84567881
62 59.07574328
63 57.288448
64 55.48853156
65 53.68063502
66 51.8692826
67 50.05886368
68 48.25361627
69 46.45761194
70 44.67474233
71 42.90870714
72 41.16300388
73 39.4409191
74 37.74552131
75 36.07965545
76 34.44593899
77 32.84675946
78 31.28427356
79 29.76040761
80 28.27685935
81 26.83510106
82 25.43638381
83 24.0817428
84 22.77200371
85 21.50779
86 20.28953092
87 19.11747028
88 17.99167578
89 16.91204891
90 15.87833516
91 14.89013458
92 13.94691257
93 13.04801074
94 12.19265787
95 11.37998075
96 10.60901503
97 9.878715715
98 9.187967599
99 8.535595256
100 7.920372756
101 7.341032968
102 6.796276428
103 6.284779761
104 5.805203601
105 5.356200019
106 4.936419427
107 4.544516958
108 4.179158321
109 3.839025118
110 3.522819649
111 3.229269199
112 2.957129822
113 2.705189648
114 2.472271713
115 2.257236352
116 2.058983161
117 1.876452566
118 1.708627008
119 1.554531785
120 1.413235569
121 1.283850623
122 1.165532754
123 1.057481011
124 0.9589371719
125 0.8691850324
126 0.7875495258
127 0.7133956935
128 0.6461275302
129 0.5851867243
130 0.5300513122
131 0.480234265
132 0.4352820241
133 0.3947730016
134 0.3583160584
135 0.3255489748
136 0.2961369223
137 0.2697709491
138 0.2461664871
139 0.2250618883
140 0.2062169971
141 0.1894117644
142 0.1744449084
143 0.1611326248
144 0.1493073505
145 0.1388165822
146 0.1295217514
147 0.1212971569
148 0.114028955
149 0.1076142068
150 0.1019599828
151 0.0969825225
152 0.09260644917
153 0.0887640369
154 0.08539452895
155 0.08244350508
156 0.07986229582
157 0.07760744149
158 0.07564019371
159 0.07392605704
160 0.07243436861
161 0.07113791324
162 0.07001257193
163 0.06903700145
164 0.06819234291
165 0.06746195717
166 0.06683118518
167 0.06628713128
168 0.06581846762
169 0.06541525803
170 0.06506879969
171 0.06477148103
172 0.06451665447
173 0.0642985227
174 0.06411203714
175 0.0639528075
176 0.06381702139
177 0.06370137291
178 0.06360299947
179 0.06351942579
180 0.06344851452
181 0.06338842271
182 0.06333756346
183 0.06329457226
184 0.06325827747
185 0.06322767442
186 0.06320190286
187 0.06318022717
188 0.06316201921
189 0.06314674333
190 0.06313394339
191 0.06312323148
192 0.06311427819
193 0.06310680413
194 0.06310057269
195 0.06309538377
196 0.06309106833
197 0.06308748381
198 0.06308451012
199 0.06308204624
200 0.06308000731
201 0.06307832214
202 0.06307693108
203 0.06307578423
204 0.06307483989
205 0.06307406327
206 0.06307342537
207 0.06307290207
208 0.06307247331
209 0.06307212245
210 0.06307183569
211 0.0630716016
212 0.06307141076
213 0.06307125537
214 0.06307112899
215 0.06307102634
216 0.06307094306
217 0.06307087559
218 0.06307082099
219 0.06307077686
220 0.06307074123
221 0.06307071251
222 0.06307068938
223 0.06307067078
224 0.06307065584
225 0.06307064385
226 0.06307063425
227 0.06307062656
228 0.06307062042
229 0.06307061551
230 0.0630706116
231 0.06307060849
232 0.06307060601
233 0.06307060404
234 0.06307060248
235 0.06307060124
236 0.06307060026
237 0.06307059949
238 0.06307059888
239 0.0630705984
240 0.06307059802
241 0.06307059772
242 0.06307059748
243 0.0630705973
244 0.06307059716
245 0.06307059704
246 0.06307059696
247 0.06307059689
248 0.06307059683
249 0.06307059679
250 0.06307059676
251 0.06307059673
252 0.06307059671
253 0.0630705967
254 0.06307059669
255 0.06307059668
256 0.06307059667
257 0.06307059666
258 0.06307059666
259 0.06307059666
260 0.06307059666
261 0.06307059665
262 0.06307059665
263 0.06307059665
264 0.06307059665
265 0.06307059665
266 0.06307059665
267 0.06307059665
268 0.06307059665
269 0.06307059665
270 0.06307059665
271 0.06307059665
272 0.06307059665
273 0.06307059665
274 0.06307059665
275 0.06307059665
276 0.06307059665
277 0.06307059665
278 0.06307059665
279 0.06307059665
280 0.06307059665
281 0.06307059665
282 0.06307059665
283 0.06307059665
284 0.06307059665
285 0.06307059665
286 0.06307059665
287 0.06307059665
288 0.06307059665
289 0.06307059665
290 0.06307059665
291 0.06307059665
292 0.06307059665
293 0.06307059665
294 0.06307059665
295 0.06307059665
296 0.06307059665
297 0.06307059665
298 0.06307059665
299 0.06307059665
300 0.06307059665
301 0.06307059665
302 0.06307059665
303 0.06307059665
304 0.06307059665
305 0.06307059665
306 0.06307059665
307 0.06307059665
308 0.06307059665
309 0.06307059665
310 0.06307059665
311 0.06307059665
312 0.06307059665
313 0.06307059665
314 0.06307059665
315 0.06307059665
316 0.06307059665
317 0.06307059665
318 0.06307059665
319 0.06307059665
320 0.06307059665
321 0.06307059665
322 0.06307059665
323 0.06307059665
324 0.06307059665
325 0.06307059665
326 0.06307059665
327 0.06307059665
328 0.06307059665
329 0.06307059665
330 0.06307059665
331 0.06307059665
332 0.06307059665
333 0.06307059665
334 0.06307059665
335 0.06307059665
336 0.06307059665
337 0.06307059665
338 0.06307059665
339 0.06307059665
340 0.06307059665
341 0.06307059665
342 0.06307059665
343 0.06307059665
344 0.06307059665
345 0.06307059665
346 0.06307059665
347 0.06307059665
348 0.06307059665
349 0.06307059665
350 0.06307059665
351 0.06307059665
352 0.06307059665
353 0.06307059665
354 0.06307059665
355 0.06307059665
356 0.06307059665
357 0.06307059665
358 0.06307059665
359 0.06307059665
360 0.06307059665
361 0.06307059665
362 0.06307059665
363 0.06307059665
364 0.06307059665
365 0.06307059665
366 0.06307059665
367 0.06307059665
368 0.06307059665
369 0.06307059665
370 0.06307059665
371 0.06307059665
372 0.06307059665
373 0.06307059665
374 0.06307059665
375 0.06307059665
376 0.06307059665
377 0.06307059665
378 0.06307059665
379 0.06307059665
380 0.06307059665
381 0.06307059665
382 0.06307059665
383 0.06307059665
384 0.06307059665
385 0.06307059665
386 0.06307059665
387 0.06307059665
388 0.06307059665
389 0.06307059665
390 0.06307059665
391 0.06307059665
392 0.06307059665
393 0.06307059665
394 0.06307059665
395 0.06307059665
396 0.06307059665
397 0.06307059665
398 0.06307059665
399 0.06307059665
400 0.06307059665
401 0.06307059665
402 0.06307059665
403 0.06307059665
404 0.06307059665
405 0.06307059665
406 0.06307059665
407 0.06307059665
408 0.06307059665
409 0.06307059665
410 0.06307059665
411 0.06307059665
412 0.06307059665
413 0.06307059665
414 0.06307059665
415 0.06307059665
416 0.06307059665
417 0.06307059665
418 0.06307059665
419 0.06307059665
420 0.06307059665
421 0.06307059665
422 0.06307059665
423 0.06307059665
424 0.06307059665
425 0.06307059665
426 0.06307059665
427 0.06307059665
428 0.06307059665
429 0.06307059665
430 0.06307059665
431 0.06307059665
432 0.06307059665
433 0.06307059665
434 0.06307059665
435 0.06307059665
436 0.06307059665
437 0.06307059665
438 0.06307059665
439 0.06307059665
440 0.06307059665
441 0.06307059665
442 0.06307059665
443 0.06307059665
444 0.06307059665
445 0.06307059665
446 0.06307059665
447 0.06307059665
448 0.06307059665
449 0.06307059665
450 0.06307059665
451 0.06307059665
452 0.06307059665
453 0.06307059665
454 0.06307059665
455 0.06307059665
456 0.06307059665
457 0.06307059665
458 0.06307059665
459 0.06307059665
460 0.06307059665
461 0.06307059665
462 0.06307059665
463 0.06307059665
464 0.06307059665
465 0.06307059665
466 0.06307059665
467 0.06307059665
468 0.06307059665
469 0.06307059665
470 0.06307059665
471 0.06307059665
472 0.06307059665
473 0.06307059665
474 0.06307059665
475 0.06307059665
476 0.06307059665
477 0.06307059665
478 0.06307059665
479 0.06307059665
480 0.06307059665
481 0.06307059665
482 0.06307059665
483 0.06307059665
484 0.06307059665
485 0.06307059665
486 0.06307059665
487 0.06307059665
488 0.06307059665
489 0.06307059665
490 0.06307059665
491 0.06307059665
492 0.06307059665
493 0.06307059665
494 0.06307059665
495 0.06307059665
496 0.06307059665
497 0.06307059665
498 0.06307059665
499 0.06307059665
500 0.06307059665
501 0.06307059665
502 0.06307059665
503 0.06307059665
504 0.06307059665
505 0.06307059665
506 0.06307059665
507 0.06307059665
508 0.06307059665
509 0.06307059665
510 0.06307059665
511 0.06307059665
512 0.06307059665
513 0.06307059665
514 0.06307059665
515 0.06307059665
516 0.06307059665
517 0.06307059665
518 0.06307059665
519 0.06307059665
520 0.06307059665
521 0.06307059665
522 0.06307059665
523 0.06307059665
524 0.06307059665
525 0.06307059665
526 0.06307059665
527 0.06307059665
528 0.06307059665
529 0.06307059665
530 0.06307059665
531 0.06307059665
532 0.06307059665
533 0.06307059665
534 0.06307059665
535 0.06307059665
536 0.06307059665
537 0.06307059665
538 0.06307059665
539 0.06307059665
540 0.06307059665
541 0.06307059665
542 0.06307059665
543 0.06307059665
544 0.06307059665
545 0.06307059665
546 0.06307059665
547 0.06307059665
548 0.06307059665
549 0.06307059665
550 0.06307059665
551 0.06307059665
552 0.06307059665
553 0.06307059665
554 0.06307059665
555 0.06307059665
556 0.06307059665
557 0.06307059665
558 0.06307059665
559 0.06307059665
560 0.06307059665
561 0.06307059665
562 0.06307059665
563 0.06307059665
564 0.06307059665
565 0.06307059665
566 0.06307059665
567 0.06307059665
568 0.06307059665
569 0.06307059665
570 0.06307059665
571 0.06307059665
572 0.06307059665
573 0.06307059665
574 0.06307059665
575 0.06307059665
576 0.06307059665
577 0.06307059665
578 0.06307059665
579 0.06307059665
580 0.06307059665
581 0.06307059665
582 0.06307059665
583 0.06307059665
584 0.06307059665
585 0.06307059665
586 0.06307059665
587 0.06307059665
588 0.06307059665
589 0.06307059665
590 0.06307059665
591 0.06307059665
592 0.06307059665
593 0.06307059665
594 0.06307059665
595 0.06307059665
596 0.06307059665
597 0.06307059665
598 0.06307059665
599 0.06307059665
600 0.06307059665
601 0.06307059665
602 0.06307059665
603 0.06307059665
604 0.06307059665
605 0.06307059665
606 0.06307059665
607 0.06307059665
608 0.06307059665
609 0.06307059665
610 0.06307059665
611 0.06307059665
612 0.06307059665
613 0.06307059665
614 0.06307059665
615 0.06307059665
616 0.06307059665
617 0.06307059665
618 0.06307059665
619 0.06307059665
620 0.06307059665
621 0.06307059665
622 0.06307059665
623 0.06307059665
624 0.06307059665
625 0.06307059665
626 0.06307059665
627 0.06307059665
628 0.06307059665
629 0.06307059665
630 0.06307059665
631 0.06307059665
632 0.06307059665
633 0.06307059665
634 0.06307059665
635 0.06307059665
636 0.06307059665
637 0.06307059665
638 0.06307059665
639 0.06307059665
640 0.06307059665
641 0.06307059665
642 0.06307059665
643 0.06307059665
644 0.06307059665
645 0.06307059665
646 0.06307059665
647 0.06307059665
648 0.06307059665
649 0.06307059665
650 0.06307059665
651 0.06307059665
652 0.06307059665
653 0.06307059665
654 0.06307059665
655 0.06307059665
656 0.06307059665
657 0.06307059665
658 0.06307059665
659 0.06307059665
660 0.06307059665
661 0.06307059665
662 0.06307059665
663 0.06307059665
664 0.06307059665
665 0.06307059665
666 0.06307059665
667 0.06307059665
668 0.06307059665
669 0.06307059665
670 0.06307059665
671 0.06307059665
672 0.06307059665
673 0.06307059665
674 0.06307059665
675 0.06307059665
676 0.06307059665
677 0.06307059665
678 0.06307059665
679 0.06307059665
680 0.06307059665
681 0.06307059665
682 0.06307059665
683 0.06307059665
684 0.06307059665
685 0.06307059665
686 0.06307059665
687 0.06307059665
688 0.06307059665
689 0.06307059665
690 0.06307059665
691 0.06307059665
692 0.06307059665
693 0.06307059665
694 0.06307059665
695 0.06307059665
696 0.06307059665
697 0.06307059665
698 0.06307059665
699 0.06307059665
700 0.06307059665
701 0.06307059665
702 0.06307059665
703 0.06307059665
704 0.06307059665
705 0.06307059665
706 0.06307059665
707 0.06307059665
708 0.06307059665
709 0.06307059665
710 0.06307059665
711 0.06307059665
712 0.06307059665
713 0.06307059665
714 0.06307059665
715 0.06307059665
716 0.06307059665
717 0.06307059665
718 0.06307059665
719 0.06307059665
720 0.06307059665
721 0.06307059665
722 0.06307059665
723 0.06307059665
724 0.06307059665
725 0.06307059666
726 0.06307059666
727 0.06307059666
728 0.06307059667
729 0.06307059667
730 0.06307059668
731 0.06307059669
732 0.0630705967
733 0.06307059671
734 0.06307059673
735 0.06307059675
736 0.06307059677
737 0.0630705968
738 0.06307059685
739 0.0630705969
740 0.06307059696
741 0.06307059704
742 0.06307059714
743 0.06307059727
744 0.06307059743
745 0.06307059763
746 0.06307059787
747 0.06307059818
748 0.06307059856
749 0.06307059903
750 0.06307059962
751 0.06307060035
752 0.06307060125
753 0.06307060236
754 0.06307060374
755 0.06307060544
756 0.06307060753
757 0.06307061011
758 0.06307061329
759 0.06307061719
760 0.06307062198
761 0.06307062786
762 0.06307063506
763 0.06307064388
764 0.06307065465
765 0.06307066782
766 0.06307068388
767 0.06307070346
768 0.0630707273
769 0.0630707563
770 0.06307079154
771 0.06307083431
772 0.06307088617
773 0.06307094898
774 0.06307102498
775 0.06307111685
776 0.06307122777
777 0.06307136156
778 0.06307152277
779 0.06307171681
780 0.06307195011
781 0.06307223034
782 0.06307256657
783 0.06307296958
784 0.06307345211
785 0.06307402925
786 0.06307471882
787 0.06307554186
788 0.06307652317
789 0.06307769195
790 0.06307908254
791 0.0630807353
792 0.06308269759
793 0.0630850249
794 0.06308778223
795 0.06309104559
796 0.06309490376
797 0.06309946034
798 0.06310483606
799 0.06311117147
800 0.06311863001
801 0.06312740148
802 0.06313770607
803 0.06314979893
804 0.06316397535
805 0.0631805767
806 0.06319999715
807 0.0632226913
808 0.06324918285
809 0.06328007436
810 0.06331605831
811 0.06335792963
812 0.06340659972
813 0.06346311228
814 0.06352866114
815 0.06360461016
816 0.06369251565
817 0.06379415132
818 0.06391153631
819 0.06404696629
820 0.06420304826
821 0.06438273913
822 0.0645893886
823 0.06482678679
824 0.06509921679
825 0.06541151295
826 0.06576912504
827 0.06617818905
828 0.06664560501
829 0.06717912252
830 0.06778743447
831 0.06848027962
832 0.06926855478
833 0.07016443707
834 0.07118151715
835 0.07233494395
836 0.07364158181
837 0.07512018061
838 0.07679155968
839 0.07867880628
840 0.08080748929
841 0.08320588894
842 0.08590524314
843 0.08894001117
844 0.09234815533
845 0.0961714411
846 0.1004557563
847 0.1052514498
848 0.1106136896
849 0.1166028417
850 0.1232848681
851 0.1307317455
852 0.1390219038
853 0.1482406835
854 0.1584808131
855 0.1698429033
856 0.1824359594
857 0.196377909
858 0.211796144
859 0.2288280754
860 0.2476216982
861 0.2683361643
862 0.29114236
863 0.3162234865
864 0.3437756374
865 0.374008372
866 0.4071452774
867 0.4434245175
868 0.483099361
869 0.526438685
870 0.5737274478
871 0.6252671234
872 0.6813760926
873 0.7423899836
874 0.8086619533
875 0.8805629031
876 0.9584816211
877 1.042824842
878 1.134017218
879 1.232501186
880 1.338736738
881 1.453201065
882 1.576388082
883 1.708807822
884 1.850985688
885 2.003461558
886 2.166788733
887 2.341532729
888 2.528269895
889 2.72758586
890 2.940073806
891 3.166332559
892 3.40696449
893 3.662573244
894 3.933761273
895 4.221127191
896 4.52526295
897 4.846750839
898 5.18616031
899 5.544044647
900 5.920937479
901 6.317349152
902 6.733762979
903 7.170631365
904 7.628371847
905 8.107363054
906 8.607940605
907 9.130392979
908 9.674957372
909 10.24181557
910 10.83108987
911 11.44283904
912 12.07705445
913 12.73365625
914 13.41248977
915 14.1133221
916 14.83583886
917 15.57964131
918 16.34424368
919 17.12907085
920 17.93345638
921 18.75664095
922 19.59777119
923 20.45589894
924 21.32998104
925 22.21887953
926 23.12136242
927 24.036105
928 24.96169161
929 25.89661809
930 26.8392947
931 27.78804966
932 28.74113325
933 29.69672249
934 30.65292635
935 31.60779157
936 32.55930895
937 33.50542018
938 34.44402524
939 35.3729901
940 36.29015502
941 37.19334316
942 38.08036954
943 38.94905039
944 39.79721265
945 40.62270385
946 41.42340197
947 42.19722562
948 42.94214409
949 43.65618755
950 44.33745712
951 44.98413485
952 45.59449354
953 46.1669063
954 46.69985591
955 47.19194371
956 47.64189823
957 48.04858331
958 48.41100572
959 48.72832225
960 48.99984629
961 49.22505365
962 49.40358783
963 49.53526459
964 49.62007575
965 49.6581923
966 49.64996672
967 49.59593455
968 49.49681519
969 49.35351183
970 49.16711069
971 48.93887938
972 48.67026459
973 48.36288888
974 48.01854678
975 47.63920017
976 47.2269729
977 46.78414467
978 46.31314439
979 45.81654268
980 45.29704396
981 44.75747781
982 44.20078982
983 43.63003196
984 43.04835241
985 42.45898493
986 41.86523787
987 41.2704827
988 40.67814229
989 40.09167878
990 39.51458121
991 38.95035288
992 38.40249849
993 37.8745111
994 37.36985888
995 36.89197184
996 36.44422833
997 36.02994159
998 35.65234623
999 35.31458468
1000 35.01969378
1001 34.77059133
1002 34.57006285
1003 34.42074846
1004 34.32512998
1005 34.28551824
1006 34.30404074
1007 34.38262961
1008 34.52301
1009 34.72668888
1010 34.99494442
1011 35.3288159
1012 35.72909425
1013 36.19631329
1014 36.73074181
1015 37.33237638
1016 38.00093515
1017 38.73585258
1018 39.53627522
1019 40.40105862
1020 41.32876538
1021 42.3176645
1022 43.36573194
1023 44.47065259
