#54526 2910.0022887469052366 0.0045697504262229406494 1 1277 16.000049430220818044 1024 7 1 J1713+0747 0.0000000 
0 -0.3467376556
1 -0.3467376556
2 -0.3467376556
3 -0.3467376556
4 -0.3467376556
5 -0.3467376556
6 -0.3467376556
7 -0.3467376556
8 -0.3467376556
9 -0.3467376556
10 -0.3467376556
11 -0.3467376556
12 -0.3467376556
13 -0.3467376556
14 -0.3467376556
15 -0.3467376556
16 -0.3467376556
17 -0.3467376556
18 -0.3467376556
19 -0.3467376556
20 -0.3467376556
21 -0.3467376556
22 -0.3467376556
23 -0.3467376556
24 -0.3467376556
25 -0.3467376556
26 -0.3467376556
27 -0.3467376556
28 -0.3467376556
29 -0.3467376556
30 -0.3467376556
31 -0.3467376556
32 -0.3467376556
33 -0.3467376556
34 -0.3467376556
35 -0.3467376556
36 -0.3467376556
37 -0.3467376556
38 -0.3467376556
39 -0.3467376556
40 -0.3467376556
41 -0.3467376556
42 -0.3467376556
43 -0.3467376556
44 -0.3467376556
45 -0.3467376556
46 -0.3467376556
47 -0.3467376556
48 -0.3467376556
49 -0.3467376556
50 -0.3467376556
51 -0.3467376556
52 -0.3467376556
53 -0.3467376556
54 -0.3467376556
55 -0.3467376556
56 -0.3467376556
57 -0.3467376556
58 -0.3467376556
59 -0.3467376556
60 -0.3467376556
61 -0.3467376556
62 -0.3467376556
63 -0.3467376556
64 -0.3467376556
65 -0.3467376556
66 -0.3467376556
67 -0.3467376556
68 -0.3467376556
69 -0.3467376556
70 -0.3467376556
71 -0.3467376556
72 -0.3467376556
73 -0.3467376556
74 -0.3467376556
75 -0.3467376556
76 -0.3467376556
77 -0.3467376556
78 -0.3467376556
79 -0.3467376556
80 -0.3467376556
81 -0.3467376556
82 -0.3467376556
83 -0.3467376556
84 -0.3467376556
85 -0.3467376556
86 -0.3467376556
87 -0.3467376556
88 -0.3467376556
89 -0.3467376556
90 -0.3467376556
91 -0.3467376556
92 -0.3467376556
93 -0.3467376556
94 -0.3467376556
95 -0.3467376556
96 -0.3467376556
97 -0.3467376556
98 -0.3467376556
99 -0.3467376556
100 -0.3467376556
101 -0.3467376556
102 -0.3467376556
103 -0.3467376556
104 -0.3467376556
105 -0.3467376556
106 -0.3467376556
107 -0.3467376556
108 -0.3467376556
109 -0.3467376556
110 -0.3467376556
111 -0.3467376556
112 -0.3467376556
113 -0.3467376556
114 -0.3467376556
115 -0.3467376556
116 -0.3467376556
117 -0.3467376556
118 -0.3467376556
119 -0.3467376556
120 -0.3467376556
121 -0.3467376556
122 -0.3467376556
123 -0.3467376556
124 -0.3467376556
125 -0.3467376556
126 -0.3467376556
127 -0.3467376556
128 -0.3467376556
129 -0.3467376556
130 -0.3467376556
131 -0.3467376556
132 -0.3467376556
133 -0.3467376556
134 -0.3467376556
135 -0.3467376556
136 -0.3467376556
137 -0.3467376556
138 -0.3467376556
139 -0.3467376556
140 -0.3467376556
141 -0.3467376556
142 -0.3467376556
143 -0.3467376556
144 -0.3467376556
145 -0.3467376556
146 -0.3467376556
147 -0.3467376556
148 -0.3467376556
149 -0.3467376556
150 -0.3467376556
151 -0.3467376556
152 -0.3467376556
153 -0.3467376556
154 -0.3467376556
155 -0.3467376556
156 -0.3467376556
157 -0.3467376556
158 -0.3467376556
159 -0.3467376556
160 -0.3467376556
161 -0.3467376556
162 -0.3467376556
163 -0.3467376556
164 -0.3467376556
165 -0.3467376556
166 -0.3467376556
167 -0.3467376556
168 -0.3467376556
169 -0.3467376556
170 -0.3467376556
171 -0.3467376556
172 -0.3467376556
173 -0.3467376556
174 -0.3467376556
175 -0.3467376556
176 -0.3467376556
177 -0.3467376556
178 -0.3467376556
179 -0.3467376556
180 -0.3467376556
181 -0.3467376556
182 -0.3467376556
183 -0.3467376556
184 -0.3467376556
185 -0.3467376556
186 -0.3467376556
187 -0.3467376556
188 -0.3467376556
189 -0.3467376556
190 -0.3467376556
191 -0.3467376556
192 -0.3467376556
193 -0.3467376556
194 -0.3467376556
195 -0.3467376556
196 -0.3467376556
197 -0.3467376556
198 -0.3467376556
199 -0.3467376556
200 -0.3467376556
201 -0.3467376556
202 -0.3467376556
203 -0.3467376556
204 -0.3467376556
205 -0.3467376556
206 -0.3467376556
207 -0.3467376556
208 -0.3467376556
209 -0.3467376556
210 -0.3467376556
211 -0.3467376556
212 -0.3467376556
213 -0.3467376556
214 -0.3467376556
215 -0.3467376556
216 -0.3467376556
217 -0.3467376556
218 -0.3467376556
219 -0.3467376556
220 -0.3467376556
221 -0.3467376556
222 -0.3467376556
223 -0.3467376556
224 -0.3467376556
225 -0.3467376556
226 -0.3467376556
227 -0.3467376556
228 -0.3467376556
229 -0.3467376556
230 -0.3467376556
231 -0.3467376556
232 -0.3467376556
233 -0.3467376556
234 -0.3467376556
235 -0.3467376556
236 -0.3467376556
237 -0.3467376556
238 -0.3467376556
239 -0.3467376556
240 -0.3467376556
241 -0.3467376556
242 -0.3467376556
243 -0.3467376556
244 -0.3467376556
245 -0.3467376556
246 -0.3467376556
247 -0.3467376556
248 -0.3467376556
249 -0.3467376556
250 -0.3467376556
251 -0.3467376556
252 -0.3467376556
253 -0.3467376556
254 -0.3467376556
255 -0.3467376556
256 -0.3467376556
257 -0.3467376556
258 -0.3467376556
259 -0.3467376556
260 -0.3467376556
261 -0.3467376556
262 -0.3467376556
263 -0.3467376556
264 -0.3467376556
265 -0.3467376556
266 -0.3467376556
267 -0.3467376556
268 -0.3467376556
269 -0.3467376556
270 -0.3467376556
271 -0.3467376556
272 -0.3467376556
273 -0.3467376556
274 -0.3467376556
275 -0.3467376556
276 -0.3467376556
277 -0.3467376556
278 -0.3467376556
279 -0.3467376556
280 -0.3467376556
281 -0.3467376556
282 -0.3467376556
283 -0.3467376556
284 -0.3467376556
285 -0.3467376556
286 -0.3467376556
287 -0.3467376556
288 -0.3467376556
289 -0.3467376556
290 -0.3467376556
291 -0.3467376556
292 -0.3467376556
293 -0.3467376556
294 -0.3467376556
295 -0.3467376556
296 -0.3467376556
297 -0.3467376556
298 -0.3467376556
299 -0.3467376556
300 -0.3467376556
301 -0.3467376556
302 -0.3467376556
303 -0.3467376556
304 -0.3467376556
305 -0.3467376556
306 -0.3467376556
307 -0.3467376556
308 -0.3467376556
309 -0.3467376556
310 -0.3467376556
311 -0.3467376556
312 -0.3467376556
313 -0.3467376556
314 -0.3467376556
315 -0.3467376556
316 -0.3467376556
317 -0.3467376556
318 -0.3467376556
319 -0.3467376556
320 -0.3467376556
321 -0.3467376556
322 -0.3467376556
323 -0.3467376556
324 -0.3467376556
325 -0.3467376556
326 -0.3467376556
327 -0.3467376556
328 -0.3467376556
329 -0.3467376556
330 -0.3467376556
331 -0.3467376556
332 -0.3467376556
333 -0.3467376556
334 -0.3467376556
335 -0.3467376556
336 -0.3467376556
337 -0.3467376556
338 -0.3467376556
339 -0.3467376556
340 -0.3467376556
341 -0.3467376556
342 -0.3467376556
343 -0.3467376556
344 -0.3467376556
345 -0.3467376556
346 -0.3467376556
347 -0.3467376556
348 -0.3467376556
349 -0.3467376556
350 -0.3467376556
351 -0.3467376556
352 -0.3467376556
353 -0.3467376556
354 -0.3467376556
355 -0.3467376556
356 -0.3467376556
357 -0.3467376556
358 -0.3467376556
359 -0.3467376556
360 -0.3467376556
361 -0.3467376556
362 -0.3467376556
363 -0.3467376556
364 -0.3467376556
365 -0.3467376556
366 -0.3467376556
367 -0.3467376556
368 -0.3467376556
369 -0.3467376556
370 -0.3467376556
371 -0.3467376556
372 -0.3467376556
373 -0.3467376556
374 -0.3467376556
375 -0.3467376556
376 -0.3467376556
377 -0.3467376556
378 -0.3467376556
379 -0.3467376556
380 -0.3467376556
381 -0.3467376556
382 -0.3467376556
383 -0.3467376556
384 -0.3467376556
385 -0.3467376556
386 -0.3467376556
387 -0.3467376556
388 -0.3467376556
389 -0.3467376556
390 -0.3467376556
391 -0.3467376556
392 -0.3467376556
393 -0.3467376556
394 -0.3467376556
395 -0.3467376556
396 -0.3467376556
397 -0.3467376556
398 -0.3467376556
399 -0.3467376556
400 -0.3467376556
401 -0.3467376556
402 -0.3467376556
403 -0.3467376556
404 -0.3467376556
405 -0.3467376555
406 -0.3467376555
407 -0.3467376555
408 -0.3467376555
409 -0.3467376555
410 -0.3467376555
411 -0.3467376554
412 -0.3467376554
413 -0.3467376553
414 -0.3467376553
415 -0.3467376552
416 -0.3467376551
417 -0.346737655
418 -0.3467376548
419 -0.3467376547
420 -0.3467376544
421 -0.3467376541
422 -0.3467376538
423 -0.3467376533
424 -0.3467376528
425 -0.3467376521
426 -0.3467376512
427 -0.3467376502
428 -0.3467376489
429 -0.3467376472
430 -0.3467376452
431 -0.3467376428
432 -0.3467376398
433 -0.3467376361
434 -0.3467376315
435 -0.3467376259
436 -0.3467376191
437 -0.3467376107
438 -0.3467376004
439 -0.3467375879
440 -0.3467375726
441 -0.3467375539
442 -0.3467375312
443 -0.3467375036
444 -0.34673747
445 -0.3467374292
446 -0.3467373797
447 -0.3467373198
448 -0.3467372472
449 -0.3467371595
450 -0.3467370536
451 -0.3467369258
452 -0.3467367718
453 -0.3467365863
454 -0.3467363633
455 -0.3467360954
456 -0.3467357738
457 -0.3467353882
458 -0.3467349265
459 -0.3467343741
460 -0.3467337139
461 -0.3467329257
462 -0.3467319857
463 -0.3467308658
464 -0.346729533
465 -0.3467279486
466 -0.346726067
467 -0.3467238347
468 -0.3467211893
469 -0.3467180576
470 -0.3467143542
471 -0.3467099792
472 -0.3467048164
473 -0.3466987303
474 -0.3466915634
475 -0.3466831327
476 -0.3466732259
477 -0.3466615968
478 -0.3466479605
479 -0.3466319875
480 -0.3466132973
481 -0.3465914507
482 -0.346565942
483 -0.3465361887
484 -0.3465015216
485 -0.346461172
486 -0.3464142585
487 -0.3463597713
488 -0.3462965551
489 -0.3462232897
490 -0.346138468
491 -0.3460403722
492 -0.3459270458
493 -0.345796264
494 -0.3456454995
495 -0.3454718848
496 -0.3452721705
497 -0.3450426792
498 -0.3447792534
499 -0.3444771996
500 -0.3441312249
501 -0.3437353682
502 -0.3432829241
503 -0.3427663594
504 -0.3421772211
505 -0.3415060365
506 -0.3407422032
507 -0.3398738692
508 -0.3388878028
509 -0.3377692505
510 -0.3365017829
511 -0.3350671281
512 -0.3334449909
513 -0.3316128582
514 -0.3295457888
515 -0.3272161882
516 -0.3245935657
517 -0.3216442754
518 -0.3183312392
519 -0.3146136506
520 -0.3104466608
521 -0.3057810445
522 -0.3005628464
523 -0.2947330081
524 -0.2882269739
525 -0.2809742778
526 -0.2728981094
527 -0.2639148612
528 -0.2539336563
529 -0.2428558574
530 -0.2305745597
531 -0.2169740661
532 -0.2019293486
533 -0.1853054967
534 -0.1669571545
535 -0.1467279496
536 -0.124449916
537 -0.09994291469
538 -0.07301405428
539 -0.04345711684
540 -0.01105199208
541 0.02443587497
542 0.06325601787
543 0.105673459
544 0.1519691903
545 0.2024406179
546 0.2574019646
547 0.3171846237
548 0.3821374552
549 0.4526270187
550 0.5290377346
551 0.6117719646
552 0.7012500046
553 0.7979099808
554 0.9022076411
555 1.014616032
556 1.135625056
557 1.265740895
558 1.4054853
559 1.555394731
560 1.716019346
561 1.887921832
562 2.071676061
563 2.267865588
564 2.477081961
565 2.699922857
566 2.936990032
567 3.188887088
568 3.456217061
569 3.739579813
570 4.039569252
571 4.356770378
572 4.691756143
573 5.045084167
574 5.41729328
575 5.808899933
576 6.220394469
577 6.652237286
578 7.104854889
579 7.578635871
580 8.07392682
581 8.591028201
582 9.130190203
583 9.691608615
584 10.27542072
585 10.88170127
586 11.51045853
587 12.16163047
588 12.83508111
589 13.53059703
590 14.24788411
591 14.98656456
592 15.74617416
593 16.52615987
594 17.32587778
595 18.14459144
596 18.98147058
597 19.83559028
598 20.70593061
599 21.59137675
600 22.4907196
601 23.40265694
602 24.32579513
603 25.25865136
604 26.19965646
605 27.14715831
606 28.09942575
607 29.05465319
608 30.01096562
609 30.96642433
610 31.91903308
611 32.86674478
612 33.80746876
613 34.73907843
614 35.65941939
615 36.56631799
616 37.45759022
617 38.33105094
618 39.1845234
619 40.01584895
620 40.82289701
621 41.60357507
622 42.35583889
623 43.07770257
624 43.76724873
625 44.42263848
626 45.04212128
627 45.62404461
628 46.16686334
629 46.66914878
630 47.12959735
631 47.54703884
632 47.92044415
633 48.24893256
634 48.53177836
635 48.76841693
636 48.95845012
637 49.101651
638 49.19796782
639 49.24752737
640 49.25063741
641 49.20778849
642 49.11965489
643 48.98709477
644 48.81114964
645 48.59304287
646 48.33417756
647 48.03613355
648 47.70066371
649 47.32968946
650 46.92529558
651 46.48972432
652 46.0253688
653 45.53476579
654 45.02058786
655 44.48563491
656 43.93282518
657 43.36518571
658 42.78584226
659 42.19800888
660 41.60497692
661 41.01010372
662 40.41680092
663 39.82852245
664 39.2487522
665 38.68099145
666 38.12874605
667 37.59551343
668 37.08476941
669 36.59995489
670 36.14446244
671 35.72162281
672 35.33469146
673 34.98683496
674 34.68111757
675 34.42048781
676 34.20776514
677 34.04562681
678 33.93659489
679 33.88302356
680 33.88708663
681 33.95076548
682 34.07583725
683 34.26386365
684 34.51618007
685 34.83388545
686 35.21783258
687 35.66861926
688 36.18658006
689 36.771779
690 37.42400309
691 38.14275684
692 38.92725775
693 39.77643295
694 40.68891697
695 41.66305073
696 42.69688187
697 43.78816628
698 44.93437119
699 46.13267956
700 47.37999601
701 48.67295418
702 50.00792569
703 51.38103053
704 52.78814907
705 54.22493548
706 55.68683274
707 57.16908902
708 58.66677554
709 60.17480569
710 61.68795549
711 63.20088523
712 64.70816213
713 66.20428409
714 67.68370418
715 69.14085591
716 70.57017908
717 71.96614602
718 73.32328815
719 74.63622257
720 75.89967862
721 77.10852417
722 78.25779152
723 79.34270259
724 80.35869345
725 81.30143779
726 82.1668693
727 82.95120273
728 83.65095347
729 84.26295559
730 84.7843781
731 85.21273928
732 85.54591912
733 85.78216966
734 85.92012314
735 85.95879795
736 85.89760233
737 85.73633578
738 85.4751881
739 85.11473626
740 84.6559389
741 84.1001287
742 83.4490025
743 82.70460946
744 81.8693372
745 80.94589608
746 79.93730177
747 78.84685625
748 77.67812733
749 76.43492696
750 75.12128844
751 73.74144265
752 72.29979361
753 70.80089349
754 69.2494172
755 67.65013685
756 66.00789624
757 64.32758549
758 62.61411604
759 60.8723962
760 59.10730742
761 57.3236813
762 55.52627771
763 53.71976387
764 51.90869481
765 50.09749495
766 48.29044131
767 46.49164798
768 44.70505226
769 42.93440232
770 41.18324648
771 39.45492408
772 37.75255801
773 36.07904877
774 34.43707018
775 32.82906657
776 31.25725152
777 29.72360796
778 28.22988966
779 26.77762404
780 25.36811612
781 24.00245364
782 22.68151318
783 21.40596718
784 20.17629181
785 18.9927756
786 17.85552861
787 16.76449219
788 15.71944914
789 14.72003421
790 13.7657448
791 12.85595185
792 11.98991077
793 11.16677231
794 10.38559344
795 9.6453479
796 8.94493669
797 8.283198157
798 7.65891779
799 7.070837628
800 6.517665242
801 5.998082259
802 5.510752421
803 5.054329128
804 4.627462472
805 4.228805753
806 3.857021456
807 3.510786705
808 3.188798191
809 2.889776586
810 2.612470453
811 2.355659661
812 2.118158338
813 1.898817367
814 1.696526451
815 1.510215776
816 1.33885729
817 1.181465626
818 1.037098695
819 0.9048579785
820 0.7838885368
821 0.6733787735
822 0.5725599695
823 0.4807056189
824 0.3971305868
825 0.321190115
826 0.2522786963
827 0.1898288382
828 0.1333097367
829 0.08222587781
830 0.03611558405
831 -0.005450477969
832 -0.04287081513
833 -0.07651463696
834 -0.106723385
835 -0.1338122515
836 -0.1580716791
837 -0.179768832
838 -0.1991490333
839 -0.2164371617
840 -0.2318390029
841 -0.2455425513
842 -0.2577192606
843 -0.2685252384
844 -0.2781023854
845 -0.286579477
846 -0.2940731877
847 -0.3006890575
848 -0.3065224015
849 -0.3116591639
850 -0.3161767164
851 -0.3201446043
852 -0.32362524
853 -0.3266745483
854 -0.329342563
855 -0.331673979
856 -0.3337086608
857 -0.3354821105
858 -0.3370258978
859 -0.3383680529
860 -0.3395334262
861 -0.3405440162
862 -0.341419268
863 -0.3421763439
864 -0.3428303696
865 -0.3433946559
866 -0.3438808994
867 -0.3442993637
868 -0.3446590413
869 -0.3449678001
870 -0.3452325138
871 -0.3454591792
872 -0.3456530204
873 -0.3458185819
874 -0.3459598112
875 -0.3460801329
876 -0.3461825131
877 -0.3462695176
878 -0.3463433626
879 -0.3464059599
880 -0.346458956
881 -0.3465037673
882 -0.3465416103
883 -0.3465735286
884 -0.3466004161
885 -0.3466230372
886 -0.3466420453
887 -0.3466579973
888 -0.3466713679
889 -0.3466825607
890 -0.3466919189
891 -0.3466997334
892 -0.3467062506
893 -0.3467116792
894 -0.3467161953
895 -0.3467199477
896 -0.3467230616
897 -0.3467256424
898 -0.3467277788
899 -0.346729545
900 -0.3467310034
901 -0.3467322062
902 -0.3467331969
903 -0.3467340118
904 -0.3467346815
905 -0.3467352309
906 -0.3467356813
907 -0.3467360499
908 -0.3467363513
909 -0.3467365974
910 -0.3467367981
911 -0.3467369616
912 -0.3467370945
913 -0.3467372026
914 -0.3467372903
915 -0.3467373613
916 -0.3467374189
917 -0.3467374654
918 -0.3467375029
919 -0.3467375332
920 -0.3467375576
921 -0.3467375772
922 -0.346737593
923 -0.3467376057
924 -0.3467376158
925 -0.3467376239
926 -0.3467376304
927 -0.3467376356
928 -0.3467376397
929 -0.346737643
930 -0.3467376457
931 -0.3467376477
932 -0.3467376494
933 -0.3467376507
934 -0.3467376517
935 -0.3467376526
936 -0.3467376532
937 -0.3467376537
938 -0.3467376541
939 -0.3467376544
940 -0.3467376547
941 -0.3467376549
942 -0.346737655
943 -0.3467376552
944 -0.3467376553
945 -0.3467376553
946 -0.3467376554
947 -0.3467376554
948 -0.3467376555
949 -0.3467376555
950 -0.3467376555
951 -0.3467376555
952 -0.3467376555
953 -0.3467376555
954 -0.3467376556
955 -0.3467376556
956 -0.3467376556
957 -0.3467376556
958 -0.3467376556
959 -0.3467376556
960 -0.3467376556
961 -0.3467376556
962 -0.3467376556
963 -0.3467376556
964 -0.3467376556
965 -0.3467376556
966 -0.3467376556
967 -0.3467376556
968 -0.3467376556
969 -0.3467376556
970 -0.3467376556
971 -0.3467376556
972 -0.3467376556
973 -0.3467376556
974 -0.3467376556
975 -0.3467376556
976 -0.3467376556
977 -0.3467376556
978 -0.3467376556
979 -0.3467376556
980 -0.3467376556
981 -0.3467376556
982 -0.3467376556
983 -0.3467376556
984 -0.3467376556
985 -0.3467376556
986 -0.3467376556
987 -0.3467376556
988 -0.3467376556
989 -0.3467376556
990 -0.3467376556
991 -0.3467376556
992 -0.3467376556
993 -0.3467376556
994 -0.3467376556
995 -0.3467376556
996 -0.3467376556
997 -0.3467376556
998 -0.3467376556
999 -0.3467376556
1000 -0.3467376556
1001 -0.3467376556
1002 -0.3467376556
1003 -0.3467376556
1004 -0.3467376556
1005 -0.3467376556
1006 -0.3467376556
1007 -0.3467376556
1008 -0.3467376556
1009 -0.3467376556
1010 -0.3467376556
1011 -0.3467376556
1012 -0.3467376556
1013 -0.3467376556
1014 -0.3467376556
1015 -0.3467376556
1016 -0.3467376556
1017 -0.3467376556
1018 -0.3467376556
1019 -0.3467376556
1020 -0.3467376556
1021 -0.3467376556
1022 -0.3467376556
1023 -0.3467376556
