#54350 2909.9945156126152379 0.0045705183184292846529 1 1405 16.000049430220818044 1024 7 1 J1713+0747 0.0000000 
0 -0.2480402814
1 -0.2480402814
2 -0.2480402814
3 -0.2480402814
4 -0.2480402814
5 -0.2480402814
6 -0.2480402814
7 -0.2480402814
8 -0.2480402814
9 -0.2480402814
10 -0.2480402814
11 -0.2480402814
12 -0.2480402814
13 -0.2480402814
14 -0.2480402814
15 -0.2480402814
16 -0.2480402814
17 -0.2480402814
18 -0.2480402814
19 -0.2480402814
20 -0.2480402814
21 -0.2480402814
22 -0.2480402814
23 -0.2480402814
24 -0.2480402814
25 -0.2480402814
26 -0.2480402814
27 -0.2480402814
28 -0.2480402814
29 -0.2480402814
30 -0.2480402814
31 -0.2480402814
32 -0.2480402814
33 -0.2480402814
34 -0.2480402814
35 -0.2480402814
36 -0.2480402814
37 -0.2480402814
38 -0.2480402814
39 -0.2480402814
40 -0.2480402814
41 -0.2480402814
42 -0.2480402814
43 -0.2480402814
44 -0.2480402814
45 -0.2480402814
46 -0.2480402814
47 -0.2480402814
48 -0.2480402814
49 -0.2480402814
50 -0.2480402814
51 -0.2480402814
52 -0.2480402814
53 -0.2480402814
54 -0.2480402814
55 -0.2480402814
56 -0.2480402814
57 -0.2480402814
58 -0.2480402814
59 -0.2480402814
60 -0.2480402814
61 -0.2480402814
62 -0.2480402814
63 -0.2480402814
64 -0.2480402814
65 -0.2480402814
66 -0.2480402814
67 -0.2480402814
68 -0.2480402814
69 -0.2480402814
70 -0.2480402814
71 -0.2480402813
72 -0.2480402813
73 -0.2480402813
74 -0.2480402813
75 -0.2480402813
76 -0.2480402813
77 -0.2480402813
78 -0.2480402812
79 -0.2480402812
80 -0.2480402811
81 -0.2480402811
82 -0.248040281
83 -0.2480402809
84 -0.2480402808
85 -0.2480402806
86 -0.2480402804
87 -0.2480402802
88 -0.2480402799
89 -0.2480402795
90 -0.248040279
91 -0.2480402784
92 -0.2480402777
93 -0.2480402768
94 -0.2480402757
95 -0.2480402744
96 -0.2480402727
97 -0.2480402706
98 -0.2480402681
99 -0.248040265
100 -0.2480402611
101 -0.2480402564
102 -0.2480402506
103 -0.2480402435
104 -0.2480402349
105 -0.2480402243
106 -0.2480402114
107 -0.2480401956
108 -0.2480401764
109 -0.248040153
110 -0.2480401246
111 -0.2480400901
112 -0.2480400482
113 -0.2480399974
114 -0.248039936
115 -0.2480398616
116 -0.2480397718
117 -0.2480396634
118 -0.2480395328
119 -0.2480393754
120 -0.248039186
121 -0.2480389585
122 -0.2480386853
123 -0.2480383576
124 -0.248037965
125 -0.2480374952
126 -0.2480369335
127 -0.2480362627
128 -0.2480354624
129 -0.2480345087
130 -0.2480333732
131 -0.2480320228
132 -0.2480304186
133 -0.2480285148
134 -0.2480262578
135 -0.248023585
136 -0.2480204231
137 -0.2480166865
138 -0.2480122755
139 -0.2480070739
140 -0.2480009463
141 -0.2479937357
142 -0.2479852596
143 -0.2479753065
144 -0.2479636313
145 -0.2479499506
146 -0.2479339369
147 -0.2479152123
148 -0.247893341
149 -0.2478678216
150 -0.2478380769
151 -0.2478034443
152 -0.2477631635
153 -0.2477163633
154 -0.2476620462
155 -0.2475990721
156 -0.2475261392
157 -0.2474417626
158 -0.2473442508
159 -0.2472316794
160 -0.2471018615
161 -0.2469523147
162 -0.2467802252
163 -0.2465824067
164 -0.2463552561
165 -0.2460947035
166 -0.2457961578
167 -0.2454544461
168 -0.2450637469
169 -0.2446175177
170 -0.2441084139
171 -0.2435282015
172 -0.2428676606
173 -0.2421164805
174 -0.2412631451
175 -0.2402948084
176 -0.2391971594
177 -0.2379542749
178 -0.2365484612
179 -0.2349600823
180 -0.2331673751
181 -0.2311462506
182 -0.2288700801
183 -0.2263094662
184 -0.2234319982
185 -0.2202019906
186 -0.2165802051
187 -0.2125235551
188 -0.2079847923
189 -0.2029121758
190 -0.1972491229
191 -0.1909338412
192 -0.1838989439
193 -0.1760710463
194 -0.1673703447
195 -0.15771018
196 -0.1469965832
197 -0.135127808
198 -0.1219938478
199 -0.1074759418
200 -0.09144607002
201 -0.07376643983
202 -0.05428896661
203 -0.0328547509
204 -0.009293555119
205 0.01657671675
206 0.04495053297
207 0.07603523713
208 0.1100515362
209 0.147233969
210 0.1878313494
211 0.2321071792
212 0.2803400253
213 0.3328238541
214 0.3898683167
215 0.4517989796
216 0.5189574924
217 0.591701685
218 0.6704055894
219 0.7554593751
220 0.8472691934
221 0.946256921
222 1.052859797
223 1.167529945
224 1.290733769
225 1.422951228
226 1.564674966
227 1.716409306
228 1.878669089
229 2.051978367
230 2.236868935
231 2.433878698
232 2.643549881
233 2.866427066
234 3.103055067
235 3.353976635
236 3.619730002
237 3.900846265
238 4.197846605
239 4.511239368
240 4.841516991
241 5.189152802
242 5.554597698
243 5.938276704
244 6.340585447
245 6.761886547
246 7.202505938
247 7.66272916
248 8.142797616
249 8.642904837
250 9.16319277
251 9.703748112
252 10.26459872
253 10.84571013
254 11.44698219
255 12.06824588
256 12.70926028
257 13.3697098
258 14.04920162
259 14.74726345
260 15.46334152
261 16.19679899
262 16.94691468
263 17.71288214
264 18.49380924
265 19.28871809
266 20.09654545
267 20.9161436
268 21.74628176
269 22.5856479
270 23.43285111
271 24.28642452
272 25.1448287
273 26.00645555
274 26.86963275
275 27.7326287
276 28.59365796
277 29.4508871
278 30.30244116
279 31.14641034
280 31.98085729
281 32.80382468
282 33.61334308
283 34.40743927
284 35.18414467
285 35.94150413
286 36.67758481
287 37.39048525
288 38.07834444
289 38.73935106
290 39.37175254
291 39.97386421
292 40.54407821
293 41.08087228
294 41.58281831
295 42.04859062
296 42.4769739
297 42.86687081
298 43.21730913
299 43.52744844
300 43.79658631
301 44.024164
302 44.20977147
303 44.35315191
304 44.45420552
305 44.51299274
306 44.52973675
307 44.50482525
308 44.43881159
309 44.3324152
310 44.18652122
311 44.0021795
312 43.78060288
313 43.52316472
314 43.23139576
315 42.90698034
316 42.55175191
317 42.1676879
318 41.75690399
319 41.3216478
320 40.86429195
321 40.3873266
322 39.89335154
323 39.38506766
324 38.86526809
325 38.33682881
326 37.80269895
327 37.26589065
328 36.72946863
329 36.19653943
330 35.67024035
331 35.15372824
332 34.65016791
333 34.16272054
334 33.69453174
335 33.24871964
336 32.82836278
337 32.43648797
338 32.07605807
339 31.74995982
340 31.46099162
341 31.21185142
342 31.00512464
343 30.84327229
344 30.72861914
345 30.66334222
346 30.64945946
347 30.68881862
348 30.78308665
349 30.93373931
350 31.14205129
351 31.40908679
352 31.73569067
353 32.12248018
354 32.56983734
355 33.07790205
356 33.64656598
357 34.27546733
358 34.96398646
359 35.71124248
360 36.51609092
361 37.37712242
362 38.29266265
363 39.26077327
364 40.27925433
365 41.34564774
366 42.45724223
367 43.61107953
368 44.80396198
369 46.0324615
370 47.2929299
371 48.5815106
372 49.89415174
373 51.22662048
374 52.57451874
375 53.93330009
376 55.29828778
377 56.66469398
378 58.02763993
379 59.38217703
380 60.72330875
381 62.04601328
382 63.34526662
383 64.61606622
384 65.85345487
385 67.05254469
386 68.20854117
387 69.31676697
388 70.37268544
389 71.37192362
390 72.31029457
391 73.18381892
392 73.98874538
393 74.72157019
394 75.37905529
395 75.95824502
396 76.45648138
397 76.87141756
398 77.20102975
399 77.4436271
400 77.59785975
401 77.66272489
402 77.63757076
403 77.52209859
404 77.3163625
405 77.0207673
406 76.63606423
407 76.16334468
408 75.604032
409 74.95987137
410 74.23291786
411 73.42552279
412 72.54031855
413 71.58020182
414 70.54831558
415 69.44802986
416 68.28292145
417 67.05675275
418 65.77344988
419 64.43708026
420 63.05182981
421 61.62197986
422 60.15188415
423 58.64594581
424 57.10859473
425 55.54426524
426 53.95737449
427 52.35230147
428 50.73336688
429 49.10481397
430 47.47079045
431 45.83533153
432 44.20234426
433 42.57559314
434 40.95868707
435 39.35506778
436 37.76799965
437 36.20056097
438 34.65563673
439 33.13591278
440 31.64387149
441 30.18178871
442 28.75173226
443 27.35556154
444 25.99492849
445 24.67127977
446 23.38585994
447 22.13971579
448 20.9337015
449 19.7684848
450 18.6445538
451 17.56222452
452 16.52164906
453 15.52282426
454 14.5656007
455 13.64969213
456 12.77468508
457 11.94004863
458 11.14514425
459 10.38923571
460 9.671498811
461 8.991031092
462 8.346861291
463 7.737958577
464 7.163241495
465 6.621586576
466 6.111836571
467 5.632808297
468 5.183300047
469 4.762098561
470 4.367985526
471 3.999743619
472 3.656162063
473 3.336041706
474 3.038199633
475 2.761473298
476 2.504724208
477 2.266841151
478 2.046743002
479 1.843381107
480 1.655741278
481 1.482845414
482 1.323752764
483 1.177560869
484 1.043406193
485 0.9204644714
486 0.8079508076
487 0.705119526
488 0.6112638206
489 0.5257152117
490 0.4478428371
491 0.3770525984
492 0.3127861815
493 0.254519972
494 0.2017638833
495 0.1540601139
496 0.1109818505
497 0.07213193021
498 0.03714147754
499 0.005668525755
500 -0.02260336468
501 -0.04796648135
502 -0.07069032016
503 -0.09102292293
504 -0.1091921857
505 -0.1254071324
506 -0.1398591487
507 -0.1527231728
508 -0.1641588396
509 -0.1743115766
510 -0.1833136487
511 -0.1912851525
512 -0.1983349578
513 -0.2045615976
514 -0.2100541067
515 -0.2148928084
516 -0.2191500526
517 -0.2228909047
518 -0.226173787
519 -0.2290510761
520 -0.2315696553
521 -0.2337714267
522 -0.2356937827
523 -0.237370041
524 -0.2388298434
525 -0.2400995217
526 -0.2412024323
527 -0.2421592613
528 -0.2429883027
529 -0.2437057112
530 -0.2443257309
531 -0.2448609033
532 -0.2453222543
533 -0.2457194635
534 -0.2460610159
535 -0.246354339
536 -0.2466059249
537 -0.2468214401
538 -0.2470058233
539 -0.2471633728
540 -0.2472978241
541 -0.2474124193
542 -0.2475099678
543 -0.247592901
544 -0.24766332
545 -0.2477230381
546 -0.2477736178
547 -0.2478164038
548 -0.2478525515
549 -0.2478830527
550 -0.2479087572
551 -0.2479303921
552 -0.247948579
553 -0.2479638482
554 -0.2479766519
555 -0.2479873746
556 -0.2479963435
557 -0.2480038359
558 -0.2480100872
559 -0.2480152965
560 -0.2480196319
561 -0.2480232356
562 -0.2480262274
563 -0.2480287081
564 -0.2480307624
565 -0.2480324615
566 -0.2480338651
567 -0.2480350231
568 -0.2480359773
569 -0.2480367626
570 -0.2480374081
571 -0.248037938
572 -0.2480383725
573 -0.2480387283
574 -0.2480390193
575 -0.248039257
576 -0.248039451
577 -0.248039609
578 -0.2480397376
579 -0.2480398422
580 -0.248039927
581 -0.2480399959
582 -0.2480400516
583 -0.2480400967
584 -0.2480401331
585 -0.2480401624
586 -0.2480401861
587 -0.2480402052
588 -0.2480402205
589 -0.2480402328
590 -0.2480402426
591 -0.2480402505
592 -0.2480402569
593 -0.2480402619
594 -0.2480402659
595 -0.2480402691
596 -0.2480402717
597 -0.2480402737
598 -0.2480402753
599 -0.2480402766
600 -0.2480402776
601 -0.2480402784
602 -0.2480402791
603 -0.2480402796
604 -0.24804028
605 -0.2480402803
606 -0.2480402805
607 -0.2480402807
608 -0.2480402808
609 -0.248040281
610 -0.2480402811
611 -0.2480402811
612 -0.2480402812
613 -0.2480402812
614 -0.2480402813
615 -0.2480402813
616 -0.2480402813
617 -0.2480402813
618 -0.2480402813
619 -0.2480402813
620 -0.2480402814
621 -0.2480402814
622 -0.2480402814
623 -0.2480402814
624 -0.2480402814
625 -0.2480402814
626 -0.2480402814
627 -0.2480402814
628 -0.2480402814
629 -0.2480402814
630 -0.2480402814
631 -0.2480402814
632 -0.2480402814
633 -0.2480402814
634 -0.2480402814
635 -0.2480402814
636 -0.2480402814
637 -0.2480402814
638 -0.2480402814
639 -0.2480402814
640 -0.2480402814
641 -0.2480402814
642 -0.2480402814
643 -0.2480402814
644 -0.2480402814
645 -0.2480402814
646 -0.2480402814
647 -0.2480402814
648 -0.2480402814
649 -0.2480402814
650 -0.2480402814
651 -0.2480402814
652 -0.2480402814
653 -0.2480402814
654 -0.2480402814
655 -0.2480402814
656 -0.2480402814
657 -0.2480402814
658 -0.2480402814
659 -0.2480402814
660 -0.2480402814
661 -0.2480402814
662 -0.2480402814
663 -0.2480402814
664 -0.2480402814
665 -0.2480402814
666 -0.2480402814
667 -0.2480402814
668 -0.2480402814
669 -0.2480402814
670 -0.2480402814
671 -0.2480402814
672 -0.2480402814
673 -0.2480402814
674 -0.2480402814
675 -0.2480402814
676 -0.2480402814
677 -0.2480402814
678 -0.2480402814
679 -0.2480402814
680 -0.2480402814
681 -0.2480402814
682 -0.2480402814
683 -0.2480402814
684 -0.2480402814
685 -0.2480402814
686 -0.2480402814
687 -0.2480402814
688 -0.2480402814
689 -0.2480402814
690 -0.2480402814
691 -0.2480402814
692 -0.2480402814
693 -0.2480402814
694 -0.2480402814
695 -0.2480402814
696 -0.2480402814
697 -0.2480402814
698 -0.2480402814
699 -0.2480402814
700 -0.2480402814
701 -0.2480402814
702 -0.2480402814
703 -0.2480402814
704 -0.2480402814
705 -0.2480402814
706 -0.2480402814
707 -0.2480402814
708 -0.2480402814
709 -0.2480402814
710 -0.2480402814
711 -0.2480402814
712 -0.2480402814
713 -0.2480402814
714 -0.2480402814
715 -0.2480402814
716 -0.2480402814
717 -0.2480402814
718 -0.2480402814
719 -0.2480402814
720 -0.2480402814
721 -0.2480402814
722 -0.2480402814
723 -0.2480402814
724 -0.2480402814
725 -0.2480402814
726 -0.2480402814
727 -0.2480402814
728 -0.2480402814
729 -0.2480402814
730 -0.2480402814
731 -0.2480402814
732 -0.2480402814
733 -0.2480402814
734 -0.2480402814
735 -0.2480402814
736 -0.2480402814
737 -0.2480402814
738 -0.2480402814
739 -0.2480402814
740 -0.2480402814
741 -0.2480402814
742 -0.2480402814
743 -0.2480402814
744 -0.2480402814
745 -0.2480402814
746 -0.2480402814
747 -0.2480402814
748 -0.2480402814
749 -0.2480402814
750 -0.2480402814
751 -0.2480402814
752 -0.2480402814
753 -0.2480402814
754 -0.2480402814
755 -0.2480402814
756 -0.2480402814
757 -0.2480402814
758 -0.2480402814
759 -0.2480402814
760 -0.2480402814
761 -0.2480402814
762 -0.2480402814
763 -0.2480402814
764 -0.2480402814
765 -0.2480402814
766 -0.2480402814
767 -0.2480402814
768 -0.2480402814
769 -0.2480402814
770 -0.2480402814
771 -0.2480402814
772 -0.2480402814
773 -0.2480402814
774 -0.2480402814
775 -0.2480402814
776 -0.2480402814
777 -0.2480402814
778 -0.2480402814
779 -0.2480402814
780 -0.2480402814
781 -0.2480402814
782 -0.2480402814
783 -0.2480402814
784 -0.2480402814
785 -0.2480402814
786 -0.2480402814
787 -0.2480402814
788 -0.2480402814
789 -0.2480402814
790 -0.2480402814
791 -0.2480402814
792 -0.2480402814
793 -0.2480402814
794 -0.2480402814
795 -0.2480402814
796 -0.2480402814
797 -0.2480402814
798 -0.2480402814
799 -0.2480402814
800 -0.2480402814
801 -0.2480402814
802 -0.2480402814
803 -0.2480402814
804 -0.2480402814
805 -0.2480402814
806 -0.2480402814
807 -0.2480402814
808 -0.2480402814
809 -0.2480402814
810 -0.2480402814
811 -0.2480402814
812 -0.2480402814
813 -0.2480402814
814 -0.2480402814
815 -0.2480402814
816 -0.2480402814
817 -0.2480402814
818 -0.2480402814
819 -0.2480402814
820 -0.2480402814
821 -0.2480402814
822 -0.2480402814
823 -0.2480402814
824 -0.2480402814
825 -0.2480402814
826 -0.2480402814
827 -0.2480402814
828 -0.2480402814
829 -0.2480402814
830 -0.2480402814
831 -0.2480402814
832 -0.2480402814
833 -0.2480402814
834 -0.2480402814
835 -0.2480402814
836 -0.2480402814
837 -0.2480402814
838 -0.2480402814
839 -0.2480402814
840 -0.2480402814
841 -0.2480402814
842 -0.2480402814
843 -0.2480402814
844 -0.2480402814
845 -0.2480402814
846 -0.2480402814
847 -0.2480402814
848 -0.2480402814
849 -0.2480402814
850 -0.2480402814
851 -0.2480402814
852 -0.2480402814
853 -0.2480402814
854 -0.2480402814
855 -0.2480402814
856 -0.2480402814
857 -0.2480402814
858 -0.2480402814
859 -0.2480402814
860 -0.2480402814
861 -0.2480402814
862 -0.2480402814
863 -0.2480402814
864 -0.2480402814
865 -0.2480402814
866 -0.2480402814
867 -0.2480402814
868 -0.2480402814
869 -0.2480402814
870 -0.2480402814
871 -0.2480402814
872 -0.2480402814
873 -0.2480402814
874 -0.2480402814
875 -0.2480402814
876 -0.2480402814
877 -0.2480402814
878 -0.2480402814
879 -0.2480402814
880 -0.2480402814
881 -0.2480402814
882 -0.2480402814
883 -0.2480402814
884 -0.2480402814
885 -0.2480402814
886 -0.2480402814
887 -0.2480402814
888 -0.2480402814
889 -0.2480402814
890 -0.2480402814
891 -0.2480402814
892 -0.2480402814
893 -0.2480402814
894 -0.2480402814
895 -0.2480402814
896 -0.2480402814
897 -0.2480402814
898 -0.2480402814
899 -0.2480402814
900 -0.2480402814
901 -0.2480402814
902 -0.2480402814
903 -0.2480402814
904 -0.2480402814
905 -0.2480402814
906 -0.2480402814
907 -0.2480402814
908 -0.2480402814
909 -0.2480402814
910 -0.2480402814
911 -0.2480402814
912 -0.2480402814
913 -0.2480402814
914 -0.2480402814
915 -0.2480402814
916 -0.2480402814
917 -0.2480402814
918 -0.2480402814
919 -0.2480402814
920 -0.2480402814
921 -0.2480402814
922 -0.2480402814
923 -0.2480402814
924 -0.2480402814
925 -0.2480402814
926 -0.2480402814
927 -0.2480402814
928 -0.2480402814
929 -0.2480402814
930 -0.2480402814
931 -0.2480402814
932 -0.2480402814
933 -0.2480402814
934 -0.2480402814
935 -0.2480402814
936 -0.2480402814
937 -0.2480402814
938 -0.2480402814
939 -0.2480402814
940 -0.2480402814
941 -0.2480402814
942 -0.2480402814
943 -0.2480402814
944 -0.2480402814
945 -0.2480402814
946 -0.2480402814
947 -0.2480402814
948 -0.2480402814
949 -0.2480402814
950 -0.2480402814
951 -0.2480402814
952 -0.2480402814
953 -0.2480402814
954 -0.2480402814
955 -0.2480402814
956 -0.2480402814
957 -0.2480402814
958 -0.2480402814
959 -0.2480402814
960 -0.2480402814
961 -0.2480402814
962 -0.2480402814
963 -0.2480402814
964 -0.2480402814
965 -0.2480402814
966 -0.2480402814
967 -0.2480402814
968 -0.2480402814
969 -0.2480402814
970 -0.2480402814
971 -0.2480402814
972 -0.2480402814
973 -0.2480402814
974 -0.2480402814
975 -0.2480402814
976 -0.2480402814
977 -0.2480402814
978 -0.2480402814
979 -0.2480402814
980 -0.2480402814
981 -0.2480402814
982 -0.2480402814
983 -0.2480402814
984 -0.2480402814
985 -0.2480402814
986 -0.2480402814
987 -0.2480402814
988 -0.2480402814
989 -0.2480402814
990 -0.2480402814
991 -0.2480402814
992 -0.2480402814
993 -0.2480402814
994 -0.2480402814
995 -0.2480402814
996 -0.2480402814
997 -0.2480402814
998 -0.2480402814
999 -0.2480402814
1000 -0.2480402814
1001 -0.2480402814
1002 -0.2480402814
1003 -0.2480402814
1004 -0.2480402814
1005 -0.2480402814
1006 -0.2480402814
1007 -0.2480402814
1008 -0.2480402814
1009 -0.2480402814
1010 -0.2480402814
1011 -0.2480402814
1012 -0.2480402814
1013 -0.2480402814
1014 -0.2480402814
1015 -0.2480402814
1016 -0.2480402814
1017 -0.2480402814
1018 -0.2480402814
1019 -0.2480402814
1020 -0.2480402814
1021 -0.2480402814
1022 -0.2480402814
1023 -0.2480402814
