#54372 2910.0007070031271958 0.0045704974251891137063 1 1405 16.000049430220818044 1024 7 1 J1713+0747 0.0000000 
0 0.02147825943
1 0.02147825943
2 0.02147825943
3 0.02147825943
4 0.02147825943
5 0.02147825943
6 0.02147825943
7 0.02147825943
8 0.02147825943
9 0.02147825943
10 0.02147825943
11 0.02147825943
12 0.02147825943
13 0.02147825943
14 0.02147825943
15 0.02147825943
16 0.02147825943
17 0.02147825943
18 0.02147825943
19 0.02147825943
20 0.02147825943
21 0.02147825943
22 0.02147825943
23 0.02147825943
24 0.02147825943
25 0.02147825943
26 0.02147825943
27 0.02147825943
28 0.02147825943
29 0.02147825943
30 0.02147825943
31 0.02147825943
32 0.02147825943
33 0.02147825943
34 0.02147825943
35 0.02147825943
36 0.02147825943
37 0.02147825943
38 0.02147825943
39 0.02147825943
40 0.02147825943
41 0.02147825943
42 0.02147825943
43 0.02147825943
44 0.02147825943
45 0.02147825943
46 0.02147825943
47 0.02147825943
48 0.02147825943
49 0.02147825943
50 0.02147825943
51 0.02147825943
52 0.02147825943
53 0.02147825943
54 0.02147825943
55 0.02147825943
56 0.02147825943
57 0.02147825943
58 0.02147825943
59 0.02147825943
60 0.02147825943
61 0.02147825943
62 0.02147825943
63 0.02147825943
64 0.02147825943
65 0.02147825943
66 0.02147825943
67 0.02147825943
68 0.02147825943
69 0.02147825943
70 0.02147825943
71 0.02147825943
72 0.02147825943
73 0.02147825943
74 0.02147825943
75 0.02147825943
76 0.02147825943
77 0.02147825943
78 0.02147825943
79 0.02147825943
80 0.02147825943
81 0.02147825943
82 0.02147825943
83 0.02147825943
84 0.02147825943
85 0.02147825943
86 0.02147825943
87 0.02147825943
88 0.02147825943
89 0.02147825943
90 0.02147825943
91 0.02147825943
92 0.02147825943
93 0.02147825943
94 0.02147825943
95 0.02147825943
96 0.02147825943
97 0.02147825943
98 0.02147825943
99 0.02147825943
100 0.02147825943
101 0.02147825943
102 0.02147825943
103 0.02147825943
104 0.02147825943
105 0.02147825943
106 0.02147825943
107 0.02147825943
108 0.02147825943
109 0.02147825943
110 0.02147825943
111 0.02147825943
112 0.02147825943
113 0.02147825943
114 0.02147825943
115 0.02147825943
116 0.02147825943
117 0.02147825943
118 0.02147825943
119 0.02147825943
120 0.02147825943
121 0.02147825943
122 0.02147825943
123 0.02147825943
124 0.02147825943
125 0.02147825943
126 0.02147825943
127 0.02147825943
128 0.02147825943
129 0.02147825943
130 0.02147825943
131 0.02147825943
132 0.02147825943
133 0.02147825943
134 0.02147825943
135 0.02147825943
136 0.02147825943
137 0.02147825943
138 0.02147825943
139 0.02147825943
140 0.02147825943
141 0.02147825943
142 0.02147825943
143 0.02147825943
144 0.02147825943
145 0.02147825943
146 0.02147825943
147 0.02147825943
148 0.02147825943
149 0.02147825943
150 0.02147825943
151 0.02147825943
152 0.02147825943
153 0.02147825943
154 0.02147825943
155 0.02147825943
156 0.02147825943
157 0.02147825943
158 0.02147825943
159 0.02147825943
160 0.02147825943
161 0.02147825943
162 0.02147825943
163 0.02147825943
164 0.02147825943
165 0.02147825943
166 0.02147825943
167 0.02147825943
168 0.02147825943
169 0.02147825943
170 0.02147825943
171 0.02147825943
172 0.02147825943
173 0.02147825943
174 0.02147825943
175 0.02147825943
176 0.02147825943
177 0.02147825943
178 0.02147825943
179 0.02147825943
180 0.02147825943
181 0.02147825943
182 0.02147825943
183 0.02147825943
184 0.02147825943
185 0.02147825943
186 0.02147825943
187 0.02147825943
188 0.02147825943
189 0.02147825943
190 0.02147825943
191 0.02147825943
192 0.02147825943
193 0.02147825943
194 0.02147825943
195 0.02147825943
196 0.02147825943
197 0.02147825943
198 0.02147825943
199 0.02147825943
200 0.02147825943
201 0.02147825943
202 0.02147825943
203 0.02147825943
204 0.02147825943
205 0.02147825943
206 0.02147825943
207 0.02147825943
208 0.02147825943
209 0.02147825943
210 0.02147825943
211 0.02147825943
212 0.02147825943
213 0.02147825943
214 0.02147825943
215 0.02147825943
216 0.02147825943
217 0.02147825943
218 0.02147825943
219 0.02147825943
220 0.02147825943
221 0.02147825943
222 0.02147825943
223 0.02147825943
224 0.02147825943
225 0.02147825943
226 0.02147825943
227 0.02147825943
228 0.02147825943
229 0.02147825943
230 0.02147825943
231 0.02147825943
232 0.02147825943
233 0.02147825943
234 0.02147825943
235 0.02147825943
236 0.02147825943
237 0.02147825943
238 0.02147825943
239 0.02147825943
240 0.02147825943
241 0.02147825943
242 0.02147825943
243 0.02147825943
244 0.02147825943
245 0.02147825943
246 0.02147825943
247 0.02147825943
248 0.02147825943
249 0.02147825943
250 0.02147825943
251 0.02147825943
252 0.02147825943
253 0.02147825943
254 0.02147825943
255 0.02147825943
256 0.02147825943
257 0.02147825943
258 0.02147825943
259 0.02147825943
260 0.02147825943
261 0.02147825943
262 0.02147825943
263 0.02147825943
264 0.02147825943
265 0.02147825943
266 0.02147825943
267 0.02147825943
268 0.02147825943
269 0.02147825943
270 0.02147825943
271 0.02147825943
272 0.02147825943
273 0.02147825943
274 0.02147825943
275 0.02147825943
276 0.02147825943
277 0.02147825943
278 0.02147825943
279 0.02147825943
280 0.02147825943
281 0.02147825943
282 0.02147825943
283 0.02147825943
284 0.02147825943
285 0.02147825943
286 0.02147825943
287 0.02147825943
288 0.02147825943
289 0.02147825943
290 0.02147825943
291 0.02147825943
292 0.02147825943
293 0.02147825943
294 0.02147825943
295 0.02147825943
296 0.02147825943
297 0.02147825943
298 0.02147825943
299 0.02147825943
300 0.02147825943
301 0.02147825943
302 0.02147825943
303 0.02147825943
304 0.02147825943
305 0.02147825943
306 0.02147825943
307 0.02147825943
308 0.02147825943
309 0.02147825943
310 0.02147825943
311 0.02147825943
312 0.02147825943
313 0.02147825943
314 0.02147825943
315 0.02147825943
316 0.02147825943
317 0.02147825943
318 0.02147825943
319 0.02147825943
320 0.02147825943
321 0.02147825943
322 0.02147825943
323 0.02147825943
324 0.02147825943
325 0.02147825943
326 0.02147825943
327 0.02147825943
328 0.02147825943
329 0.02147825943
330 0.02147825943
331 0.02147825943
332 0.02147825943
333 0.02147825943
334 0.02147825943
335 0.02147825943
336 0.02147825943
337 0.02147825943
338 0.02147825943
339 0.02147825943
340 0.02147825943
341 0.02147825943
342 0.02147825943
343 0.02147825943
344 0.02147825943
345 0.02147825943
346 0.02147825943
347 0.02147825943
348 0.02147825943
349 0.02147825943
350 0.02147825943
351 0.02147825943
352 0.02147825943
353 0.02147825943
354 0.02147825943
355 0.02147825943
356 0.02147825943
357 0.02147825943
358 0.02147825944
359 0.02147825944
360 0.02147825944
361 0.02147825944
362 0.02147825945
363 0.02147825945
364 0.02147825946
365 0.02147825947
366 0.02147825948
367 0.0214782595
368 0.02147825952
369 0.02147825954
370 0.02147825957
371 0.0214782596
372 0.02147825965
373 0.02147825971
374 0.02147825978
375 0.02147825987
376 0.02147825998
377 0.02147826012
378 0.0214782603
379 0.02147826052
380 0.02147826079
381 0.02147826112
382 0.02147826154
383 0.02147826206
384 0.02147826271
385 0.02147826351
386 0.0214782645
387 0.02147826572
388 0.02147826723
389 0.02147826908
390 0.02147827137
391 0.02147827419
392 0.02147827766
393 0.02147828191
394 0.02147828713
395 0.02147829352
396 0.02147830135
397 0.02147831092
398 0.02147832261
399 0.02147833688
400 0.02147835427
401 0.02147837544
402 0.0214784012
403 0.02147843251
404 0.02147847051
405 0.02147851659
406 0.0214785724
407 0.02147863995
408 0.0214787216
409 0.02147882019
410 0.02147893913
411 0.02147908244
412 0.02147925496
413 0.02147946241
414 0.0214797116
415 0.02148001062
416 0.02148036905
417 0.02148079825
418 0.02148131164
419 0.0214819251
420 0.02148265736
421 0.0214835305
422 0.02148457054
423 0.02148580807
424 0.02148727904
425 0.02148902563
426 0.0214910973
427 0.02149355197
428 0.02149645737
429 0.02149989263
430 0.02150395009
431 0.02150873738
432 0.02151437979
433 0.02152102305
434 0.02152883639
435 0.02153801618
436 0.02154878996
437 0.02156142112
438 0.02157621416
439 0.02159352071
440 0.02161374638
441 0.02163735842
442 0.02166489454
443 0.02169697273
444 0.0217343025
445 0.02177769735
446 0.021828089
447 0.02188654328
448 0.02195427793
449 0.02203268265
450 0.02212334147
451 0.02222805771
452 0.02234888193
453 0.02248814294
454 0.02264848243
455 0.02283289331
456 0.02304476228
457 0.02328791697
458 0.02356667806
459 0.02388591675
460 0.02425111814
461 0.02466845099
462 0.02514484425
463 0.02568807105
464 0.02630684067
465 0.02701089896
466 0.02781113801
467 0.0287197155
468 0.02975018451
469 0.03091763438
470 0.03223884327
471 0.03373244313
472 0.03541909776
473 0.03732169449
474 0.03946555033
475 0.04187863307
476 0.04459179795
477 0.04763904057
478 0.05105776634
479 0.0548890772
480 0.05917807575
481 0.06397418727
482 0.06933149974
483 0.07530912195
484 0.08197155982
485 0.08938911053
486 0.09763827433
487 0.1068021835
488 0.1169710475
489 0.1282426143
490 0.1407226448
491 0.154525402
492 0.1697741503
493 0.1866016647
494 0.2051507471
495 0.2255747481
496 0.24803809
497 0.2727167888
498 0.2997989717
499 0.3294853859
500 0.3619898945
501 0.3975399555
502 0.4363770779
503 0.4787572506
504 0.5249513383
505 0.5752454372
506 0.6299411868
507 0.6893560278
508 0.7538234029
509 0.8236928897
510 0.8993302618
511 0.9811174683
512 1.069452525
513 1.164749309
514 1.267437251
515 1.377960916
516 1.496779464
517 1.624365986
518 1.761206708
519 1.907800054
520 2.064655563
521 2.23229266
522 2.411239266
523 2.602030251
524 2.805205722
525 3.021309149
526 3.250885321
527 3.494478138
528 3.752628238
529 4.025870456
530 4.314731134
531 4.619725262
532 4.941353493
533 5.280098995
534 5.636424199
535 6.010767409
536 6.403539328
537 6.815119478
538 7.245852566
539 7.696044781
540 8.165960071
541 8.655816405
542 9.165782042
543 9.695971841
544 10.24644364
545 10.81719469
546 11.40815828
547 12.0192004
548 12.65011668
549 13.30062946
550 13.97038513
551 14.65895172
552 15.36581678
553 16.09038558
554 16.83197965
555 17.58983573
556 18.36310503
557 19.15085303
558 19.9520596
559 20.76561972
560 21.5903445
561 22.42496288
562 23.26812371
563 24.11839835
564 24.97428387
565 25.83420666
566 26.69652663
567 27.55954188
568 28.42149389
569 29.28057318
570 30.13492546
571 30.98265817
572 31.82184754
573 32.65054596
574 33.46678972
575 34.26860714
576 35.05402687
577 35.8210866
578 36.56784182
579 37.29237481
580 37.99280373
581 38.66729179
582 39.31405637
583 39.93137816
584 40.51761016
585 41.07118657
586 41.59063144
587 42.07456708
588 42.52172223
589 42.93093976
590 43.30118409
591 43.6315481
592 43.92125959
593 44.16968718
594 44.37634573
595 44.54090105
596 44.6631741
597 44.74314452
598 44.78095341
599 44.77690556
600 44.73147088
601 44.64528517
602 44.51915013
603 44.35403277
604 44.15106393
605 43.91153625
606 43.63690139
607 43.32876652
608 42.9888902
609 42.61917759
610 42.22167498
611 41.79856384
612 41.35215411
613 40.88487707
614 40.39927761
615 39.89800603
616 39.38380935
617 38.85952218
618 38.32805718
619 37.79239509
620 37.25557455
621 36.7206814
622 36.19083784
623 35.66919125
624 35.15890284
625 34.663136
626 34.18504459
627 33.72776099
628 33.29438409
629 32.88796717
630 32.51150572
631 32.16792525
632 31.86006909
633 31.59068622
634 31.36241918
635 31.17779209
636 31.03919881
637 30.94889123
638 30.90896788
639 30.92136269
640 30.98783415
641 31.10995477
642 31.28910096
643 31.5264434
644 31.82293786
645 32.17931664
646 32.59608065
647 33.0734921
648 33.61156806
649 34.21007471
650 34.86852256
651 35.58616252
652 36.3619831
653 37.19470849
654 38.08279791
655 39.024446
656 40.01758455
657 41.05988537
658 42.14876453
659 43.28138791
660 44.45467809
661 45.66532263
662 46.90978369
663 48.18430908
664 49.48494465
665 50.80754796
666 52.14780335
667 53.50123821
668 54.86324049
669 56.22907728
670 57.59391453
671 58.95283768
672 60.3008732
673 61.63301078
674 62.9442263
675 64.22950517
676 65.48386608
677 66.70238499
678 67.88021915
679 69.012631
680 70.09501189
681 71.1229053
682 72.09202959
683 72.99829986
684 73.83784908
685 74.60704806
686 75.30252424
687 75.92117917
688 76.46020451
689 76.91709642
690 77.28966822
691 77.57606136
692 77.77475435
693 77.88456984
694 77.90467966
695 77.83460781
696 77.67423137
697 77.42377932
698 77.08382939
699 76.65530273
700 76.13945668
701 75.53787563
702 74.85245997
703 74.0854133
704 73.23922799
705 72.31666923
706 71.32075761
707 70.2547505
708 69.12212226
709 67.92654353
710 66.67185967
711 65.36206863
712 64.00129827
713 62.59378346
714 61.143843
715 59.65585658
716 58.13424198
717 56.58343255
718 55.00785523
719 53.41190928
720 51.79994564
721 50.17624736
722 48.54501088
723 46.9103286
724 45.27617247
725 43.646379
726 42.02463552
727 40.4144679
728 38.81922964
729 37.24209242
730 35.68603812
731 34.15385229
732 32.64811909
733 31.17121758
734 29.72531944
735 28.31238803
736 26.93417871
737 25.59224039
738 24.28791818
739 23.02235723
740 21.79650743
741 20.61112909
742 19.46679941
743 18.36391974
744 17.30272337
745 16.283284
746 15.30552451
747 14.36922628
748 13.47403864
749 12.61948857
750 11.80499057
751 11.02985647
752 10.29330531
753 9.594473011
754 8.932422027
755 8.306150643
756 7.714602089
757 7.156673315
758 6.631223417
759 6.137081681
760 5.673055207
761 5.237936101
762 4.830508217
763 4.449553421
764 4.093857393
765 3.762214946
766 3.453434864
767 3.166344281
768 2.89979258
769 2.652654851
770 2.423834904
771 2.212267864
772 2.016922356
773 1.836802311
774 1.670948407
775 1.518439166
776 1.378391741
777 1.249962402
778 1.132346756
779 1.024779719
780 0.9265352655
781 0.8369259768
782 0.7553024158
783 0.6810523419
784 0.6135997926
785 0.5524040501
786 0.4969585114
787 0.4467894794
788 0.4014548915
789 0.3605430013
790 0.3236710276
791 0.2904837815
792 0.2606522866
793 0.233872399
794 0.2098634396
795 0.1883668444
796 0.1691448412
797 0.1519791583
798 0.1366697706
799 0.1230336873
800 0.1109037839
801 0.1001276828
802 0.09056668266
803 0.08209473904
804 0.07459749676
805 0.0679713742
806 0.06212269948
807 0.05696689791
808 0.05242772984
809 0.04843657773
810 0.04493178103
811 0.04185801723
812 0.03916572735
813 0.03681058394
814 0.03475299964
815 0.03295767423
816 0.03139317815
817 0.03003157032
818 0.02884804832
819 0.02782062876
820 0.02692985587
821 0.02615853646
822 0.02549149924
823 0.02491537673
824 0.02441840806
825 0.02399026101
826 0.02362187164
827 0.02330530014
828 0.0230336015
829 0.02280070956
830 0.02260133344
831 0.02243086505
832 0.02228529671
833 0.02216114784
834 0.02205539996
835 0.02196543904
836 0.02188900446
837 0.02182414403
838 0.02176917423
839 0.02172264531
840 0.02168331052
841 0.02165009923
842 0.02162209328
843 0.0215985064
844 0.02157866617
845 0.02156199834
846 0.02154801316
847 0.02153629353
848 0.02152648471
849 0.0215182854
850 0.02151144007
851 0.02150573226
852 0.02150097887
853 0.02149702525
854 0.02149374094
855 0.02149101602
856 0.02148875803
857 0.0214868893
858 0.02148534464
859 0.02148406944
860 0.021483018
861 0.02148215214
862 0.02148143999
863 0.02148085498
864 0.02148037502
865 0.02147998174
866 0.02147965987
867 0.02147939678
868 0.021479182
869 0.02147900688
870 0.02147886426
871 0.02147874827
872 0.02147865405
873 0.0214785776
874 0.02147851565
875 0.02147846552
876 0.02147842499
877 0.02147839228
878 0.0214783659
879 0.02147834465
880 0.02147832756
881 0.02147831384
882 0.02147830282
883 0.021478294
884 0.02147828693
885 0.02147828128
886 0.02147827678
887 0.02147827318
888 0.02147827032
889 0.02147826804
890 0.02147826623
891 0.02147826479
892 0.02147826366
893 0.02147826276
894 0.02147826204
895 0.02147826148
896 0.02147826104
897 0.02147826069
898 0.02147826042
899 0.0214782602
900 0.02147826003
901 0.0214782599
902 0.02147825979
903 0.02147825971
904 0.02147825965
905 0.0214782596
906 0.02147825956
907 0.02147825953
908 0.02147825951
909 0.02147825949
910 0.02147825948
911 0.02147825946
912 0.02147825946
913 0.02147825945
914 0.02147825944
915 0.02147825944
916 0.02147825944
917 0.02147825944
918 0.02147825943
919 0.02147825943
920 0.02147825943
921 0.02147825943
922 0.02147825943
923 0.02147825943
924 0.02147825943
925 0.02147825943
926 0.02147825943
927 0.02147825943
928 0.02147825943
929 0.02147825943
930 0.02147825943
931 0.02147825943
932 0.02147825943
933 0.02147825943
934 0.02147825943
935 0.02147825943
936 0.02147825943
937 0.02147825943
938 0.02147825943
939 0.02147825943
940 0.02147825943
941 0.02147825943
942 0.02147825943
943 0.02147825943
944 0.02147825943
945 0.02147825943
946 0.02147825943
947 0.02147825943
948 0.02147825943
949 0.02147825943
950 0.02147825943
951 0.02147825943
952 0.02147825943
953 0.02147825943
954 0.02147825943
955 0.02147825943
956 0.02147825943
957 0.02147825943
958 0.02147825943
959 0.02147825943
960 0.02147825943
961 0.02147825943
962 0.02147825943
963 0.02147825943
964 0.02147825943
965 0.02147825943
966 0.02147825943
967 0.02147825943
968 0.02147825943
969 0.02147825943
970 0.02147825943
971 0.02147825943
972 0.02147825943
973 0.02147825943
974 0.02147825943
975 0.02147825943
976 0.02147825943
977 0.02147825943
978 0.02147825943
979 0.02147825943
980 0.02147825943
981 0.02147825943
982 0.02147825943
983 0.02147825943
984 0.02147825943
985 0.02147825943
986 0.02147825943
987 0.02147825943
988 0.02147825943
989 0.02147825943
990 0.02147825943
991 0.02147825943
992 0.02147825943
993 0.02147825943
994 0.02147825943
995 0.02147825943
996 0.02147825943
997 0.02147825943
998 0.02147825943
999 0.02147825943
1000 0.02147825943
1001 0.02147825943
1002 0.02147825943
1003 0.02147825943
1004 0.02147825943
1005 0.02147825943
1006 0.02147825943
1007 0.02147825943
1008 0.02147825943
1009 0.02147825943
1010 0.02147825943
1011 0.02147825943
1012 0.02147825943
1013 0.02147825943
1014 0.02147825943
1015 0.02147825943
1016 0.02147825943
1017 0.02147825943
1018 0.02147825943
1019 0.02147825943
1020 0.02147825943
1021 0.02147825943
1022 0.02147825943
1023 0.02147825943
