#53540 2909.9982738245076892 0.0045702102506474124449 1 1333 16.000049430220818044 1024 7 1 J1713+0747 0.0000000 
0 0.2283476887
1 0.2283476887
2 0.2283476887
3 0.2283476887
4 0.2283476887
5 0.2283476887
6 0.2283476887
7 0.2283476887
8 0.2283476887
9 0.2283476887
10 0.2283476887
11 0.2283476887
12 0.2283476887
13 0.2283476887
14 0.2283476887
15 0.2283476887
16 0.2283476887
17 0.2283476887
18 0.2283476887
19 0.2283476887
20 0.2283476887
21 0.2283476887
22 0.2283476887
23 0.2283476887
24 0.2283476887
25 0.2283476887
26 0.2283476887
27 0.2283476887
28 0.2283476887
29 0.2283476887
30 0.2283476887
31 0.2283476887
32 0.2283476887
33 0.2283476887
34 0.2283476887
35 0.2283476887
36 0.2283476887
37 0.2283476887
38 0.2283476887
39 0.2283476887
40 0.2283476887
41 0.2283476887
42 0.2283476887
43 0.2283476887
44 0.2283476887
45 0.2283476887
46 0.2283476887
47 0.2283476887
48 0.2283476887
49 0.2283476887
50 0.2283476887
51 0.2283476887
52 0.2283476887
53 0.2283476887
54 0.2283476887
55 0.2283476887
56 0.2283476887
57 0.2283476887
58 0.2283476887
59 0.2283476887
60 0.2283476887
61 0.2283476887
62 0.2283476887
63 0.2283476887
64 0.2283476887
65 0.2283476887
66 0.2283476887
67 0.2283476887
68 0.2283476887
69 0.2283476887
70 0.2283476887
71 0.2283476887
72 0.2283476887
73 0.2283476887
74 0.2283476887
75 0.2283476887
76 0.2283476887
77 0.2283476887
78 0.2283476887
79 0.2283476887
80 0.2283476887
81 0.2283476887
82 0.2283476887
83 0.2283476887
84 0.2283476887
85 0.2283476887
86 0.2283476887
87 0.2283476887
88 0.2283476887
89 0.2283476887
90 0.2283476887
91 0.2283476887
92 0.2283476887
93 0.2283476887
94 0.2283476887
95 0.2283476887
96 0.2283476887
97 0.2283476887
98 0.2283476887
99 0.2283476887
100 0.2283476887
101 0.2283476887
102 0.2283476887
103 0.2283476887
104 0.2283476887
105 0.2283476887
106 0.2283476887
107 0.2283476887
108 0.2283476887
109 0.2283476887
110 0.2283476887
111 0.2283476887
112 0.2283476887
113 0.2283476887
114 0.2283476887
115 0.2283476887
116 0.2283476887
117 0.2283476887
118 0.2283476887
119 0.2283476887
120 0.2283476887
121 0.2283476887
122 0.2283476887
123 0.2283476887
124 0.2283476887
125 0.2283476887
126 0.2283476887
127 0.2283476887
128 0.2283476887
129 0.2283476887
130 0.2283476887
131 0.2283476887
132 0.2283476887
133 0.2283476887
134 0.2283476887
135 0.2283476887
136 0.2283476887
137 0.2283476887
138 0.2283476887
139 0.2283476887
140 0.2283476887
141 0.2283476887
142 0.2283476887
143 0.2283476887
144 0.2283476887
145 0.2283476887
146 0.2283476887
147 0.2283476887
148 0.2283476887
149 0.2283476887
150 0.2283476887
151 0.2283476887
152 0.2283476887
153 0.2283476887
154 0.2283476887
155 0.2283476887
156 0.2283476887
157 0.2283476887
158 0.2283476887
159 0.2283476887
160 0.2283476887
161 0.2283476887
162 0.2283476887
163 0.2283476887
164 0.2283476887
165 0.2283476887
166 0.2283476887
167 0.2283476887
168 0.2283476887
169 0.2283476887
170 0.2283476887
171 0.2283476887
172 0.2283476887
173 0.2283476887
174 0.2283476887
175 0.2283476887
176 0.2283476887
177 0.2283476887
178 0.2283476887
179 0.2283476887
180 0.2283476887
181 0.2283476887
182 0.2283476887
183 0.2283476887
184 0.2283476887
185 0.2283476887
186 0.2283476887
187 0.2283476887
188 0.2283476887
189 0.2283476887
190 0.2283476887
191 0.2283476887
192 0.2283476887
193 0.2283476887
194 0.2283476887
195 0.2283476887
196 0.2283476887
197 0.2283476887
198 0.2283476887
199 0.2283476887
200 0.2283476887
201 0.2283476887
202 0.2283476888
203 0.2283476888
204 0.2283476888
205 0.2283476888
206 0.2283476889
207 0.2283476889
208 0.228347689
209 0.228347689
210 0.2283476891
211 0.2283476892
212 0.2283476894
213 0.2283476896
214 0.2283476898
215 0.22834769
216 0.2283476904
217 0.2283476908
218 0.2283476913
219 0.2283476919
220 0.2283476927
221 0.2283476937
222 0.2283476949
223 0.2283476964
224 0.2283476983
225 0.2283477005
226 0.2283477033
227 0.2283477068
228 0.228347711
229 0.2283477162
230 0.2283477225
231 0.2283477303
232 0.2283477398
233 0.2283477514
234 0.2283477656
235 0.2283477829
236 0.228347804
237 0.2283478297
238 0.2283478609
239 0.2283478987
240 0.2283479446
241 0.2283480003
242 0.2283480676
243 0.2283481491
244 0.2283482475
245 0.2283483662
246 0.2283485093
247 0.2283486816
248 0.2283488889
249 0.228349138
250 0.2283494369
251 0.2283497954
252 0.2283502247
253 0.2283507385
254 0.2283513525
255 0.2283520858
256 0.2283529603
257 0.2283540024
258 0.2283552427
259 0.2283567175
260 0.2283584691
261 0.2283605474
262 0.2283630106
263 0.2283659272
264 0.2283693766
265 0.2283734521
266 0.2283782622
267 0.2283839333
268 0.2283906124
269 0.2283984703
270 0.2284077054
271 0.2284185474
272 0.2284312626
273 0.2284461588
274 0.2284635914
275 0.2284839708
276 0.2285077698
277 0.2285355327
278 0.2285678853
279 0.2286055462
280 0.2286493397
281 0.2287002104
282 0.2287592389
283 0.2288276605
284 0.2289068854
285 0.2289985215
286 0.2291044
287 0.2292266039
288 0.2293674997
289 0.2295297727
290 0.2297164665
291 0.2299310263
292 0.2301773472
293 0.2304598277
294 0.2307834286
295 0.2311537379
296 0.2315770424
297 0.232060406
298 0.2326117567
299 0.2332399799
300 0.2339550229
301 0.2347680066
302 0.2356913489
303 0.2367388983
304 0.2379260787
305 0.239270047
306 0.2407898628
307 0.2425066725
308 0.2444439067
309 0.2466274938
310 0.2490860878
311 0.2518513136
312 0.2549580286
313 0.2584446014
314 0.2623532093
315 0.2667301536
316 0.2716261934
317 0.2770968991
318 0.2832030245
319 0.2900108979
320 0.2975928325
321 0.3060275556
322 0.3154006556
323 0.3258050468
324 0.3373414512
325 0.350118895
326 0.3642552204
327 0.379877609
328 0.3971231166
329 0.4161392159
330 0.4370843454
331 0.4601284609
332 0.4854535876
333 0.5132543672
334 0.5437385983
335 0.5771277638
336 0.6136575422
337 0.6535782964
338 0.6971555355
339 0.744670343
340 0.7964197658
341 0.8527171571
342 0.9138924664
343 0.9802924697
344 1.052280932
345 1.130238694
346 1.214563678
347 1.305670802
348 1.40399179
349 1.509974888
350 1.624084447
351 1.746800401
352 1.878617601
353 2.020045021
354 2.171604809
355 2.333831197
356 2.507269245
357 2.692473429
358 2.890006053
359 3.100435504
360 3.324334314
361 3.562277067
362 3.814838114
363 4.082589123
364 4.366096451
365 4.665918349
366 4.982602004
367 5.31668042
368 5.668669153
369 6.039062908
370 6.428332006
371 6.836918744
372 7.265233646
373 7.713651646
374 8.182508202
375 8.672095373
376 9.182657871
377 9.714389126
378 10.26742738
379 10.84185183
380 11.43767887
381 12.05485843
382 12.69327047
383 13.35272167
384 14.03294225
385 14.73358313
386 15.45421326
387 16.19431733
388 16.95329373
389 17.73045293
390 18.52501622
391 19.33611486
392 20.16278966
393 21.00399103
394 21.85857954
395 22.72532692
396 23.6029176
397 24.48995082
398 25.38494322
399 26.28633197
400 27.19247851
401 28.10167278
402 29.01213799
403 29.92203595
404 30.82947287
405 31.73250573
406 32.62914905
407 33.51738218
408 34.39515696
409 35.2604058
410 36.11105013
411 36.94500913
412 37.76020875
413 38.55459096
414 39.3261232
415 40.07280793
416 40.79269222
417 41.48387751
418 42.14452914
419 42.77288598
420 43.36726979
421 43.92609445
422 44.44787493
423 44.93123596
424 45.37492031
425 45.77779675
426 46.13886742
427 46.4572749
428 46.73230852
429 46.96341026
430 47.15017998
431 47.29237999
432 47.38993893
433 47.44295505
434 47.45169863
435 47.41661381
436 47.33831956
437 47.21761
438 47.05545385
439 46.85299326
440 46.61154179
441 46.33258168
442 46.01776044
443 45.66888663
444 45.28792504
445 44.87699116
446 44.43834498
447 43.9743842
448 43.48763682
449 42.98075317
450 42.4564974
451 41.91773845
452 41.36744058
453 40.80865339
454 40.24450149
455 39.67817375
456 39.11291225
457 38.55200079
458 37.99875331
459 37.45650185
460 36.92858445
461 36.41833273
462 35.92905941
463 35.46404564
464 35.02652822
465 34.6196868
466 34.246631
467 33.91038755
468 33.61388741
469 33.35995303
470 33.15128565
471 32.99045272
472 32.8798756
473 32.82181732
474 32.81837079
475 32.87144712
476 32.98276449
477 33.15383729
478 33.3859658
479 33.6802264
480 34.03746228
481 34.45827493
482 34.94301621
483 35.49178126
484 36.10440224
485 36.78044295
486 37.51919448
487 38.31967177
488 39.18061144
489 40.1004706
490 41.077427
491 42.10938039
492 43.19395521
493 44.32850462
494 45.51011594
495 46.73561752
496 48.001587
497 49.3043611
498 50.64004681
499 52.00453398
500 53.39350946
501 54.80247247
502 56.22675146
503 57.66152216
504 59.10182688
505 60.54259499
506 61.97866434
507 63.40480379
508 64.81573638
509 66.20616338
510 67.57078874
511 68.90434414
512 70.20161414
513 71.45746158
514 72.66685285
515 73.82488297
516 74.92680029
517 75.9680306
518 76.94420056
519 77.85116019
520 78.68500432
521 79.44209282
522 80.11906944
523 80.71287919
524 81.22078401
525 81.64037671
526 81.96959304
527 82.20672179
528 82.35041283
529 82.39968309
530 82.35392031
531 82.21288467
532 81.97670826
533 81.64589224
534 81.22130201
535 80.70416013
536 80.09603725
537 79.39884102
538 78.61480321
539 77.74646488
540 76.79666009
541 75.7684979
542 74.66534314
543 73.49079583
544 72.24866965
545 70.94296941
546 69.57786784
547 68.15768187
548 66.6868485
549 65.16990045
550 63.61144189
551 62.01612422
552 60.38862227
553 58.73361089
554 57.05574229
555 55.35962404
556 53.64979807
557 51.93072071
558 50.20674377
559 48.482097
560 46.76087179
561 45.04700629
562 43.34427196
563 41.65626166
564 39.98637921
565 38.33783055
566 36.71361633
567 35.11652617
568 33.5491343
569 32.01379673
570 30.51264986
571 29.04761038
572 27.62037657
573 26.23243075
574 24.88504298
575 23.57927572
576 22.31598959
577 21.09584991
578 19.91933412
579 18.78673989
580 17.69819378
581 16.65366052
582 15.65295255
583 14.69574004
584 13.78156105
585 12.90983188
586 12.07985745
587 11.2908417
588 10.5418979
589 9.832058794
590 9.160286575
591 8.525482531
592 7.926496426
593 7.362135498
594 6.831173073
595 6.332356735
596 5.864416059
597 5.426069858
598 5.016032946
599 4.633022407
600 4.275763347
601 3.94299416
602 3.633471282
603 3.345973456
604 3.079305517
605 2.832301708
606 2.603828544
607 2.392787246
608 2.198115758
609 2.018790385
610 1.85382705
611 1.702282219
612 1.563253508
613 1.435879992
614 1.319342253
615 1.21286218
616 1.115702556
617 1.027166447
618 0.9465964224
619 0.8733736259
620 0.8069167185
621 0.7466807146
622 0.6921557294
623 0.6428656557
624 0.5983667856
625 0.5582463942
626 0.5221212965
627 0.4896363927
628 0.4604632117
629 0.4342984625
630 0.4108626047
631 0.3898984428
632 0.3711697538
633 0.3544599516
634 0.339570795
635 0.3263211414
636 0.31454575
637 0.304094137
638 0.2948294843
639 0.2866276022
640 0.2793759473
641 0.2729726947
642 0.2673258653
643 0.2623525056
644 0.2579779208
645 0.254134958
646 0.2507633394
647 0.2478090419
648 0.2452237234
649 0.2429641915
650 0.2409919142
651 0.2392725688
652 0.2377756288
653 0.2364739848
654 0.2353435979
655 0.2343631837
656 0.233513925
657 0.2327792102
658 0.2321443962
659 0.2315965944
660 0.231124477
661 0.2307181022
662 0.2303687578
663 0.2300688196
664 0.2298116254
665 0.2295913623
666 0.2294029651
667 0.2292420268
668 0.2291047184
669 0.2289877179
670 0.2288881472
671 0.2288035163
672 0.2287316739
673 0.2286707643
674 0.2286191885
675 0.228575571
676 0.22853873
677 0.2285076517
678 0.2284814676
679 0.2284594346
680 0.2284409177
681 0.2284253753
682 0.2284123459
683 0.2284014368
684 0.2283923145
685 0.2283846957
686 0.2283783406
687 0.2283730462
688 0.228368641
689 0.2283649802
690 0.2283619418
691 0.2283594231
692 0.2283573378
693 0.2283556136
694 0.2283541896
695 0.228353015
696 0.2283520474
697 0.2283512513
698 0.228350597
699 0.2283500601
700 0.2283496199
701 0.2283492596
702 0.2283489649
703 0.2283487243
704 0.228348528
705 0.2283483681
706 0.228348238
707 0.2283481323
708 0.2283480465
709 0.2283479769
710 0.2283479206
711 0.2283478751
712 0.2283478383
713 0.2283478086
714 0.2283477847
715 0.2283477655
716 0.22834775
717 0.2283477376
718 0.2283477277
719 0.2283477197
720 0.2283477134
721 0.2283477083
722 0.2283477042
723 0.228347701
724 0.2283476984
725 0.2283476964
726 0.2283476948
727 0.2283476935
728 0.2283476925
729 0.2283476917
730 0.228347691
731 0.2283476905
732 0.2283476901
733 0.2283476898
734 0.2283476896
735 0.2283476894
736 0.2283476892
737 0.2283476891
738 0.228347689
739 0.2283476889
740 0.2283476889
741 0.2283476888
742 0.2283476888
743 0.2283476888
744 0.2283476888
745 0.2283476887
746 0.2283476887
747 0.2283476887
748 0.2283476887
749 0.2283476887
750 0.2283476887
751 0.2283476887
752 0.2283476887
753 0.2283476887
754 0.2283476887
755 0.2283476887
756 0.2283476887
757 0.2283476887
758 0.2283476887
759 0.2283476887
760 0.2283476887
761 0.2283476887
762 0.2283476887
763 0.2283476887
764 0.2283476887
765 0.2283476887
766 0.2283476887
767 0.2283476887
768 0.2283476887
769 0.2283476887
770 0.2283476887
771 0.2283476887
772 0.2283476887
773 0.2283476887
774 0.2283476887
775 0.2283476887
776 0.2283476887
777 0.2283476887
778 0.2283476887
779 0.2283476887
780 0.2283476887
781 0.2283476887
782 0.2283476887
783 0.2283476887
784 0.2283476887
785 0.2283476887
786 0.2283476887
787 0.2283476887
788 0.2283476887
789 0.2283476887
790 0.2283476887
791 0.2283476887
792 0.2283476887
793 0.2283476887
794 0.2283476887
795 0.2283476887
796 0.2283476887
797 0.2283476887
798 0.2283476887
799 0.2283476887
800 0.2283476887
801 0.2283476887
802 0.2283476887
803 0.2283476887
804 0.2283476887
805 0.2283476887
806 0.2283476887
807 0.2283476887
808 0.2283476887
809 0.2283476887
810 0.2283476887
811 0.2283476887
812 0.2283476887
813 0.2283476887
814 0.2283476887
815 0.2283476887
816 0.2283476887
817 0.2283476887
818 0.2283476887
819 0.2283476887
820 0.2283476887
821 0.2283476887
822 0.2283476887
823 0.2283476887
824 0.2283476887
825 0.2283476887
826 0.2283476887
827 0.2283476887
828 0.2283476887
829 0.2283476887
830 0.2283476887
831 0.2283476887
832 0.2283476887
833 0.2283476887
834 0.2283476887
835 0.2283476887
836 0.2283476887
837 0.2283476887
838 0.2283476887
839 0.2283476887
840 0.2283476887
841 0.2283476887
842 0.2283476887
843 0.2283476887
844 0.2283476887
845 0.2283476887
846 0.2283476887
847 0.2283476887
848 0.2283476887
849 0.2283476887
850 0.2283476887
851 0.2283476887
852 0.2283476887
853 0.2283476887
854 0.2283476887
855 0.2283476887
856 0.2283476887
857 0.2283476887
858 0.2283476887
859 0.2283476887
860 0.2283476887
861 0.2283476887
862 0.2283476887
863 0.2283476887
864 0.2283476887
865 0.2283476887
866 0.2283476887
867 0.2283476887
868 0.2283476887
869 0.2283476887
870 0.2283476887
871 0.2283476887
872 0.2283476887
873 0.2283476887
874 0.2283476887
875 0.2283476887
876 0.2283476887
877 0.2283476887
878 0.2283476887
879 0.2283476887
880 0.2283476887
881 0.2283476887
882 0.2283476887
883 0.2283476887
884 0.2283476887
885 0.2283476887
886 0.2283476887
887 0.2283476887
888 0.2283476887
889 0.2283476887
890 0.2283476887
891 0.2283476887
892 0.2283476887
893 0.2283476887
894 0.2283476887
895 0.2283476887
896 0.2283476887
897 0.2283476887
898 0.2283476887
899 0.2283476887
900 0.2283476887
901 0.2283476887
902 0.2283476887
903 0.2283476887
904 0.2283476887
905 0.2283476887
906 0.2283476887
907 0.2283476887
908 0.2283476887
909 0.2283476887
910 0.2283476887
911 0.2283476887
912 0.2283476887
913 0.2283476887
914 0.2283476887
915 0.2283476887
916 0.2283476887
917 0.2283476887
918 0.2283476887
919 0.2283476887
920 0.2283476887
921 0.2283476887
922 0.2283476887
923 0.2283476887
924 0.2283476887
925 0.2283476887
926 0.2283476887
927 0.2283476887
928 0.2283476887
929 0.2283476887
930 0.2283476887
931 0.2283476887
932 0.2283476887
933 0.2283476887
934 0.2283476887
935 0.2283476887
936 0.2283476887
937 0.2283476887
938 0.2283476887
939 0.2283476887
940 0.2283476887
941 0.2283476887
942 0.2283476887
943 0.2283476887
944 0.2283476887
945 0.2283476887
946 0.2283476887
947 0.2283476887
948 0.2283476887
949 0.2283476887
950 0.2283476887
951 0.2283476887
952 0.2283476887
953 0.2283476887
954 0.2283476887
955 0.2283476887
956 0.2283476887
957 0.2283476887
958 0.2283476887
959 0.2283476887
960 0.2283476887
961 0.2283476887
962 0.2283476887
963 0.2283476887
964 0.2283476887
965 0.2283476887
966 0.2283476887
967 0.2283476887
968 0.2283476887
969 0.2283476887
970 0.2283476887
971 0.2283476887
972 0.2283476887
973 0.2283476887
974 0.2283476887
975 0.2283476887
976 0.2283476887
977 0.2283476887
978 0.2283476887
979 0.2283476887
980 0.2283476887
981 0.2283476887
982 0.2283476887
983 0.2283476887
984 0.2283476887
985 0.2283476887
986 0.2283476887
987 0.2283476887
988 0.2283476887
989 0.2283476887
990 0.2283476887
991 0.2283476887
992 0.2283476887
993 0.2283476887
994 0.2283476887
995 0.2283476887
996 0.2283476887
997 0.2283476887
998 0.2283476887
999 0.2283476887
1000 0.2283476887
1001 0.2283476887
1002 0.2283476887
1003 0.2283476887
1004 0.2283476887
1005 0.2283476887
1006 0.2283476887
1007 0.2283476887
1008 0.2283476887
1009 0.2283476887
1010 0.2283476887
1011 0.2283476887
1012 0.2283476887
1013 0.2283476887
1014 0.2283476887
1015 0.2283476887
1016 0.2283476887
1017 0.2283476887
1018 0.2283476887
1019 0.2283476887
1020 0.2283476887
1021 0.2283476887
1022 0.2283476887
1023 0.2283476887
