#54416 2910.0042299561873245 0.0045703097697411716738 1 1269 16.000049430220818044 1024 7 1 J1713+0747 0.0000000 
0 0.06314713543
1 0.06314713543
2 0.06314713543
3 0.06314713543
4 0.06314713543
5 0.06314713543
6 0.06314713543
7 0.06314713543
8 0.06314713543
9 0.06314713543
10 0.06314713543
11 0.06314713543
12 0.06314713543
13 0.06314713543
14 0.06314713543
15 0.06314713543
16 0.06314713543
17 0.06314713543
18 0.06314713543
19 0.06314713543
20 0.06314713543
21 0.06314713543
22 0.06314713543
23 0.06314713543
24 0.06314713543
25 0.06314713543
26 0.06314713543
27 0.06314713543
28 0.06314713543
29 0.06314713543
30 0.06314713543
31 0.06314713543
32 0.06314713543
33 0.06314713543
34 0.06314713543
35 0.06314713543
36 0.06314713543
37 0.06314713543
38 0.06314713543
39 0.06314713543
40 0.06314713543
41 0.06314713543
42 0.06314713543
43 0.06314713543
44 0.06314713543
45 0.06314713543
46 0.06314713543
47 0.06314713543
48 0.06314713543
49 0.06314713543
50 0.06314713543
51 0.06314713543
52 0.06314713543
53 0.06314713543
54 0.06314713543
55 0.06314713543
56 0.06314713543
57 0.06314713543
58 0.06314713543
59 0.06314713543
60 0.06314713543
61 0.06314713543
62 0.06314713543
63 0.06314713543
64 0.06314713543
65 0.06314713543
66 0.06314713543
67 0.06314713543
68 0.06314713543
69 0.06314713543
70 0.06314713543
71 0.06314713543
72 0.06314713543
73 0.06314713543
74 0.06314713543
75 0.06314713543
76 0.06314713543
77 0.06314713543
78 0.06314713543
79 0.06314713543
80 0.06314713543
81 0.06314713543
82 0.06314713543
83 0.06314713543
84 0.06314713543
85 0.06314713543
86 0.06314713543
87 0.06314713543
88 0.06314713543
89 0.06314713543
90 0.06314713543
91 0.06314713543
92 0.06314713543
93 0.06314713543
94 0.06314713543
95 0.06314713543
96 0.06314713543
97 0.06314713543
98 0.06314713543
99 0.06314713543
100 0.06314713543
101 0.06314713543
102 0.06314713543
103 0.06314713543
104 0.06314713543
105 0.06314713543
106 0.06314713543
107 0.06314713543
108 0.06314713543
109 0.06314713543
110 0.06314713543
111 0.06314713543
112 0.06314713543
113 0.06314713543
114 0.06314713543
115 0.06314713543
116 0.06314713543
117 0.06314713543
118 0.06314713543
119 0.06314713543
120 0.06314713543
121 0.06314713543
122 0.06314713543
123 0.06314713543
124 0.06314713543
125 0.06314713543
126 0.06314713543
127 0.06314713543
128 0.06314713543
129 0.06314713543
130 0.06314713543
131 0.06314713543
132 0.06314713543
133 0.06314713543
134 0.06314713543
135 0.06314713543
136 0.06314713543
137 0.06314713543
138 0.06314713543
139 0.06314713543
140 0.06314713543
141 0.06314713543
142 0.06314713543
143 0.06314713543
144 0.06314713543
145 0.06314713543
146 0.06314713543
147 0.06314713543
148 0.06314713543
149 0.06314713543
150 0.06314713543
151 0.06314713543
152 0.06314713543
153 0.06314713543
154 0.06314713543
155 0.06314713543
156 0.06314713543
157 0.06314713543
158 0.06314713543
159 0.06314713543
160 0.06314713543
161 0.06314713543
162 0.06314713543
163 0.06314713543
164 0.06314713543
165 0.06314713543
166 0.06314713543
167 0.06314713543
168 0.06314713543
169 0.06314713543
170 0.06314713543
171 0.06314713543
172 0.06314713543
173 0.06314713543
174 0.06314713543
175 0.06314713543
176 0.06314713543
177 0.06314713543
178 0.06314713543
179 0.06314713543
180 0.06314713543
181 0.06314713543
182 0.06314713543
183 0.06314713543
184 0.06314713543
185 0.06314713543
186 0.06314713543
187 0.06314713543
188 0.06314713543
189 0.06314713543
190 0.06314713543
191 0.06314713543
192 0.06314713543
193 0.06314713543
194 0.06314713543
195 0.06314713543
196 0.06314713543
197 0.06314713543
198 0.06314713543
199 0.06314713543
200 0.06314713543
201 0.06314713543
202 0.06314713543
203 0.06314713543
204 0.06314713543
205 0.06314713543
206 0.06314713543
207 0.06314713543
208 0.06314713543
209 0.06314713543
210 0.06314713543
211 0.06314713543
212 0.06314713543
213 0.06314713543
214 0.06314713543
215 0.06314713543
216 0.06314713543
217 0.06314713543
218 0.06314713543
219 0.06314713543
220 0.06314713543
221 0.06314713543
222 0.06314713543
223 0.06314713543
224 0.06314713543
225 0.06314713543
226 0.06314713543
227 0.06314713543
228 0.06314713543
229 0.06314713543
230 0.06314713543
231 0.06314713543
232 0.06314713543
233 0.06314713543
234 0.06314713543
235 0.06314713543
236 0.06314713543
237 0.06314713543
238 0.06314713543
239 0.06314713543
240 0.06314713543
241 0.06314713543
242 0.06314713543
243 0.06314713543
244 0.06314713543
245 0.06314713543
246 0.06314713543
247 0.06314713543
248 0.06314713543
249 0.06314713543
250 0.06314713543
251 0.06314713543
252 0.06314713543
253 0.06314713543
254 0.06314713543
255 0.06314713543
256 0.06314713543
257 0.06314713543
258 0.06314713543
259 0.06314713543
260 0.06314713543
261 0.06314713543
262 0.06314713543
263 0.06314713543
264 0.06314713543
265 0.06314713543
266 0.06314713543
267 0.06314713543
268 0.06314713543
269 0.06314713543
270 0.06314713543
271 0.06314713543
272 0.06314713543
273 0.06314713543
274 0.06314713543
275 0.06314713543
276 0.06314713543
277 0.06314713543
278 0.06314713543
279 0.06314713543
280 0.06314713543
281 0.06314713543
282 0.06314713543
283 0.06314713543
284 0.06314713543
285 0.06314713543
286 0.06314713543
287 0.06314713543
288 0.06314713543
289 0.06314713543
290 0.06314713543
291 0.06314713543
292 0.06314713543
293 0.06314713543
294 0.06314713543
295 0.06314713543
296 0.06314713543
297 0.06314713543
298 0.06314713543
299 0.06314713543
300 0.06314713543
301 0.06314713543
302 0.06314713543
303 0.06314713543
304 0.06314713543
305 0.06314713543
306 0.06314713543
307 0.06314713543
308 0.06314713543
309 0.06314713543
310 0.06314713543
311 0.06314713543
312 0.06314713543
313 0.06314713543
314 0.06314713543
315 0.06314713543
316 0.06314713543
317 0.06314713543
318 0.06314713543
319 0.06314713543
320 0.06314713543
321 0.06314713543
322 0.06314713543
323 0.06314713543
324 0.06314713543
325 0.06314713543
326 0.06314713543
327 0.06314713543
328 0.06314713543
329 0.06314713543
330 0.06314713543
331 0.06314713543
332 0.06314713543
333 0.06314713543
334 0.06314713543
335 0.06314713543
336 0.06314713543
337 0.06314713543
338 0.06314713543
339 0.06314713543
340 0.06314713543
341 0.06314713543
342 0.06314713543
343 0.06314713543
344 0.06314713543
345 0.06314713543
346 0.06314713543
347 0.06314713543
348 0.06314713543
349 0.06314713543
350 0.06314713543
351 0.06314713543
352 0.06314713543
353 0.06314713543
354 0.06314713543
355 0.06314713543
356 0.06314713543
357 0.06314713543
358 0.06314713543
359 0.06314713543
360 0.06314713543
361 0.06314713543
362 0.06314713543
363 0.06314713543
364 0.06314713543
365 0.06314713543
366 0.06314713543
367 0.06314713543
368 0.06314713543
369 0.06314713543
370 0.06314713543
371 0.06314713543
372 0.06314713543
373 0.06314713543
374 0.06314713543
375 0.06314713543
376 0.06314713543
377 0.06314713543
378 0.06314713543
379 0.06314713543
380 0.06314713543
381 0.06314713543
382 0.06314713543
383 0.06314713543
384 0.06314713543
385 0.06314713543
386 0.06314713543
387 0.06314713543
388 0.06314713543
389 0.06314713543
390 0.06314713543
391 0.06314713543
392 0.06314713543
393 0.06314713543
394 0.06314713543
395 0.06314713543
396 0.06314713543
397 0.06314713543
398 0.06314713543
399 0.06314713543
400 0.06314713543
401 0.06314713543
402 0.06314713544
403 0.06314713544
404 0.06314713544
405 0.06314713544
406 0.06314713545
407 0.06314713546
408 0.06314713546
409 0.06314713548
410 0.06314713549
411 0.0631471355
412 0.06314713553
413 0.06314713555
414 0.06314713558
415 0.06314713563
416 0.06314713568
417 0.06314713574
418 0.06314713582
419 0.06314713593
420 0.06314713605
421 0.06314713621
422 0.06314713641
423 0.06314713666
424 0.06314713696
425 0.06314713735
426 0.06314713782
427 0.06314713841
428 0.06314713914
429 0.06314714004
430 0.06314714116
431 0.06314714254
432 0.06314714424
433 0.06314714634
434 0.06314714893
435 0.06314715212
436 0.06314715603
437 0.06314716084
438 0.06314716673
439 0.06314717396
440 0.0631471828
441 0.06314719361
442 0.06314720681
443 0.06314722292
444 0.06314724256
445 0.06314726647
446 0.06314729556
447 0.0631473309
448 0.0631473738
449 0.06314742581
450 0.06314748882
451 0.06314756505
452 0.06314765719
453 0.06314776845
454 0.06314790265
455 0.06314806434
456 0.06314825897
457 0.06314849298
458 0.06314877406
459 0.06314911131
460 0.06314951554
461 0.06314999953
462 0.06315057843
463 0.0631512701
464 0.06315209565
465 0.06315307995
466 0.06315425229
467 0.06315564713
468 0.06315730494
469 0.06315927322
470 0.06316160766
471 0.06316437344
472 0.0631676468
473 0.0631715168
474 0.06317608736
475 0.0631814796
476 0.06318783449
477 0.06319531597
478 0.06320411445
479 0.0632144508
480 0.06322658095
481 0.06324080112
482 0.06325745375
483 0.06327693423
484 0.06329969859
485 0.06332627215
486 0.06335725936
487 0.06339335488
488 0.06343535613
489 0.06348417735
490 0.06354086555
491 0.06360661827
492 0.06368280369
493 0.063770983
494 0.06387293551
495 0.0639906867
496 0.06412653952
497 0.06428310918
498 0.06446336194
499 0.0646706581
500 0.06490879976
501 0.06518208362
502 0.06549535932
503 0.06585409396
504 0.06626444302
505 0.06673332846
506 0.06726852457
507 0.06787875189
508 0.06857378028
509 0.06936454129
510 0.07026325095
511 0.07128354336
512 0.07244061592
513 0.073751387
514 0.07523466657
515 0.07691134076
516 0.07880457097
517 0.08094000828
518 0.08334602389
519 0.08605395632
520 0.0890983759
521 0.09251736742
522 0.09635283123
523 0.1006508035
524 0.1054617959
525 0.1108411552
526 0.116849443
527 0.1235528354
528 0.1310235428
529 0.1393402501
530 0.1485885755
531 0.1588615496
532 0.170260111
533 0.1828936209
534 0.1968803922
535 0.2123482333
536 0.2294350053
537 0.2482891881
538 0.2690704556
539 0.2919502555
540 0.3171123912
541 0.3447536018
542 0.3750841369
543 0.4083283214
544 0.4447251054
545 0.4845285949
546 0.5280085573
547 0.5754508948
548 0.6271580816
549 0.6834495563
550 0.7446620633
551 0.8111499353
552 0.8832853106
553 0.9614582754
554 1.046076924
555 1.13756733
556 1.236373414
557 1.342956713
558 1.45779602
559 1.581386916
560 1.714241153
561 1.85688591
562 2.00986289
563 2.173727272
564 2.349046492
565 2.536398858
566 2.736372
567 2.949561125
568 3.176567109
569 3.417994393
570 3.674448698
571 3.946534557
572 4.234852655
573 4.539997001
574 4.862551914
575 5.203088837
576 5.562163
577 5.940309917
578 6.338041748
579 6.755843534
580 7.19416931
581 7.653438136
582 8.134030035
583 8.636281881
584 9.160483259
585 9.706872302
586 10.27563155
587 10.86688385
588 11.48068834
589 12.1170365
590 12.77584838
591 13.45696893
592 14.16016464
593 14.88512022
594 15.63143577
595 16.39862402
596 17.18610808
597 17.99321944
598 18.81919636
599 19.66318274
600 20.52422739
601 21.40128376
602 22.29321019
603 23.19877066
604 24.11663609
605 25.04538617
606 25.98351175
607 26.92941779
608 27.88142697
609 28.83778369
610 29.79665886
611 30.7561551
612 31.71431254
613 32.66911518
614 33.61849775
615 34.56035306
616 35.49253982
617 36.4128909
618 37.31922199
619 38.20934061
620 39.08105544
621 39.93218592
622 40.76057209
623 41.56408458
624 42.3406347
625 43.08818464
626 43.80475765
627 44.48844813
628 45.13743168
629 45.74997493
630 46.32444518
631 46.85931971
632 47.35319477
633 47.80479423
634 48.21297769
635 48.57674818
636 48.89525925
637 49.16782155
638 49.39390873
639 49.57316267
640 49.70539812
641 49.79060645
642 49.82895884
643 49.82080858
644 49.76669265
645 49.66733249
646 49.523634
647 49.33668672
648 49.10776224
649 48.8383118
650 48.52996318
651 48.18451669
652 47.80394061
653 47.39036571
654 46.94607924
655 46.4735181
656 45.97526148
657 45.45402281
658 44.91264113
659 44.35407193
660 43.78137746
661 43.19771652
662 42.60633383
663 42.01054897
664 41.41374489
665 40.81935615
666 40.23085671
667 39.65174759
668 39.08554414
669 38.53576311
670 38.00590965
671 37.49946393
672 37.01986786
673 36.57051156
674 36.15471984
675 35.77573862
676 35.4367214
677 35.14071569
678 34.89064964
679 34.68931866
680 34.53937232
681 34.44330133
682 34.40342488
683 34.42187822
684 34.50060059
685 34.64132354
686 34.84555975
687 35.11459231
688 35.44946461
689 35.85097088
690 36.31964737
691 36.85576441
692 37.45931915
693 38.13002943
694 38.86732838
695 39.67036028
696 40.53797739
697 41.46873803
698 42.46090589
699 43.51245062
700 44.62104981
701 45.78409232
702 46.99868311
703 48.26164951
704 49.56954903
705 50.91867865
706 52.3050857
707 53.72458019
708 55.1727487
709 56.64496981
710 58.13643083
711 59.64214608
712 61.15697641
713 62.67565002
714 64.19278441
715 65.70290943
716 67.20049124
717 68.67995717
718 70.13572117
719 71.56220987
720 72.95388902
721 74.30529012
722 75.61103716
723 76.86587317
724 78.06468657
725 79.20253696
726 80.27468025
727 81.27659309
728 82.20399606
729 83.05287592
730 83.81950634
731 84.50046721
732 85.09266231
733 85.59333511
734 86.00008281
735 86.31086822
736 86.52402964
737 86.63828852
738 86.65275485
739 86.56693036
740 86.38070931
741 86.09437704
742 85.70860619
743 85.22445074
744 84.64333769
745 83.96705677
746 83.19774799
747 82.33788729
748 81.39027031
749 80.35799457
750 79.24443994
751 78.05324786
752 76.78829927
753 75.45369145
754 74.05371402
755 72.5928243
756 71.07562205
757 69.50682395
758 67.891238
759 66.2337379
760 64.53923768
761 62.81266674
762 61.05894548
763 59.28296165
764 57.48954756
765 55.68345831
766 53.86935118
767 52.05176625
768 50.23510833
769 48.42363038
770 46.62141838
771 44.83237776
772 43.06022143
773 41.30845939
774 39.58038998
775 37.87909278
776 36.20742303
777 34.56800772
778 32.96324312
779 31.39529388
780 29.86609345
781 28.37734595
782 26.93052921
783 25.5268991
784 24.16749486
785 22.85314549
786 21.58447704
787 20.36192065
788 19.18572138
789 18.05594756
790 16.97250069
791 15.93512573
792 14.94342167
793 13.99685235
794 13.09475739
795 12.23636314
796 11.42079363
797 10.64708136
798 9.91417792
799 9.220964403
800 8.566261463
801 7.948839055
802 7.367425766
803 6.820717725
804 6.307387043
805 5.826089774
806 5.375473357
807 4.954183557
808 4.56087086
809 4.194196351
810 3.852837052
811 3.535490746
812 3.240880275
813 2.967757343
814 2.714905832
815 2.481144647
816 2.265330111
817 2.066357945
818 1.883164831
819 1.714729614
820 1.560074138
821 1.418263773
822 1.288407629
823 1.169658506
824 1.061212601
825 0.9623089856
826 0.872228898
827 0.7902948557
828 0.7158696253
829 0.6483550637
830 0.5871908541
831 0.5318531562
832 0.4818531875
833 0.4367357545
834 0.396077748
835 0.3594866157
836 0.3265988277
837 0.2970783429
838 0.2706150898
839 0.2469234673
840 0.225740877
841 0.2068262897
842 0.1899588552
843 0.1749365581
844 0.1615749236
845 0.1497057765
846 0.139176056
847 0.1298466864
848 0.1215915062
849 0.1142962542
850 0.1078576136
851 0.1021823135
852 0.0971862853
853 0.09279387487
854 0.08893710671
855 0.08555500002
856 0.08259293364
857 0.08000205827
858 0.07773875349
859 0.07576412745
860 0.07404355692
861 0.07254626529
862 0.07124493637
863 0.07011536153
864 0.06913611816
865 0.06828827719
866 0.06755513747
867 0.06692198531
868 0.06637587692
869 0.06590544213
870 0.06550070762
871 0.065152938
872 0.06485449319
873 0.06459870072
874 0.06437974151
875 0.06419254802
876 0.06403271346
877 0.06389641111
878 0.06378032263
879 0.06368157464
880 0.06359768251
881 0.06352650085
882 0.06346617973
883 0.06341512626
884 0.06337197077
885 0.06333553716
886 0.06330481699
887 0.06327894672
888 0.06325718795
889 0.06323891015
890 0.06322357564
891 0.06321072653
892 0.06319997344
893 0.0631909857
894 0.06318348287
895 0.06317722743
896 0.0631720185
897 0.06316768641
898 0.06316408805
899 0.06316110287
900 0.06315862946
901 0.06315658264
902 0.06315489095
903 0.0631534945
904 0.0631523432
905 0.0631513952
906 0.06315061556
907 0.06314997519
908 0.06314944985
909 0.06314901942
910 0.06314866719
911 0.06314837931
912 0.06314814432
913 0.06314795273
914 0.06314779673
915 0.06314766986
916 0.0631475668
917 0.0631474832
918 0.06314741546
919 0.06314736065
920 0.06314731634
921 0.06314728058
922 0.06314725174
923 0.06314722852
924 0.06314720985
925 0.06314719485
926 0.06314718282
927 0.06314717317
928 0.06314716546
929 0.06314715929
930 0.06314715436
931 0.06314715044
932 0.06314714731
933 0.06314714483
934 0.06314714285
935 0.06314714128
936 0.06314714004
937 0.06314713906
938 0.06314713828
939 0.06314713767
940 0.06314713718
941 0.0631471368
942 0.0631471365
943 0.06314713627
944 0.06314713608
945 0.06314713594
946 0.06314713582
947 0.06314713574
948 0.06314713567
949 0.06314713561
950 0.06314713557
951 0.06314713554
952 0.06314713551
953 0.06314713549
954 0.06314713548
955 0.06314713547
956 0.06314713546
957 0.06314713545
958 0.06314713544
959 0.06314713544
960 0.06314713544
961 0.06314713543
962 0.06314713543
963 0.06314713543
964 0.06314713543
965 0.06314713543
966 0.06314713543
967 0.06314713543
968 0.06314713543
969 0.06314713543
970 0.06314713543
971 0.06314713543
972 0.06314713543
973 0.06314713543
974 0.06314713543
975 0.06314713543
976 0.06314713543
977 0.06314713543
978 0.06314713543
979 0.06314713543
980 0.06314713543
981 0.06314713543
982 0.06314713543
983 0.06314713543
984 0.06314713543
985 0.06314713543
986 0.06314713543
987 0.06314713543
988 0.06314713543
989 0.06314713543
990 0.06314713543
991 0.06314713543
992 0.06314713543
993 0.06314713543
994 0.06314713543
995 0.06314713543
996 0.06314713543
997 0.06314713543
998 0.06314713543
999 0.06314713543
1000 0.06314713543
1001 0.06314713543
1002 0.06314713543
1003 0.06314713543
1004 0.06314713543
1005 0.06314713543
1006 0.06314713543
1007 0.06314713543
1008 0.06314713543
1009 0.06314713543
1010 0.06314713543
1011 0.06314713543
1012 0.06314713543
1013 0.06314713543
1014 0.06314713543
1015 0.06314713543
1016 0.06314713543
1017 0.06314713543
1018 0.06314713543
1019 0.06314713543
1020 0.06314713543
1021 0.06314713543
1022 0.06314713543
1023 0.06314713543
