#54438 2910.001962360028813 0.0045701672816773550312 1 1485 16.000049430220818044 1024 7 1 J1713+0747 0.0000000 
0 -0.1200331197
1 -0.1200331197
2 -0.1200331197
3 -0.1200331197
4 -0.1200331197
5 -0.1200331197
6 -0.1200331197
7 -0.1200331197
8 -0.1200331197
9 -0.1200331197
10 -0.1200331197
11 -0.1200331197
12 -0.1200331197
13 -0.1200331197
14 -0.1200331196
15 -0.1200331196
16 -0.1200331196
17 -0.1200331195
18 -0.1200331194
19 -0.1200331194
20 -0.1200331192
21 -0.1200331191
22 -0.120033119
23 -0.1200331188
24 -0.1200331185
25 -0.1200331182
26 -0.1200331178
27 -0.1200331173
28 -0.1200331168
29 -0.120033116
30 -0.1200331151
31 -0.120033114
32 -0.1200331126
33 -0.1200331109
34 -0.1200331088
35 -0.1200331063
36 -0.1200331031
37 -0.1200330992
38 -0.1200330944
39 -0.1200330886
40 -0.1200330814
41 -0.1200330727
42 -0.120033062
43 -0.1200330489
44 -0.120033033
45 -0.1200330136
46 -0.12003299
47 -0.1200329614
48 -0.1200329266
49 -0.1200328844
50 -0.1200328332
51 -0.1200327714
52 -0.1200326966
53 -0.1200326062
54 -0.1200324972
55 -0.1200323658
56 -0.1200322077
57 -0.1200320174
58 -0.1200317889
59 -0.1200315147
60 -0.1200311859
61 -0.1200307921
62 -0.120030321
63 -0.120029758
64 -0.1200290859
65 -0.1200282843
66 -0.1200273295
67 -0.1200261931
68 -0.1200248422
69 -0.1200232379
70 -0.1200213347
71 -0.1200190794
72 -0.1200164095
73 -0.1200132523
74 -0.1200095227
75 -0.1200051217
76 -0.1199999337
77 -0.1199938246
78 -0.1199866385
79 -0.1199781944
80 -0.1199682826
81 -0.1199566603
82 -0.1199430469
83 -0.119927118
84 -0.1199084997
85 -0.119886761
86 -0.1198614058
87 -0.119831864
88 -0.1197974809
89 -0.1197575055
90 -0.119711078
91 -0.1196572142
92 -0.1195947897
93 -0.119522521
94 -0.119438945
95 -0.1193423958
96 -0.1192309785
97 -0.119102541
98 -0.1189546416
99 -0.1187845134
100 -0.1185890251
101 -0.1183646369
102 -0.1181073525
103 -0.1178126657
104 -0.1174755015
105 -0.1170901512
106 -0.1166502017
107 -0.1161484574
108 -0.1155768545
109 -0.114926368
110 -0.1141869097
111 -0.1133472174
112 -0.1123947338
113 -0.1113154759
114 -0.1100938931
115 -0.1087127132
116 -0.1071527774
117 -0.1053928614
118 -0.1034094835
119 -0.1011766986
120 -0.09866587805
121 -0.09584547344
122 -0.0926807657
123 -0.08913359767
124 -0.08516209032
125 -0.08072034233
126 -0.07575811264
127 -0.070220486
128 -0.06404752153
129 -0.05717388429
130 -0.04952846035
131 -0.04103395557
132 -0.03160647897
133 -0.02115511125
134 -0.009581459711
135 0.003220799346
136 0.01736638914
137 0.03297891011
138 0.05019132483
139 0.06914644773
140 0.08999743709
141 0.1129082863
142 0.1380543111
143 0.1656226297
144 0.1958126307
145 0.228836426
146 0.2649192831
147 0.3043000321
148 0.3472314424
149 0.3939805633
150 0.4448290224
151 0.5000732763
152 0.5600248064
153 0.6250102535
154 0.6953714848
155 0.7714655854
156 0.8536647681
157 0.9423561933
158 1.037941693
159 1.14083739
160 1.251473209
161 1.370292267
162 1.497750145
163 1.634314018
164 1.780461667
165 1.936680333
166 2.103465435
167 2.281319133
168 2.470748746
169 2.672265
170 2.88638014
171 3.113605867
172 3.354451126
173 3.609419748
174 3.879007928
175 4.163701566
176 4.463973469
177 4.780280422
178 5.113060129
179 5.462728053
180 5.829674154
181 6.214259538
182 6.616813043
183 7.037627767
184 7.476957568
185 7.935013549
186 8.411960546
187 8.907913656
188 9.422934814
189 9.957029449
190 10.51014325
191 11.08215906
192 11.67289393
193 12.28209636
194 12.90944378
195 13.5545402
196 14.21691423
197 14.89601729
198 15.59122227
199 16.3018224
200 17.02703056
201 17.76597904
202 18.51771958
203 19.28122393
204 20.05538487
205 20.83901765
206 21.63086189
207 22.429584
208 23.23378008
209 24.04197928
210 24.85264764
211 25.66419249
212 26.47496718
213 27.2832764
214 28.08738189
215 28.88550854
216 29.67585095
217 30.45658032
218 31.22585171
219 31.9818116
220 32.72260574
221 33.44638719
222 34.15132465
223 34.83561082
224 35.49747099
225 36.1351716
226 36.74702888
227 37.33141739
228 37.88677858
229 38.41162907
230 38.9045689
231 39.36428943
232 39.78958106
233 40.17934055
234 40.53257804
235 40.84842357
236 41.12613328
237 41.36509498
238 41.56483333
239 41.72501437
240 41.84544954
241 41.92609905
242 41.96707465
243 41.96864174
244 41.93122086
245 41.85538847
246 41.7418771
247 41.59157483
248 41.40552401
249 41.18491948
250 40.93110598
251 40.64557497
252 40.32996087
253 39.98603657
254 39.61570846
255 39.22101079
256 38.80409956
257 38.36724578
258 37.91282837
259 37.44332641
260 36.9613111
261 36.4694372
262 35.97043411
263 35.46709658
264 34.9622751
265 34.45886596
266 33.95980107
267 33.46803744
268 32.98654658
269 32.51830357
270 32.06627603
271 31.63341293
272 31.22263331
273 30.83681487
274 30.47878258
275 30.15129713
276 29.85704352
277 29.5986196
278 29.37852468
279 29.19914826
280 29.06275884
281 28.97149294
282 28.92734431
283 28.93215336
284 28.9875969
285 29.09517819
286 29.25621737
287 29.47184233
288 29.74298002
289 30.07034835
290 30.45444856
291 30.89555842
292 31.39372587
293 31.9487637
294 32.5602448
295 33.22749843
296 33.94960736
297 34.72540604
298 35.55347975
299 36.43216485
300 37.35955027
301 38.33347997
302 39.35155687
303 40.41114777
304 41.50938977
305 42.64319778
306 43.80927348
307 45.00411547
308 46.22403074
309 47.46514741
310 48.72342871
311 49.99468809
312 51.27460556
313 52.55874503
314 53.8425727
315 55.12147637
316 56.39078554
317 57.64579224
318 58.88177251
319 60.09400834
320 61.27780993
321 62.42853822
322 63.54162751
323 64.61260795
324 65.63712786
325 66.61097566
326 67.53010131
327 68.39063702
328 69.1889172
329 69.92149739
330 70.58517212
331 71.17699151
332 71.69427648
333 72.13463253
334 72.49596191
335 72.77647406
336 72.97469437
337 73.08947103
338 73.11998003
339 73.06572828
340 72.92655468
341 72.70262933
342 72.39445079
343 72.00284135
344 71.52894048
345 70.97419648
346 70.34035632
347 69.62945383
348 68.84379636
349 67.98594991
350 67.058723
351 66.06514924
352 65.00846892
353 63.8921096
354 62.71966598
355 61.49487911
356 60.22161516
357 58.90384388
358 57.54561692
359 56.15104616
360 54.72428221
361 53.26949321
362 51.79084406
363 50.29247635
364 48.77848884
365 47.25291889
366 45.71972483
367 44.18276928
368 42.64580366
369 41.11245389
370 39.58620732
371 38.07040095
372 36.56821102
373 35.08264395
374 33.6165286
375 32.17251002
376 30.75304441
377 29.36039551
378 27.99663229
379 26.66362787
380 25.36305965
381 24.09641063
382 22.8649718
383 21.66984552
384 20.5119499
385 19.39202398
386 18.31063378
387 17.26817893
388 16.26490003
389 15.30088646
390 14.37608466
391 13.49030675
392 12.64323947
393 11.83445324
394 11.06341144
395 10.32947964
396 9.631934863
397 8.969974776
398 8.342726687
399 7.749256394
400 7.188576766
401 6.659656036
402 6.16142578
403 5.692788522
404 5.252624969
405 4.839800825
406 4.453173189
407 4.091596512
408 3.753928107
409 3.439033217
410 3.145789629
411 2.873091841
412 2.6198548
413 2.385017203
414 2.167544391
415 1.966430841
416 1.780702269
417 1.609417382
418 1.451669274
419 1.306586503
420 1.173333868
421 1.051112907
422 0.9391621323
423 0.8367570375
424 0.7432098887
425 0.6578693257
426 0.5801197928
427 0.5093808217
428 0.4451061835
429 0.3867829304
430 0.3339303454
431 0.2860988137
432 0.2428686353
433 0.2038487903
434 0.1686756713
435 0.1370117955
436 0.1085445069
437 0.08298467834
438 0.06006542331
439 0.03954082384
440 0.02118468251
441 0.004789303786
442 -0.009835690203
443 -0.02286450539
444 -0.03445627962
445 -0.04475614201
446 -0.05389622597
447 -0.06199663437
448 -0.06916635625
449 -0.07550413451
450 -0.08109928497
451 -0.08603246691
452 -0.09037640629
453 -0.09419657238
454 -0.09755180927
455 -0.1004949238
456 -0.1030732314
457 -0.1053290617
458 -0.107300226
459 -0.1090204475
460 -0.1105197581
461 -0.111824862
462 -0.1129594683
463 -0.1139445958
464 -0.1147988503
465 -0.1155386774
466 -0.1161785914
467 -0.1167313836
468 -0.1172083101
469 -0.1176192619
470 -0.1179729174
471 -0.1182768802
472 -0.1185378025
473 -0.1187614961
474 -0.1189530307
475 -0.1191168229
476 -0.1192567144
477 -0.1193760423
478 -0.1194777013
479 -0.1195641987
480 -0.1196377033
481 -0.1197000881
482 -0.1197529688
483 -0.1197977372
484 -0.1198355902
485 -0.1198675559
486 -0.119894516
487 -0.1199172261
488 -0.119936332
489 -0.1199523857
490 -0.1199658579
491 -0.1199771496
492 -0.1199866019
493 -0.1199945045
494 -0.1200011033
495 -0.1200066064
496 -0.1200111902
497 -0.1200150033
498 -0.1200181715
499 -0.1200208005
500 -0.1200229794
501 -0.120024783
502 -0.1200262741
503 -0.1200275052
504 -0.1200285205
505 -0.1200293568
506 -0.1200300447
507 -0.1200306099
508 -0.1200310736
509 -0.1200314537
510 -0.1200317649
511 -0.1200320192
512 -0.1200322269
513 -0.1200323963
514 -0.1200325342
515 -0.1200326464
516 -0.1200327376
517 -0.1200328116
518 -0.1200328715
519 -0.1200329201
520 -0.1200329593
521 -0.120032991
522 -0.1200330165
523 -0.1200330371
524 -0.1200330537
525 -0.120033067
526 -0.1200330777
527 -0.1200330862
528 -0.1200330931
529 -0.1200330985
530 -0.1200331029
531 -0.1200331064
532 -0.1200331092
533 -0.1200331114
534 -0.1200331131
535 -0.1200331145
536 -0.1200331156
537 -0.1200331165
538 -0.1200331172
539 -0.1200331178
540 -0.1200331182
541 -0.1200331185
542 -0.1200331188
543 -0.120033119
544 -0.1200331192
545 -0.1200331193
546 -0.1200331194
547 -0.1200331195
548 -0.1200331195
549 -0.1200331196
550 -0.1200331196
551 -0.1200331197
552 -0.1200331197
553 -0.1200331197
554 -0.1200331197
555 -0.1200331197
556 -0.1200331197
557 -0.1200331197
558 -0.1200331197
559 -0.1200331197
560 -0.1200331197
561 -0.1200331197
562 -0.1200331197
563 -0.1200331197
564 -0.1200331198
565 -0.1200331198
566 -0.1200331198
567 -0.1200331198
568 -0.1200331198
569 -0.1200331198
570 -0.1200331198
571 -0.1200331198
572 -0.1200331198
573 -0.1200331198
574 -0.1200331198
575 -0.1200331198
576 -0.1200331198
577 -0.1200331198
578 -0.1200331198
579 -0.1200331198
580 -0.1200331198
581 -0.1200331198
582 -0.1200331198
583 -0.1200331198
584 -0.1200331198
585 -0.1200331198
586 -0.1200331198
587 -0.1200331198
588 -0.1200331198
589 -0.1200331198
590 -0.1200331198
591 -0.1200331198
592 -0.1200331198
593 -0.1200331198
594 -0.1200331198
595 -0.1200331198
596 -0.1200331198
597 -0.1200331198
598 -0.1200331198
599 -0.1200331198
600 -0.1200331198
601 -0.1200331198
602 -0.1200331198
603 -0.1200331198
604 -0.1200331198
605 -0.1200331198
606 -0.1200331198
607 -0.1200331198
608 -0.1200331198
609 -0.1200331198
610 -0.1200331198
611 -0.1200331198
612 -0.1200331198
613 -0.1200331198
614 -0.1200331198
615 -0.1200331198
616 -0.1200331198
617 -0.1200331198
618 -0.1200331198
619 -0.1200331198
620 -0.1200331198
621 -0.1200331198
622 -0.1200331198
623 -0.1200331198
624 -0.1200331198
625 -0.1200331198
626 -0.1200331198
627 -0.1200331198
628 -0.1200331198
629 -0.1200331198
630 -0.1200331198
631 -0.1200331198
632 -0.1200331198
633 -0.1200331198
634 -0.1200331198
635 -0.1200331198
636 -0.1200331198
637 -0.1200331198
638 -0.1200331198
639 -0.1200331198
640 -0.1200331198
641 -0.1200331198
642 -0.1200331198
643 -0.1200331198
644 -0.1200331198
645 -0.1200331198
646 -0.1200331198
647 -0.1200331198
648 -0.1200331198
649 -0.1200331198
650 -0.1200331198
651 -0.1200331198
652 -0.1200331198
653 -0.1200331198
654 -0.1200331198
655 -0.1200331198
656 -0.1200331198
657 -0.1200331198
658 -0.1200331198
659 -0.1200331198
660 -0.1200331198
661 -0.1200331198
662 -0.1200331198
663 -0.1200331198
664 -0.1200331198
665 -0.1200331198
666 -0.1200331198
667 -0.1200331198
668 -0.1200331198
669 -0.1200331198
670 -0.1200331198
671 -0.1200331198
672 -0.1200331198
673 -0.1200331198
674 -0.1200331198
675 -0.1200331198
676 -0.1200331198
677 -0.1200331198
678 -0.1200331198
679 -0.1200331198
680 -0.1200331198
681 -0.1200331198
682 -0.1200331198
683 -0.1200331198
684 -0.1200331198
685 -0.1200331198
686 -0.1200331198
687 -0.1200331198
688 -0.1200331198
689 -0.1200331198
690 -0.1200331198
691 -0.1200331198
692 -0.1200331198
693 -0.1200331198
694 -0.1200331198
695 -0.1200331198
696 -0.1200331198
697 -0.1200331198
698 -0.1200331198
699 -0.1200331198
700 -0.1200331198
701 -0.1200331198
702 -0.1200331198
703 -0.1200331198
704 -0.1200331198
705 -0.1200331198
706 -0.1200331198
707 -0.1200331198
708 -0.1200331198
709 -0.1200331198
710 -0.1200331198
711 -0.1200331198
712 -0.1200331198
713 -0.1200331198
714 -0.1200331198
715 -0.1200331198
716 -0.1200331198
717 -0.1200331198
718 -0.1200331198
719 -0.1200331198
720 -0.1200331198
721 -0.1200331198
722 -0.1200331198
723 -0.1200331198
724 -0.1200331198
725 -0.1200331198
726 -0.1200331198
727 -0.1200331198
728 -0.1200331198
729 -0.1200331198
730 -0.1200331198
731 -0.1200331198
732 -0.1200331198
733 -0.1200331198
734 -0.1200331198
735 -0.1200331198
736 -0.1200331198
737 -0.1200331198
738 -0.1200331198
739 -0.1200331198
740 -0.1200331198
741 -0.1200331198
742 -0.1200331198
743 -0.1200331198
744 -0.1200331198
745 -0.1200331198
746 -0.1200331198
747 -0.1200331198
748 -0.1200331198
749 -0.1200331198
750 -0.1200331198
751 -0.1200331198
752 -0.1200331198
753 -0.1200331198
754 -0.1200331198
755 -0.1200331198
756 -0.1200331198
757 -0.1200331198
758 -0.1200331198
759 -0.1200331198
760 -0.1200331198
761 -0.1200331198
762 -0.1200331198
763 -0.1200331198
764 -0.1200331198
765 -0.1200331198
766 -0.1200331198
767 -0.1200331198
768 -0.1200331198
769 -0.1200331198
770 -0.1200331198
771 -0.1200331198
772 -0.1200331198
773 -0.1200331198
774 -0.1200331198
775 -0.1200331198
776 -0.1200331198
777 -0.1200331198
778 -0.1200331198
779 -0.1200331198
780 -0.1200331198
781 -0.1200331198
782 -0.1200331198
783 -0.1200331198
784 -0.1200331198
785 -0.1200331198
786 -0.1200331198
787 -0.1200331198
788 -0.1200331198
789 -0.1200331198
790 -0.1200331198
791 -0.1200331198
792 -0.1200331198
793 -0.1200331198
794 -0.1200331198
795 -0.1200331198
796 -0.1200331198
797 -0.1200331198
798 -0.1200331198
799 -0.1200331198
800 -0.1200331198
801 -0.1200331198
802 -0.1200331198
803 -0.1200331198
804 -0.1200331198
805 -0.1200331198
806 -0.1200331198
807 -0.1200331198
808 -0.1200331198
809 -0.1200331198
810 -0.1200331198
811 -0.1200331198
812 -0.1200331198
813 -0.1200331198
814 -0.1200331198
815 -0.1200331198
816 -0.1200331198
817 -0.1200331198
818 -0.1200331198
819 -0.1200331198
820 -0.1200331198
821 -0.1200331198
822 -0.1200331198
823 -0.1200331198
824 -0.1200331198
825 -0.1200331198
826 -0.1200331198
827 -0.1200331198
828 -0.1200331198
829 -0.1200331198
830 -0.1200331198
831 -0.1200331198
832 -0.1200331198
833 -0.1200331198
834 -0.1200331198
835 -0.1200331198
836 -0.1200331198
837 -0.1200331198
838 -0.1200331198
839 -0.1200331198
840 -0.1200331198
841 -0.1200331198
842 -0.1200331198
843 -0.1200331198
844 -0.1200331198
845 -0.1200331198
846 -0.1200331198
847 -0.1200331198
848 -0.1200331198
849 -0.1200331198
850 -0.1200331198
851 -0.1200331198
852 -0.1200331198
853 -0.1200331198
854 -0.1200331198
855 -0.1200331198
856 -0.1200331198
857 -0.1200331198
858 -0.1200331198
859 -0.1200331198
860 -0.1200331198
861 -0.1200331198
862 -0.1200331198
863 -0.1200331198
864 -0.1200331198
865 -0.1200331198
866 -0.1200331198
867 -0.1200331198
868 -0.1200331198
869 -0.1200331198
870 -0.1200331198
871 -0.1200331198
872 -0.1200331198
873 -0.1200331198
874 -0.1200331198
875 -0.1200331198
876 -0.1200331198
877 -0.1200331198
878 -0.1200331198
879 -0.1200331198
880 -0.1200331198
881 -0.1200331198
882 -0.1200331198
883 -0.1200331198
884 -0.1200331198
885 -0.1200331198
886 -0.1200331198
887 -0.1200331198
888 -0.1200331198
889 -0.1200331198
890 -0.1200331198
891 -0.1200331198
892 -0.1200331198
893 -0.1200331198
894 -0.1200331198
895 -0.1200331198
896 -0.1200331198
897 -0.1200331198
898 -0.1200331198
899 -0.1200331198
900 -0.1200331198
901 -0.1200331198
902 -0.1200331198
903 -0.1200331198
904 -0.1200331198
905 -0.1200331198
906 -0.1200331198
907 -0.1200331198
908 -0.1200331198
909 -0.1200331198
910 -0.1200331198
911 -0.1200331198
912 -0.1200331198
913 -0.1200331198
914 -0.1200331198
915 -0.1200331198
916 -0.1200331198
917 -0.1200331198
918 -0.1200331198
919 -0.1200331198
920 -0.1200331198
921 -0.1200331198
922 -0.1200331198
923 -0.1200331198
924 -0.1200331198
925 -0.1200331198
926 -0.1200331198
927 -0.1200331198
928 -0.1200331198
929 -0.1200331198
930 -0.1200331198
931 -0.1200331198
932 -0.1200331198
933 -0.1200331198
934 -0.1200331198
935 -0.1200331198
936 -0.1200331198
937 -0.1200331198
938 -0.1200331198
939 -0.1200331198
940 -0.1200331198
941 -0.1200331198
942 -0.1200331198
943 -0.1200331198
944 -0.1200331198
945 -0.1200331198
946 -0.1200331198
947 -0.1200331198
948 -0.1200331198
949 -0.1200331198
950 -0.1200331198
951 -0.1200331198
952 -0.1200331198
953 -0.1200331198
954 -0.1200331198
955 -0.1200331198
956 -0.1200331198
957 -0.1200331198
958 -0.1200331198
959 -0.1200331198
960 -0.1200331198
961 -0.1200331198
962 -0.1200331198
963 -0.1200331198
964 -0.1200331198
965 -0.1200331198
966 -0.1200331198
967 -0.1200331198
968 -0.1200331198
969 -0.1200331198
970 -0.1200331198
971 -0.1200331198
972 -0.1200331198
973 -0.1200331198
974 -0.1200331198
975 -0.1200331198
976 -0.1200331198
977 -0.1200331198
978 -0.1200331198
979 -0.1200331198
980 -0.1200331198
981 -0.1200331198
982 -0.1200331198
983 -0.1200331198
984 -0.1200331198
985 -0.1200331198
986 -0.1200331198
987 -0.1200331198
988 -0.1200331198
989 -0.1200331198
990 -0.1200331198
991 -0.1200331198
992 -0.1200331198
993 -0.1200331198
994 -0.1200331198
995 -0.1200331198
996 -0.1200331198
997 -0.1200331198
998 -0.1200331198
999 -0.1200331198
1000 -0.1200331198
1001 -0.1200331198
1002 -0.1200331198
1003 -0.1200331198
1004 -0.1200331198
1005 -0.1200331198
1006 -0.1200331198
1007 -0.1200331198
1008 -0.1200331198
1009 -0.1200331198
1010 -0.1200331198
1011 -0.1200331198
1012 -0.1200331198
1013 -0.1200331198
1014 -0.1200331198
1015 -0.1200331198
1016 -0.1200331198
1017 -0.1200331198
1018 -0.1200331198
1019 -0.1200331198
1020 -0.1200331198
1021 -0.1200331198
1022 -0.1200331198
1023 -0.1200331198
