#53540 2909.999835438110672 0.0045702102506474124449 1 1493 16.000049430220818044 1024 7 1 J1713+0747 0.0000000 
0 -0.2697849017
1 -0.2698227012
2 -0.2698546223
3 -0.2698815455
4 -0.2699042249
5 -0.2699233055
6 -0.2699393382
7 -0.2699527931
8 -0.2699640705
9 -0.269973511
10 -0.269981404
11 -0.2699879948
12 -0.2699934915
13 -0.2699980699
14 -0.2700018787
15 -0.2700050434
16 -0.2700076695
17 -0.2700098461
18 -0.2700116478
19 -0.2700131373
20 -0.2700143672
21 -0.2700153815
22 -0.2700162169
23 -0.2700169042
24 -0.2700174689
25 -0.2700179322
26 -0.270018312
27 -0.2700186228
28 -0.270018877
29 -0.2700190845
30 -0.2700192537
31 -0.2700193915
32 -0.2700195037
33 -0.2700195948
34 -0.2700196687
35 -0.2700197286
36 -0.2700197771
37 -0.2700198163
38 -0.270019848
39 -0.2700198735
40 -0.2700198941
41 -0.2700199107
42 -0.2700199239
43 -0.2700199346
44 -0.2700199432
45 -0.27001995
46 -0.2700199555
47 -0.2700199599
48 -0.2700199633
49 -0.2700199661
50 -0.2700199683
51 -0.2700199701
52 -0.2700199715
53 -0.2700199726
54 -0.2700199735
55 -0.2700199742
56 -0.2700199747
57 -0.2700199751
58 -0.2700199755
59 -0.2700199757
60 -0.2700199759
61 -0.2700199761
62 -0.2700199762
63 -0.2700199763
64 -0.2700199764
65 -0.2700199765
66 -0.2700199765
67 -0.2700199766
68 -0.2700199766
69 -0.2700199766
70 -0.2700199766
71 -0.2700199766
72 -0.2700199767
73 -0.2700199767
74 -0.2700199767
75 -0.2700199767
76 -0.2700199767
77 -0.2700199767
78 -0.2700199767
79 -0.2700199767
80 -0.2700199767
81 -0.2700199767
82 -0.2700199767
83 -0.2700199767
84 -0.2700199767
85 -0.2700199767
86 -0.2700199767
87 -0.2700199767
88 -0.2700199767
89 -0.2700199767
90 -0.2700199767
91 -0.2700199767
92 -0.2700199767
93 -0.2700199767
94 -0.2700199767
95 -0.2700199767
96 -0.2700199767
97 -0.2700199767
98 -0.2700199767
99 -0.2700199767
100 -0.2700199767
101 -0.2700199767
102 -0.2700199767
103 -0.2700199767
104 -0.2700199767
105 -0.2700199767
106 -0.2700199767
107 -0.2700199767
108 -0.2700199767
109 -0.2700199767
110 -0.2700199767
111 -0.2700199767
112 -0.2700199767
113 -0.2700199767
114 -0.2700199767
115 -0.2700199767
116 -0.2700199767
117 -0.2700199767
118 -0.2700199767
119 -0.2700199767
120 -0.2700199767
121 -0.2700199767
122 -0.2700199767
123 -0.2700199767
124 -0.2700199767
125 -0.2700199767
126 -0.2700199767
127 -0.2700199767
128 -0.2700199767
129 -0.2700199767
130 -0.2700199767
131 -0.2700199767
132 -0.2700199767
133 -0.2700199767
134 -0.2700199767
135 -0.2700199767
136 -0.2700199767
137 -0.2700199767
138 -0.2700199767
139 -0.2700199767
140 -0.2700199767
141 -0.2700199767
142 -0.2700199767
143 -0.2700199767
144 -0.2700199767
145 -0.2700199767
146 -0.2700199767
147 -0.2700199767
148 -0.2700199767
149 -0.2700199767
150 -0.2700199767
151 -0.2700199767
152 -0.2700199767
153 -0.2700199767
154 -0.2700199767
155 -0.2700199767
156 -0.2700199767
157 -0.2700199767
158 -0.2700199767
159 -0.2700199767
160 -0.2700199767
161 -0.2700199767
162 -0.2700199767
163 -0.2700199767
164 -0.2700199767
165 -0.2700199767
166 -0.2700199767
167 -0.2700199767
168 -0.2700199767
169 -0.2700199767
170 -0.2700199767
171 -0.2700199767
172 -0.2700199767
173 -0.2700199767
174 -0.2700199767
175 -0.2700199767
176 -0.2700199767
177 -0.2700199767
178 -0.2700199767
179 -0.2700199767
180 -0.2700199767
181 -0.2700199767
182 -0.2700199767
183 -0.2700199767
184 -0.2700199767
185 -0.2700199767
186 -0.2700199767
187 -0.2700199767
188 -0.2700199767
189 -0.2700199767
190 -0.2700199767
191 -0.2700199767
192 -0.2700199767
193 -0.2700199767
194 -0.2700199767
195 -0.2700199767
196 -0.2700199767
197 -0.2700199767
198 -0.2700199767
199 -0.2700199767
200 -0.2700199767
201 -0.2700199767
202 -0.2700199767
203 -0.2700199767
204 -0.2700199767
205 -0.2700199767
206 -0.2700199767
207 -0.2700199767
208 -0.2700199767
209 -0.2700199767
210 -0.2700199767
211 -0.2700199767
212 -0.2700199767
213 -0.2700199767
214 -0.2700199767
215 -0.2700199767
216 -0.2700199767
217 -0.2700199767
218 -0.2700199767
219 -0.2700199767
220 -0.2700199767
221 -0.2700199767
222 -0.2700199767
223 -0.2700199767
224 -0.2700199767
225 -0.2700199767
226 -0.2700199767
227 -0.2700199767
228 -0.2700199767
229 -0.2700199767
230 -0.2700199767
231 -0.2700199767
232 -0.2700199767
233 -0.2700199767
234 -0.2700199767
235 -0.2700199767
236 -0.2700199767
237 -0.2700199767
238 -0.2700199767
239 -0.2700199767
240 -0.2700199767
241 -0.2700199767
242 -0.2700199767
243 -0.2700199767
244 -0.2700199767
245 -0.2700199767
246 -0.2700199767
247 -0.2700199767
248 -0.2700199767
249 -0.2700199767
250 -0.2700199767
251 -0.2700199767
252 -0.2700199767
253 -0.2700199767
254 -0.2700199767
255 -0.2700199767
256 -0.2700199767
257 -0.2700199767
258 -0.2700199767
259 -0.2700199767
260 -0.2700199767
261 -0.2700199767
262 -0.2700199767
263 -0.2700199767
264 -0.2700199767
265 -0.2700199767
266 -0.2700199767
267 -0.2700199767
268 -0.2700199767
269 -0.2700199767
270 -0.2700199767
271 -0.2700199767
272 -0.2700199767
273 -0.2700199767
274 -0.2700199767
275 -0.2700199767
276 -0.2700199767
277 -0.2700199767
278 -0.2700199767
279 -0.2700199767
280 -0.2700199767
281 -0.2700199767
282 -0.2700199767
283 -0.2700199767
284 -0.2700199767
285 -0.2700199767
286 -0.2700199767
287 -0.2700199767
288 -0.2700199767
289 -0.2700199767
290 -0.2700199767
291 -0.2700199767
292 -0.2700199767
293 -0.2700199767
294 -0.2700199767
295 -0.2700199767
296 -0.2700199767
297 -0.2700199767
298 -0.2700199767
299 -0.2700199767
300 -0.2700199767
301 -0.2700199767
302 -0.2700199767
303 -0.2700199767
304 -0.2700199767
305 -0.2700199767
306 -0.2700199767
307 -0.2700199767
308 -0.2700199767
309 -0.2700199767
310 -0.2700199767
311 -0.2700199767
312 -0.2700199767
313 -0.2700199767
314 -0.2700199767
315 -0.2700199767
316 -0.2700199767
317 -0.2700199767
318 -0.2700199767
319 -0.2700199767
320 -0.2700199767
321 -0.2700199767
322 -0.2700199767
323 -0.2700199767
324 -0.2700199767
325 -0.2700199767
326 -0.2700199767
327 -0.2700199767
328 -0.2700199767
329 -0.2700199767
330 -0.2700199767
331 -0.2700199767
332 -0.2700199767
333 -0.2700199767
334 -0.2700199767
335 -0.2700199767
336 -0.2700199767
337 -0.2700199767
338 -0.2700199767
339 -0.2700199767
340 -0.2700199767
341 -0.2700199767
342 -0.2700199767
343 -0.2700199767
344 -0.2700199767
345 -0.2700199767
346 -0.2700199767
347 -0.2700199767
348 -0.2700199767
349 -0.2700199767
350 -0.2700199767
351 -0.2700199767
352 -0.2700199767
353 -0.2700199767
354 -0.2700199767
355 -0.2700199767
356 -0.2700199767
357 -0.2700199767
358 -0.2700199767
359 -0.2700199767
360 -0.2700199767
361 -0.2700199767
362 -0.2700199767
363 -0.2700199767
364 -0.2700199767
365 -0.2700199767
366 -0.2700199767
367 -0.2700199767
368 -0.2700199767
369 -0.2700199767
370 -0.2700199767
371 -0.2700199767
372 -0.2700199767
373 -0.2700199767
374 -0.2700199767
375 -0.2700199767
376 -0.2700199767
377 -0.2700199767
378 -0.2700199767
379 -0.2700199767
380 -0.2700199767
381 -0.2700199767
382 -0.2700199767
383 -0.2700199767
384 -0.2700199767
385 -0.2700199767
386 -0.2700199767
387 -0.2700199767
388 -0.2700199767
389 -0.2700199767
390 -0.2700199767
391 -0.2700199767
392 -0.2700199767
393 -0.2700199767
394 -0.2700199767
395 -0.2700199767
396 -0.2700199767
397 -0.2700199767
398 -0.2700199767
399 -0.2700199767
400 -0.2700199767
401 -0.2700199767
402 -0.2700199767
403 -0.2700199767
404 -0.2700199767
405 -0.2700199767
406 -0.2700199767
407 -0.2700199767
408 -0.2700199767
409 -0.2700199767
410 -0.2700199767
411 -0.2700199767
412 -0.2700199767
413 -0.2700199767
414 -0.2700199767
415 -0.2700199767
416 -0.2700199767
417 -0.2700199767
418 -0.2700199767
419 -0.2700199767
420 -0.2700199767
421 -0.2700199767
422 -0.2700199767
423 -0.2700199767
424 -0.2700199767
425 -0.2700199767
426 -0.2700199767
427 -0.2700199767
428 -0.2700199767
429 -0.2700199767
430 -0.2700199767
431 -0.2700199767
432 -0.2700199767
433 -0.2700199767
434 -0.2700199767
435 -0.2700199767
436 -0.2700199767
437 -0.2700199767
438 -0.2700199767
439 -0.2700199767
440 -0.2700199767
441 -0.2700199767
442 -0.2700199767
443 -0.2700199767
444 -0.2700199767
445 -0.2700199767
446 -0.2700199767
447 -0.2700199767
448 -0.2700199767
449 -0.2700199767
450 -0.2700199767
451 -0.2700199767
452 -0.2700199767
453 -0.2700199767
454 -0.2700199767
455 -0.2700199767
456 -0.2700199767
457 -0.2700199767
458 -0.2700199767
459 -0.2700199767
460 -0.2700199767
461 -0.2700199767
462 -0.2700199767
463 -0.2700199767
464 -0.2700199767
465 -0.2700199767
466 -0.2700199767
467 -0.2700199767
468 -0.2700199767
469 -0.2700199767
470 -0.2700199767
471 -0.2700199767
472 -0.2700199767
473 -0.2700199767
474 -0.2700199767
475 -0.2700199767
476 -0.2700199767
477 -0.2700199767
478 -0.2700199767
479 -0.2700199767
480 -0.2700199767
481 -0.2700199767
482 -0.2700199767
483 -0.2700199767
484 -0.2700199767
485 -0.2700199767
486 -0.2700199767
487 -0.2700199767
488 -0.2700199767
489 -0.2700199767
490 -0.2700199767
491 -0.2700199767
492 -0.2700199767
493 -0.2700199767
494 -0.2700199767
495 -0.2700199767
496 -0.2700199767
497 -0.2700199767
498 -0.2700199767
499 -0.2700199767
500 -0.2700199767
501 -0.2700199767
502 -0.2700199767
503 -0.2700199767
504 -0.2700199767
505 -0.2700199767
506 -0.2700199767
507 -0.2700199767
508 -0.2700199767
509 -0.2700199767
510 -0.2700199767
511 -0.2700199767
512 -0.2700199767
513 -0.2700199767
514 -0.2700199767
515 -0.2700199767
516 -0.2700199767
517 -0.2700199767
518 -0.2700199767
519 -0.2700199767
520 -0.2700199767
521 -0.2700199767
522 -0.2700199767
523 -0.2700199767
524 -0.2700199767
525 -0.2700199767
526 -0.2700199767
527 -0.2700199767
528 -0.2700199767
529 -0.2700199767
530 -0.2700199767
531 -0.2700199767
532 -0.2700199767
533 -0.2700199767
534 -0.2700199767
535 -0.2700199767
536 -0.2700199767
537 -0.2700199767
538 -0.2700199767
539 -0.2700199767
540 -0.2700199767
541 -0.2700199767
542 -0.2700199767
543 -0.2700199767
544 -0.2700199767
545 -0.2700199767
546 -0.2700199767
547 -0.2700199767
548 -0.2700199767
549 -0.2700199767
550 -0.2700199767
551 -0.2700199766
552 -0.2700199766
553 -0.2700199766
554 -0.2700199766
555 -0.2700199766
556 -0.2700199765
557 -0.2700199765
558 -0.2700199764
559 -0.2700199764
560 -0.2700199763
561 -0.2700199762
562 -0.2700199761
563 -0.2700199759
564 -0.2700199757
565 -0.2700199755
566 -0.2700199752
567 -0.2700199748
568 -0.2700199743
569 -0.2700199737
570 -0.270019973
571 -0.2700199721
572 -0.270019971
573 -0.2700199696
574 -0.2700199679
575 -0.2700199659
576 -0.2700199633
577 -0.2700199602
578 -0.2700199563
579 -0.2700199516
580 -0.2700199458
581 -0.2700199387
582 -0.27001993
583 -0.2700199194
584 -0.2700199064
585 -0.2700198906
586 -0.2700198714
587 -0.270019848
588 -0.2700198195
589 -0.270019785
590 -0.2700197431
591 -0.2700196924
592 -0.2700196309
593 -0.2700195567
594 -0.270019467
595 -0.2700193588
596 -0.2700192284
597 -0.2700190714
598 -0.2700188826
599 -0.2700186558
600 -0.2700183835
601 -0.2700180571
602 -0.2700176662
603 -0.2700171986
604 -0.2700166397
605 -0.2700159725
606 -0.2700151767
607 -0.2700142288
608 -0.2700131006
609 -0.2700117594
610 -0.2700101666
611 -0.270008277
612 -0.2700060378
613 -0.270003387
614 -0.2700002522
615 -0.269996549
616 -0.2699921791
617 -0.2699870277
618 -0.2699809615
619 -0.2699738258
620 -0.2699654407
621 -0.2699555981
622 -0.2699440567
623 -0.2699305377
624 -0.2699147192
625 -0.2698962294
626 -0.2698746404
627 -0.2698494594
628 -0.26982012
629 -0.2697859718
630 -0.2697462689
631 -0.2697001569
632 -0.2696466583
633 -0.2695846558
634 -0.2695128745
635 -0.2694298606
636 -0.2693339589
637 -0.2692232868
638 -0.2690957061
639 -0.2689487907
640 -0.2687797912
641 -0.2685855963
642 -0.2683626887
643 -0.2681070973
644 -0.2678143443
645 -0.2674793864
646 -0.2670965508
647 -0.2666594643
648 -0.2661609759
649 -0.2655930718
650 -0.2649467828
651 -0.2642120827
652 -0.2633777781
653 -0.2624313885
654 -0.261359016
655 -0.2601452041
656 -0.2587727851
657 -0.2572227155
658 -0.2554738981
659 -0.2535029916
660 -0.2512842053
661 -0.2487890803
662 -0.2459862544
663 -0.242841213
664 -0.2393160224
665 -0.2353690481
666 -0.2309546558
667 -0.2260228953
668 -0.2205191681
669 -0.2143838776
670 -0.2075520628
671 -0.1999530147
672 -0.1915098777
673 -0.1821392347
674 -0.1717506775
675 -0.1602463644
676 -0.1475205643
677 -0.1334591905
678 -0.1179393251
679 -0.1008287366
680 -0.08198539165
681 -0.06125696595
682 -0.03848035454
683 -0.01348118662
684 0.01392665238
685 0.04394148735
686 0.07677430457
687 0.1126491825
688 0.1518036977
689 0.1944893004
690 0.2409716541
691 0.2915309339
692 0.3464620762
693 0.4060749758
694 0.4706946201
695 0.5406611573
696 0.6163298895
697 0.6980711837
698 0.7862702947
699 0.8813270916
700 0.9836556814
701 1.093683922
702 1.211852821
703 1.338615804
704 1.474437866
705 1.619794574
706 1.775170937
707 1.94106013
708 2.117962066
709 2.306381823
710 2.506827904
711 2.719810354
712 2.945838715
713 3.185419826
714 3.43905547
715 3.707239874
716 3.990457059
717 4.28917806
718 4.603858003
719 4.934933074
720 5.282817366
721 5.64789963
722 6.030539949
723 6.431066329
724 6.849771253
725 7.286908189
726 7.74268809
727 8.217275904
728 8.710787106
729 9.223284296
730 9.754773865
731 10.30520277
732 10.87445545
733 11.46235088
734 12.06863982
735 12.69300228
736 13.33504525
737 13.99430063
738 14.67022352
739 15.36219082
740 16.06950014
741 16.7913691
742 17.52693505
743 18.27525514
744 19.03530687
745 19.80598909
746 20.5861234
747 21.37445606
748 22.16966041
749 22.97033971
750 23.77503049
751 24.58220639
752 25.3902825
753 26.19762007
754 27.00253184
755 27.80328761
756 28.59812046
757 29.38523315
758 30.16280502
759 30.92899925
760 31.6819703
761 32.41987179
762 33.14086449
763 33.84312458
764 34.524852
765 35.18427901
766 35.81967869
767 36.42937353
768 37.01174401
769 37.56523699
770 38.08837411
771 38.5797599
772 39.03808972
773 39.46215738
774 39.85086249
775 40.20321744
776 40.51835392
777 40.79552904
778 41.03413096
779 41.23368401
780 41.39385323
781 41.51444836
782 41.59542724
783 41.63689856
784 41.63912396
785 41.60251954
786 41.52765666
787 41.41526207
788 41.26621743
789 41.08155804
790 40.86247106
791 40.61029296
792 40.3265064
793 40.01273641
794 39.67074599
795 39.30243118
796 38.90981541
797 38.49504346
798 38.06037476
799 37.60817627
800 37.14091488
801 36.6611493
802 36.17152159
803 35.67474831
804 35.17361124
805 34.67094783
806 34.16964131
807 33.67261052
808 33.18279953
809 32.70316698
810 32.23667527
811 31.78627955
812 31.35491663
813 30.94549365
814 30.56087684
815 30.20388005
816 29.87725339
817 29.58367177
818 29.32572349
819 29.10589896
820 28.92657942
821 28.79002582
822 28.69836789
823 28.65359336
824 28.65753747
825 28.71187272
826 28.81809896
827 28.97753389
828 29.1913039
829 29.46033546
830 29.78534701
831 30.1668414
832 30.60509904
833 31.10017163
834 31.65187675
835 32.25979325
836 32.9232574
837 33.64136009
838 34.41294496
839 35.23660756
840 36.11069559
841 37.03331029
842 38.00230899
843 39.01530887
844 40.06969196
845 41.1626114
846 42.290999
847 43.45157406
848 44.64085348
849 45.85516319
850 47.09065077
851 48.34329936
852 49.60894271
853 50.88328141
854 52.16190014
855 53.44028598
856 54.71384758
857 55.97793522
858 57.2278615
859 58.45892275
860 59.66642082
861 60.84568528
862 61.99209585
863 63.10110491
864 64.16825988
865 65.18922549
866 66.15980561
867 67.07596458
868 67.93384789
869 68.72980202
870 69.46039332
871 70.12242583
872 70.71295779
873 71.22931689
874 71.66911391
875 72.03025493
876 72.31095179
877 72.50973072
878 72.62543934
879 72.65725157
880 72.60467079
881 72.46753097
882 72.24599589
883 71.94055644
884 71.55202595
885 71.08153372
886 70.53051671
887 69.90070944
888 69.19413232
889 68.41307829
890 67.56009817
891 66.63798447
892 65.64975421
893 64.59863048
894 63.48802317
895 62.32150898
896 61.10281067
897 59.83577593
898 58.52435598
899 57.17258396
900 55.78455334
901 54.36439651
902 52.91626367
903 51.44430218
904 49.95263646
905 48.44534866
906 46.92646008
907 45.39991361
908 43.86955711
909 42.33912801
910 40.81223897
911 39.29236487
912 37.78283111
913 36.28680316
914 34.80727753
915 33.34707408
916 31.9088297
917 30.49499334
918 29.10782236
919 27.7493802
920 26.42153529
921 25.12596119
922 23.86413783
923 22.63735391
924 21.44671025
925 20.29312412
926 19.17733439
927 18.09990754
928 17.06124426
929 16.06158675
930 15.1010265
931 14.17951253
932 13.29685997
933 12.45275894
934 11.64678361
935 10.87840138
936 10.1469821
937 9.451807325
938 8.792079409
939 8.16693051
940 7.575431388
941 7.016599957
942 6.489409547
943 5.992796856
944 5.525669529
945 5.086913367
946 4.67539912
947 4.289988866
948 3.929541946
949 3.592920465
950 3.278994342
951 2.986645907
952 2.714774068
953 2.462298031
954 2.228160601
955 2.011331067
956 1.810807687
957 1.625619797
958 1.454829553
959 1.29753333
960 1.152862803
961 1.01998572
962 0.8981064044
963 0.7864659943
964 0.6843424535
965 0.591050366
966 0.5059405422
967 0.4283994553
968 0.3578485288
969 0.293743295
970 0.2355724423
971 0.18285677
972 0.1351480673
973 0.09202793019
974 0.05310653382
975 0.01802137039
976 -0.01356403301
977 -0.04196140663
978 -0.06745903026
979 -0.09032301659
980 -0.1107985778
981 -0.129111269
982 -0.1454682019
983 -0.1600592248
984 -0.1730580643
985 -0.1846234247
986 -0.194900044
987 -0.2040197031
988 -0.2121021879
989 -0.2192562029
990 -0.2255802357
991 -0.2311633738
992 -0.2360860725
993 -0.2404208756
994 -0.2442330905
995 -0.247581417
996 -0.250518534
997 -0.2530916436
998 -0.2553429752
999 -0.2573102511
1000 -0.2590271166
1001 -0.2605235347
1002 -0.261826149
1003 -0.2629586156
1004 -0.2639419065
1005 -0.2647945869
1006 -0.2655330667
1007 -0.2661718291
1008 -0.2667236385
1009 -0.2671997274
1010 -0.2676099662
1011 -0.2679630157
1012 -0.2682664642
1013 -0.2685269507
1014 -0.2687502754
1015 -0.2689414983
1016 -0.2691050274
1017 -0.2692446972
1018 -0.2693638386
1019 -0.2694653409
1020 -0.2695517068
1021 -0.2696251012
1022 -0.2696873938
1023 -0.2697401975
