#54438 2910.0026195227345249 0.0045701672816773550312 1 1469 16.000049430220818044 1024 7 1 J1713+0747 0.0000000 
0 0.142165295
1 0.142165295
2 0.142165295
3 0.142165295
4 0.142165295
5 0.142165295
6 0.142165295
7 0.142165295
8 0.142165295
9 0.142165295
10 0.142165295
11 0.142165295
12 0.142165295
13 0.142165295
14 0.142165295
15 0.142165295
16 0.142165295
17 0.142165295
18 0.142165295
19 0.142165295
20 0.142165295
21 0.142165295
22 0.142165295
23 0.142165295
24 0.142165295
25 0.142165295
26 0.142165295
27 0.142165295
28 0.142165295
29 0.142165295
30 0.142165295
31 0.142165295
32 0.142165295
33 0.142165295
34 0.142165295
35 0.142165295
36 0.142165295
37 0.142165295
38 0.142165295
39 0.142165295
40 0.142165295
41 0.142165295
42 0.142165295
43 0.142165295
44 0.142165295
45 0.142165295
46 0.142165295
47 0.142165295
48 0.142165295
49 0.142165295
50 0.142165295
51 0.142165295
52 0.142165295
53 0.142165295
54 0.142165295
55 0.142165295
56 0.142165295
57 0.142165295
58 0.142165295
59 0.142165295
60 0.142165295
61 0.142165295
62 0.142165295
63 0.142165295
64 0.142165295
65 0.142165295
66 0.142165295
67 0.142165295
68 0.142165295
69 0.142165295
70 0.142165295
71 0.142165295
72 0.142165295
73 0.142165295
74 0.142165295
75 0.142165295
76 0.142165295
77 0.142165295
78 0.142165295
79 0.142165295
80 0.142165295
81 0.142165295
82 0.142165295
83 0.142165295
84 0.142165295
85 0.142165295
86 0.142165295
87 0.142165295
88 0.142165295
89 0.142165295
90 0.142165295
91 0.142165295
92 0.142165295
93 0.142165295
94 0.142165295
95 0.142165295
96 0.142165295
97 0.142165295
98 0.142165295
99 0.142165295
100 0.142165295
101 0.142165295
102 0.142165295
103 0.142165295
104 0.142165295
105 0.142165295
106 0.142165295
107 0.142165295
108 0.142165295
109 0.142165295
110 0.142165295
111 0.142165295
112 0.142165295
113 0.142165295
114 0.142165295
115 0.142165295
116 0.142165295
117 0.142165295
118 0.142165295
119 0.142165295
120 0.142165295
121 0.142165295
122 0.142165295
123 0.142165295
124 0.142165295
125 0.142165295
126 0.142165295
127 0.142165295
128 0.142165295
129 0.142165295
130 0.142165295
131 0.142165295
132 0.142165295
133 0.142165295
134 0.142165295
135 0.142165295
136 0.142165295
137 0.142165295
138 0.142165295
139 0.142165295
140 0.142165295
141 0.142165295
142 0.142165295
143 0.142165295
144 0.142165295
145 0.142165295
146 0.142165295
147 0.142165295
148 0.142165295
149 0.142165295
150 0.142165295
151 0.142165295
152 0.142165295
153 0.142165295
154 0.142165295
155 0.142165295
156 0.142165295
157 0.142165295
158 0.142165295
159 0.142165295
160 0.142165295
161 0.1421652951
162 0.1421652951
163 0.1421652951
164 0.1421652952
165 0.1421652952
166 0.1421652953
167 0.1421652954
168 0.1421652955
169 0.1421652956
170 0.1421652958
171 0.142165296
172 0.1421652963
173 0.1421652966
174 0.142165297
175 0.1421652975
176 0.1421652982
177 0.1421652989
178 0.1421652999
179 0.1421653011
180 0.1421653026
181 0.1421653044
182 0.1421653066
183 0.1421653094
184 0.1421653127
185 0.1421653169
186 0.142165322
187 0.1421653282
188 0.1421653359
189 0.1421653452
190 0.1421653566
191 0.1421653705
192 0.1421653875
193 0.1421654081
194 0.1421654332
195 0.1421654637
196 0.1421655007
197 0.1421655456
198 0.1421656
199 0.1421656658
200 0.1421657453
201 0.1421658413
202 0.1421659571
203 0.1421660966
204 0.1421662645
205 0.1421664664
206 0.1421667089
207 0.1421669998
208 0.1421673485
209 0.142167766
210 0.1421682654
211 0.142168862
212 0.142169574
213 0.1421704229
214 0.1421714339
215 0.1421726368
216 0.1421740664
217 0.1421757636
218 0.1421777765
219 0.1421801612
220 0.1421829834
221 0.1421863199
222 0.1421902602
223 0.1421949087
224 0.1422003868
225 0.1422068358
226 0.1422144196
227 0.1422233287
228 0.1422337834
229 0.1422460389
230 0.1422603901
231 0.1422771777
232 0.1422967943
233 0.1423196923
234 0.1423463924
235 0.1423774927
236 0.1424136797
237 0.1424557409
238 0.1425045775
239 0.1425612206
240 0.1426268481
241 0.142702804
242 0.14279062
243 0.1428920396
244 0.1430090449
245 0.1431438869
246 0.1432991185
247 0.1434776315
248 0.1436826981
249 0.1439180155
250 0.1441877567
251 0.1444966258
252 0.1448499189
253 0.1452535913
254 0.1457143311
255 0.1462396403
256 0.1468379229
257 0.1475185818
258 0.1482921243
259 0.1491702767
260 0.1501661092
261 0.1512941711
262 0.1525706378
263 0.1540134691
264 0.1556425801
265 0.1574800255
266 0.1595501972
267 0.161880037
268 0.1644992635
269 0.1674406144
270 0.1707401055
271 0.1744373052
272 0.1785756262
273 0.1832026343
274 0.1883703736
275 0.19413571
276 0.2005606912
277 0.207712924
278 0.2156659684
279 0.2244997474
280 0.2343009735
281 0.2451635883
282 0.2571892169
283 0.2704876341
284 0.2851772411
285 0.3013855514
286 0.3192496828
287 0.3389168544
288 0.3605448843
289 0.3843026867
290 0.4103707632
291 0.4389416862
292 0.4702205691
293 0.5044255197
294 0.541788072
295 0.5825535906
296 0.6269816433
297 0.6753463351
298 0.727936599
299 0.7850564356
300 0.8470250963
301 0.9141772027
302 0.9868627948
303 1.065447303
304 1.150311431
305 1.241850955
306 1.340476411
307 1.446612687
308 1.560698493
309 1.683185719
310 1.814538652
311 1.95523308
312 2.105755234
313 2.266600606
314 2.438272605
315 2.621281067
316 2.816140605
317 3.023368811
318 3.243484284
319 3.477004513
320 3.724443602
321 3.986309826
322 4.263103058
323 4.55531203
324 4.863411468
325 5.187859094
326 5.5290925
327 5.887525924
328 6.263546919
329 6.657512946
330 7.0697479
331 7.500538588
332 7.950131178
333 8.418727638
334 8.906482196
335 9.413497827
336 9.939822809
337 10.48544737
338 11.05030043
339 11.63424652
340 12.23708283
341 12.85853647
342 13.49826196
343 14.15583897
344 14.83077035
345 15.52248044
346 16.23031371
347 16.95353381
348 17.69132297
349 18.44278175
350 19.20692932
351 19.98270411
352 20.7689649
353 21.56449244
354 22.36799154
355 23.17809359
356 23.99335962
357 24.81228387
358 25.63329778
359 26.45477455
360 27.27503408
361 28.09234846
362 28.90494785
363 29.71102678
364 30.50875088
365 31.29626396
366 32.07169543
367 32.83316805
368 33.57880588
369 34.30674257
370 35.01512976
371 35.7021456
372 36.36600349
373 37.00496071
374 37.61732719
375 38.20147414
376 38.75584266
377 39.27895212
378 39.76940841
379 40.22591191
380 40.64726519
381 41.03238038
382 41.38028609
383 41.69013399
384 41.96120488
385 42.19291427
386 42.38481743
387 42.53661386
388 42.64815117
389 42.71942835
390 42.75059842
391 42.74197039
392 42.69401056
393 42.60734321
394 42.4827505
395 42.3211718
396 42.12370224
397 41.8915907
398 41.62623704
399 41.32918874
400 41.00213684
401 40.64691134
402 40.26547598
403 39.85992235
404 39.43246361
405 38.98542753
406 38.52124914
407 38.04246282
408 37.55169397
409 37.05165032
410 36.54511276
411 36.03492587
412 35.52398807
413 35.01524152
414 34.51166173
415 34.01624687
416 33.53200694
417 33.06195271
418 32.60908448
419 32.17638076
420 31.76678676
421 31.38320292
422 31.02847324
423 30.70537373
424 30.41660074
425 30.16475944
426 29.95235231
427 29.78176772
428 29.65526869
429 29.57498179
430 29.54288629
431 29.56080354
432 29.63038663
433 29.75311044
434 29.93026208
435 30.16293171
436 30.45200392
437 30.79814963
438 31.20181862
439 31.6632327
440 32.18237958
441 32.7590076
442 33.3926212
443 34.08247735
444 34.82758293
445 35.62669314
446 36.47831087
447 37.38068735
448 38.33182384
449 39.32947453
450 40.37115078
451 41.45412646
452 42.57544477
453 43.7319262
454 44.9201779
455 46.13660432
456 47.37741914
457 48.63865851
458 49.91619549
459 51.20575566
460 52.50293396
461 53.8032125
462 55.10197942
463 56.39454866
464 57.67618053
465 58.94210294
466 60.18753331
467 61.40770082
468 62.59786913
469 63.7533591
470 64.86957177
471 65.94201102
472 66.96630615
473 67.9382339
474 68.85374002
475 69.70896004
476 70.50023921
477 71.22415139
478 71.87751682
479 72.45741858
480 72.96121762
481 73.38656629
482 73.73142024
483 73.99404853
484 74.17304202
485 74.26731982
486 74.27613389
487 74.19907161
488 74.03605644
489 73.78734658
490 73.45353165
491 73.03552747
492 72.53456895
493 71.95220111
494 71.2902684
495 70.55090234
496 69.73650755
497 68.84974643
498 67.89352243
499 66.87096217
500 65.78539649
501 64.64034064
502 63.43947368
503 62.18661732
504 60.88571433
505 59.54080672
506 58.1560137
507 56.73550986
508 55.2835034
509 53.80421483
510 52.30185606
511 50.78061023
512 49.24461224
513 47.69793012
514 46.14454741
515 44.58834666
516 43.033094
517 41.48242497
518 39.93983164
519 38.40865105
520 36.89205499
521 35.39304122
522 33.91442598
523 32.45883798
524 31.02871371
525 29.62629413
526 28.25362258
527 26.9125441
528 25.60470585
529 24.33155869
530 23.09435991
531 21.8941769
532 20.73189184
533 19.6082071
534 18.5236516
535 17.47858767
536 16.47321865
537 15.50759694
538 14.58163243
539 13.69510137
540 12.84765542
541 12.03883093
542 11.26805826
543 10.53467122
544 9.837916364
545 9.176962282
546 8.550908678
547 7.958795246
548 7.399610297
549 6.872299069
550 6.375771713
551 5.908910896
552 5.470579015
553 5.059624994
554 4.674890638
555 4.315216555
556 3.979447614
557 3.666437958
558 3.375055557
559 3.104186316
560 2.85273774
561 2.619642172
562 2.403859612
563 2.20438014
564 2.02022595
565 1.85045303
566 1.694152486
567 1.550451558
568 1.418514326
569 1.297542146
570 1.186773828
571 1.08548558
572 0.9929907507
573 0.908639375
574 0.8318175592
575 0.7619467188
576 0.6984826893
577 0.640914731
578 0.5887644429
579 0.5415846044
580 0.498957959
581 0.4604959548
582 0.425837455
583 0.3946474303
584 0.3666156445
585 0.3414553421
586 0.3189019479
587 0.2987117848
588 0.2806608177
589 0.2645434286
590 0.250171227
591 0.237371901
592 0.2259881116
593 0.2158764315
594 0.2069063326
595 0.1989592216
596 0.1919275241
597 0.1857138198
598 0.1802300256
599 0.1753966282
600 0.1711419639
601 0.1674015463
602 0.1641174378
603 0.161237666
604 0.1587156816
605 0.156509857
606 0.1545830226
607 0.1529020405
608 0.1514374114
609 0.1501629154
610 0.1490552817
611 0.1480938885
612 0.1472604882
613 0.1465389581
614 0.1459150741
615 0.1453763056
616 0.1449116298
617 0.1445113647
618 0.1441670183
619 0.1438711529
620 0.143617264
621 0.1433996712
622 0.1432134208
623 0.1430541993
624 0.1429182556
625 0.1428023328
626 0.1427036067
627 0.1426196321
628 0.1425482945
629 0.1424877684
630 0.1424364798
631 0.1423930733
632 0.1423563838
633 0.1423254106
634 0.1422992959
635 0.1422773052
636 0.1422588104
637 0.1422432752
638 0.1422302423
639 0.1422193224
640 0.1422101842
641 0.1422025467
642 0.1421961713
643 0.1421908562
644 0.1421864305
645 0.1421827499
646 0.1421796929
647 0.142177157
648 0.1421750559
649 0.1421733173
650 0.1421718804
651 0.1421706944
652 0.1421697166
653 0.1421689115
654 0.1421682495
655 0.1421677057
656 0.1421672596
657 0.1421668942
658 0.1421665951
659 0.1421663507
660 0.1421661512
661 0.1421659886
662 0.1421658561
663 0.1421657485
664 0.142165661
665 0.14216559
666 0.1421655326
667 0.142165486
668 0.1421654484
669 0.1421654181
670 0.1421653936
671 0.1421653739
672 0.1421653581
673 0.1421653454
674 0.1421653351
675 0.142165327
676 0.1421653204
677 0.1421653152
678 0.142165311
679 0.1421653077
680 0.142165305
681 0.1421653029
682 0.1421653012
683 0.1421652999
684 0.1421652989
685 0.142165298
686 0.1421652974
687 0.1421652968
688 0.1421652964
689 0.1421652961
690 0.1421652959
691 0.1421652957
692 0.1421652955
693 0.1421652954
694 0.1421652953
695 0.1421652952
696 0.1421652952
697 0.1421652951
698 0.1421652951
699 0.142165295
700 0.142165295
701 0.142165295
702 0.142165295
703 0.142165295
704 0.142165295
705 0.142165295
706 0.142165295
707 0.142165295
708 0.142165295
709 0.142165295
710 0.142165295
711 0.142165295
712 0.142165295
713 0.142165295
714 0.142165295
715 0.142165295
716 0.142165295
717 0.142165295
718 0.142165295
719 0.142165295
720 0.142165295
721 0.142165295
722 0.142165295
723 0.142165295
724 0.142165295
725 0.142165295
726 0.142165295
727 0.142165295
728 0.142165295
729 0.142165295
730 0.142165295
731 0.142165295
732 0.142165295
733 0.142165295
734 0.142165295
735 0.142165295
736 0.142165295
737 0.142165295
738 0.142165295
739 0.142165295
740 0.142165295
741 0.142165295
742 0.142165295
743 0.142165295
744 0.142165295
745 0.142165295
746 0.142165295
747 0.142165295
748 0.142165295
749 0.142165295
750 0.142165295
751 0.142165295
752 0.142165295
753 0.142165295
754 0.142165295
755 0.142165295
756 0.142165295
757 0.142165295
758 0.142165295
759 0.142165295
760 0.142165295
761 0.142165295
762 0.142165295
763 0.142165295
764 0.142165295
765 0.142165295
766 0.142165295
767 0.142165295
768 0.142165295
769 0.142165295
770 0.142165295
771 0.142165295
772 0.142165295
773 0.142165295
774 0.142165295
775 0.142165295
776 0.142165295
777 0.142165295
778 0.142165295
779 0.142165295
780 0.142165295
781 0.142165295
782 0.142165295
783 0.142165295
784 0.142165295
785 0.142165295
786 0.142165295
787 0.142165295
788 0.142165295
789 0.142165295
790 0.142165295
791 0.142165295
792 0.142165295
793 0.142165295
794 0.142165295
795 0.142165295
796 0.142165295
797 0.142165295
798 0.142165295
799 0.142165295
800 0.142165295
801 0.142165295
802 0.142165295
803 0.142165295
804 0.142165295
805 0.142165295
806 0.142165295
807 0.142165295
808 0.142165295
809 0.142165295
810 0.142165295
811 0.142165295
812 0.142165295
813 0.142165295
814 0.142165295
815 0.142165295
816 0.142165295
817 0.142165295
818 0.142165295
819 0.142165295
820 0.142165295
821 0.142165295
822 0.142165295
823 0.142165295
824 0.142165295
825 0.142165295
826 0.142165295
827 0.142165295
828 0.142165295
829 0.142165295
830 0.142165295
831 0.142165295
832 0.142165295
833 0.142165295
834 0.142165295
835 0.142165295
836 0.142165295
837 0.142165295
838 0.142165295
839 0.142165295
840 0.142165295
841 0.142165295
842 0.142165295
843 0.142165295
844 0.142165295
845 0.142165295
846 0.142165295
847 0.142165295
848 0.142165295
849 0.142165295
850 0.142165295
851 0.142165295
852 0.142165295
853 0.142165295
854 0.142165295
855 0.142165295
856 0.142165295
857 0.142165295
858 0.142165295
859 0.142165295
860 0.142165295
861 0.142165295
862 0.142165295
863 0.142165295
864 0.142165295
865 0.142165295
866 0.142165295
867 0.142165295
868 0.142165295
869 0.142165295
870 0.142165295
871 0.142165295
872 0.142165295
873 0.142165295
874 0.142165295
875 0.142165295
876 0.142165295
877 0.142165295
878 0.142165295
879 0.142165295
880 0.142165295
881 0.142165295
882 0.142165295
883 0.142165295
884 0.142165295
885 0.142165295
886 0.142165295
887 0.142165295
888 0.142165295
889 0.142165295
890 0.142165295
891 0.142165295
892 0.142165295
893 0.142165295
894 0.142165295
895 0.142165295
896 0.142165295
897 0.142165295
898 0.142165295
899 0.142165295
900 0.142165295
901 0.142165295
902 0.142165295
903 0.142165295
904 0.142165295
905 0.142165295
906 0.142165295
907 0.142165295
908 0.142165295
909 0.142165295
910 0.142165295
911 0.142165295
912 0.142165295
913 0.142165295
914 0.142165295
915 0.142165295
916 0.142165295
917 0.142165295
918 0.142165295
919 0.142165295
920 0.142165295
921 0.142165295
922 0.142165295
923 0.142165295
924 0.142165295
925 0.142165295
926 0.142165295
927 0.142165295
928 0.142165295
929 0.142165295
930 0.142165295
931 0.142165295
932 0.142165295
933 0.142165295
934 0.142165295
935 0.142165295
936 0.142165295
937 0.142165295
938 0.142165295
939 0.142165295
940 0.142165295
941 0.142165295
942 0.142165295
943 0.142165295
944 0.142165295
945 0.142165295
946 0.142165295
947 0.142165295
948 0.142165295
949 0.142165295
950 0.142165295
951 0.142165295
952 0.142165295
953 0.142165295
954 0.142165295
955 0.142165295
956 0.142165295
957 0.142165295
958 0.142165295
959 0.142165295
960 0.142165295
961 0.142165295
962 0.142165295
963 0.142165295
964 0.142165295
965 0.142165295
966 0.142165295
967 0.142165295
968 0.142165295
969 0.142165295
970 0.142165295
971 0.142165295
972 0.142165295
973 0.142165295
974 0.142165295
975 0.142165295
976 0.142165295
977 0.142165295
978 0.142165295
979 0.142165295
980 0.142165295
981 0.142165295
982 0.142165295
983 0.142165295
984 0.142165295
985 0.142165295
986 0.142165295
987 0.142165295
988 0.142165295
989 0.142165295
990 0.142165295
991 0.142165295
992 0.142165295
993 0.142165295
994 0.142165295
995 0.142165295
996 0.142165295
997 0.142165295
998 0.142165295
999 0.142165295
1000 0.142165295
1001 0.142165295
1002 0.142165295
1003 0.142165295
1004 0.142165295
1005 0.142165295
1006 0.142165295
1007 0.142165295
1008 0.142165295
1009 0.142165295
1010 0.142165295
1011 0.142165295
1012 0.142165295
1013 0.142165295
1014 0.142165295
1015 0.142165295
1016 0.142165295
1017 0.142165295
1018 0.142165295
1019 0.142165295
1020 0.142165295
1021 0.142165295
1022 0.142165295
1023 0.142165295
