#54504 2910.0042726254474388 0.0045697929505388841867 1 1421 16.000049430220818044 1024 7 1 J1713+0747 0.0000000 
0 0.009929457986
1 0.009945244178
2 0.009963702493
3 0.009985262329
4 0.01001041808
5 0.01003973832
6 0.01007387614
7 0.01011358083
8 0.01015971105
9 0.01021324958
10 0.01027531998
11 0.01034720517
12 0.01043036833
13 0.01052647616
14 0.01063742498
15 0.0107653697
16 0.01091275614
17 0.01108235696
18 0.01127731146
19 0.01150116978
20 0.0117579417
21 0.01205215064
22 0.01238889311
23 0.01277390425
24 0.01321362987
25 0.01371530544
26 0.01428704273
27 0.01493792447
28 0.01567810786
29 0.0165189372
30 0.01747306667
31 0.01855459347
32 0.01977920233
33 0.02116432183
34 0.02272929323
35 0.02449555254
36 0.02648682635
37 0.02872934222
38 0.03125205395
39 0.03408688271
40 0.03726897414
41 0.04083697222
42 0.0448333101
43 0.04930451842
44 0.05430155121
45 0.05988012964
46 0.06610110357
47 0.07303083084
48 0.08074157413
49 0.08931191479
50 0.0988271833
51 0.1093799054
52 0.1210702629
53 0.1340065681
54 0.1483057501
55 0.1640938517
56 0.1815065342
57 0.2006895879
58 0.2217994473
59 0.2450037046
60 0.2704816221
61 0.298424637
62 0.329036856
63 0.3625355353
64 0.3991515403
65 0.4391297819
66 0.4827296216
67 0.5302252418
68 0.5819059737
69 0.6380765779
70 0.6990574697
71 0.7651848828
72 0.8368109648
73 0.9143037962
74 0.9980473265
75 1.088441219
76 1.185900598
77 1.290855688
78 1.403751345
79 1.525046459
80 1.655213238
81 1.79473635
82 1.944111933
83 2.103846452
84 2.274455408
85 2.456461893
86 2.650394984
87 2.856787977
88 3.076176455
89 3.309096197
90 3.556080917
91 3.817659849
92 4.094355165
93 4.386679247
94 4.695131807
95 5.020196866
96 5.362339603
97 5.722003085
98 6.099604886
99 6.495533615
100 6.910145361
101 7.343760088
102 7.79665797
103 8.269075726
104 8.761202935
105 9.273178393
106 9.805086507
107 10.35695376
108 10.92874531
109 11.52036164
110 12.13163549
111 12.76232881
112 13.41213012
113 14.08065192
114 14.76742852
115 15.47191411
116 16.19348114
117 16.93141907
118 17.68493356
119 18.45314595
120 19.23509325
121 20.02972857
122 20.83592195
123 21.65246173
124 22.47805641
125 23.31133698
126 24.15085972
127 24.99510964
128 25.84250428
129 26.69139808
130 27.54008727
131 28.3868152
132 29.22977815
133 30.06713161
134 30.89699696
135 31.71746857
136 32.52662128
137 33.32251815
138 34.10321863
139 34.8667869
140 35.61130045
141 36.33485884
142 37.03559263
143 37.71167232
144 38.36131738
145 38.98280522
146 39.57448016
147 40.13476217
148 40.66215555
149 41.15525732
150 41.61276533
151 42.03348613
152 42.41634236
153 42.76037982
154 43.06477404
155 43.32883633
156 43.5520194
157 43.73392226
158 43.87429467
159 43.97304087
160 44.03022273
161 44.04606217
162 44.02094294
163 43.95541174
164 43.85017856
165 43.70611634
166 43.52426004
167 43.30580481
168 43.05210366
169 42.76466432
170 42.4451455
171 42.09535248
172 41.71723207
173 41.31286694
174 40.88446941
175 40.43437463
176 39.96503323
177 39.47900353
178 38.97894313
179 38.46760023
180 37.94780436
181 37.42245682
182 36.89452075
183 36.36701082
184 35.84298266
185 35.32552202
186 34.81773366
187 34.32273003
188 33.84361979
189 33.38349617
190 32.94542514
191 32.5324336
192 32.14749734
193 31.79352913
194 31.47336667
195 31.18976059
196 30.94536258
197 30.74271348
198 30.58423157
199 30.47220101
200 30.40876048
201 30.39589202
202 30.43541016
203 30.52895147
204 30.67796432
205 30.8836992
206 31.14719949
207 31.4692927
208 31.85058238
209 32.29144064
210 32.7920014
211 33.35215437
212 33.9715399
213 34.64954472
214 35.38529859
215 36.17767203
216 37.02527506
217 37.92645708
218 38.87930795
219 39.88166021
220 40.93109267
221 42.0249352
222 43.16027488
223 44.33396347
224 45.54262627
225 46.7826723
226 48.05030582
227 49.34153924
228 50.65220723
229 51.97798217
230 53.31439084
231 54.65683212
232 56.00059596
233 57.34088317
234 58.67282622
235 59.99151078
236 61.29199798
237 62.56934717
238 63.81863913
239 65.03499961
240 66.21362289
241 67.34979543
242 68.43891928
243 69.47653519
244 70.45834526
245 71.38023482
246 72.23829365
247 73.02883616
248 73.74842048
249 74.39386624
250 74.96227111
251 75.45102565
252 75.85782668
253 76.18068881
254 76.41795425
255 76.56830065
256 76.63074704
257 76.60465773
258 76.4897442
259 76.28606495
260 75.9940233
261 75.61436319
262 75.14816299
263 74.59682739
264 73.96207739
265 73.24593857
266 72.45072766
267 71.57903753
268 70.63372071
269 69.6178717
270 68.53480797
271 67.38805001
272 66.18130053
273 64.91842294
274 63.60341924
275 62.24040763
276 60.8335998
277 59.38727831
278 57.90577394
279 56.39344345
280 54.85464765
281 53.29373012
282 51.71499661
283 50.12269526
284 48.52099774
285 46.91398152
286 45.30561318
287 43.69973305
288 42.10004104
289 40.51008387
290 38.9332437
291 37.37272812
292 35.83156161
293 34.31257843
294 32.81841694
295 31.35151531
296 29.91410864
297 28.50822734
298 27.13569692
299 25.79813888
300 24.49697286
301 23.23341981
302 22.00850627
303 20.82306943
304 19.67776322
305 18.57306503
306 17.50928313
307 16.48656472
308 15.50490442
309 14.56415317
310 13.66402749
311 12.80411891
312 11.98390362
313 11.20275215
314 10.45993904
315 9.754652512
316 9.086003948
317 8.453037208
318 7.854737709
319 7.29004121
320 6.75784228
321 6.25700239
322 5.786357616
323 5.34472593
324 4.930914036
325 4.543723771
326 4.181958027
327 3.844426213
328 3.529949246
329 3.237364075
330 2.965527739
331 2.713320982
332 2.479651427
333 2.263456319
334 2.063704873
335 1.879400225
336 1.70958102
337 1.553322655
338 1.409738192
339 1.277978981
340 1.157234999
341 1.046734933
342 0.9457460425
343 0.8535738032
344 0.7695613745
345 0.6930888983
346 0.6235726575
347 0.5604641114
348 0.5032488274
349 0.4514453273
350 0.4046038645
351 0.3623051474
352 0.3241590239
353 0.28980314
354 0.2589015843
355 0.2311435292
356 0.2062418787
357 0.1839319307
358 0.1639700621
359 0.1461324428
360 0.1302137832
361 0.1160261221
362 0.1033976557
363 0.09217161321
364 0.0822051802
365 0.07336847136
366 0.06554355391
367 0.0586235221
368 0.05251162283
369 0.04712043203
370 0.04237108109
371 0.03819253229
372 0.03452090195
373 0.03129882985
374 0.02847489315
375 0.02600306307
376 0.02384220245
377 0.02195560211
378 0.02031055407
379 0.01887795958
380 0.0176319698
381 0.01654965735
382 0.0156107164
383 0.01479718973
384 0.01409322056
385 0.01348482749
386 0.01295970085
387 0.01250701862
388 0.01211728055
389 0.01178215881
390 0.01149436386
391 0.01124752425
392 0.01103607894
393 0.01085518121
394 0.01070061291
395 0.0105687082
396 0.01045628575
397 0.0103605886
398 0.01027923092
399 0.01021015099
400 0.01015156962
401 0.01010195365
402 0.01005998372
403 0.01002452605
404 0.009994607726
405 0.009969394984
406 0.009948174332
407 0.009930336028
408 0.00991535972
409 0.009902801946
410 0.009892285295
411 0.009883489008
412 0.009876140845
413 0.009870010064
414 0.009864901361
415 0.009860649652
416 0.009857115584
417 0.009854181688
418 0.009851749073
419 0.009849734603
420 0.009848068478
421 0.009846692177
422 0.009845556697
423 0.009844621066
424 0.009843851068
425 0.009843218167
426 0.0098426986
427 0.009842272602
428 0.009841923755
429 0.009841638441
430 0.009841405379
431 0.009841215235
432 0.009841060299
433 0.009840934207
434 0.009840831717
435 0.009840748514
436 0.009840681053
437 0.009840626422
438 0.009840582236
439 0.009840546543
440 0.009840517746
441 0.00984049454
442 0.009840475865
443 0.009840460853
444 0.009840448801
445 0.009840439137
446 0.009840431398
447 0.009840425208
448 0.009840420263
449 0.009840416317
450 0.009840413173
451 0.009840410671
452 0.009840408681
453 0.009840407102
454 0.009840405849
455 0.009840404857
456 0.009840404073
457 0.009840403453
458 0.009840402964
459 0.009840402578
460 0.009840402275
461 0.009840402036
462 0.009840401849
463 0.009840401702
464 0.009840401587
465 0.009840401497
466 0.009840401427
467 0.009840401372
468 0.009840401329
469 0.009840401296
470 0.00984040127
471 0.00984040125
472 0.009840401234
473 0.009840401222
474 0.009840401213
475 0.009840401205
476 0.0098404012
477 0.009840401196
478 0.009840401192
479 0.00984040119
480 0.009840401188
481 0.009840401186
482 0.009840401185
483 0.009840401184
484 0.009840401183
485 0.009840401183
486 0.009840401183
487 0.009840401182
488 0.009840401182
489 0.009840401182
490 0.009840401182
491 0.009840401182
492 0.009840401182
493 0.009840401182
494 0.009840401181
495 0.009840401181
496 0.009840401181
497 0.009840401181
498 0.009840401181
499 0.009840401181
500 0.009840401181
501 0.009840401181
502 0.009840401181
503 0.009840401181
504 0.009840401181
505 0.009840401181
506 0.009840401181
507 0.009840401181
508 0.009840401181
509 0.009840401181
510 0.009840401181
511 0.009840401181
512 0.009840401181
513 0.009840401181
514 0.009840401181
515 0.009840401181
516 0.009840401181
517 0.009840401181
518 0.009840401181
519 0.009840401181
520 0.009840401181
521 0.009840401181
522 0.009840401181
523 0.009840401181
524 0.009840401181
525 0.009840401181
526 0.009840401181
527 0.009840401181
528 0.009840401181
529 0.009840401181
530 0.009840401181
531 0.009840401181
532 0.009840401181
533 0.009840401181
534 0.009840401181
535 0.009840401181
536 0.009840401181
537 0.009840401181
538 0.009840401181
539 0.009840401181
540 0.009840401181
541 0.009840401181
542 0.009840401181
543 0.009840401181
544 0.009840401181
545 0.009840401181
546 0.009840401181
547 0.009840401181
548 0.009840401181
549 0.009840401181
550 0.009840401181
551 0.009840401181
552 0.009840401181
553 0.009840401181
554 0.009840401181
555 0.009840401181
556 0.009840401181
557 0.009840401181
558 0.009840401181
559 0.009840401181
560 0.009840401181
561 0.009840401181
562 0.009840401181
563 0.009840401181
564 0.009840401181
565 0.009840401181
566 0.009840401181
567 0.009840401181
568 0.009840401181
569 0.009840401181
570 0.009840401181
571 0.009840401181
572 0.009840401181
573 0.009840401181
574 0.009840401181
575 0.009840401181
576 0.009840401181
577 0.009840401181
578 0.009840401181
579 0.009840401181
580 0.009840401181
581 0.009840401181
582 0.009840401181
583 0.009840401181
584 0.009840401181
585 0.009840401181
586 0.009840401181
587 0.009840401181
588 0.009840401181
589 0.009840401181
590 0.009840401181
591 0.009840401181
592 0.009840401181
593 0.009840401181
594 0.009840401181
595 0.009840401181
596 0.009840401181
597 0.009840401181
598 0.009840401181
599 0.009840401181
600 0.009840401181
601 0.009840401181
602 0.009840401181
603 0.009840401181
604 0.009840401181
605 0.009840401181
606 0.009840401181
607 0.009840401181
608 0.009840401181
609 0.009840401181
610 0.009840401181
611 0.009840401181
612 0.009840401181
613 0.009840401181
614 0.009840401181
615 0.009840401181
616 0.009840401181
617 0.009840401181
618 0.009840401181
619 0.009840401181
620 0.009840401181
621 0.009840401181
622 0.009840401181
623 0.009840401181
624 0.009840401181
625 0.009840401181
626 0.009840401181
627 0.009840401181
628 0.009840401181
629 0.009840401181
630 0.009840401181
631 0.009840401181
632 0.009840401181
633 0.009840401181
634 0.009840401181
635 0.009840401181
636 0.009840401181
637 0.009840401181
638 0.009840401181
639 0.009840401181
640 0.009840401181
641 0.009840401181
642 0.009840401181
643 0.009840401181
644 0.009840401181
645 0.009840401181
646 0.009840401181
647 0.009840401181
648 0.009840401181
649 0.009840401181
650 0.009840401181
651 0.009840401181
652 0.009840401181
653 0.009840401181
654 0.009840401181
655 0.009840401181
656 0.009840401181
657 0.009840401181
658 0.009840401181
659 0.009840401181
660 0.009840401181
661 0.009840401181
662 0.009840401181
663 0.009840401181
664 0.009840401181
665 0.009840401181
666 0.009840401181
667 0.009840401181
668 0.009840401181
669 0.009840401181
670 0.009840401181
671 0.009840401181
672 0.009840401181
673 0.009840401181
674 0.009840401181
675 0.009840401181
676 0.009840401181
677 0.009840401181
678 0.009840401181
679 0.009840401181
680 0.009840401181
681 0.009840401181
682 0.009840401181
683 0.009840401181
684 0.009840401181
685 0.009840401181
686 0.009840401181
687 0.009840401181
688 0.009840401181
689 0.009840401181
690 0.009840401181
691 0.009840401181
692 0.009840401181
693 0.009840401181
694 0.009840401181
695 0.009840401181
696 0.009840401181
697 0.009840401181
698 0.009840401181
699 0.009840401181
700 0.009840401181
701 0.009840401181
702 0.009840401181
703 0.009840401181
704 0.009840401181
705 0.009840401181
706 0.009840401181
707 0.009840401181
708 0.009840401181
709 0.009840401181
710 0.009840401181
711 0.009840401181
712 0.009840401181
713 0.009840401181
714 0.009840401181
715 0.009840401181
716 0.009840401181
717 0.009840401181
718 0.009840401181
719 0.009840401181
720 0.009840401181
721 0.009840401181
722 0.009840401181
723 0.009840401181
724 0.009840401181
725 0.009840401181
726 0.009840401181
727 0.009840401181
728 0.009840401181
729 0.009840401181
730 0.009840401181
731 0.009840401181
732 0.009840401181
733 0.009840401181
734 0.009840401181
735 0.009840401181
736 0.009840401181
737 0.009840401181
738 0.009840401181
739 0.009840401181
740 0.009840401181
741 0.009840401181
742 0.009840401181
743 0.009840401181
744 0.009840401181
745 0.009840401181
746 0.009840401181
747 0.009840401181
748 0.009840401181
749 0.009840401181
750 0.009840401181
751 0.009840401181
752 0.009840401181
753 0.009840401181
754 0.009840401181
755 0.009840401181
756 0.009840401181
757 0.009840401181
758 0.009840401181
759 0.009840401181
760 0.009840401181
761 0.009840401181
762 0.009840401181
763 0.009840401181
764 0.009840401181
765 0.009840401181
766 0.009840401181
767 0.009840401181
768 0.009840401181
769 0.009840401181
770 0.009840401181
771 0.009840401181
772 0.009840401181
773 0.009840401181
774 0.009840401181
775 0.009840401181
776 0.009840401181
777 0.009840401181
778 0.009840401181
779 0.009840401181
780 0.009840401181
781 0.009840401181
782 0.009840401181
783 0.009840401181
784 0.009840401181
785 0.009840401181
786 0.009840401181
787 0.009840401181
788 0.009840401181
789 0.009840401181
790 0.009840401181
791 0.009840401181
792 0.009840401181
793 0.009840401181
794 0.009840401181
795 0.009840401181
796 0.009840401181
797 0.009840401181
798 0.009840401181
799 0.009840401181
800 0.009840401181
801 0.009840401181
802 0.009840401181
803 0.009840401181
804 0.009840401181
805 0.009840401181
806 0.009840401181
807 0.009840401181
808 0.009840401181
809 0.009840401181
810 0.009840401181
811 0.009840401181
812 0.009840401181
813 0.009840401181
814 0.009840401181
815 0.009840401181
816 0.009840401181
817 0.009840401181
818 0.009840401181
819 0.009840401181
820 0.009840401181
821 0.009840401181
822 0.009840401181
823 0.009840401181
824 0.009840401181
825 0.009840401181
826 0.009840401181
827 0.009840401181
828 0.009840401181
829 0.009840401181
830 0.009840401181
831 0.009840401181
832 0.009840401181
833 0.009840401181
834 0.009840401181
835 0.009840401181
836 0.009840401181
837 0.009840401181
838 0.009840401181
839 0.009840401181
840 0.009840401181
841 0.009840401181
842 0.009840401181
843 0.009840401181
844 0.009840401181
845 0.009840401181
846 0.009840401181
847 0.009840401181
848 0.009840401181
849 0.009840401181
850 0.009840401181
851 0.009840401181
852 0.009840401181
853 0.009840401181
854 0.009840401181
855 0.009840401181
856 0.009840401181
857 0.009840401181
858 0.009840401181
859 0.009840401181
860 0.009840401181
861 0.009840401181
862 0.009840401181
863 0.009840401181
864 0.009840401181
865 0.009840401181
866 0.009840401181
867 0.009840401181
868 0.009840401181
869 0.009840401181
870 0.009840401181
871 0.009840401181
872 0.009840401181
873 0.009840401181
874 0.009840401181
875 0.009840401181
876 0.009840401181
877 0.009840401181
878 0.009840401181
879 0.009840401181
880 0.009840401181
881 0.009840401181
882 0.009840401181
883 0.009840401181
884 0.009840401181
885 0.009840401181
886 0.009840401181
887 0.009840401181
888 0.009840401181
889 0.009840401181
890 0.009840401181
891 0.009840401181
892 0.009840401181
893 0.009840401181
894 0.009840401181
895 0.009840401181
896 0.009840401181
897 0.009840401181
898 0.009840401181
899 0.009840401181
900 0.009840401181
901 0.009840401181
902 0.009840401181
903 0.009840401181
904 0.009840401181
905 0.009840401181
906 0.009840401181
907 0.009840401181
908 0.009840401181
909 0.009840401181
910 0.009840401181
911 0.009840401181
912 0.009840401181
913 0.009840401181
914 0.009840401181
915 0.009840401181
916 0.009840401181
917 0.009840401181
918 0.009840401181
919 0.009840401181
920 0.009840401181
921 0.009840401181
922 0.009840401181
923 0.009840401181
924 0.009840401181
925 0.009840401181
926 0.009840401181
927 0.009840401181
928 0.009840401181
929 0.009840401182
930 0.009840401182
931 0.009840401182
932 0.009840401182
933 0.009840401182
934 0.009840401182
935 0.009840401182
936 0.009840401182
937 0.009840401183
938 0.009840401183
939 0.009840401183
940 0.009840401184
941 0.009840401185
942 0.009840401186
943 0.009840401187
944 0.009840401188
945 0.00984040119
946 0.009840401193
947 0.009840401196
948 0.0098404012
949 0.009840401205
950 0.009840401211
951 0.009840401219
952 0.009840401229
953 0.009840401242
954 0.009840401258
955 0.009840401278
956 0.009840401304
957 0.009840401336
958 0.009840401376
959 0.009840401427
960 0.009840401491
961 0.00984040157
962 0.009840401669
963 0.009840401793
964 0.009840401948
965 0.009840402141
966 0.009840402382
967 0.009840402681
968 0.009840403053
969 0.009840403514
970 0.009840404086
971 0.009840404795
972 0.009840405673
973 0.009840406758
974 0.009840408098
975 0.009840409751
976 0.009840411788
977 0.009840414297
978 0.009840417382
979 0.009840421172
980 0.009840425824
981 0.009840431526
982 0.009840438511
983 0.009840447057
984 0.0098404575
985 0.009840470251
986 0.009840485803
987 0.00984050475
988 0.009840527809
989 0.009840555844
990 0.009840589894
991 0.009840631204
992 0.00984068127
993 0.009840741886
994 0.009840815196
995 0.009840903766
996 0.009841010661
997 0.009841139536
998 0.009841294747
999 0.00984148148
1000 0.009841705902
1001 0.009841975334
1002 0.009842298465
1003 0.009842685589
1004 0.009843148891
1005 0.009843702779
1006 0.009844364266
1007 0.009845153423
1008 0.009846093899
1009 0.009847213527
1010 0.009848545031
1011 0.009850126833
1012 0.009852004003
1013 0.009854229345
1014 0.00985686465
1015 0.009859982148
1016 0.009863666171
1017 0.00986801507
1018 0.009873143408
1019 0.009879184486
1020 0.009886293221
1021 0.009894649449
1022 0.009904461682
1023 0.009915971411
