#54416 2910.006557745396218 0.0045703097697411716738 1 1389 16.000049430220818044 1024 7 1 J1713+0747 0.0000000 
0 0.3751823095
1 0.3755539968
2 0.3759786835
3 0.3764634052
4 0.3770160534
5 0.3776454686
6 0.3783615418
7 0.3791753258
8 0.3800991555
9 0.3811467792
10 0.3823335014
11 0.3836763364
12 0.3851941757
13 0.386907967
14 0.3888409086
15 0.391018657
16 0.3934695506
17 0.3962248478
18 0.399318983
19 0.4027898377
20 0.4066790298
21 0.4110322206
22 0.4158994385
23 0.4213354222
24 0.427399981
25 0.4341583738
26 0.4416817055
27 0.4500473417
28 0.4593393395
29 0.4696488955
30 0.4810748087
31 0.4937239579
32 0.5077117917
33 0.5231628297
34 0.5402111734
35 0.5590010239
36 0.5796872032
37 0.6024356786
38 0.6274240844
39 0.6548422388
40 0.6848926515
41 0.7177910182
42 0.7537666973
43 0.793063163
44 0.8359384305
45 0.8826654478
46 0.933532446
47 0.9888432449
48 1.048917505
49 1.114090917
50 1.184715333
51 1.261158809
52 1.343805581
53 1.433055938
54 1.52932601
55 1.633047442
56 1.744666962
57 1.864645824
58 1.993459129
59 2.131595008
60 2.279553672
61 2.437846305
62 2.606993815
63 2.787525423
64 2.979977098
65 3.184889819
66 3.40280768
67 3.634275823
68 3.879838212
69 4.140035229
70 4.41540112
71 4.706461277
72 5.013729363
73 5.337704301
74 5.678867117
75 6.037677656
76 6.414571193
77 6.80995493
78 7.224204413
79 7.657659882
80 8.110622569
81 8.583350958
82 9.076057055
83 9.588902651
84 10.12199564
85 10.67538641
86 11.24906429
87 11.84295414
88 12.45691314
89 13.09072762
90 13.74411027
91 14.41669744
92 15.10804679
93 15.81763521
94 16.54485704
95 17.28902268
96 18.04935756
97 18.82500151
98 19.61500853
99 20.41834704
100 21.2339006
101 22.06046907
102 22.89677031
103 23.74144231
104 24.59304595
105 25.45006817
106 26.31092569
107 27.17396929
108 28.03748853
109 28.89971699
110 29.75883802
111 30.61299094
112 31.46027766
113 32.29876976
114 33.12651593
115 33.94154976
116 34.7418979
117 35.52558846
118 36.29065965
119 37.03516863
120 37.75720053
121 38.45487756
122 39.12636812
123 39.76989603
124 40.38374956
125 40.9662905
126 41.51596299
127 42.03130216
128 42.51094253
129 42.95362609
130 43.35821
131 43.72367398
132 44.04912709
133 44.33381421
134 44.57712182
135 44.77858338
136 44.93788396
137 45.05486437
138 45.12952456
139 45.16202639
140 45.15269572
141 45.10202377
142 45.01066781
143 44.87945107
144 44.70936201
145 44.50155287
146 44.25733744
147 43.97818821
148 43.66573281
149 43.32174979
150 42.94816371
151 42.54703965
152 42.12057711
153 41.67110329
154 41.20106583
155 40.71302508
156 40.20964574
157 39.69368818
158 39.16799923
159 38.63550255
160 38.0991887
161 37.56210478
162 37.02734379
163 36.4980337
164 35.97732626
165 35.46838557
166 34.97437646
167 34.49845269
168 34.04374503
169 33.61334919
170 33.21031371
171 32.83762775
172 32.4982089
173 32.19489096
174 31.93041182
175 31.7074013
176 31.52836923
177 31.3956936
178 31.31160887
179 31.27819463
180 31.29736435
181 31.37085459
182 31.50021454
183 31.68679588
184 31.93174326
185 32.23598515
186 32.60022539
187 33.02493529
188 33.51034648
189 34.0564445
190 34.6629632
191 35.32938004
192 36.05491231
193 36.83851443
194 37.67887619
195 38.57442222
196 39.52331257
197 40.52344457
198 41.57245586
199 42.66772882
200 43.80639626
201 44.98534854
202 46.20124198
203 47.45050871
204 48.72936784
205 50.03383806
206 51.35975151
207 52.70276899
208 54.0583964
209 55.42200242
210 56.78883722
211 58.15405237
212 59.51272153
213 60.85986213
214 62.19045772
215 63.49948091
216 64.78191688
217 66.03278714
218 67.24717356
219 68.42024236
220 69.54726808
221 70.6236572
222 71.64497137
223 72.60695
224 73.50553215
225 74.33687747
226 75.09738601
227 75.78371696
228 76.39280588
229 76.92188054
230 77.36847509
231 77.73044258
232 78.00596556
233 78.19356493
234 78.29210665
235 78.3008066
236 78.21923327
237 78.0473084
238 77.78530561
239 77.43384686
240 76.99389699
241 76.46675618
242 75.85405054
243 75.15772086
244 74.38000959
245 73.52344619
246 72.59083097
247 71.58521753
248 70.5098939
249 69.3683627
250 68.16432023
251 66.90163487
252 65.58432481
253 64.21653536
254 62.80251594
255 61.34659708
256 59.85316729
257 58.32665033
258 56.77148271
259 55.19209181
260 53.59287462
261 51.97817728
262 50.35227553
263 48.71935619
264 47.08349981
265 45.44866446
266 43.81867084
267 42.19718878
268 40.58772505
269 38.99361267
270 37.41800164
271 35.86385113
272 34.33392315
273 32.83077761
274 31.35676885
275 29.91404352
276 28.50453977
277 27.12998775
278 25.79191131
279 24.49163082
280 23.23026708
281 22.00874618
282 20.8278053
283 19.68799931
284 18.589708
285 17.53314411
286 16.51836174
287 15.54526526
288 14.61361862
289 13.72305487
290 12.87308588
291 12.0631122
292 11.29243294
293 10.56025553
294 9.865705539
295 9.207836162
296 8.585637577
297 7.998046002
298 7.443952434
299 6.922211037
300 6.431647134
301 5.971064787
302 5.539253936
303 5.134997083
304 4.757075505
305 4.404274995
306 4.075391124
307 3.769234029
308 3.484632724
309 3.22043895
310 2.97553058
311 2.748814575
312 2.539229529
313 2.345747812
314 2.167377318
315 2.003162871
316 1.852187283
317 1.713572095
318 1.586478031
319 1.47010519
320 1.363692981
321 1.266519851
322 1.177902809
323 1.097196776
324 1.023793785
325 0.9571220433
326 0.8966448872
327 0.8418596397
328 0.7922963921
329 0.7475167253
330 0.7071123853
331 0.6707039281
332 0.6379393448
333 0.6084926795
334 0.5820626506
335 0.5583712833
336 0.5371625621
337 0.518201111
338 0.5012709051
339 0.4861740215
340 0.4727294316
341 0.4607718381
342 0.4501505616
343 0.4407284748
344 0.4323809901
345 0.4249950972
346 0.4184684536
347 0.4127085269
348 0.4076317882
349 0.4031629555
350 0.3992342869
351 0.3957849207
352 0.3927602619
353 0.3901114127
354 0.3877946459
355 0.3857709174
356 0.3840054184
357 0.3824671626
358 0.3811286085
359 0.3799653128
360 0.3789556147
361 0.3780803474
362 0.3773225763
363 0.3766673611
364 0.3761015403
365 0.3756135364
366 0.3751931802
367 0.3748315523
368 0.374520841
369 0.3742542146
370 0.3740257071
371 0.3738301157
372 0.37366291
373 0.3735201506
374 0.3733984169
375 0.3732947427
376 0.3732065599
377 0.3731316481
378 0.3730680899
379 0.3730142324
380 0.3729686523
381 0.3729301257
382 0.3728976019
383 0.3728701801
384 0.3728470889
385 0.3728276686
386 0.3728113562
387 0.3727976714
388 0.3727862053
389 0.3727766102
390 0.3727685909
391 0.3727618968
392 0.372756316
393 0.3727516691
394 0.3727478047
395 0.372744595
396 0.3727419324
397 0.3727397264
398 0.372737901
399 0.3727363924
400 0.3727351472
401 0.3727341206
402 0.3727332753
403 0.3727325802
404 0.3727320093
405 0.372731541
406 0.3727311573
407 0.3727308434
408 0.3727305868
409 0.3727303773
410 0.3727302066
411 0.3727300676
412 0.3727299545
413 0.3727298627
414 0.3727297882
415 0.3727297279
416 0.372729679
417 0.3727296396
418 0.3727296077
419 0.372729582
420 0.3727295613
421 0.3727295447
422 0.3727295313
423 0.3727295206
424 0.372729512
425 0.3727295052
426 0.3727294997
427 0.3727294953
428 0.3727294918
429 0.372729489
430 0.3727294868
431 0.372729485
432 0.3727294837
433 0.3727294825
434 0.3727294817
435 0.372729481
436 0.3727294804
437 0.37272948
438 0.3727294797
439 0.3727294794
440 0.3727294792
441 0.372729479
442 0.3727294789
443 0.3727294788
444 0.3727294787
445 0.3727294787
446 0.3727294786
447 0.3727294786
448 0.3727294785
449 0.3727294785
450 0.3727294785
451 0.3727294785
452 0.3727294785
453 0.3727294785
454 0.3727294785
455 0.3727294785
456 0.3727294785
457 0.3727294784
458 0.3727294784
459 0.3727294784
460 0.3727294784
461 0.3727294784
462 0.3727294784
463 0.3727294784
464 0.3727294784
465 0.3727294784
466 0.3727294784
467 0.3727294784
468 0.3727294784
469 0.3727294784
470 0.3727294784
471 0.3727294784
472 0.3727294784
473 0.3727294784
474 0.3727294784
475 0.3727294784
476 0.3727294784
477 0.3727294784
478 0.3727294784
479 0.3727294784
480 0.3727294784
481 0.3727294784
482 0.3727294784
483 0.3727294784
484 0.3727294784
485 0.3727294784
486 0.3727294784
487 0.3727294784
488 0.3727294784
489 0.3727294784
490 0.3727294784
491 0.3727294784
492 0.3727294784
493 0.3727294784
494 0.3727294784
495 0.3727294784
496 0.3727294784
497 0.3727294784
498 0.3727294784
499 0.3727294784
500 0.3727294784
501 0.3727294784
502 0.3727294784
503 0.3727294784
504 0.3727294784
505 0.3727294784
506 0.3727294784
507 0.3727294784
508 0.3727294784
509 0.3727294784
510 0.3727294784
511 0.3727294784
512 0.3727294784
513 0.3727294784
514 0.3727294784
515 0.3727294784
516 0.3727294784
517 0.3727294784
518 0.3727294784
519 0.3727294784
520 0.3727294784
521 0.3727294784
522 0.3727294784
523 0.3727294784
524 0.3727294784
525 0.3727294784
526 0.3727294784
527 0.3727294784
528 0.3727294784
529 0.3727294784
530 0.3727294784
531 0.3727294784
532 0.3727294784
533 0.3727294784
534 0.3727294784
535 0.3727294784
536 0.3727294784
537 0.3727294784
538 0.3727294784
539 0.3727294784
540 0.3727294784
541 0.3727294784
542 0.3727294784
543 0.3727294784
544 0.3727294784
545 0.3727294784
546 0.3727294784
547 0.3727294784
548 0.3727294784
549 0.3727294784
550 0.3727294784
551 0.3727294784
552 0.3727294784
553 0.3727294784
554 0.3727294784
555 0.3727294784
556 0.3727294784
557 0.3727294784
558 0.3727294784
559 0.3727294784
560 0.3727294784
561 0.3727294784
562 0.3727294784
563 0.3727294784
564 0.3727294784
565 0.3727294784
566 0.3727294784
567 0.3727294784
568 0.3727294784
569 0.3727294784
570 0.3727294784
571 0.3727294784
572 0.3727294784
573 0.3727294784
574 0.3727294784
575 0.3727294784
576 0.3727294784
577 0.3727294784
578 0.3727294784
579 0.3727294784
580 0.3727294784
581 0.3727294784
582 0.3727294784
583 0.3727294784
584 0.3727294784
585 0.3727294784
586 0.3727294784
587 0.3727294784
588 0.3727294784
589 0.3727294784
590 0.3727294784
591 0.3727294784
592 0.3727294784
593 0.3727294784
594 0.3727294784
595 0.3727294784
596 0.3727294784
597 0.3727294784
598 0.3727294784
599 0.3727294784
600 0.3727294784
601 0.3727294784
602 0.3727294784
603 0.3727294784
604 0.3727294784
605 0.3727294784
606 0.3727294784
607 0.3727294784
608 0.3727294784
609 0.3727294784
610 0.3727294784
611 0.3727294784
612 0.3727294784
613 0.3727294784
614 0.3727294784
615 0.3727294784
616 0.3727294784
617 0.3727294784
618 0.3727294784
619 0.3727294784
620 0.3727294784
621 0.3727294784
622 0.3727294784
623 0.3727294784
624 0.3727294784
625 0.3727294784
626 0.3727294784
627 0.3727294784
628 0.3727294784
629 0.3727294784
630 0.3727294784
631 0.3727294784
632 0.3727294784
633 0.3727294784
634 0.3727294784
635 0.3727294784
636 0.3727294784
637 0.3727294784
638 0.3727294784
639 0.3727294784
640 0.3727294784
641 0.3727294784
642 0.3727294784
643 0.3727294784
644 0.3727294784
645 0.3727294784
646 0.3727294784
647 0.3727294784
648 0.3727294784
649 0.3727294784
650 0.3727294784
651 0.3727294784
652 0.3727294784
653 0.3727294784
654 0.3727294784
655 0.3727294784
656 0.3727294784
657 0.3727294784
658 0.3727294784
659 0.3727294784
660 0.3727294784
661 0.3727294784
662 0.3727294784
663 0.3727294784
664 0.3727294784
665 0.3727294784
666 0.3727294784
667 0.3727294784
668 0.3727294784
669 0.3727294784
670 0.3727294784
671 0.3727294784
672 0.3727294784
673 0.3727294784
674 0.3727294784
675 0.3727294784
676 0.3727294784
677 0.3727294784
678 0.3727294784
679 0.3727294784
680 0.3727294784
681 0.3727294784
682 0.3727294784
683 0.3727294784
684 0.3727294784
685 0.3727294784
686 0.3727294784
687 0.3727294784
688 0.3727294784
689 0.3727294784
690 0.3727294784
691 0.3727294784
692 0.3727294784
693 0.3727294784
694 0.3727294784
695 0.3727294784
696 0.3727294784
697 0.3727294784
698 0.3727294784
699 0.3727294784
700 0.3727294784
701 0.3727294784
702 0.3727294784
703 0.3727294784
704 0.3727294784
705 0.3727294784
706 0.3727294784
707 0.3727294784
708 0.3727294784
709 0.3727294784
710 0.3727294784
711 0.3727294784
712 0.3727294784
713 0.3727294784
714 0.3727294784
715 0.3727294784
716 0.3727294784
717 0.3727294784
718 0.3727294784
719 0.3727294784
720 0.3727294784
721 0.3727294784
722 0.3727294784
723 0.3727294784
724 0.3727294784
725 0.3727294784
726 0.3727294784
727 0.3727294784
728 0.3727294784
729 0.3727294784
730 0.3727294784
731 0.3727294784
732 0.3727294784
733 0.3727294784
734 0.3727294784
735 0.3727294784
736 0.3727294784
737 0.3727294784
738 0.3727294784
739 0.3727294784
740 0.3727294784
741 0.3727294784
742 0.3727294784
743 0.3727294784
744 0.3727294784
745 0.3727294784
746 0.3727294784
747 0.3727294784
748 0.3727294784
749 0.3727294784
750 0.3727294784
751 0.3727294784
752 0.3727294784
753 0.3727294784
754 0.3727294784
755 0.3727294784
756 0.3727294784
757 0.3727294784
758 0.3727294784
759 0.3727294784
760 0.3727294784
761 0.3727294784
762 0.3727294784
763 0.3727294784
764 0.3727294784
765 0.3727294784
766 0.3727294784
767 0.3727294784
768 0.3727294784
769 0.3727294784
770 0.3727294784
771 0.3727294784
772 0.3727294784
773 0.3727294784
774 0.3727294784
775 0.3727294784
776 0.3727294784
777 0.3727294784
778 0.3727294784
779 0.3727294784
780 0.3727294784
781 0.3727294784
782 0.3727294784
783 0.3727294784
784 0.3727294784
785 0.3727294784
786 0.3727294784
787 0.3727294784
788 0.3727294784
789 0.3727294784
790 0.3727294784
791 0.3727294784
792 0.3727294784
793 0.3727294784
794 0.3727294784
795 0.3727294784
796 0.3727294784
797 0.3727294784
798 0.3727294784
799 0.3727294784
800 0.3727294784
801 0.3727294784
802 0.3727294784
803 0.3727294784
804 0.3727294784
805 0.3727294784
806 0.3727294784
807 0.3727294784
808 0.3727294784
809 0.3727294784
810 0.3727294784
811 0.3727294784
812 0.3727294784
813 0.3727294784
814 0.3727294784
815 0.3727294784
816 0.3727294784
817 0.3727294784
818 0.3727294784
819 0.3727294784
820 0.3727294784
821 0.3727294784
822 0.3727294784
823 0.3727294784
824 0.3727294784
825 0.3727294784
826 0.3727294784
827 0.3727294784
828 0.3727294784
829 0.3727294784
830 0.3727294784
831 0.3727294784
832 0.3727294784
833 0.3727294784
834 0.3727294784
835 0.3727294784
836 0.3727294784
837 0.3727294784
838 0.3727294784
839 0.3727294784
840 0.3727294784
841 0.3727294784
842 0.3727294784
843 0.3727294784
844 0.3727294784
845 0.3727294784
846 0.3727294784
847 0.3727294784
848 0.3727294784
849 0.3727294784
850 0.3727294784
851 0.3727294784
852 0.3727294784
853 0.3727294784
854 0.3727294784
855 0.3727294784
856 0.3727294784
857 0.3727294784
858 0.3727294784
859 0.3727294784
860 0.3727294784
861 0.3727294784
862 0.3727294784
863 0.3727294784
864 0.3727294784
865 0.3727294784
866 0.3727294784
867 0.3727294784
868 0.3727294784
869 0.3727294784
870 0.3727294784
871 0.3727294784
872 0.3727294784
873 0.3727294784
874 0.3727294784
875 0.3727294784
876 0.3727294784
877 0.3727294784
878 0.3727294784
879 0.3727294784
880 0.3727294784
881 0.3727294784
882 0.3727294784
883 0.3727294784
884 0.3727294784
885 0.3727294784
886 0.3727294784
887 0.3727294784
888 0.3727294784
889 0.3727294784
890 0.3727294784
891 0.3727294784
892 0.3727294784
893 0.3727294784
894 0.3727294784
895 0.3727294784
896 0.3727294784
897 0.3727294784
898 0.3727294784
899 0.3727294784
900 0.3727294784
901 0.3727294784
902 0.3727294784
903 0.3727294784
904 0.3727294784
905 0.3727294784
906 0.3727294784
907 0.3727294784
908 0.3727294784
909 0.3727294784
910 0.3727294784
911 0.3727294784
912 0.3727294784
913 0.3727294784
914 0.3727294784
915 0.3727294784
916 0.3727294784
917 0.3727294784
918 0.3727294784
919 0.3727294784
920 0.3727294784
921 0.3727294784
922 0.3727294784
923 0.3727294784
924 0.3727294785
925 0.3727294785
926 0.3727294785
927 0.3727294785
928 0.3727294785
929 0.3727294785
930 0.3727294785
931 0.3727294785
932 0.3727294785
933 0.3727294785
934 0.3727294786
935 0.3727294786
936 0.3727294786
937 0.3727294787
938 0.3727294787
939 0.3727294788
940 0.3727294789
941 0.372729479
942 0.3727294792
943 0.3727294793
944 0.3727294796
945 0.3727294798
946 0.3727294802
947 0.3727294806
948 0.3727294812
949 0.3727294818
950 0.3727294826
951 0.3727294837
952 0.3727294849
953 0.3727294865
954 0.3727294884
955 0.3727294907
956 0.3727294936
957 0.3727294972
958 0.3727295015
959 0.3727295069
960 0.3727295135
961 0.3727295215
962 0.3727295313
963 0.3727295433
964 0.372729558
965 0.3727295758
966 0.3727295975
967 0.3727296239
968 0.3727296561
969 0.372729695
970 0.3727297423
971 0.3727297995
972 0.3727298687
973 0.3727299524
974 0.3727300534
975 0.3727301753
976 0.3727303221
977 0.3727304988
978 0.3727307113
979 0.3727309665
980 0.3727312727
981 0.3727316397
982 0.372732079
983 0.3727326045
984 0.3727332323
985 0.3727339816
986 0.3727348749
987 0.3727359389
988 0.3727372047
989 0.3727387091
990 0.3727404951
991 0.3727426133
992 0.3727451227
993 0.3727480925
994 0.3727516034
995 0.3727557497
996 0.3727606411
997 0.3727664055
998 0.3727731915
999 0.3727811716
1000 0.3727905461
1001 0.3728015469
1002 0.3728144424
1003 0.3728295431
1004 0.3728472072
1005 0.3728678479
1006 0.3728919412
1007 0.3729200348
1008 0.372952758
1009 0.3729908333
1010 0.3730350887
1011 0.3730864728
1012 0.3731460703
1013 0.3732151203
1014 0.3732950368
1015 0.3733874311
1016 0.3734941375
1017 0.3736172413
1018 0.3737591105
1019 0.3739224308
1020 0.3741102445
1021 0.3743259937
1022 0.3745735678
1023 0.374857357
