#54416 2910.0036272941571101 0.0045703097697411716738 1 1357 16.000049430220818044 1024 7 1 J1713+0747 0.0000000 
0 0.3050031155
1 0.3050031155
2 0.3050031155
3 0.3050031155
4 0.3050031155
5 0.3050031155
6 0.3050031155
7 0.3050031155
8 0.3050031155
9 0.3050031155
10 0.3050031155
11 0.3050031155
12 0.3050031155
13 0.3050031155
14 0.3050031155
15 0.3050031155
16 0.3050031155
17 0.3050031155
18 0.3050031155
19 0.3050031155
20 0.3050031155
21 0.3050031155
22 0.3050031155
23 0.3050031155
24 0.3050031155
25 0.3050031155
26 0.3050031155
27 0.3050031155
28 0.3050031155
29 0.3050031155
30 0.3050031155
31 0.3050031155
32 0.3050031155
33 0.3050031155
34 0.3050031155
35 0.3050031155
36 0.3050031155
37 0.3050031155
38 0.3050031155
39 0.3050031155
40 0.3050031155
41 0.3050031155
42 0.3050031155
43 0.3050031155
44 0.3050031155
45 0.3050031155
46 0.3050031155
47 0.3050031155
48 0.3050031155
49 0.3050031155
50 0.3050031155
51 0.3050031155
52 0.3050031155
53 0.3050031155
54 0.3050031155
55 0.3050031155
56 0.3050031155
57 0.3050031155
58 0.3050031155
59 0.3050031155
60 0.3050031155
61 0.3050031155
62 0.3050031155
63 0.3050031155
64 0.3050031155
65 0.3050031155
66 0.3050031155
67 0.3050031155
68 0.3050031155
69 0.3050031155
70 0.3050031155
71 0.3050031155
72 0.3050031155
73 0.3050031155
74 0.3050031155
75 0.3050031155
76 0.3050031155
77 0.3050031155
78 0.3050031155
79 0.3050031155
80 0.3050031155
81 0.3050031155
82 0.3050031155
83 0.3050031155
84 0.3050031155
85 0.3050031155
86 0.3050031155
87 0.3050031155
88 0.3050031155
89 0.3050031155
90 0.3050031155
91 0.3050031155
92 0.3050031155
93 0.3050031155
94 0.3050031155
95 0.3050031155
96 0.3050031155
97 0.3050031155
98 0.3050031155
99 0.3050031155
100 0.3050031155
101 0.3050031155
102 0.3050031155
103 0.3050031155
104 0.3050031155
105 0.3050031155
106 0.3050031155
107 0.3050031155
108 0.3050031155
109 0.3050031155
110 0.3050031155
111 0.3050031155
112 0.3050031155
113 0.3050031155
114 0.3050031155
115 0.3050031155
116 0.3050031155
117 0.3050031155
118 0.3050031155
119 0.3050031155
120 0.3050031155
121 0.3050031155
122 0.3050031155
123 0.3050031155
124 0.3050031155
125 0.3050031155
126 0.3050031155
127 0.3050031155
128 0.3050031155
129 0.3050031155
130 0.3050031155
131 0.3050031155
132 0.3050031155
133 0.3050031155
134 0.3050031155
135 0.3050031155
136 0.3050031155
137 0.3050031155
138 0.3050031155
139 0.3050031155
140 0.3050031155
141 0.3050031155
142 0.3050031155
143 0.3050031155
144 0.3050031155
145 0.3050031155
146 0.3050031155
147 0.3050031155
148 0.3050031155
149 0.3050031155
150 0.3050031155
151 0.3050031155
152 0.3050031155
153 0.3050031155
154 0.3050031155
155 0.3050031155
156 0.3050031155
157 0.3050031155
158 0.3050031155
159 0.3050031155
160 0.3050031155
161 0.3050031155
162 0.3050031155
163 0.3050031155
164 0.3050031155
165 0.3050031155
166 0.3050031155
167 0.3050031155
168 0.3050031155
169 0.3050031155
170 0.3050031155
171 0.3050031155
172 0.3050031155
173 0.3050031155
174 0.3050031155
175 0.3050031155
176 0.3050031155
177 0.3050031155
178 0.3050031155
179 0.3050031155
180 0.3050031155
181 0.3050031155
182 0.3050031155
183 0.3050031155
184 0.3050031155
185 0.3050031155
186 0.3050031155
187 0.3050031155
188 0.3050031155
189 0.3050031155
190 0.3050031155
191 0.3050031155
192 0.3050031155
193 0.3050031155
194 0.3050031155
195 0.3050031155
196 0.3050031155
197 0.3050031155
198 0.3050031155
199 0.3050031155
200 0.3050031155
201 0.3050031155
202 0.3050031155
203 0.3050031155
204 0.3050031155
205 0.3050031155
206 0.3050031155
207 0.3050031155
208 0.3050031155
209 0.3050031155
210 0.3050031155
211 0.3050031155
212 0.3050031155
213 0.3050031155
214 0.3050031155
215 0.3050031155
216 0.3050031155
217 0.3050031155
218 0.3050031155
219 0.3050031155
220 0.3050031155
221 0.3050031155
222 0.3050031155
223 0.3050031155
224 0.3050031155
225 0.3050031155
226 0.3050031155
227 0.3050031155
228 0.3050031155
229 0.3050031155
230 0.3050031155
231 0.3050031155
232 0.3050031155
233 0.3050031155
234 0.3050031155
235 0.3050031155
236 0.3050031155
237 0.3050031155
238 0.3050031155
239 0.3050031155
240 0.3050031155
241 0.3050031155
242 0.3050031155
243 0.3050031155
244 0.3050031155
245 0.3050031155
246 0.3050031155
247 0.3050031155
248 0.3050031155
249 0.3050031155
250 0.3050031155
251 0.3050031155
252 0.3050031155
253 0.3050031155
254 0.3050031155
255 0.3050031155
256 0.3050031155
257 0.3050031155
258 0.3050031155
259 0.3050031155
260 0.3050031155
261 0.3050031155
262 0.3050031155
263 0.3050031155
264 0.3050031155
265 0.3050031155
266 0.3050031155
267 0.3050031155
268 0.3050031155
269 0.3050031155
270 0.3050031155
271 0.3050031155
272 0.3050031155
273 0.3050031155
274 0.3050031155
275 0.3050031156
276 0.3050031156
277 0.3050031156
278 0.3050031156
279 0.3050031157
280 0.3050031157
281 0.3050031157
282 0.3050031158
283 0.3050031159
284 0.305003116
285 0.3050031161
286 0.3050031163
287 0.3050031164
288 0.3050031167
289 0.305003117
290 0.3050031173
291 0.3050031178
292 0.3050031184
293 0.3050031191
294 0.3050031199
295 0.305003121
296 0.3050031223
297 0.305003124
298 0.305003126
299 0.3050031285
300 0.3050031315
301 0.3050031353
302 0.3050031399
303 0.3050031456
304 0.3050031525
305 0.305003161
306 0.3050031714
307 0.3050031841
308 0.3050031995
309 0.3050032184
310 0.3050032413
311 0.3050032692
312 0.3050033031
313 0.3050033443
314 0.3050033942
315 0.3050034546
316 0.3050035276
317 0.305003616
318 0.3050037226
319 0.3050038512
320 0.3050040061
321 0.3050041925
322 0.3050044166
323 0.3050046858
324 0.3050050087
325 0.3050053957
326 0.3050058589
327 0.3050064129
328 0.3050070747
329 0.3050078646
330 0.3050088061
331 0.3050099273
332 0.3050112612
333 0.3050128462
334 0.3050147278
335 0.3050169591
336 0.3050196023
337 0.30502273
338 0.3050264273
339 0.3050307932
340 0.3050359431
341 0.3050420116
342 0.3050491547
343 0.3050575539
344 0.3050674197
345 0.3050789957
346 0.3050925643
347 0.3051084513
348 0.3051270333
349 0.3051487443
350 0.3051740842
351 0.3052036283
352 0.3052380374
353 0.30527807
354 0.3053245957
355 0.3053786099
356 0.3054412512
357 0.3055138202
358 0.3055978004
359 0.3056948828
360 0.3058069914
361 0.3059363139
362 0.3060853339
363 0.306256868
364 0.3064541063
365 0.3066806576
366 0.3069405997
367 0.3072385341
368 0.3075796473
369 0.3079697778
370 0.3084154898
371 0.3089241546
372 0.309504039
373 0.3101644029
374 0.3109156054
375 0.3117692204
376 0.3127381633
377 0.3138368273
378 0.3150812326
379 0.3164891875
380 0.3180804616
381 0.3198769742
382 0.3219029963
383 0.3241853672
384 0.3267537275
385 0.3296407682
386 0.3328824968
387 0.33651852
388 0.3405923457
389 0.3451517016
390 0.3502488736
391 0.3559410624
392 0.3622907588
393 0.3693661379
394 0.3772414719
395 0.3859975609
396 0.3957221811
397 0.4065105505
398 0.4184658099
399 0.4316995183
400 0.4463321621
401 0.4624936755
402 0.4803239699
403 0.4999734706
404 0.521603658
405 0.5453876099
406 0.5715105413
407 0.60017034
408 0.6315780901
409 0.6659585835
410 0.7035508108
411 0.744608428
412 0.7894001944
413 0.8382103735
414 0.8913390922
415 0.9491026518
416 1.011833783
417 1.079881837
418 1.153612909
419 1.233409885
420 1.319672393
421 1.412816677
422 1.513275357
423 1.621497083
424 1.737946075
425 1.863101536
426 1.997456933
427 2.141519137
428 2.295807422
429 2.460852309
430 2.637194249
431 2.825382154
432 3.025971748
433 3.239523761
434 3.466601943
435 3.707770907
436 3.963593807
437 4.23462983
438 4.521431537
439 4.824542026
440 5.144491948
441 5.481796364
442 5.836951465
443 6.210431165
444 6.602683569
445 7.014127341
446 7.445147984
447 7.896094056
448 8.367273324
449 8.858948899
450 9.371335363
451 9.904594912
452 10.45883354
453 11.0340973
454 11.63036865
455 12.24756296
456 12.88552512
457 13.5440264
458 14.22276144
459 14.92134561
460 15.63931252
461 16.37611194
462 17.13110796
463 17.90357763
464 18.69270989
465 19.49760497
466 20.31727424
467 21.15064046
468 21.99653859
469 22.85371706
470 23.72083955
471 24.59648729
472 25.47916196
473 26.36728897
474 27.25922148
475 28.15324475
476 29.04758119
477 29.94039579
478 30.82980214
479 31.71386887
480 32.59062658
481 33.45807521
482 34.31419178
483 35.15693848
484 35.98427119
485 36.79414815
486 37.584539
487 38.35343391
488 39.09885296
489 39.81885555
490 40.51154992
491 41.17510259
492 41.80774782
493 42.40779692
494 42.97364737
495 43.50379181
496 43.99682664
497 44.4514604
498 44.8665217
499 45.24096678
500 45.57388658
501 45.86451329
502 46.11222639
503 46.31655805
504 46.47719796
505 46.59399748
506 46.66697313
507 46.69630936
508 46.68236067
509 46.62565292
510 46.52688398
511 46.38692357
512 46.20681247
513 45.98776083
514 45.73114591
515 45.43850899
516 45.11155164
517 44.75213126
518 44.36225595
519 43.94407876
520 43.49989127
521 43.03211663
522 42.54330197
523 42.03611027
524 41.51331178
525 40.97777487
526 40.4324565
527 39.88039221
528 39.32468575
529 38.76849839
530 38.2150378
531 37.66754673
532 37.1292914
533 36.60354964
534 36.09359881
535 35.60270359
536 35.13410362
537 34.69100096
538 34.27654758
539 33.89383269
540 33.5458701
541 33.2355856
542 32.96580436
543 32.7392384
544 32.55847423
545 32.42596059
546 32.34399641
547 32.31471898
548 32.34009247
549 32.42189669
550 32.56171629
551 32.76093042
552 33.02070274
553 33.3419722
554 33.72544416
555 34.17158243
556 34.68060185
557 35.25246175
558 35.88686026
559 36.58322951
560 37.34073186
561 38.15825713
562 39.03442098
563 39.96756442
564 40.95575457
565 41.99678665
566 43.08818736
567 44.2272195
568 45.41088807
569 46.63594774
570 47.89891173
571 49.19606215
572 50.52346171
573 51.87696689
574 53.25224248
575 54.64477742
576 56.049902
577 57.46280623
578 58.87855942
579 60.2921308
580 61.69841115
581 63.09223525
582 64.4684051
583 65.82171384
584 67.14697001
585 68.43902226
586 69.69278423
587 70.9032594
588 72.06556591
589 73.17496095
590 74.22686478
591 75.2168841
592 76.14083457
593 76.99476242
594 77.77496488
595 78.4780094
596 79.1007514
597 79.64035049
598 80.09428498
599 80.46036464
600 80.73674156
601 80.92191902
602 81.01475831
603 81.01448351
604 80.92068407
605 80.73331531
606 80.45269669
607 80.07950803
608 79.61478358
609 79.05990403
610 78.4165866
611 77.68687317
612 76.87311661
613 75.97796549
614 75.00434713
615 73.95544933
616 72.83470072
617 71.64575005
618 70.39244448
619 69.07880716
620 67.70901405
621 66.28737044
622 64.81828709
623 63.30625635
624 61.75582829
625 60.17158715
626 58.5581281
627 56.92003462
628 55.26185657
629 53.58808907
630 51.9031524
631 50.21137287
632 48.51696502
633 46.8240149
634 45.13646486
635 43.45809965
636 41.79253396
637 40.14320152
638 38.51334559
639 36.90601109
640 35.32403813
641 33.7700571
642 32.24648518
643 30.75552428
644 29.29916036
645 27.87916407
646 26.49709262
647 25.15429281
648 23.85190521
649 22.59086928
650 21.37192944
651 20.195642
652 19.06238277
653 17.97235532
654 16.92559984
655 15.9220024
656 14.96130457
657 14.04311334
658 13.16691122
659 12.33206641
660 11.53784307
661 10.78341143
662 10.06785789
663 9.390194882
664 8.74937052
665 8.144277934
666 7.573764302
667 7.036639494
668 6.531684308
669 6.057658279
670 5.613307022
671 5.197369113
672 4.808582471
673 4.445690258
674 4.107446279
675 3.792619889
676 3.500000414
677 3.228401094
678 2.976662553
679 2.743655832
680 2.52828497
681 2.329489185
682 2.146244656
683 1.977565932
684 1.822506999
685 1.680162017
686 1.549665763
687 1.430193797
688 1.320962378
689 1.22122816
690 1.130287674
691 1.047476646
692 0.9721691486
693 0.9037766188
694 0.8417467651
695 0.7855623753
696 0.7347400475
697 0.6888288604
698 0.6474089979
699 0.6100903427
700 0.5765110508
701 0.5463361208
702 0.5192559654
703 0.4949849976
704 0.4732602376
705 0.4538399479
706 0.436502304
707 0.4210441037
708 0.4072795208
709 0.3950389065
710 0.3841676394
711 0.3745250287
712 0.3659832695
713 0.3584264523
714 0.3517496257
715 0.3458579137
716 0.3406656854
717 0.3360957765
718 0.3320787623
719 0.3285522786
720 0.3254603916
721 0.322753012
722 0.3203853538
723 0.3183174338
724 0.3165136112
725 0.314942164
726 0.3135749007
727 0.3123868053
728 0.3113557124
729 0.3104620118
730 0.3096883796
731 0.3090195344
732 0.308442016
733 0.3079439861
734 0.3075150477
735 0.3071460831
736 0.3068291079
737 0.3065571406
738 0.306324085
739 0.3061246257
740 0.3059541349
741 0.3058085889
742 0.3056844945
743 0.3055788231
744 0.3054889528
745 0.3054126169
746 0.3053478587
747 0.3052929911
748 0.3052465619
749 0.3052073225
750 0.3051742012
751 0.305146279
752 0.3051227694
753 0.3051029997
754 0.3050863959
755 0.3050724683
756 0.3050608003
757 0.3050510374
758 0.3050428788
759 0.3050360694
760 0.3050303932
761 0.3050256674
762 0.3050217378
763 0.3050184744
764 0.3050157676
765 0.3050135253
766 0.30501167
767 0.3050101369
768 0.3050088716
769 0.3050078287
770 0.30500697
771 0.305006264
772 0.3050056842
773 0.3050052086
774 0.305004819
775 0.3050045003
776 0.3050042398
777 0.3050040273
778 0.305003854
779 0.3050037129
780 0.3050035982
781 0.3050035051
782 0.3050034295
783 0.3050033683
784 0.3050033188
785 0.3050032788
786 0.3050032465
787 0.3050032204
788 0.3050031995
789 0.3050031826
790 0.3050031691
791 0.3050031582
792 0.3050031495
793 0.3050031426
794 0.305003137
795 0.3050031326
796 0.305003129
797 0.3050031262
798 0.305003124
799 0.3050031222
800 0.3050031208
801 0.3050031196
802 0.3050031188
803 0.3050031181
804 0.3050031175
805 0.3050031171
806 0.3050031167
807 0.3050031165
808 0.3050031163
809 0.3050031161
810 0.305003116
811 0.3050031159
812 0.3050031158
813 0.3050031157
814 0.3050031157
815 0.3050031156
816 0.3050031156
817 0.3050031156
818 0.3050031156
819 0.3050031155
820 0.3050031155
821 0.3050031155
822 0.3050031155
823 0.3050031155
824 0.3050031155
825 0.3050031155
826 0.3050031155
827 0.3050031155
828 0.3050031155
829 0.3050031155
830 0.3050031155
831 0.3050031155
832 0.3050031155
833 0.3050031155
834 0.3050031155
835 0.3050031155
836 0.3050031155
837 0.3050031155
838 0.3050031155
839 0.3050031155
840 0.3050031155
841 0.3050031155
842 0.3050031155
843 0.3050031155
844 0.3050031155
845 0.3050031155
846 0.3050031155
847 0.3050031155
848 0.3050031155
849 0.3050031155
850 0.3050031155
851 0.3050031155
852 0.3050031155
853 0.3050031155
854 0.3050031155
855 0.3050031155
856 0.3050031155
857 0.3050031155
858 0.3050031155
859 0.3050031155
860 0.3050031155
861 0.3050031155
862 0.3050031155
863 0.3050031155
864 0.3050031155
865 0.3050031155
866 0.3050031155
867 0.3050031155
868 0.3050031155
869 0.3050031155
870 0.3050031155
871 0.3050031155
872 0.3050031155
873 0.3050031155
874 0.3050031155
875 0.3050031155
876 0.3050031155
877 0.3050031155
878 0.3050031155
879 0.3050031155
880 0.3050031155
881 0.3050031155
882 0.3050031155
883 0.3050031155
884 0.3050031155
885 0.3050031155
886 0.3050031155
887 0.3050031155
888 0.3050031155
889 0.3050031155
890 0.3050031155
891 0.3050031155
892 0.3050031155
893 0.3050031155
894 0.3050031155
895 0.3050031155
896 0.3050031155
897 0.3050031155
898 0.3050031155
899 0.3050031155
900 0.3050031155
901 0.3050031155
902 0.3050031155
903 0.3050031155
904 0.3050031155
905 0.3050031155
906 0.3050031155
907 0.3050031155
908 0.3050031155
909 0.3050031155
910 0.3050031155
911 0.3050031155
912 0.3050031155
913 0.3050031155
914 0.3050031155
915 0.3050031155
916 0.3050031155
917 0.3050031155
918 0.3050031155
919 0.3050031155
920 0.3050031155
921 0.3050031155
922 0.3050031155
923 0.3050031155
924 0.3050031155
925 0.3050031155
926 0.3050031155
927 0.3050031155
928 0.3050031155
929 0.3050031155
930 0.3050031155
931 0.3050031155
932 0.3050031155
933 0.3050031155
934 0.3050031155
935 0.3050031155
936 0.3050031155
937 0.3050031155
938 0.3050031155
939 0.3050031155
940 0.3050031155
941 0.3050031155
942 0.3050031155
943 0.3050031155
944 0.3050031155
945 0.3050031155
946 0.3050031155
947 0.3050031155
948 0.3050031155
949 0.3050031155
950 0.3050031155
951 0.3050031155
952 0.3050031155
953 0.3050031155
954 0.3050031155
955 0.3050031155
956 0.3050031155
957 0.3050031155
958 0.3050031155
959 0.3050031155
960 0.3050031155
961 0.3050031155
962 0.3050031155
963 0.3050031155
964 0.3050031155
965 0.3050031155
966 0.3050031155
967 0.3050031155
968 0.3050031155
969 0.3050031155
970 0.3050031155
971 0.3050031155
972 0.3050031155
973 0.3050031155
974 0.3050031155
975 0.3050031155
976 0.3050031155
977 0.3050031155
978 0.3050031155
979 0.3050031155
980 0.3050031155
981 0.3050031155
982 0.3050031155
983 0.3050031155
984 0.3050031155
985 0.3050031155
986 0.3050031155
987 0.3050031155
988 0.3050031155
989 0.3050031155
990 0.3050031155
991 0.3050031155
992 0.3050031155
993 0.3050031155
994 0.3050031155
995 0.3050031155
996 0.3050031155
997 0.3050031155
998 0.3050031155
999 0.3050031155
1000 0.3050031155
1001 0.3050031155
1002 0.3050031155
1003 0.3050031155
1004 0.3050031155
1005 0.3050031155
1006 0.3050031155
1007 0.3050031155
1008 0.3050031155
1009 0.3050031155
1010 0.3050031155
1011 0.3050031155
1012 0.3050031155
1013 0.3050031155
1014 0.3050031155
1015 0.3050031155
1016 0.3050031155
1017 0.3050031155
1018 0.3050031155
1019 0.3050031155
1020 0.3050031155
1021 0.3050031155
1022 0.3050031155
1023 0.3050031155
