#54438 2910.0029244760218543 0.0045701672816773550312 1 1285 16.000049430220818044 1024 7 1 J1713+0747 0.0000000 
0 0.2811942942
1 0.2811942942
2 0.2811942942
3 0.2811942942
4 0.2811942942
5 0.2811942942
6 0.2811942942
7 0.2811942942
8 0.2811942942
9 0.2811942942
10 0.2811942942
11 0.2811942942
12 0.2811942942
13 0.2811942942
14 0.2811942942
15 0.2811942942
16 0.2811942942
17 0.2811942942
18 0.2811942942
19 0.2811942942
20 0.2811942942
21 0.2811942942
22 0.2811942942
23 0.2811942942
24 0.2811942942
25 0.2811942942
26 0.2811942942
27 0.2811942942
28 0.2811942942
29 0.2811942942
30 0.2811942942
31 0.2811942942
32 0.2811942942
33 0.2811942942
34 0.2811942942
35 0.2811942942
36 0.2811942942
37 0.2811942942
38 0.2811942942
39 0.2811942942
40 0.2811942942
41 0.2811942942
42 0.2811942942
43 0.2811942942
44 0.2811942942
45 0.2811942942
46 0.2811942942
47 0.2811942942
48 0.2811942942
49 0.2811942942
50 0.2811942942
51 0.2811942942
52 0.2811942942
53 0.2811942942
54 0.2811942942
55 0.2811942942
56 0.2811942942
57 0.2811942942
58 0.2811942942
59 0.2811942942
60 0.2811942942
61 0.2811942942
62 0.2811942942
63 0.2811942942
64 0.2811942942
65 0.2811942942
66 0.2811942942
67 0.2811942942
68 0.2811942942
69 0.2811942942
70 0.2811942942
71 0.2811942942
72 0.2811942942
73 0.2811942942
74 0.2811942942
75 0.2811942942
76 0.2811942942
77 0.2811942942
78 0.2811942942
79 0.2811942942
80 0.2811942942
81 0.2811942942
82 0.2811942942
83 0.2811942942
84 0.2811942942
85 0.2811942942
86 0.2811942942
87 0.2811942942
88 0.2811942942
89 0.2811942942
90 0.2811942942
91 0.2811942942
92 0.2811942942
93 0.2811942942
94 0.2811942942
95 0.2811942942
96 0.2811942942
97 0.2811942942
98 0.2811942942
99 0.2811942942
100 0.2811942942
101 0.2811942942
102 0.2811942942
103 0.2811942942
104 0.2811942942
105 0.2811942942
106 0.2811942942
107 0.2811942942
108 0.2811942942
109 0.2811942942
110 0.2811942942
111 0.2811942942
112 0.2811942942
113 0.2811942942
114 0.2811942942
115 0.2811942942
116 0.2811942942
117 0.2811942942
118 0.2811942942
119 0.2811942942
120 0.2811942942
121 0.2811942942
122 0.2811942942
123 0.2811942942
124 0.2811942942
125 0.2811942942
126 0.2811942942
127 0.2811942942
128 0.2811942942
129 0.2811942942
130 0.2811942942
131 0.2811942942
132 0.2811942942
133 0.2811942942
134 0.2811942942
135 0.2811942942
136 0.2811942942
137 0.2811942942
138 0.2811942942
139 0.2811942942
140 0.2811942942
141 0.2811942942
142 0.2811942942
143 0.2811942942
144 0.2811942942
145 0.2811942942
146 0.2811942942
147 0.2811942942
148 0.2811942942
149 0.2811942942
150 0.2811942942
151 0.2811942942
152 0.2811942942
153 0.2811942942
154 0.2811942942
155 0.2811942942
156 0.2811942942
157 0.2811942942
158 0.2811942942
159 0.2811942942
160 0.2811942942
161 0.2811942942
162 0.2811942942
163 0.2811942942
164 0.2811942942
165 0.2811942942
166 0.2811942942
167 0.2811942942
168 0.2811942942
169 0.2811942942
170 0.2811942942
171 0.2811942942
172 0.2811942942
173 0.2811942942
174 0.2811942942
175 0.2811942942
176 0.2811942942
177 0.2811942942
178 0.2811942942
179 0.2811942942
180 0.2811942942
181 0.2811942942
182 0.2811942942
183 0.2811942942
184 0.2811942942
185 0.2811942942
186 0.2811942942
187 0.2811942942
188 0.2811942942
189 0.2811942942
190 0.2811942942
191 0.2811942942
192 0.2811942942
193 0.2811942942
194 0.2811942942
195 0.2811942942
196 0.2811942942
197 0.2811942942
198 0.2811942942
199 0.2811942942
200 0.2811942942
201 0.2811942942
202 0.2811942942
203 0.2811942942
204 0.2811942942
205 0.2811942942
206 0.2811942942
207 0.2811942942
208 0.2811942942
209 0.2811942942
210 0.2811942942
211 0.2811942942
212 0.2811942942
213 0.2811942942
214 0.2811942942
215 0.2811942942
216 0.2811942942
217 0.2811942942
218 0.2811942942
219 0.2811942942
220 0.2811942942
221 0.2811942943
222 0.2811942943
223 0.2811942943
224 0.2811942943
225 0.2811942943
226 0.2811942943
227 0.2811942943
228 0.2811942943
229 0.2811942944
230 0.2811942944
231 0.2811942945
232 0.2811942945
233 0.2811942946
234 0.2811942947
235 0.2811942948
236 0.2811942949
237 0.2811942951
238 0.2811942953
239 0.2811942956
240 0.2811942959
241 0.2811942964
242 0.2811942969
243 0.2811942976
244 0.2811942984
245 0.2811942994
246 0.2811943006
247 0.2811943021
248 0.281194304
249 0.2811943064
250 0.2811943092
251 0.2811943127
252 0.2811943171
253 0.2811943224
254 0.2811943289
255 0.2811943369
256 0.2811943466
257 0.2811943585
258 0.2811943731
259 0.2811943908
260 0.2811944124
261 0.2811944387
262 0.2811944707
263 0.2811945095
264 0.2811945566
265 0.2811946137
266 0.2811946827
267 0.2811947663
268 0.2811948672
269 0.2811949889
270 0.2811951357
271 0.2811953124
272 0.281195525
273 0.2811957805
274 0.2811960871
275 0.2811964548
276 0.2811968953
277 0.2811974223
278 0.2811980523
279 0.2811988046
280 0.2811997019
281 0.2812007711
282 0.2812020438
283 0.2812035571
284 0.2812053546
285 0.2812074874
286 0.2812100154
287 0.2812130086
288 0.281216549
289 0.2812207321
290 0.2812256694
291 0.2812314906
292 0.2812383469
293 0.2812464136
294 0.2812558944
295 0.2812670255
296 0.2812800802
297 0.2812953746
298 0.2813132742
299 0.2813342004
300 0.2813586388
301 0.2813871489
302 0.2814203736
303 0.2814590513
304 0.2815040291
305 0.2815562776
306 0.2816169075
307 0.2816871883
308 0.2817685693
309 0.2818627033
310 0.2819714724
311 0.282097018
312 0.2822417726
313 0.282408497
314 0.2826003202
315 0.2828207843
316 0.2830738942
317 0.2833641727
318 0.2836967208
319 0.2840772847
320 0.2845123299
321 0.2850091211
322 0.2855758119
323 0.2862215417
324 0.2869565417
325 0.2877922516
326 0.2887414455
327 0.2898183698
328 0.2910388928
329 0.292420666
330 0.2939833
331 0.2957485533
332 0.2977405361
333 0.2999859302
334 0.3025142238
335 0.3053579641
336 0.3085530268
337 0.3121389038
338 0.3161590094
339 0.3206610052
340 0.3256971446
341 0.331324637
342 0.3376060313
343 0.3446096197
344 0.3524098603
345 0.3610878204
346 0.3707316369
347 0.3814369965
348 0.3933076322
349 0.4064558363
350 0.4210029879
351 0.4370800938
352 0.4548283402
353 0.4743996532
354 0.4959572659
355 0.5196762883
356 0.5457442767
357 0.5743618006
358 0.6057430005
359 0.6401161335
360 0.6777241027
361 0.7188249629
362 0.7636923988
363 0.8126161691
364 0.8659025103
365 0.9238744925
366 0.9868723217
367 1.05525358
368 1.129393396
369 1.20968454
370 1.296537428
371 1.390380044
372 1.491657745
373 1.600832966
374 1.718384808
375 1.844808489
376 1.980614673
377 2.126328645
378 2.282489348
379 2.449648253
380 2.628368074
381 2.819221312
382 3.022788628
383 3.239657036
384 3.47041792
385 3.715664869
386 3.975991329
387 4.25198808
388 4.54424052
389 4.853325795
390 5.179809739
391 5.524243666
392 5.887160998
393 6.269073758
394 6.67046892
395 7.091804656
396 7.533506467
397 7.995963243
398 8.479523245
399 8.984490058
400 9.511118512
401 10.05961062
402 10.63011152
403 11.22270552
404 11.83741218
405 12.47418256
406 13.13289556
407 13.81335448
408 14.51528378
409 15.2383261
410 15.98203947
411 16.74589499
412 17.52927465
413 18.33146967
414 19.15167918
415 19.98900932
416 20.84247279
417 21.71098889
418 22.59338405
419 23.48839288
420 24.39465973
421 25.31074082
422 26.23510692
423 27.16614657
424 28.10216991
425 29.041413
426 29.98204277
427 30.92216249
428 31.85981774
429 32.79300296
430 33.71966846
431 34.63772788
432 35.54506613
433 36.43954772
434 37.31902544
435 38.18134943
436 39.02437641
437 39.84597932
438 40.64405699
439 41.41654403
440 42.16142079
441 42.87672336
442 43.56055348
443 44.21108846
444 44.82659086
445 45.40541806
446 45.94603152
447 46.44700573
448 46.90703684
449 47.32495081
450 47.69971117
451 48.03042619
452 48.31635556
453 48.55691644
454 48.75168891
455 48.90042068
456 49.0030312
457 49.059615
458 49.07044428
459 49.03597081
460 48.95682693
461 48.83382594
462 48.66796161
463 48.46040691
464 48.21251199
465 47.92580145
466 47.60197072
467 47.24288187
468 46.85055855
469 46.42718035
470 45.97507642
471 45.49671848
472 44.99471318
473 44.47179386
474 43.93081186
475 43.37472712
476 42.80659847
477 42.22957334
478 41.64687705
479 41.0618018
480 40.47769516
481 39.89794834
482 39.32598413
483 38.76524451
484 38.21917818
485 37.6912277
486 37.18481662
487 36.70333639
488 36.25013316
489 35.82849457
490 35.44163642
491 35.0926894
492 34.78468578
493 34.52054624
494 34.30306673
495 34.13490554
496 34.01857044
497 33.9564062
498 33.95058223
499 34.00308064
500 34.11568464
501 34.28996731
502 34.52728098
503 34.82874698
504 35.19524614
505 35.6274099
506 36.12561208
507 36.68996157
508 37.32029578
509 38.01617509
510 38.77687825
511 39.60139887
512 40.48844304
513 41.43642813
514 42.44348284
515 43.50744858
516 44.62588219
517 45.79606003
518 47.01498359
519 48.27938647
520 49.58574291
521 50.93027779
522 52.30897816
523 53.71760622
524 55.15171381
525 56.60665829
526 58.07761986
527 59.55962018
528 61.04754226
529 62.53615157
530 64.02011815
531 65.49403979
532 66.95246603
533 68.38992289
534 69.80093819
535 71.18006731
536 72.52191932
537 73.82118305
538 75.07265335
539 76.27125689
540 77.41207781
541 78.49038257
542 79.50164424
543 80.44156574
544 81.30610207
545 82.09148125
546 82.79422389
547 83.41116112
548 83.93945092
549 84.37659259
550 84.72043926
551 84.96920846
552 85.12149046
553 85.17625455
554 85.13285303
555 84.99102297
556 84.7508857
557 84.41294407
558 83.97807744
559 83.44753451
560 82.82292401
561 82.10620337
562 81.29966539
563 80.40592309
564 79.42789286
565 78.368776
566 77.23203886
567 76.02139163
568 74.74076614
569 73.3942926
570 71.98627571
571 70.52117009
572 69.00355539
573 67.43811118
574 65.82959181
575 64.18280141
576 62.50256927
577 60.79372568
578 59.0610784
579 57.30938998
580 55.54335599
581 53.76758432
582 51.98657568
583 50.20470531
584 48.42620617
585 46.65515346
586 44.8954507
587 43.15081733
588 41.4247779
589 39.72065283
590 38.04155072
591 36.39036236
592 34.76975614
593 33.18217512
594 31.62983544
595 30.11472628
596 28.63861107
597 27.20303
598 25.80930379
599 24.45853847
600 23.15163129
601 21.88927743
602 20.67197767
603 19.50004669
604 18.37362206
605 17.29267372
606 16.25701391
607 15.26630747
608 14.32008234
609 13.41774021
610 12.55856728
611 11.74174504
612 10.96636084
613 10.23141846
614 9.535848364
615 8.878517714
616 8.258240066
617 7.673784683
618 7.123885443
619 6.607249312
620 6.122564339
621 5.668507169
622 5.243750053
623 4.846967337
624 4.476841433
625 4.132068279
626 3.811362264
627 3.513460664
628 3.237127564
629 2.981157306
630 2.744377468
631 2.525651391
632 2.323880284
633 2.138004926
634 1.967006986
635 1.809909988
636 1.665779951
637 1.533725721
638 1.412899026
639 1.302494289
640 1.201748198
641 1.10993909
642 1.02638615
643 0.9504484567
644 0.8815238934
645 0.8190479523
646 0.7624924423
647 0.7113641247
648 0.6652032909
649 0.6235823008
650 0.5861040924
651 0.5524006794
652 0.5221316458
653 0.4949826497
654 0.4706639443
655 0.4489089254
656 0.4294727115
657 0.4121307628
658 0.3966775441
659 0.3829252353
660 0.3707024931
661 0.3598532661
662 0.3502356648
663 0.341720888
664 0.3341922056
665 0.3275439984
666 0.3216808534
667 0.3165167152
668 0.3119740909
669 0.3079833078
670 0.3044818221
671 0.3014135769
672 0.2987284068
673 0.2963814878
674 0.2943328296
675 0.292546809
676 0.2909917403
677 0.2896394834
678 0.2884650837
679 0.2874464451
680 0.2865640313
681 0.2858005949
682 0.2851409317
683 0.2845716583
684 0.2840810112
685 0.283658666
686 0.2832955743
687 0.2829838175
688 0.2827164757
689 0.2824875107
690 0.2822916607
691 0.2821243476
692 0.2819815933
693 0.2818599463
694 0.2817564161
695 0.2816684155
696 0.2815937089
697 0.2815303678
698 0.2814767304
699 0.2814313672
700 0.2813930498
701 0.2813607246
702 0.2813334885
703 0.2813105691
704 0.2812913063
705 0.2812751371
706 0.2812615815
707 0.2812502314
708 0.2812407397
709 0.2812328121
710 0.281226199
711 0.2812206895
712 0.281216105
713 0.2812122951
714 0.2812091327
715 0.2812065112
716 0.2812043407
717 0.2812025458
718 0.2812010634
719 0.2811998406
720 0.2811988333
721 0.2811980044
722 0.2811973232
723 0.2811967641
724 0.2811963057
725 0.2811959305
726 0.2811956236
727 0.281195373
728 0.2811951686
729 0.2811950021
730 0.2811948665
731 0.2811947564
732 0.281194667
733 0.2811945946
734 0.2811945359
735 0.2811944885
736 0.2811944501
737 0.2811944192
738 0.2811943943
739 0.2811943743
740 0.2811943582
741 0.2811943453
742 0.2811943349
743 0.2811943266
744 0.28119432
745 0.2811943147
746 0.2811943104
747 0.2811943071
748 0.2811943044
749 0.2811943023
750 0.2811943006
751 0.2811942992
752 0.2811942982
753 0.2811942973
754 0.2811942967
755 0.2811942961
756 0.2811942957
757 0.2811942954
758 0.2811942951
759 0.2811942949
760 0.2811942948
761 0.2811942947
762 0.2811942946
763 0.2811942945
764 0.2811942944
765 0.2811942944
766 0.2811942944
767 0.2811942943
768 0.2811942943
769 0.2811942943
770 0.2811942943
771 0.2811942943
772 0.2811942943
773 0.2811942943
774 0.2811942942
775 0.2811942942
776 0.2811942942
777 0.2811942942
778 0.2811942942
779 0.2811942942
780 0.2811942942
781 0.2811942942
782 0.2811942942
783 0.2811942942
784 0.2811942942
785 0.2811942942
786 0.2811942942
787 0.2811942942
788 0.2811942942
789 0.2811942942
790 0.2811942942
791 0.2811942942
792 0.2811942942
793 0.2811942942
794 0.2811942942
795 0.2811942942
796 0.2811942942
797 0.2811942942
798 0.2811942942
799 0.2811942942
800 0.2811942942
801 0.2811942942
802 0.2811942942
803 0.2811942942
804 0.2811942942
805 0.2811942942
806 0.2811942942
807 0.2811942942
808 0.2811942942
809 0.2811942942
810 0.2811942942
811 0.2811942942
812 0.2811942942
813 0.2811942942
814 0.2811942942
815 0.2811942942
816 0.2811942942
817 0.2811942942
818 0.2811942942
819 0.2811942942
820 0.2811942942
821 0.2811942942
822 0.2811942942
823 0.2811942942
824 0.2811942942
825 0.2811942942
826 0.2811942942
827 0.2811942942
828 0.2811942942
829 0.2811942942
830 0.2811942942
831 0.2811942942
832 0.2811942942
833 0.2811942942
834 0.2811942942
835 0.2811942942
836 0.2811942942
837 0.2811942942
838 0.2811942942
839 0.2811942942
840 0.2811942942
841 0.2811942942
842 0.2811942942
843 0.2811942942
844 0.2811942942
845 0.2811942942
846 0.2811942942
847 0.2811942942
848 0.2811942942
849 0.2811942942
850 0.2811942942
851 0.2811942942
852 0.2811942942
853 0.2811942942
854 0.2811942942
855 0.2811942942
856 0.2811942942
857 0.2811942942
858 0.2811942942
859 0.2811942942
860 0.2811942942
861 0.2811942942
862 0.2811942942
863 0.2811942942
864 0.2811942942
865 0.2811942942
866 0.2811942942
867 0.2811942942
868 0.2811942942
869 0.2811942942
870 0.2811942942
871 0.2811942942
872 0.2811942942
873 0.2811942942
874 0.2811942942
875 0.2811942942
876 0.2811942942
877 0.2811942942
878 0.2811942942
879 0.2811942942
880 0.2811942942
881 0.2811942942
882 0.2811942942
883 0.2811942942
884 0.2811942942
885 0.2811942942
886 0.2811942942
887 0.2811942942
888 0.2811942942
889 0.2811942942
890 0.2811942942
891 0.2811942942
892 0.2811942942
893 0.2811942942
894 0.2811942942
895 0.2811942942
896 0.2811942942
897 0.2811942942
898 0.2811942942
899 0.2811942942
900 0.2811942942
901 0.2811942942
902 0.2811942942
903 0.2811942942
904 0.2811942942
905 0.2811942942
906 0.2811942942
907 0.2811942942
908 0.2811942942
909 0.2811942942
910 0.2811942942
911 0.2811942942
912 0.2811942942
913 0.2811942942
914 0.2811942942
915 0.2811942942
916 0.2811942942
917 0.2811942942
918 0.2811942942
919 0.2811942942
920 0.2811942942
921 0.2811942942
922 0.2811942942
923 0.2811942942
924 0.2811942942
925 0.2811942942
926 0.2811942942
927 0.2811942942
928 0.2811942942
929 0.2811942942
930 0.2811942942
931 0.2811942942
932 0.2811942942
933 0.2811942942
934 0.2811942942
935 0.2811942942
936 0.2811942942
937 0.2811942942
938 0.2811942942
939 0.2811942942
940 0.2811942942
941 0.2811942942
942 0.2811942942
943 0.2811942942
944 0.2811942942
945 0.2811942942
946 0.2811942942
947 0.2811942942
948 0.2811942942
949 0.2811942942
950 0.2811942942
951 0.2811942942
952 0.2811942942
953 0.2811942942
954 0.2811942942
955 0.2811942942
956 0.2811942942
957 0.2811942942
958 0.2811942942
959 0.2811942942
960 0.2811942942
961 0.2811942942
962 0.2811942942
963 0.2811942942
964 0.2811942942
965 0.2811942942
966 0.2811942942
967 0.2811942942
968 0.2811942942
969 0.2811942942
970 0.2811942942
971 0.2811942942
972 0.2811942942
973 0.2811942942
974 0.2811942942
975 0.2811942942
976 0.2811942942
977 0.2811942942
978 0.2811942942
979 0.2811942942
980 0.2811942942
981 0.2811942942
982 0.2811942942
983 0.2811942942
984 0.2811942942
985 0.2811942942
986 0.2811942942
987 0.2811942942
988 0.2811942942
989 0.2811942942
990 0.2811942942
991 0.2811942942
992 0.2811942942
993 0.2811942942
994 0.2811942942
995 0.2811942942
996 0.2811942942
997 0.2811942942
998 0.2811942942
999 0.2811942942
1000 0.2811942942
1001 0.2811942942
1002 0.2811942942
1003 0.2811942942
1004 0.2811942942
1005 0.2811942942
1006 0.2811942942
1007 0.2811942942
1008 0.2811942942
1009 0.2811942942
1010 0.2811942942
1011 0.2811942942
1012 0.2811942942
1013 0.2811942942
1014 0.2811942942
1015 0.2811942942
1016 0.2811942942
1017 0.2811942942
1018 0.2811942942
1019 0.2811942942
1020 0.2811942942
1021 0.2811942942
1022 0.2811942942
1023 0.2811942942
