#54526 2910.003330999637807 0.0045697504262229406494 1 1261 16.000049430220818044 1024 7 1 J1713+0747 0.0000000 
0 13.60581219
1 12.72492045
2 11.88767159
3 11.09310587
4 10.340179
5 9.62777266
6 8.954704867
7 8.319739886
8 7.721597813
9 7.158963708
10 6.630496276
11 6.134836047
12 5.670613059
13 5.236454012
14 4.83098889
15 4.452857041
16 4.100712727
17 3.773230132
18 3.469107852
19 3.187072869
20 2.925884029
21 2.684335037
22 2.461257
23 2.255520524
24 2.066037406
25 1.891761929
26 1.731691809
27 1.584868789
28 1.450378936
29 1.327352654
30 1.214964438
31 1.112432403
32 1.019017605
33 0.9340231833
34 0.8567933527
35 0.7867122526
36 0.7232026922
37 0.6657247996
38 0.6137745997
39 0.5668825346
40 0.5246119456
41 0.4865575293
42 0.4523437816
43 0.4216234424
44 0.3940759497
45 0.3694059153
46 0.347341627
47 0.3276335873
48 0.3100530923
49 0.2943908574
50 0.2804556925
51 0.2680732308
52 0.2570847132
53 0.2473458295
54 0.2387256186
55 0.2311054263
56 0.2243779226
57 0.218446176
58 0.2132227858
59 0.2086290691
60 0.2045943028
61 0.2010550175
62 0.1979543418
63 0.1952413952
64 0.1928707269
65 0.1908017981
66 0.1889985066
67 0.1874287492
68 0.1860640222
69 0.1848790554
70 0.183851479
71 0.1829615197
72 0.1821917256
73 0.1815267158
74 0.1809529553
75 0.18045855
76 0.1800330636
77 0.179667352
78 0.1793534149
79 0.1790842627
80 0.1788537979
81 0.1786567083
82 0.1784883732
83 0.1783447785
84 0.1782224422
85 0.1781183482
86 0.1780298877
87 0.1779548073
88 0.177891163
89 0.1778372808
90 0.1777917204
91 0.1777532449
92 0.1777207934
93 0.1776934568
94 0.1776704579
95 0.1776511326
96 0.1776349144
97 0.1776213207
98 0.1776099411
99 0.1776004269
100 0.1775924821
101 0.1775858563
102 0.1775803373
103 0.1775757459
104 0.177571931
105 0.1775687653
106 0.1775661415
107 0.1775639696
108 0.177562174
109 0.1775606913
110 0.1775594686
111 0.1775584614
112 0.1775576329
113 0.1775569522
114 0.1775563936
115 0.1775559358
116 0.177555561
117 0.1775552546
118 0.1775550044
119 0.1775548004
120 0.1775546342
121 0.177554499
122 0.1775543892
123 0.1775543001
124 0.1775542278
125 0.1775541693
126 0.1775541221
127 0.1775540839
128 0.1775540531
129 0.1775540283
130 0.1775540084
131 0.1775539923
132 0.1775539795
133 0.1775539691
134 0.1775539609
135 0.1775539543
136 0.177553949
137 0.1775539448
138 0.1775539415
139 0.1775539388
140 0.1775539367
141 0.177553935
142 0.1775539337
143 0.1775539326
144 0.1775539318
145 0.1775539311
146 0.1775539306
147 0.1775539302
148 0.1775539299
149 0.1775539296
150 0.1775539294
151 0.1775539293
152 0.1775539292
153 0.1775539291
154 0.177553929
155 0.1775539289
156 0.1775539289
157 0.1775539288
158 0.1775539288
159 0.1775539288
160 0.1775539288
161 0.1775539288
162 0.1775539288
163 0.1775539287
164 0.1775539287
165 0.1775539287
166 0.1775539287
167 0.1775539287
168 0.1775539287
169 0.1775539287
170 0.1775539287
171 0.1775539287
172 0.1775539287
173 0.1775539287
174 0.1775539287
175 0.1775539287
176 0.1775539287
177 0.1775539287
178 0.1775539287
179 0.1775539287
180 0.1775539287
181 0.1775539287
182 0.1775539287
183 0.1775539287
184 0.1775539287
185 0.1775539287
186 0.1775539287
187 0.1775539287
188 0.1775539287
189 0.1775539287
190 0.1775539287
191 0.1775539287
192 0.1775539287
193 0.1775539287
194 0.1775539287
195 0.1775539287
196 0.1775539287
197 0.1775539287
198 0.1775539287
199 0.1775539287
200 0.1775539287
201 0.1775539287
202 0.1775539287
203 0.1775539287
204 0.1775539287
205 0.1775539287
206 0.1775539287
207 0.1775539287
208 0.1775539287
209 0.1775539287
210 0.1775539287
211 0.1775539287
212 0.1775539287
213 0.1775539287
214 0.1775539287
215 0.1775539287
216 0.1775539287
217 0.1775539287
218 0.1775539287
219 0.1775539287
220 0.1775539287
221 0.1775539287
222 0.1775539287
223 0.1775539287
224 0.1775539287
225 0.1775539287
226 0.1775539287
227 0.1775539287
228 0.1775539287
229 0.1775539287
230 0.1775539287
231 0.1775539287
232 0.1775539287
233 0.1775539287
234 0.1775539287
235 0.1775539287
236 0.1775539287
237 0.1775539287
238 0.1775539287
239 0.1775539287
240 0.1775539287
241 0.1775539287
242 0.1775539287
243 0.1775539287
244 0.1775539287
245 0.1775539287
246 0.1775539287
247 0.1775539287
248 0.1775539287
249 0.1775539287
250 0.1775539287
251 0.1775539287
252 0.1775539287
253 0.1775539287
254 0.1775539287
255 0.1775539287
256 0.1775539287
257 0.1775539287
258 0.1775539287
259 0.1775539287
260 0.1775539287
261 0.1775539287
262 0.1775539287
263 0.1775539287
264 0.1775539287
265 0.1775539287
266 0.1775539287
267 0.1775539287
268 0.1775539287
269 0.1775539287
270 0.1775539287
271 0.1775539287
272 0.1775539287
273 0.1775539287
274 0.1775539287
275 0.1775539287
276 0.1775539287
277 0.1775539287
278 0.1775539287
279 0.1775539287
280 0.1775539287
281 0.1775539287
282 0.1775539287
283 0.1775539287
284 0.1775539287
285 0.1775539287
286 0.1775539287
287 0.1775539287
288 0.1775539287
289 0.1775539287
290 0.1775539287
291 0.1775539287
292 0.1775539287
293 0.1775539287
294 0.1775539287
295 0.1775539287
296 0.1775539287
297 0.1775539287
298 0.1775539287
299 0.1775539287
300 0.1775539287
301 0.1775539287
302 0.1775539287
303 0.1775539287
304 0.1775539287
305 0.1775539287
306 0.1775539287
307 0.1775539287
308 0.1775539287
309 0.1775539287
310 0.1775539287
311 0.1775539287
312 0.1775539287
313 0.1775539287
314 0.1775539287
315 0.1775539287
316 0.1775539287
317 0.1775539287
318 0.1775539287
319 0.1775539287
320 0.1775539287
321 0.1775539287
322 0.1775539287
323 0.1775539287
324 0.1775539287
325 0.1775539287
326 0.1775539287
327 0.1775539287
328 0.1775539287
329 0.1775539287
330 0.1775539287
331 0.1775539287
332 0.1775539287
333 0.1775539287
334 0.1775539287
335 0.1775539287
336 0.1775539287
337 0.1775539287
338 0.1775539287
339 0.1775539287
340 0.1775539287
341 0.1775539287
342 0.1775539287
343 0.1775539287
344 0.1775539287
345 0.1775539287
346 0.1775539287
347 0.1775539287
348 0.1775539287
349 0.1775539287
350 0.1775539287
351 0.1775539287
352 0.1775539287
353 0.1775539287
354 0.1775539287
355 0.1775539287
356 0.1775539287
357 0.1775539287
358 0.1775539287
359 0.1775539287
360 0.1775539287
361 0.1775539287
362 0.1775539287
363 0.1775539287
364 0.1775539287
365 0.1775539287
366 0.1775539287
367 0.1775539287
368 0.1775539287
369 0.1775539287
370 0.1775539287
371 0.1775539287
372 0.1775539287
373 0.1775539287
374 0.1775539287
375 0.1775539287
376 0.1775539287
377 0.1775539287
378 0.1775539287
379 0.1775539287
380 0.1775539287
381 0.1775539287
382 0.1775539287
383 0.1775539287
384 0.1775539287
385 0.1775539287
386 0.1775539287
387 0.1775539287
388 0.1775539287
389 0.1775539287
390 0.1775539287
391 0.1775539287
392 0.1775539287
393 0.1775539287
394 0.1775539287
395 0.1775539287
396 0.1775539287
397 0.1775539287
398 0.1775539287
399 0.1775539287
400 0.1775539287
401 0.1775539287
402 0.1775539287
403 0.1775539287
404 0.1775539287
405 0.1775539287
406 0.1775539287
407 0.1775539287
408 0.1775539287
409 0.1775539287
410 0.1775539287
411 0.1775539287
412 0.1775539287
413 0.1775539287
414 0.1775539287
415 0.1775539287
416 0.1775539287
417 0.1775539287
418 0.1775539287
419 0.1775539287
420 0.1775539287
421 0.1775539287
422 0.1775539287
423 0.1775539287
424 0.1775539287
425 0.1775539287
426 0.1775539287
427 0.1775539287
428 0.1775539287
429 0.1775539287
430 0.1775539287
431 0.1775539287
432 0.1775539287
433 0.1775539287
434 0.1775539287
435 0.1775539287
436 0.1775539287
437 0.1775539287
438 0.1775539287
439 0.1775539287
440 0.1775539287
441 0.1775539287
442 0.1775539287
443 0.1775539287
444 0.1775539287
445 0.1775539287
446 0.1775539287
447 0.1775539287
448 0.1775539287
449 0.1775539287
450 0.1775539287
451 0.1775539287
452 0.1775539287
453 0.1775539287
454 0.1775539287
455 0.1775539287
456 0.1775539287
457 0.1775539287
458 0.1775539287
459 0.1775539287
460 0.1775539287
461 0.1775539287
462 0.1775539287
463 0.1775539287
464 0.1775539287
465 0.1775539287
466 0.1775539287
467 0.1775539287
468 0.1775539287
469 0.1775539287
470 0.1775539287
471 0.1775539287
472 0.1775539287
473 0.1775539287
474 0.1775539287
475 0.1775539287
476 0.1775539287
477 0.1775539287
478 0.1775539287
479 0.1775539287
480 0.1775539287
481 0.1775539287
482 0.1775539287
483 0.1775539287
484 0.1775539287
485 0.1775539287
486 0.1775539287
487 0.1775539287
488 0.1775539287
489 0.1775539287
490 0.1775539287
491 0.1775539287
492 0.1775539287
493 0.1775539287
494 0.1775539287
495 0.1775539287
496 0.1775539287
497 0.1775539287
498 0.1775539287
499 0.1775539287
500 0.1775539287
501 0.1775539287
502 0.1775539287
503 0.1775539287
504 0.1775539287
505 0.1775539287
506 0.1775539287
507 0.1775539287
508 0.1775539287
509 0.1775539287
510 0.1775539287
511 0.1775539287
512 0.1775539287
513 0.1775539287
514 0.1775539287
515 0.1775539287
516 0.1775539287
517 0.1775539287
518 0.1775539287
519 0.1775539287
520 0.1775539287
521 0.1775539287
522 0.1775539287
523 0.1775539287
524 0.1775539287
525 0.1775539287
526 0.1775539287
527 0.1775539287
528 0.1775539287
529 0.1775539287
530 0.1775539287
531 0.1775539287
532 0.1775539287
533 0.1775539287
534 0.1775539287
535 0.1775539287
536 0.1775539287
537 0.1775539287
538 0.1775539287
539 0.1775539287
540 0.1775539287
541 0.1775539287
542 0.1775539287
543 0.1775539287
544 0.1775539287
545 0.1775539287
546 0.1775539287
547 0.1775539287
548 0.1775539287
549 0.1775539287
550 0.1775539287
551 0.1775539287
552 0.1775539287
553 0.1775539287
554 0.1775539287
555 0.1775539287
556 0.1775539287
557 0.1775539287
558 0.1775539287
559 0.1775539287
560 0.1775539287
561 0.1775539287
562 0.1775539287
563 0.1775539287
564 0.1775539287
565 0.1775539287
566 0.1775539287
567 0.1775539287
568 0.1775539287
569 0.1775539287
570 0.1775539287
571 0.1775539287
572 0.1775539287
573 0.1775539287
574 0.1775539287
575 0.1775539287
576 0.1775539287
577 0.1775539287
578 0.1775539287
579 0.1775539287
580 0.1775539287
581 0.1775539287
582 0.1775539287
583 0.1775539287
584 0.1775539287
585 0.1775539287
586 0.1775539287
587 0.1775539287
588 0.1775539287
589 0.1775539287
590 0.1775539287
591 0.1775539287
592 0.1775539287
593 0.1775539287
594 0.1775539287
595 0.1775539287
596 0.1775539287
597 0.1775539287
598 0.1775539287
599 0.1775539287
600 0.1775539287
601 0.1775539287
602 0.1775539287
603 0.1775539287
604 0.1775539287
605 0.1775539287
606 0.1775539287
607 0.1775539287
608 0.1775539287
609 0.1775539287
610 0.1775539287
611 0.1775539287
612 0.1775539287
613 0.1775539287
614 0.1775539287
615 0.1775539287
616 0.1775539287
617 0.1775539287
618 0.1775539287
619 0.1775539287
620 0.1775539287
621 0.1775539287
622 0.1775539287
623 0.1775539287
624 0.1775539287
625 0.1775539287
626 0.1775539287
627 0.1775539287
628 0.1775539287
629 0.1775539287
630 0.1775539287
631 0.1775539287
632 0.1775539287
633 0.1775539287
634 0.1775539287
635 0.1775539287
636 0.1775539287
637 0.1775539288
638 0.1775539288
639 0.1775539288
640 0.1775539288
641 0.1775539288
642 0.1775539288
643 0.1775539288
644 0.1775539289
645 0.1775539289
646 0.177553929
647 0.177553929
648 0.1775539291
649 0.1775539292
650 0.1775539293
651 0.1775539295
652 0.1775539297
653 0.1775539299
654 0.1775539302
655 0.1775539306
656 0.177553931
657 0.1775539316
658 0.1775539323
659 0.1775539332
660 0.1775539342
661 0.1775539356
662 0.1775539372
663 0.1775539392
664 0.1775539417
665 0.1775539448
666 0.1775539486
667 0.1775539532
668 0.1775539589
669 0.1775539659
670 0.1775539744
671 0.1775539849
672 0.1775539976
673 0.1775540132
674 0.1775540322
675 0.1775540553
676 0.1775540835
677 0.1775541177
678 0.1775541592
679 0.1775542096
680 0.1775542706
681 0.1775543444
682 0.1775544337
683 0.1775545416
684 0.1775546717
685 0.1775548285
686 0.1775550172
687 0.1775552443
688 0.177555517
689 0.1775558444
690 0.1775562369
691 0.1775567069
692 0.1775572693
693 0.1775579414
694 0.1775587437
695 0.1775597006
696 0.1775608406
697 0.1775621973
698 0.1775638102
699 0.1775657256
700 0.177567998
701 0.1775706908
702 0.1775738787
703 0.1775776486
704 0.1775821021
705 0.1775873575
706 0.1775935527
707 0.1776008481
708 0.1776094298
709 0.1776195141
710 0.1776313515
711 0.177645232
712 0.177661491
713 0.1776805158
714 0.1777027533
715 0.1777287186
716 0.1777590041
717 0.1777942913
718 0.1778353624
719 0.1778831146
720 0.1779385758
721 0.1780029216
722 0.178077496
723 0.1781638328
724 0.1782636805
725 0.1783790303
726 0.1785121466
727 0.1786656018
728 0.1788423143
729 0.1790455913
730 0.1792791757
731 0.1795472986
732 0.1798547373
733 0.1802068784
734 0.1806097891
735 0.1810702937
736 0.1815960593
737 0.1821956888
738 0.182878823
739 0.1836562525
740 0.1845400393
741 0.1855436497
742 0.1866820989
743 0.1879721072
744 0.1894322704
745 0.191083243
746 0.1929479369
747 0.1950517344
748 0.1974227188
749 0.20009192
750 0.2030935789
751 0.2064654295
752 0.2102489994
753 0.21448993
754 0.2192383165
755 0.2245490669
756 0.2304822825
757 0.2371036586
758 0.2444849048
759 0.2527041864
760 0.2618465855
761 0.2720045816
762 0.2832785502
763 0.2957772801
764 0.3096185066
765 0.3249294593
766 0.3418474238
767 0.3605203143
768 0.3811072544
769 0.4037791642
770 0.42871935
771 0.4561240937
772 0.4862032367
773 0.5191807554
774 0.5552953233
775 0.5948008542
776 0.6379670206
777 0.6850797431
778 0.7364416427
779 0.7923724498
780 0.8532093638
781 0.9193073548
782 0.9910394
783 1.068796647
784 1.152988496
785 1.244042592
786 1.342404719
787 1.448538586
788 1.562925501
789 1.686063917
790 1.818468845
791 1.960671134
792 2.113216594
793 2.276664964
794 2.451588726
795 2.638571736
796 2.838207694
797 3.051098425
798 3.277851984
799 3.519080564
800 3.775398234
801 4.047418471
802 4.335751516
803 4.641001545
804 4.963763654
805 5.304620679
806 5.664139839
807 6.042869228
808 6.441334158
809 6.860033369
810 7.299435119
811 7.759973177
812 8.242042721
813 8.745996188
814 9.272139072
815 9.820725708
816 10.39195507
817 10.98596661
818 11.60283612
819 12.24257177
820 12.9051102
821 13.59031279
822 14.29796213
823 15.02775871
824 15.77931787
825 16.55216703
826 17.34574325
827 18.15939111
828 18.99236107
829 19.84380812
830 20.71279097
831 21.59827166
832 22.49911571
833 23.41409272
834 24.34187757
835 25.28105214
836 26.2301076
837 27.18744728
838 28.15139011
839 29.12017469
840 30.09196384
841 31.06484983
842 32.03686013
843 33.00596369
844 33.9700778
845 34.92707539
846 35.8747929
847 36.81103852
848 37.73360088
849 38.64025808
850 39.52878714
851 40.39697363
852 41.24262157
853 42.06356357
854 42.85767104
855 43.62286448
856 44.35712382
857 45.05849872
858 45.72511871
859 46.35520328
860 46.94707162
861 47.49915225
862 48.00999215
863 48.47826562
864 48.90278267
865 49.28249691
866 49.61651289
867 49.90409292
868 50.14466317
869 50.33781922
870 50.48333083
871 50.58114602
872 50.6313944
873 50.63438976
874 50.59063179
875 50.50080715
876 50.36578954
877 50.18663917
878 49.96460128
879 49.70110394
880 49.397755
881 49.05633834
882 48.67880927
883 48.26728931
884 47.8240601
885 47.3515568
886 46.85236063
887 46.32919096
888 45.78489667
889 45.22244699
890 44.64492178
891 44.05550133
892 43.45745569
893 42.8541335
894 42.24895051
895 41.64537766
896 41.04692887
897 40.45714849
898 39.87959852
899 39.31784557
900 38.77544761
901 38.2559406
902 37.76282492
903 37.29955173
904 36.86950927
905 36.47600909
906 36.12227231
907 35.81141589
908 35.54643901
909 35.33020948
910 35.16545041
911 35.054727
912 35.00043359
913 35.00478098
914 35.06978415
915 35.1972503
916 35.38876737
917 35.64569308
918 35.96914451
919 36.35998833
920 36.81883174
921 37.34601414
922 37.94159966
923 38.60537061
924 39.33682186
925 40.13515631
926 40.99928141
927 41.92780697
928 42.9190441
929 43.97100551
930 45.08140716
931 46.24767134
932 47.46693116
933 48.73603659
934 50.05156197
935 51.40981509
936 52.8068478
937 54.23846823
938 55.70025444
939 57.1875697
940 58.69557915
941 60.21926796
942 61.75346085
943 63.29284285
944 64.83198131
945 66.36534902
946 67.88734832
947 69.39233601
948 70.87464913
949 72.32863118
950 73.74865887
951 75.12916911
952 76.46468606
953 77.74984819
954 78.97943499
955 80.1483933
956 81.25186297
957 82.28520181
958 83.24400945
959 84.12415007
960 84.9217739
961 85.63333707
962 86.25561998
963 86.78574382
964 87.22118516
965 87.55978859
966 87.79977723
967 87.93976102
968 87.97874275
969 87.91612183
970 87.75169571
971 87.4856589
972 87.11859977
973 86.65149497
974 86.08570159
975 85.42294721
976 84.66531775
977 83.81524342
978 82.8754827
979 81.8491046
980 80.73946932
981 79.55020745
982 78.28519784
983 76.94854445
984 75.54455216
985 74.07770191
986 72.55262523
987 70.97407846
988 69.34691674
989 67.67606801
990 65.96650725
991 64.22323106
992 62.45123277
993 60.65547826
994 58.84088266
995 57.01228801
996 55.17444207
997 53.33197833
998 51.48939741
999 49.65104987
1000 47.82112047
1001 46.00361409
1002 44.20234314
1003 42.42091669
1004 40.66273118
1005 38.9309628
1006 37.22856152
1007 35.55824664
1008 33.92250404
1009 32.3235848
1010 30.76350538
1011 29.24404911
1012 27.76676907
1013 26.33299208
1014 24.94382397
1015 23.60015573
1016 22.30267073
1017 21.05185271
1018 19.84799451
1019 18.69120748
1020 17.58143134
1021 16.51844458
1022 15.5018751
1023 14.5312111
