#54460 2909.999415375770544 0.0045700186745149294978 1 1317 16.000049430220818044 1024 7 1 J1713+0747 0.0000000 
0 0.36026351
1 0.36026351
2 0.36026351
3 0.36026351
4 0.36026351
5 0.36026351
6 0.36026351
7 0.36026351
8 0.36026351
9 0.36026351
10 0.36026351
11 0.36026351
12 0.36026351
13 0.36026351
14 0.36026351
15 0.36026351
16 0.36026351
17 0.36026351
18 0.36026351
19 0.36026351
20 0.36026351
21 0.36026351
22 0.36026351
23 0.36026351
24 0.36026351
25 0.36026351
26 0.36026351
27 0.36026351
28 0.36026351
29 0.36026351
30 0.36026351
31 0.36026351
32 0.36026351
33 0.36026351
34 0.36026351
35 0.36026351
36 0.36026351
37 0.36026351
38 0.36026351
39 0.36026351
40 0.36026351
41 0.36026351
42 0.36026351
43 0.36026351
44 0.36026351
45 0.36026351
46 0.36026351
47 0.36026351
48 0.36026351
49 0.36026351
50 0.36026351
51 0.36026351
52 0.36026351
53 0.36026351
54 0.36026351
55 0.36026351
56 0.36026351
57 0.36026351
58 0.36026351
59 0.36026351
60 0.36026351
61 0.36026351
62 0.36026351
63 0.36026351
64 0.36026351
65 0.36026351
66 0.36026351
67 0.36026351
68 0.36026351
69 0.36026351
70 0.36026351
71 0.36026351
72 0.36026351
73 0.36026351
74 0.36026351
75 0.36026351
76 0.36026351
77 0.36026351
78 0.36026351
79 0.36026351
80 0.36026351
81 0.36026351
82 0.36026351
83 0.36026351
84 0.36026351
85 0.36026351
86 0.36026351
87 0.36026351
88 0.36026351
89 0.36026351
90 0.36026351
91 0.36026351
92 0.36026351
93 0.36026351
94 0.36026351
95 0.36026351
96 0.36026351
97 0.36026351
98 0.36026351
99 0.36026351
100 0.36026351
101 0.36026351
102 0.36026351
103 0.36026351
104 0.36026351
105 0.36026351
106 0.36026351
107 0.36026351
108 0.36026351
109 0.36026351
110 0.36026351
111 0.36026351
112 0.36026351
113 0.36026351
114 0.36026351
115 0.36026351
116 0.36026351
117 0.36026351
118 0.36026351
119 0.36026351
120 0.36026351
121 0.36026351
122 0.3602635101
123 0.3602635101
124 0.3602635101
125 0.3602635101
126 0.3602635101
127 0.3602635102
128 0.3602635102
129 0.3602635103
130 0.3602635104
131 0.3602635104
132 0.3602635106
133 0.3602635107
134 0.3602635109
135 0.3602635111
136 0.3602635114
137 0.3602635117
138 0.3602635121
139 0.3602635127
140 0.3602635133
141 0.3602635141
142 0.3602635151
143 0.3602635164
144 0.3602635179
145 0.3602635198
146 0.3602635221
147 0.3602635249
148 0.3602635285
149 0.3602635328
150 0.3602635381
151 0.3602635445
152 0.3602635525
153 0.3602635622
154 0.3602635741
155 0.3602635886
156 0.3602636062
157 0.3602636278
158 0.360263654
159 0.3602636858
160 0.3602637245
161 0.3602637714
162 0.3602638282
163 0.3602638969
164 0.3602639801
165 0.3602640806
166 0.3602642018
167 0.3602643479
168 0.3602645238
169 0.3602647354
170 0.3602649897
171 0.3602652949
172 0.3602656608
173 0.3602660991
174 0.3602666236
175 0.3602672504
176 0.3602679989
177 0.3602688917
178 0.3602699554
179 0.3602712214
180 0.3602727268
181 0.3602745147
182 0.360276636
183 0.3602791503
184 0.3602821271
185 0.3602856478
186 0.3602898074
187 0.3602947167
188 0.3603005046
189 0.3603073212
190 0.3603153407
191 0.3603247656
192 0.3603358303
193 0.3603488065
194 0.360364008
195 0.3603817978
196 0.3604025943
197 0.3604268801
198 0.3604552103
199 0.3604882234
200 0.3605266526
201 0.3605713388
202 0.3606232455
203 0.3606834752
204 0.360753288
205 0.3608341224
206 0.3609276186
207 0.3610356444
208 0.3611603247
209 0.3613040732
210 0.3614696289
211 0.3616600963
212 0.3618789892
213 0.3621302805
214 0.3624184562
215 0.3627485758
216 0.3631263383
217 0.3635581552
218 0.3640512309
219 0.3646136501
220 0.3652544743
221 0.3659838473
222 0.3668131098
223 0.3677549248
224 0.3688234136
225 0.3700343041
226 0.3714050905
227 0.3729552069
228 0.3747062149
229 0.3766820047
230 0.3789090123
231 0.3814164527
232 0.3842365688
233 0.3874048985
234 0.3909605588
235 0.3949465488
236 0.3994100706
237 0.4044028702
238 0.409981597
239 0.4162081829
240 0.4231502411
241 0.4308814843
242 0.4394821612
243 0.4490395124
244 0.4596482439
245 0.4714110171
246 0.4844389556
247 0.4988521652
248 0.514780268
249 0.5323629461
250 0.5517504946
251 0.5731043804
252 0.5965978038
253 0.6224162601
254 0.6507580965
255 0.6818350626
256 0.7158728463
257 0.7531115945
258 0.7938064102
259 0.8382278221
260 0.8866622195
261 0.9394122485
262 0.9967971595
263 1.059153102
264 1.126833357
265 1.200208503
266 1.279666501
267 1.365612702
268 1.458469752
269 1.558677408
270 1.666692232
271 1.782987182
272 1.908051063
273 2.042387857
274 2.186515907
275 2.340966954
276 2.506285016
277 2.683025119
278 2.871751844
279 3.07303772
280 3.287461433
281 3.515605862
282 3.758055935
283 4.01539631
284 4.288208868
285 4.577070045
286 4.882547976
287 5.205199485
288 5.545566908
289 5.904174767
290 6.281526298
291 6.678099864
292 7.094345235
293 7.530679779
294 7.987484573
295 8.465100445
296 8.96382398
297 9.483903503
298 10.02553507
299 10.5888585
300 11.17395344
301 11.78083554
302 12.40945275
303 13.05968173
304 13.73132447
305 14.42410511
306 15.13766699
307 15.87157
308 16.62528818
309 17.39820773
310 18.18962531
311 18.99874676
312 19.82468628
313 20.66646599
314 21.523016
315 22.39317495
316 23.27569107
317 24.16922378
318 25.07234578
319 25.98354573
320 26.90123148
321 27.82373383
322 28.74931085
323 29.67615279
324 30.60238746
325 31.5260862
326 32.44527031
327 33.357918
328 34.26197177
329 35.15534625
330 36.03593646
331 36.90162633
332 37.75029765
333 38.57983928
334 39.38815651
335 40.17318072
336 40.93287907
337 41.66526433
338 42.36840472
339 43.04043372
340 43.67955976
341 44.28407583
342 44.85236884
343 45.38292874
344 45.87435733
345 46.32537676
346 46.73483749
347 47.10172595
348 47.42517156
349 47.70445328
350 47.93900554
351 48.12842355
352 48.27246798
353 48.37106889
354 48.42432898
355 48.4325262
356 48.39611543
357 48.31572959
358 48.19217985
359 48.02645514
360 47.8197209
361 47.57331702
362 47.28875507
363 46.96771478
364 46.61203976
365 46.2237326
366 45.80494916
367 45.35799234
368 44.88530509
369 44.38946287
370 43.87316557
371 43.33922877
372 42.79057461
373 42.23022208
374 41.66127689
375 41.08692097
376 40.51040145
377 39.93501945
378 39.36411842
379 38.80107224
380 38.24927309
381 37.71211899
382 37.19300129
383 36.69529187
384 36.22233025
385 35.77741065
386 35.36376886
387 34.98456919
388 34.64289137
389 34.34171743
390 34.08391874
391 33.87224306
392 33.70930179
393 33.59755738
394 33.53931095
395 33.53669019
396 33.59163763
397 33.70589914
398 33.88101302
399 34.11829943
400 34.41885044
401 34.78352063
402 35.21291837
403 35.70739779
404 36.26705161
405 36.89170471
406 37.58090875
407 38.33393766
408 39.14978426
409 40.02715798
410 40.96448374
411 41.95990207
412 43.01127053
413 44.11616648
414 45.27189119
415 46.47547542
416 47.72368642
417 49.01303637
418 50.33979237
419 51.69998781
420 53.0894353
421 54.50374101
422 55.93832038
423 57.38841527
424 58.84911238
425 60.3153629
426 61.7820034
427 63.24377763
428 64.69535947
429 66.13137654
430 67.54643467
431 68.93514284
432 70.29213864
433 71.61211391
434 72.88984055
435 74.12019632
436 75.29819029
437 76.418988
438 77.47793604
439 78.47058581
440 79.39271646
441 80.24035666
442 81.00980522
443 81.69765024
444 82.3007867
445 82.81643251
446 83.24214257
447 83.57582108
448 83.81573177
449 83.96050605
450 84.00914905
451 83.96104346
452 83.81595109
453 83.57401232
454 83.23574318
455 82.8020304
456 82.27412415
457 81.65362879
458 80.94249157
459 80.14298942
460 79.25771393
461 78.28955463
462 77.24168074
463 76.1175215
464 74.92074526
465 73.65523748
466 72.32507786
467 70.93451665
468 69.48795052
469 67.98989795
470 66.44497451
471 64.8578681
472 63.23331432
473 61.57607222
474 59.89090055
475 58.18253462
476 56.45566395
477 54.71491096
478 52.96481056
479 51.209791
480 49.45415601
481 47.70206821
482 45.957534
483 44.22438989
484 42.50629042
485 40.80669751
486 39.12887152
487 37.47586374
488 35.85051053
489 34.25542895
490 32.69301388
491 31.1654366
492 29.67464479
493 28.22236379
494 26.81009915
495 25.43914042
496 24.1105659
497 22.82524849
498 21.58386243
499 20.38689081
500 19.23463385
501 18.12721774
502 17.06460404
503 16.04659948
504 15.07286613
505 14.1429317
506 13.25620013
507 12.41196216
508 11.60940588
509 10.84762725
510 10.12564043
511 9.442387898
512 8.796750286
513 8.18755593
514 7.613590015
515 7.073603332
516 6.566320602
517 6.090448327
518 5.644682168
519 5.227713819
520 4.838237377
521 4.474955198
522 4.136583243
523 3.821855911
524 3.529530374
525 3.25839042
526 3.007249825
527 2.774955258
528 2.560388755
529 2.362469764
530 2.180156804
531 2.012448745
532 1.858385742
533 1.717049843
534 1.587565307
535 1.469098642
536 1.360858404
537 1.262094767
538 1.172098903
539 1.090202183
540 1.015775231
541 0.948226844
542 0.887002808
543 0.8315846195
544 0.7814881383
545 0.7362621842
546 0.6954870936
547 0.6587732513
548 0.6257596091
549 0.5961122027
550 0.5695226781
551 0.5457068358
552 0.5244032014
553 0.505371628
554 0.4883919381
555 0.4732626084
556 0.4597995022
557 0.4478346519
558 0.4372150945
559 0.4278017613
560 0.4194684231
561 0.412100691
562 0.4055950731
563 0.3998580866
564 0.3948054244
565 0.3903611743
566 0.386457091
567 0.3830319171
568 0.3800307534
569 0.3774044748
570 0.3751091904
571 0.3731057459
572 0.3713592652
573 0.3698387305
574 0.3685165964
575 0.3673684381
576 0.3663726302
577 0.3655100544
578 0.3647638333
579 0.3641190905
580 0.3635627319
581 0.3630832493
582 0.3626705433
583 0.3623157631
584 0.3620111639
585 0.3617499782
586 0.3615263011
587 0.3613349876
588 0.3611715613
589 0.3610321329
590 0.3609133284
591 0.3608122243
592 0.3607262919
593 0.3606533461
594 0.3605915022
595 0.3605391363
596 0.3604948514
597 0.3604574475
598 0.360425895
599 0.3603993119
600 0.3603769435
601 0.3603581452
602 0.3603423669
603 0.36032914
604 0.3603180658
605 0.3603088054
606 0.3603010716
607 0.3602946207
608 0.3602892466
609 0.3602847751
610 0.3602810593
611 0.3602779753
612 0.3602754189
613 0.3602733025
614 0.3602715524
615 0.3602701072
616 0.3602689151
617 0.3602679331
618 0.3602671251
619 0.3602664612
620 0.3602659163
621 0.3602654696
622 0.3602651039
623 0.3602648049
624 0.3602645608
625 0.3602643616
626 0.3602641993
627 0.3602640673
628 0.3602639601
629 0.360263873
630 0.3602638024
631 0.3602637453
632 0.3602636991
633 0.3602636618
634 0.3602636317
635 0.3602636074
636 0.3602635879
637 0.3602635722
638 0.3602635597
639 0.3602635496
640 0.3602635415
641 0.360263535
642 0.3602635299
643 0.3602635258
644 0.3602635225
645 0.3602635199
646 0.3602635178
647 0.3602635162
648 0.3602635149
649 0.3602635138
650 0.360263513
651 0.3602635124
652 0.3602635119
653 0.3602635114
654 0.3602635111
655 0.3602635109
656 0.3602635107
657 0.3602635105
658 0.3602635104
659 0.3602635103
660 0.3602635103
661 0.3602635102
662 0.3602635102
663 0.3602635101
664 0.3602635101
665 0.3602635101
666 0.3602635101
667 0.36026351
668 0.36026351
669 0.36026351
670 0.36026351
671 0.36026351
672 0.36026351
673 0.36026351
674 0.36026351
675 0.36026351
676 0.36026351
677 0.36026351
678 0.36026351
679 0.36026351
680 0.36026351
681 0.36026351
682 0.36026351
683 0.36026351
684 0.36026351
685 0.36026351
686 0.36026351
687 0.36026351
688 0.36026351
689 0.36026351
690 0.36026351
691 0.36026351
692 0.36026351
693 0.36026351
694 0.36026351
695 0.36026351
696 0.36026351
697 0.36026351
698 0.36026351
699 0.36026351
700 0.36026351
701 0.36026351
702 0.36026351
703 0.36026351
704 0.36026351
705 0.36026351
706 0.36026351
707 0.36026351
708 0.36026351
709 0.36026351
710 0.36026351
711 0.36026351
712 0.36026351
713 0.36026351
714 0.36026351
715 0.36026351
716 0.36026351
717 0.36026351
718 0.36026351
719 0.36026351
720 0.36026351
721 0.36026351
722 0.36026351
723 0.36026351
724 0.36026351
725 0.36026351
726 0.36026351
727 0.36026351
728 0.36026351
729 0.36026351
730 0.36026351
731 0.36026351
732 0.36026351
733 0.36026351
734 0.36026351
735 0.36026351
736 0.36026351
737 0.36026351
738 0.36026351
739 0.36026351
740 0.36026351
741 0.36026351
742 0.36026351
743 0.36026351
744 0.36026351
745 0.36026351
746 0.36026351
747 0.36026351
748 0.36026351
749 0.36026351
750 0.36026351
751 0.36026351
752 0.36026351
753 0.36026351
754 0.36026351
755 0.36026351
756 0.36026351
757 0.36026351
758 0.36026351
759 0.36026351
760 0.36026351
761 0.36026351
762 0.36026351
763 0.36026351
764 0.36026351
765 0.36026351
766 0.36026351
767 0.36026351
768 0.36026351
769 0.36026351
770 0.36026351
771 0.36026351
772 0.36026351
773 0.36026351
774 0.36026351
775 0.36026351
776 0.36026351
777 0.36026351
778 0.36026351
779 0.36026351
780 0.36026351
781 0.36026351
782 0.36026351
783 0.36026351
784 0.36026351
785 0.36026351
786 0.36026351
787 0.36026351
788 0.36026351
789 0.36026351
790 0.36026351
791 0.36026351
792 0.36026351
793 0.36026351
794 0.36026351
795 0.36026351
796 0.36026351
797 0.36026351
798 0.36026351
799 0.36026351
800 0.36026351
801 0.36026351
802 0.36026351
803 0.36026351
804 0.36026351
805 0.36026351
806 0.36026351
807 0.36026351
808 0.36026351
809 0.36026351
810 0.36026351
811 0.36026351
812 0.36026351
813 0.36026351
814 0.36026351
815 0.36026351
816 0.36026351
817 0.36026351
818 0.36026351
819 0.36026351
820 0.36026351
821 0.36026351
822 0.36026351
823 0.36026351
824 0.36026351
825 0.36026351
826 0.36026351
827 0.36026351
828 0.36026351
829 0.36026351
830 0.36026351
831 0.36026351
832 0.36026351
833 0.36026351
834 0.36026351
835 0.36026351
836 0.36026351
837 0.36026351
838 0.36026351
839 0.36026351
840 0.36026351
841 0.36026351
842 0.36026351
843 0.36026351
844 0.36026351
845 0.36026351
846 0.36026351
847 0.36026351
848 0.36026351
849 0.36026351
850 0.36026351
851 0.36026351
852 0.36026351
853 0.36026351
854 0.36026351
855 0.36026351
856 0.36026351
857 0.36026351
858 0.36026351
859 0.36026351
860 0.36026351
861 0.36026351
862 0.36026351
863 0.36026351
864 0.36026351
865 0.36026351
866 0.36026351
867 0.36026351
868 0.36026351
869 0.36026351
870 0.36026351
871 0.36026351
872 0.36026351
873 0.36026351
874 0.36026351
875 0.36026351
876 0.36026351
877 0.36026351
878 0.36026351
879 0.36026351
880 0.36026351
881 0.36026351
882 0.36026351
883 0.36026351
884 0.36026351
885 0.36026351
886 0.36026351
887 0.36026351
888 0.36026351
889 0.36026351
890 0.36026351
891 0.36026351
892 0.36026351
893 0.36026351
894 0.36026351
895 0.36026351
896 0.36026351
897 0.36026351
898 0.36026351
899 0.36026351
900 0.36026351
901 0.36026351
902 0.36026351
903 0.36026351
904 0.36026351
905 0.36026351
906 0.36026351
907 0.36026351
908 0.36026351
909 0.36026351
910 0.36026351
911 0.36026351
912 0.36026351
913 0.36026351
914 0.36026351
915 0.36026351
916 0.36026351
917 0.36026351
918 0.36026351
919 0.36026351
920 0.36026351
921 0.36026351
922 0.36026351
923 0.36026351
924 0.36026351
925 0.36026351
926 0.36026351
927 0.36026351
928 0.36026351
929 0.36026351
930 0.36026351
931 0.36026351
932 0.36026351
933 0.36026351
934 0.36026351
935 0.36026351
936 0.36026351
937 0.36026351
938 0.36026351
939 0.36026351
940 0.36026351
941 0.36026351
942 0.36026351
943 0.36026351
944 0.36026351
945 0.36026351
946 0.36026351
947 0.36026351
948 0.36026351
949 0.36026351
950 0.36026351
951 0.36026351
952 0.36026351
953 0.36026351
954 0.36026351
955 0.36026351
956 0.36026351
957 0.36026351
958 0.36026351
959 0.36026351
960 0.36026351
961 0.36026351
962 0.36026351
963 0.36026351
964 0.36026351
965 0.36026351
966 0.36026351
967 0.36026351
968 0.36026351
969 0.36026351
970 0.36026351
971 0.36026351
972 0.36026351
973 0.36026351
974 0.36026351
975 0.36026351
976 0.36026351
977 0.36026351
978 0.36026351
979 0.36026351
980 0.36026351
981 0.36026351
982 0.36026351
983 0.36026351
984 0.36026351
985 0.36026351
986 0.36026351
987 0.36026351
988 0.36026351
989 0.36026351
990 0.36026351
991 0.36026351
992 0.36026351
993 0.36026351
994 0.36026351
995 0.36026351
996 0.36026351
997 0.36026351
998 0.36026351
999 0.36026351
1000 0.36026351
1001 0.36026351
1002 0.36026351
1003 0.36026351
1004 0.36026351
1005 0.36026351
1006 0.36026351
1007 0.36026351
1008 0.36026351
1009 0.36026351
1010 0.36026351
1011 0.36026351
1012 0.36026351
1013 0.36026351
1014 0.36026351
1015 0.36026351
1016 0.36026351
1017 0.36026351
1018 0.36026351
1019 0.36026351
1020 0.36026351
1021 0.36026351
1022 0.36026351
1023 0.36026351
