#54504 2910.0074128203104886 0.0045697929505388841867 1 1453 16.000049430220818044 1024 7 1 J1713+0747 0.0000000 
0 5.934790306
1 5.476216246
2 5.045890055
3 4.642651799
4 4.265336603
5 3.912780432
6 3.583825414
7 3.277324707
8 2.992146914
9 2.727180045
10 2.481335045
11 2.253548893
12 2.042787285
13 1.848046929
14 1.668357455
15 1.502782972
16 1.350423281
17 1.210414784
18 1.08193109
19 0.9641833571
20 0.8564203815
21 0.7579284693
22 0.6680310994
23 0.5860884087
24 0.5114965169
25 0.4436867123
26 0.3821245179
27 0.3263086559
28 0.2757699282
29 0.2300700299
30 0.1888003093
31 0.1515804905
32 0.1180573692
33 0.08790349568
34 0.0608158532
35 0.03651454302
36 0.01474148337
37 -0.004740869936
38 -0.02215077512
39 -0.03768842282
40 -0.05153711675
41 -0.06386441302
42 -0.07482321514
43 -0.08455282247
44 -0.09317993059
45 -0.1008195825
46 -0.1075760701
47 -0.1135437861
48 -0.1188080263
49 -0.1234457438
50 -0.1275262543
51 -0.1311118966
52 -0.1342586465
53 -0.1370166884
54 -0.1394309452
55 -0.1415415674
56 -0.1433843858
57 -0.1449913273
58 -0.1463907975
59 -0.1476080304
60 -0.1486654094
61 -0.1495827595
62 -0.1503776136
63 -0.1510654545
64 -0.1516599347
65 -0.1521730749
66 -0.1526154433
67 -0.152996318
68 -0.1533238326
69 -0.1536051068
70 -0.1538463641
71 -0.1540530363
72 -0.1542298582
73 -0.1543809503
74 -0.1545098941
75 -0.1546197976
76 -0.1547133546
77 -0.1547928962
78 -0.1548604371
79 -0.1549177157
80 -0.1549662304
81 -0.1550072705
82 -0.1550419441
83 -0.1550712021
84 -0.1550958594
85 -0.1551166134
86 -0.1551340603
87 -0.1551487085
88 -0.1551609918
89 -0.1551712789
90 -0.1551798836
91 -0.1551870721
92 -0.1551930698
93 -0.1551980679
94 -0.1552022277
95 -0.1552056856
96 -0.1552085563
97 -0.1552109366
98 -0.1552129079
99 -0.1552145384
100 -0.1552158853
101 -0.1552169965
102 -0.1552179122
103 -0.1552186659
104 -0.1552192854
105 -0.1552197939
106 -0.155220211
107 -0.1552205524
108 -0.1552208318
109 -0.1552210599
110 -0.1552212461
111 -0.1552213978
112 -0.1552215212
113 -0.1552216216
114 -0.1552217031
115 -0.1552217691
116 -0.1552218226
117 -0.1552218659
118 -0.1552219009
119 -0.1552219291
120 -0.1552219518
121 -0.1552219701
122 -0.1552219848
123 -0.1552219966
124 -0.1552220061
125 -0.1552220137
126 -0.1552220197
127 -0.1552220246
128 -0.1552220284
129 -0.1552220315
130 -0.155222034
131 -0.1552220359
132 -0.1552220375
133 -0.1552220387
134 -0.1552220397
135 -0.1552220404
136 -0.155222041
137 -0.1552220415
138 -0.1552220419
139 -0.1552220422
140 -0.1552220424
141 -0.1552220426
142 -0.1552220428
143 -0.1552220429
144 -0.155222043
145 -0.155222043
146 -0.1552220431
147 -0.1552220431
148 -0.1552220432
149 -0.1552220432
150 -0.1552220432
151 -0.1552220432
152 -0.1552220432
153 -0.1552220432
154 -0.1552220432
155 -0.1552220432
156 -0.1552220432
157 -0.1552220433
158 -0.1552220433
159 -0.1552220433
160 -0.1552220433
161 -0.1552220433
162 -0.1552220433
163 -0.1552220433
164 -0.1552220433
165 -0.1552220433
166 -0.1552220433
167 -0.1552220433
168 -0.1552220433
169 -0.1552220433
170 -0.1552220433
171 -0.1552220433
172 -0.1552220433
173 -0.1552220433
174 -0.1552220433
175 -0.1552220433
176 -0.1552220433
177 -0.1552220433
178 -0.1552220433
179 -0.1552220433
180 -0.1552220433
181 -0.1552220433
182 -0.1552220433
183 -0.1552220433
184 -0.1552220433
185 -0.1552220433
186 -0.1552220433
187 -0.1552220433
188 -0.1552220433
189 -0.1552220433
190 -0.1552220433
191 -0.1552220433
192 -0.1552220433
193 -0.1552220433
194 -0.1552220433
195 -0.1552220433
196 -0.1552220433
197 -0.1552220433
198 -0.1552220433
199 -0.1552220433
200 -0.1552220433
201 -0.1552220433
202 -0.1552220433
203 -0.1552220433
204 -0.1552220433
205 -0.1552220433
206 -0.1552220433
207 -0.1552220433
208 -0.1552220433
209 -0.1552220433
210 -0.1552220433
211 -0.1552220433
212 -0.1552220433
213 -0.1552220433
214 -0.1552220433
215 -0.1552220433
216 -0.1552220433
217 -0.1552220433
218 -0.1552220433
219 -0.1552220433
220 -0.1552220433
221 -0.1552220433
222 -0.1552220433
223 -0.1552220433
224 -0.1552220433
225 -0.1552220433
226 -0.1552220433
227 -0.1552220433
228 -0.1552220433
229 -0.1552220433
230 -0.1552220433
231 -0.1552220433
232 -0.1552220433
233 -0.1552220433
234 -0.1552220433
235 -0.1552220433
236 -0.1552220433
237 -0.1552220433
238 -0.1552220433
239 -0.1552220433
240 -0.1552220433
241 -0.1552220433
242 -0.1552220433
243 -0.1552220433
244 -0.1552220433
245 -0.1552220433
246 -0.1552220433
247 -0.1552220433
248 -0.1552220433
249 -0.1552220433
250 -0.1552220433
251 -0.1552220433
252 -0.1552220433
253 -0.1552220433
254 -0.1552220433
255 -0.1552220433
256 -0.1552220433
257 -0.1552220433
258 -0.1552220433
259 -0.1552220433
260 -0.1552220433
261 -0.1552220433
262 -0.1552220433
263 -0.1552220433
264 -0.1552220433
265 -0.1552220433
266 -0.1552220433
267 -0.1552220433
268 -0.1552220433
269 -0.1552220433
270 -0.1552220433
271 -0.1552220433
272 -0.1552220433
273 -0.1552220433
274 -0.1552220433
275 -0.1552220433
276 -0.1552220433
277 -0.1552220433
278 -0.1552220433
279 -0.1552220433
280 -0.1552220433
281 -0.1552220433
282 -0.1552220433
283 -0.1552220433
284 -0.1552220433
285 -0.1552220433
286 -0.1552220433
287 -0.1552220433
288 -0.1552220433
289 -0.1552220433
290 -0.1552220433
291 -0.1552220433
292 -0.1552220433
293 -0.1552220433
294 -0.1552220433
295 -0.1552220433
296 -0.1552220433
297 -0.1552220433
298 -0.1552220433
299 -0.1552220433
300 -0.1552220433
301 -0.1552220433
302 -0.1552220433
303 -0.1552220433
304 -0.1552220433
305 -0.1552220433
306 -0.1552220433
307 -0.1552220433
308 -0.1552220433
309 -0.1552220433
310 -0.1552220433
311 -0.1552220433
312 -0.1552220433
313 -0.1552220433
314 -0.1552220433
315 -0.1552220433
316 -0.1552220433
317 -0.1552220433
318 -0.1552220433
319 -0.1552220433
320 -0.1552220433
321 -0.1552220433
322 -0.1552220433
323 -0.1552220433
324 -0.1552220433
325 -0.1552220433
326 -0.1552220433
327 -0.1552220433
328 -0.1552220433
329 -0.1552220433
330 -0.1552220433
331 -0.1552220433
332 -0.1552220433
333 -0.1552220433
334 -0.1552220433
335 -0.1552220433
336 -0.1552220433
337 -0.1552220433
338 -0.1552220433
339 -0.1552220433
340 -0.1552220433
341 -0.1552220433
342 -0.1552220433
343 -0.1552220433
344 -0.1552220433
345 -0.1552220433
346 -0.1552220433
347 -0.1552220433
348 -0.1552220433
349 -0.1552220433
350 -0.1552220433
351 -0.1552220433
352 -0.1552220433
353 -0.1552220433
354 -0.1552220433
355 -0.1552220433
356 -0.1552220433
357 -0.1552220433
358 -0.1552220433
359 -0.1552220433
360 -0.1552220433
361 -0.1552220433
362 -0.1552220433
363 -0.1552220433
364 -0.1552220433
365 -0.1552220433
366 -0.1552220433
367 -0.1552220433
368 -0.1552220433
369 -0.1552220433
370 -0.1552220433
371 -0.1552220433
372 -0.1552220433
373 -0.1552220433
374 -0.1552220433
375 -0.1552220433
376 -0.1552220433
377 -0.1552220433
378 -0.1552220433
379 -0.1552220433
380 -0.1552220433
381 -0.1552220433
382 -0.1552220433
383 -0.1552220433
384 -0.1552220433
385 -0.1552220433
386 -0.1552220433
387 -0.1552220433
388 -0.1552220433
389 -0.1552220433
390 -0.1552220433
391 -0.1552220433
392 -0.1552220433
393 -0.1552220433
394 -0.1552220433
395 -0.1552220433
396 -0.1552220433
397 -0.1552220433
398 -0.1552220433
399 -0.1552220433
400 -0.1552220433
401 -0.1552220433
402 -0.1552220433
403 -0.1552220433
404 -0.1552220433
405 -0.1552220433
406 -0.1552220433
407 -0.1552220433
408 -0.1552220433
409 -0.1552220433
410 -0.1552220433
411 -0.1552220433
412 -0.1552220433
413 -0.1552220433
414 -0.1552220433
415 -0.1552220433
416 -0.1552220433
417 -0.1552220433
418 -0.1552220433
419 -0.1552220433
420 -0.1552220433
421 -0.1552220433
422 -0.1552220433
423 -0.1552220433
424 -0.1552220433
425 -0.1552220433
426 -0.1552220433
427 -0.1552220433
428 -0.1552220433
429 -0.1552220433
430 -0.1552220433
431 -0.1552220433
432 -0.1552220433
433 -0.1552220433
434 -0.1552220433
435 -0.1552220433
436 -0.1552220433
437 -0.1552220433
438 -0.1552220433
439 -0.1552220433
440 -0.1552220433
441 -0.1552220433
442 -0.1552220433
443 -0.1552220433
444 -0.1552220433
445 -0.1552220433
446 -0.1552220433
447 -0.1552220433
448 -0.1552220433
449 -0.1552220433
450 -0.1552220433
451 -0.1552220433
452 -0.1552220433
453 -0.1552220433
454 -0.1552220433
455 -0.1552220433
456 -0.1552220433
457 -0.1552220433
458 -0.1552220433
459 -0.1552220433
460 -0.1552220433
461 -0.1552220433
462 -0.1552220433
463 -0.1552220433
464 -0.1552220433
465 -0.1552220433
466 -0.1552220433
467 -0.1552220433
468 -0.1552220433
469 -0.1552220433
470 -0.1552220433
471 -0.1552220433
472 -0.1552220433
473 -0.1552220433
474 -0.1552220433
475 -0.1552220433
476 -0.1552220433
477 -0.1552220433
478 -0.1552220433
479 -0.1552220433
480 -0.1552220433
481 -0.1552220433
482 -0.1552220433
483 -0.1552220433
484 -0.1552220433
485 -0.1552220433
486 -0.1552220433
487 -0.1552220433
488 -0.1552220433
489 -0.1552220433
490 -0.1552220433
491 -0.1552220433
492 -0.1552220433
493 -0.1552220433
494 -0.1552220433
495 -0.1552220433
496 -0.1552220433
497 -0.1552220433
498 -0.1552220433
499 -0.1552220433
500 -0.1552220433
501 -0.1552220433
502 -0.1552220433
503 -0.1552220433
504 -0.1552220433
505 -0.1552220433
506 -0.1552220433
507 -0.1552220433
508 -0.1552220433
509 -0.1552220433
510 -0.1552220433
511 -0.1552220433
512 -0.1552220433
513 -0.1552220433
514 -0.1552220433
515 -0.1552220433
516 -0.1552220433
517 -0.1552220433
518 -0.1552220433
519 -0.1552220433
520 -0.1552220433
521 -0.1552220433
522 -0.1552220433
523 -0.1552220433
524 -0.1552220433
525 -0.1552220433
526 -0.1552220433
527 -0.1552220433
528 -0.1552220433
529 -0.1552220433
530 -0.1552220433
531 -0.1552220433
532 -0.1552220433
533 -0.1552220433
534 -0.1552220433
535 -0.1552220433
536 -0.1552220433
537 -0.1552220433
538 -0.1552220433
539 -0.1552220433
540 -0.1552220433
541 -0.1552220433
542 -0.1552220433
543 -0.1552220433
544 -0.1552220433
545 -0.1552220433
546 -0.1552220433
547 -0.1552220433
548 -0.1552220433
549 -0.1552220433
550 -0.1552220433
551 -0.1552220433
552 -0.1552220433
553 -0.1552220433
554 -0.1552220433
555 -0.1552220433
556 -0.1552220433
557 -0.1552220433
558 -0.1552220433
559 -0.1552220433
560 -0.1552220433
561 -0.1552220433
562 -0.1552220433
563 -0.1552220433
564 -0.1552220433
565 -0.1552220433
566 -0.1552220433
567 -0.1552220433
568 -0.1552220433
569 -0.1552220433
570 -0.1552220433
571 -0.1552220433
572 -0.1552220433
573 -0.1552220433
574 -0.1552220433
575 -0.1552220433
576 -0.1552220433
577 -0.1552220433
578 -0.1552220433
579 -0.1552220433
580 -0.1552220433
581 -0.1552220433
582 -0.1552220433
583 -0.1552220433
584 -0.1552220433
585 -0.1552220433
586 -0.1552220433
587 -0.1552220433
588 -0.1552220433
589 -0.1552220433
590 -0.1552220433
591 -0.1552220433
592 -0.1552220433
593 -0.1552220433
594 -0.1552220433
595 -0.1552220433
596 -0.1552220433
597 -0.1552220433
598 -0.1552220433
599 -0.1552220433
600 -0.1552220433
601 -0.1552220433
602 -0.1552220433
603 -0.1552220433
604 -0.1552220433
605 -0.1552220433
606 -0.1552220433
607 -0.1552220433
608 -0.1552220433
609 -0.1552220433
610 -0.1552220433
611 -0.1552220433
612 -0.1552220433
613 -0.1552220433
614 -0.1552220433
615 -0.1552220433
616 -0.1552220433
617 -0.1552220433
618 -0.1552220433
619 -0.1552220433
620 -0.1552220433
621 -0.1552220433
622 -0.1552220433
623 -0.1552220433
624 -0.1552220433
625 -0.1552220433
626 -0.1552220432
627 -0.1552220432
628 -0.1552220432
629 -0.1552220432
630 -0.1552220432
631 -0.1552220432
632 -0.1552220432
633 -0.1552220432
634 -0.1552220432
635 -0.1552220431
636 -0.1552220431
637 -0.1552220431
638 -0.155222043
639 -0.155222043
640 -0.1552220429
641 -0.1552220428
642 -0.1552220427
643 -0.1552220425
644 -0.1552220423
645 -0.1552220421
646 -0.1552220418
647 -0.1552220415
648 -0.155222041
649 -0.1552220405
650 -0.1552220398
651 -0.1552220389
652 -0.1552220379
653 -0.1552220366
654 -0.155222035
655 -0.155222033
656 -0.1552220306
657 -0.1552220276
658 -0.155222024
659 -0.1552220195
660 -0.155222014
661 -0.1552220072
662 -0.155221999
663 -0.1552219889
664 -0.1552219766
665 -0.1552219616
666 -0.1552219433
667 -0.155221921
668 -0.1552218939
669 -0.155221861
670 -0.1552218211
671 -0.1552217728
672 -0.1552217142
673 -0.1552216434
674 -0.1552215578
675 -0.1552214546
676 -0.15522133
677 -0.1552211801
678 -0.1552209997
679 -0.1552207828
680 -0.1552205225
681 -0.1552202103
682 -0.1552198362
683 -0.1552193885
684 -0.1552188532
685 -0.1552182139
686 -0.1552174512
687 -0.1552165422
688 -0.1552154601
689 -0.1552141731
690 -0.1552126441
691 -0.1552108296
692 -0.1552086784
693 -0.1552061309
694 -0.1552031171
695 -0.1551995554
696 -0.1551953509
697 -0.1551903926
698 -0.1551845516
699 -0.1551776781
700 -0.1551695981
701 -0.1551601098
702 -0.1551489797
703 -0.1551359375
704 -0.1551206708
705 -0.1551028194
706 -0.1550819676
707 -0.1550576372
708 -0.1550292778
709 -0.1549962576
710 -0.1549578514
711 -0.1549132281
712 -0.1548614366
713 -0.1548013896
714 -0.1547318451
715 -0.154651387
716 -0.1545584019
717 -0.1544510541
718 -0.1543272575
719 -0.1541846443
720 -0.1540205302
721 -0.1538318757
722 -0.1536152436
723 -0.1533667512
724 -0.1530820186
725 -0.1527561105
726 -0.1523834731
727 -0.1519578641
728 -0.1514722761
729 -0.1509188528
730 -0.1502887971
731 -0.1495722708
732 -0.1487582854
733 -0.1478345831
734 -0.1467875075
735 -0.145601864
736 -0.1442607675
737 -0.1427454795
738 -0.1410352307
739 -0.1391070315
740 -0.1369354681
741 -0.1344924837
742 -0.1317471444
743 -0.1286653904
744 -0.1252097697
745 -0.1213391561
746 -0.1170084501
747 -0.1121682625
748 -0.1067645809
749 -0.1007384186
750 -0.09402544649
751 -0.08655560792
752 -0.07825271662
753 -0.06903403893
754 -0.05880986046
755 -0.04748303851
756 -0.03494854131
757 -0.02109297542
758 -0.005794103201
759 0.01107964795
760 0.02966968213
761 0.05012773482
762 0.07261637326
763 0.09730949407
764 0.1243928146
765 0.1540643543
766 0.1865349017
767 0.2220284626
768 0.2607826843
769 0.3030492515
770 0.349094247
771 0.3991984723
772 0.4536577219
773 0.5127830043
774 0.5769007035
775 0.646352674
776 0.7214962621
777 0.8027042464
778 0.8903646904
779 0.9848806997
780 1.086670076
781 1.196164862
782 1.313810769
783 1.440066482
784 1.575402832
785 1.720301835
786 1.87525559
787 2.040765025
788 2.217338499
789 2.405490247
790 2.605738667
791 2.818604446
792 3.044608533
793 3.284269949
794 3.53810344
795 3.806616974
796 4.090309094
797 4.38966612
798 4.70515922
799 5.03724135
800 5.386344074
801 5.752874286
802 6.137210833
803 6.539701066
804 6.960657327
805 7.400353398
806 7.85902093
807 8.336845865
808 8.833964889
809 9.350461924
810 9.886364699
811 10.44164141
812 11.0161975
813 11.60987263
814 12.22243776
815 12.85359249
816 13.50296265
817 14.17009807
818 14.85447076
819 15.55547328
820 16.27241759
821 17.00453415
822 17.75097145
823 18.51079601
824 19.28299272
825 20.0664657
826 20.86003956
827 21.66246124
828 22.47240218
829 23.28846116
830 24.10916749
831 24.93298474
832 25.75831502
833 26.58350365
834 27.40684435
835 28.22658487
836 29.04093311
837 29.84806357
838 30.64612422
839 31.43324382
840 32.20753942
841 32.96712425
842 33.71011589
843 34.43464456
844 35.13886166
845 35.8209484
846 36.47912457
847 37.11165723
848 37.71686953
849 38.29314931
850 38.83895774
851 39.35283766
852 39.83342179
853 40.27944063
854 40.68973011
855 41.06323878
856 41.39903473
857 41.69631194
858 41.95439625
859 42.17275076
860 42.3509807
861 42.48883771
862 42.58622353
863 42.64319303
864 42.65995666
865 42.63688216
866 42.57449564
867 42.473482
868 42.33468461
869 42.15910437
870 41.94789804
871 41.7023759
872 41.42399882
873 41.11437459
874 40.77525363
875 40.40852418
876 40.01620675
877 39.60044812
878 39.16351473
879 38.70778557
880 38.23574455
881 37.74997245
882 37.25313839
883 36.74799089
884 36.23734858
885 35.72409055
886 35.21114632
887 34.70148561
888 34.19810776
889 33.704031
890 33.22228139
891 32.75588171
892 32.30784008
893 31.88113856
894 31.47872158
895 31.10348431
896 30.75826101
897 30.44581336
898 30.16881881
899 29.92985895
900 29.73140804
901 29.57582153
902 29.46532487
903 29.40200241
904 29.3877866
905 29.42444738
906 29.51358197
907 29.65660497
908 29.8547389
909 30.1090052
910 30.4202157
911 30.78896477
912 31.21562197
913 31.70032549
914 32.24297627
915 32.84323296
916 33.50050775
917 34.21396309
918 34.98250943
919 35.80480396
920 36.67925049
921 37.60400038
922 38.57695478
923 39.59576795
924 40.65785196
925 41.7603826
926 42.90030658
927 44.07435014
928 45.27902887
929 46.51065886
930 47.76536922
931 49.03911579
932 50.32769608
933 51.62676544
934 52.9318543
935 54.2383865
936 55.54169858
937 56.83705991
938 58.11969363
939 59.38479828
940 60.62756991
941 61.84322465
942 63.02702154
943 64.17428547
944 65.2804302
945 66.34098108
946 67.35159758
947 68.30809526
948 69.20646717
949 70.04290442
950 70.81381588
951 71.51584675
952 72.14589595
953 72.70113217
954 73.17900842
955 73.57727505
956 73.89399104
957 74.1275336
958 74.27660584
959 74.3402426
960 74.31781437
961 74.2090291
962 74.01393223
963 73.73290452
964 73.3666581
965 72.91623049
966 72.38297676
967 71.76855989
968 71.07493941
969 70.30435841
970 69.45932895
971 68.54261617
972 67.55722101
973 66.50636188
974 65.39345527
975 64.2220955
976 62.99603388
977 61.71915719
978 60.39546595
979 59.02905232
980 57.62407812
981 56.18475279
982 54.71531176
983 53.21999513
984 51.70302693
985 50.16859508
986 48.62083211
987 47.06379685
988 45.50145708
989 43.93767331
990 42.37618378
991 40.82059065
992 39.27434757
993 37.74074851
994 36.22291802
995 34.72380292
996 33.24616524
997 31.79257676
998 30.36541472
999 28.96685897
1000 27.59889042
1001 26.26329072
1002 24.96164314
1003 23.69533458
1004 22.46555866
1005 21.27331979
1006 20.11943815
1007 19.00455548
1008 17.92914166
1009 16.89350189
1010 15.89778449
1011 14.94198912
1012 14.0259755
1013 13.14947228
1014 12.31208632
1015 11.51331199
1016 10.75254061
1017 10.02906989
1018 9.342113243
1019 8.690809096
1020 8.074229912
1021 7.491391035
1022 6.941259245
1023 6.422760997
