#54482 2910.0068195514357643 0.0045698869979542899519 1 1397 16.000049430220818044 1024 7 1 J1713+0747 0.0000000 
0 2.587961936
1 2.806404414
2 3.03845349
3 3.284657437
4 3.545561128
5 3.821703478
6 4.113614715
7 4.421813503
8 4.746803911
9 5.089072252
10 5.44908378
11 5.827279284
12 6.224071568
13 6.63984185
14 7.074936085
15 7.529661238
16 8.004281526
17 8.499014646
18 9.014028023
19 9.549435086
20 10.10529161
21 10.68159217
22 11.27826667
23 11.89517704
24 12.53211415
25 13.18879487
26 13.86485936
27 14.5598687
28 15.27330275
29 16.00455833
30 16.75294778
31 17.51769793
32 18.29794936
33 19.09275619
34 19.90108629
35 20.72182192
36 21.5537609
37 22.39561826
38 23.24602838
39 24.10354767
40 24.96665773
41 25.83376913
42 26.70322557
43 27.57330866
44 28.44224314
45 29.30820265
46 30.1693159
47 31.02367335
48 31.86933426
49 32.70433419
50 33.52669284
51 34.33442217
52 35.12553491
53 35.89805322
54 36.6500176
55 37.37949596
56 38.0845928
57 38.76345837
58 39.41429798
59 40.03538114
60 40.62505064
61 41.18173153
62 41.70393978
63 42.19029084
64 42.63950773
65 43.05042893
66 43.42201572
67 43.75335921
68 44.04368678
69 44.29236807
70 44.49892032
71 44.66301318
72 44.7844729
73 44.86328581
74 44.89960116
75 44.8937333
76 44.8461631
77 44.75753869
78 44.62867548
79 44.46055544
80 44.2543257
81 44.01129638
82 43.73293779
83 43.42087686
84 43.07689298
85 42.70291308
86 42.30100619
87 41.8733773
88 41.42236065
89 40.95041251
90 40.46010332
91 39.95410946
92 39.43520442
93 38.90624959
94 38.37018464
95 37.83001748
96 37.28881389
97 36.74968681
98 36.21578534
99 35.69028352
100 35.1763688
101 34.67723035
102 34.19604721
103 33.73597627
104 33.30014011
105 32.89161483
106 32.51341773
107 32.16849502
108 31.85970956
109 31.58982855
110 31.36151136
111 31.17729747
112 31.03959451
113 30.95066649
114 30.91262231
115 30.92740445
116 30.99677806
117 31.12232032
118 31.30541032
119 31.54721928
120 31.84870139
121 32.2105852
122 32.63336561
123 33.11729661
124 33.66238473
125 34.26838337
126 34.93478794
127 35.66083204
128 36.44548453
129 37.2874478
130 38.18515704
131 39.1367808
132 40.14022265
133 41.19312426
134 42.29286964
135 43.43659084
136 44.62117493
137 45.84327244
138 47.09930709
139 48.38548698
140 49.69781716
141 51.03211348
142 52.3840178
143 53.7490145
144 55.12244811
145 56.49954218
146 57.87541912
147 59.24512111
148 60.60363176
149 61.94589864
150 63.26685634
151 64.56145009
152 65.8246597
153 67.05152375
154 68.23716379
155 69.37680846
156 70.46581738
157 71.49970453
158 72.47416114
159 73.38507776
160 74.22856544
161 75.00097586
162 75.69892022
163 76.31928681
164 76.85925702
165 77.31631985
166 77.68828457
167 77.97329166
168 78.1698218
169 78.27670288
170 78.29311502
171 78.21859344
172 78.05302935
173 77.79666869
174 77.45010874
175 77.01429282
176 76.49050281
177 75.88034991
178 75.18576335
179 74.40897751
180 73.55251725
181 72.61918176
182 71.61202695
183 70.53434663
184 69.3896525
185 68.18165324
186 66.91423277
187 65.59142784
188 64.21740525
189 62.79643866
190 61.33288537
191 59.83116309
192 58.29572695
193 56.73104682
194 55.14158521
195 53.53177577
196 51.90600263
197 50.26858059
198 48.62373643
199 46.97559123
200 45.328144
201 43.6852566
202 42.05063991
203 40.42784152
204 38.82023481
205 37.23100948
206 35.66316357
207 34.11949692
208 32.60260613
209 31.11488092
210 29.65850185
211 28.23543945
212 26.84745455
213 25.49609996
214 24.18272318
215 22.90847024
216 21.67429056
217 20.4809427
218 19.32900089
219 18.2188624
220 17.15075541
221 16.12474755
222 15.14075482
223 14.19855094
224 13.29777691
225 12.43795081
226 11.61847772
227 10.83865965
228 10.09770546
229 9.394740662
230 8.728817055
231 8.098922169
232 7.503988405
233 6.942901872
234 6.414510871
235 5.917633979
236 5.451067727
237 5.013593829
238 4.603985952
239 4.221016023
240 3.863460051
241 3.530103467
242 3.219745991
243 2.931206014
244 2.663324521
245 2.414968549
246 2.185034215
247 1.972449305
248 1.776175468
249 1.595210017
250 1.428587366
251 1.275380126
252 1.13469988
253 1.005697665
254 0.887564181
255 0.7795297516
256 0.6808640653
257 0.5908757113
258 0.5089115398
259 0.4343558659
260 0.3666295388
261 0.3051888943
262 0.2495246126
263 0.1991604959
264 0.153652185
265 0.1125858282
266 0.07557671729
267 0.04226790427
268 0.01232880872
269 -0.01454617222
270 -0.03863904281
271 -0.06020956817
272 -0.07949660723
273 -0.09671941308
274 -0.1120788955
275 -0.1257588414
276 -0.1379270902
277 -0.1487366606
278 -0.1583268275
279 -0.166824148
280 -0.1743434342
281 -0.1809886745
282 -0.1868539022
283 -0.1920240126
284 -0.196575529
285 -0.2005773199
286 -0.2040912671
287 -0.2071728879
288 -0.2098719126
289 -0.212232819
290 -0.2142953259
291 -0.2160948487
292 -0.2176629173
293 -0.2190275604
294 -0.2202136564
295 -0.2212432547
296 -0.2221358683
297 -0.2229087397
298 -0.223577083
299 -0.2241543025
300 -0.2246521905
301 -0.2250811064
302 -0.2254501375
303 -0.2257672434
304 -0.2260393861
305 -0.2262726461
306 -0.2264723265
307 -0.226643046
308 -0.2267888209
309 -0.2269131393
310 -0.2270190258
311 -0.2271090999
312 -0.2271856266
313 -0.2272505617
314 -0.2273055918
315 -0.2273521693
316 -0.227391543
317 -0.2274247854
318 -0.2274528161
319 -0.2274764226
320 -0.2274962782
321 -0.2275129581
322 -0.2275269527
323 -0.2275386795
324 -0.2275484939
325 -0.2275566974
326 -0.2275635459
327 -0.227569256
328 -0.227574011
329 -0.2275779658
330 -0.2275812509
331 -0.2275839764
332 -0.2275862347
333 -0.2275881036
334 -0.2275896483
335 -0.2275909235
336 -0.2275919748
337 -0.2275928406
338 -0.2275935526
339 -0.2275941375
340 -0.2275946173
341 -0.2275950104
342 -0.2275953322
343 -0.2275955952
344 -0.2275958098
345 -0.2275959849
346 -0.2275961274
347 -0.2275962433
348 -0.2275963375
349 -0.2275964139
350 -0.2275964758
351 -0.2275965258
352 -0.2275965663
353 -0.227596599
354 -0.2275966254
355 -0.2275966466
356 -0.2275966637
357 -0.2275966774
358 -0.2275966884
359 -0.2275966972
360 -0.2275967042
361 -0.2275967099
362 -0.2275967144
363 -0.227596718
364 -0.2275967208
365 -0.2275967231
366 -0.2275967249
367 -0.2275967263
368 -0.2275967275
369 -0.2275967284
370 -0.2275967291
371 -0.2275967297
372 -0.2275967301
373 -0.2275967304
374 -0.2275967307
375 -0.2275967309
376 -0.2275967311
377 -0.2275967312
378 -0.2275967313
379 -0.2275967314
380 -0.2275967315
381 -0.2275967315
382 -0.2275967316
383 -0.2275967316
384 -0.2275967316
385 -0.2275967316
386 -0.2275967317
387 -0.2275967317
388 -0.2275967317
389 -0.2275967317
390 -0.2275967317
391 -0.2275967317
392 -0.2275967317
393 -0.2275967317
394 -0.2275967317
395 -0.2275967317
396 -0.2275967317
397 -0.2275967317
398 -0.2275967317
399 -0.2275967317
400 -0.2275967317
401 -0.2275967317
402 -0.2275967317
403 -0.2275967317
404 -0.2275967317
405 -0.2275967317
406 -0.2275967317
407 -0.2275967317
408 -0.2275967317
409 -0.2275967317
410 -0.2275967317
411 -0.2275967317
412 -0.2275967317
413 -0.2275967317
414 -0.2275967317
415 -0.2275967317
416 -0.2275967317
417 -0.2275967317
418 -0.2275967317
419 -0.2275967317
420 -0.2275967317
421 -0.2275967317
422 -0.2275967317
423 -0.2275967317
424 -0.2275967317
425 -0.2275967317
426 -0.2275967317
427 -0.2275967317
428 -0.2275967317
429 -0.2275967317
430 -0.2275967317
431 -0.2275967317
432 -0.2275967317
433 -0.2275967317
434 -0.2275967317
435 -0.2275967317
436 -0.2275967317
437 -0.2275967317
438 -0.2275967317
439 -0.2275967317
440 -0.2275967317
441 -0.2275967317
442 -0.2275967317
443 -0.2275967317
444 -0.2275967317
445 -0.2275967317
446 -0.2275967317
447 -0.2275967317
448 -0.2275967317
449 -0.2275967317
450 -0.2275967317
451 -0.2275967317
452 -0.2275967317
453 -0.2275967317
454 -0.2275967317
455 -0.2275967317
456 -0.2275967317
457 -0.2275967317
458 -0.2275967317
459 -0.2275967317
460 -0.2275967317
461 -0.2275967317
462 -0.2275967317
463 -0.2275967317
464 -0.2275967317
465 -0.2275967317
466 -0.2275967317
467 -0.2275967317
468 -0.2275967317
469 -0.2275967317
470 -0.2275967317
471 -0.2275967317
472 -0.2275967317
473 -0.2275967317
474 -0.2275967317
475 -0.2275967317
476 -0.2275967317
477 -0.2275967317
478 -0.2275967317
479 -0.2275967317
480 -0.2275967317
481 -0.2275967317
482 -0.2275967317
483 -0.2275967317
484 -0.2275967317
485 -0.2275967317
486 -0.2275967317
487 -0.2275967317
488 -0.2275967317
489 -0.2275967317
490 -0.2275967317
491 -0.2275967317
492 -0.2275967317
493 -0.2275967317
494 -0.2275967317
495 -0.2275967317
496 -0.2275967317
497 -0.2275967317
498 -0.2275967317
499 -0.2275967317
500 -0.2275967317
501 -0.2275967317
502 -0.2275967317
503 -0.2275967317
504 -0.2275967317
505 -0.2275967317
506 -0.2275967317
507 -0.2275967317
508 -0.2275967317
509 -0.2275967317
510 -0.2275967317
511 -0.2275967317
512 -0.2275967317
513 -0.2275967317
514 -0.2275967317
515 -0.2275967317
516 -0.2275967317
517 -0.2275967317
518 -0.2275967317
519 -0.2275967317
520 -0.2275967317
521 -0.2275967317
522 -0.2275967317
523 -0.2275967317
524 -0.2275967317
525 -0.2275967317
526 -0.2275967317
527 -0.2275967317
528 -0.2275967317
529 -0.2275967317
530 -0.2275967317
531 -0.2275967317
532 -0.2275967317
533 -0.2275967317
534 -0.2275967317
535 -0.2275967317
536 -0.2275967317
537 -0.2275967317
538 -0.2275967317
539 -0.2275967317
540 -0.2275967317
541 -0.2275967317
542 -0.2275967317
543 -0.2275967317
544 -0.2275967317
545 -0.2275967317
546 -0.2275967317
547 -0.2275967317
548 -0.2275967317
549 -0.2275967317
550 -0.2275967317
551 -0.2275967317
552 -0.2275967317
553 -0.2275967317
554 -0.2275967317
555 -0.2275967317
556 -0.2275967317
557 -0.2275967317
558 -0.2275967317
559 -0.2275967317
560 -0.2275967317
561 -0.2275967317
562 -0.2275967317
563 -0.2275967317
564 -0.2275967317
565 -0.2275967317
566 -0.2275967317
567 -0.2275967317
568 -0.2275967317
569 -0.2275967317
570 -0.2275967317
571 -0.2275967317
572 -0.2275967317
573 -0.2275967317
574 -0.2275967317
575 -0.2275967317
576 -0.2275967317
577 -0.2275967317
578 -0.2275967317
579 -0.2275967317
580 -0.2275967317
581 -0.2275967317
582 -0.2275967317
583 -0.2275967317
584 -0.2275967317
585 -0.2275967317
586 -0.2275967317
587 -0.2275967317
588 -0.2275967317
589 -0.2275967317
590 -0.2275967317
591 -0.2275967317
592 -0.2275967317
593 -0.2275967317
594 -0.2275967317
595 -0.2275967317
596 -0.2275967317
597 -0.2275967317
598 -0.2275967317
599 -0.2275967317
600 -0.2275967317
601 -0.2275967317
602 -0.2275967317
603 -0.2275967317
604 -0.2275967317
605 -0.2275967317
606 -0.2275967317
607 -0.2275967317
608 -0.2275967317
609 -0.2275967317
610 -0.2275967317
611 -0.2275967317
612 -0.2275967317
613 -0.2275967317
614 -0.2275967317
615 -0.2275967317
616 -0.2275967317
617 -0.2275967317
618 -0.2275967317
619 -0.2275967317
620 -0.2275967317
621 -0.2275967317
622 -0.2275967317
623 -0.2275967317
624 -0.2275967317
625 -0.2275967317
626 -0.2275967317
627 -0.2275967317
628 -0.2275967317
629 -0.2275967317
630 -0.2275967317
631 -0.2275967317
632 -0.2275967317
633 -0.2275967317
634 -0.2275967317
635 -0.2275967317
636 -0.2275967317
637 -0.2275967317
638 -0.2275967317
639 -0.2275967317
640 -0.2275967317
641 -0.2275967317
642 -0.2275967317
643 -0.2275967317
644 -0.2275967317
645 -0.2275967317
646 -0.2275967317
647 -0.2275967317
648 -0.2275967317
649 -0.2275967317
650 -0.2275967317
651 -0.2275967317
652 -0.2275967317
653 -0.2275967317
654 -0.2275967317
655 -0.2275967317
656 -0.2275967317
657 -0.2275967317
658 -0.2275967317
659 -0.2275967317
660 -0.2275967317
661 -0.2275967317
662 -0.2275967317
663 -0.2275967317
664 -0.2275967317
665 -0.2275967317
666 -0.2275967317
667 -0.2275967317
668 -0.2275967317
669 -0.2275967317
670 -0.2275967317
671 -0.2275967317
672 -0.2275967317
673 -0.2275967317
674 -0.2275967317
675 -0.2275967317
676 -0.2275967317
677 -0.2275967317
678 -0.2275967317
679 -0.2275967317
680 -0.2275967317
681 -0.2275967317
682 -0.2275967317
683 -0.2275967317
684 -0.2275967317
685 -0.2275967317
686 -0.2275967317
687 -0.2275967317
688 -0.2275967317
689 -0.2275967317
690 -0.2275967317
691 -0.2275967317
692 -0.2275967317
693 -0.2275967317
694 -0.2275967317
695 -0.2275967317
696 -0.2275967317
697 -0.2275967317
698 -0.2275967317
699 -0.2275967317
700 -0.2275967317
701 -0.2275967317
702 -0.2275967317
703 -0.2275967317
704 -0.2275967317
705 -0.2275967317
706 -0.2275967317
707 -0.2275967317
708 -0.2275967317
709 -0.2275967317
710 -0.2275967317
711 -0.2275967317
712 -0.2275967317
713 -0.2275967317
714 -0.2275967317
715 -0.2275967317
716 -0.2275967317
717 -0.2275967317
718 -0.2275967317
719 -0.2275967317
720 -0.2275967317
721 -0.2275967317
722 -0.2275967317
723 -0.2275967317
724 -0.2275967317
725 -0.2275967317
726 -0.2275967317
727 -0.2275967317
728 -0.2275967317
729 -0.2275967317
730 -0.2275967317
731 -0.2275967317
732 -0.2275967317
733 -0.2275967317
734 -0.2275967317
735 -0.2275967317
736 -0.2275967317
737 -0.2275967317
738 -0.2275967317
739 -0.2275967317
740 -0.2275967317
741 -0.2275967317
742 -0.2275967317
743 -0.2275967317
744 -0.2275967317
745 -0.2275967317
746 -0.2275967317
747 -0.2275967317
748 -0.2275967317
749 -0.2275967317
750 -0.2275967317
751 -0.2275967317
752 -0.2275967317
753 -0.2275967317
754 -0.2275967317
755 -0.2275967317
756 -0.2275967317
757 -0.2275967317
758 -0.2275967317
759 -0.2275967317
760 -0.2275967317
761 -0.2275967317
762 -0.2275967317
763 -0.2275967317
764 -0.2275967317
765 -0.2275967317
766 -0.2275967317
767 -0.2275967317
768 -0.2275967317
769 -0.2275967317
770 -0.2275967317
771 -0.2275967317
772 -0.2275967317
773 -0.2275967317
774 -0.2275967317
775 -0.2275967317
776 -0.2275967317
777 -0.2275967317
778 -0.2275967317
779 -0.2275967317
780 -0.2275967317
781 -0.2275967317
782 -0.2275967317
783 -0.2275967317
784 -0.2275967317
785 -0.2275967317
786 -0.2275967317
787 -0.2275967317
788 -0.2275967317
789 -0.2275967317
790 -0.2275967317
791 -0.2275967317
792 -0.2275967317
793 -0.2275967317
794 -0.2275967317
795 -0.2275967317
796 -0.2275967317
797 -0.2275967317
798 -0.2275967317
799 -0.2275967317
800 -0.2275967317
801 -0.2275967317
802 -0.2275967317
803 -0.2275967317
804 -0.2275967317
805 -0.2275967317
806 -0.2275967317
807 -0.2275967317
808 -0.2275967317
809 -0.2275967317
810 -0.2275967317
811 -0.2275967317
812 -0.2275967317
813 -0.2275967317
814 -0.2275967317
815 -0.2275967317
816 -0.2275967317
817 -0.2275967317
818 -0.2275967317
819 -0.2275967317
820 -0.2275967317
821 -0.2275967317
822 -0.2275967317
823 -0.2275967317
824 -0.2275967317
825 -0.2275967317
826 -0.2275967317
827 -0.2275967317
828 -0.2275967317
829 -0.2275967317
830 -0.2275967317
831 -0.2275967317
832 -0.2275967317
833 -0.2275967317
834 -0.2275967317
835 -0.2275967317
836 -0.2275967317
837 -0.2275967317
838 -0.2275967317
839 -0.2275967317
840 -0.2275967317
841 -0.2275967317
842 -0.2275967317
843 -0.2275967317
844 -0.2275967317
845 -0.2275967317
846 -0.2275967317
847 -0.2275967317
848 -0.2275967317
849 -0.2275967317
850 -0.2275967317
851 -0.2275967317
852 -0.2275967317
853 -0.2275967317
854 -0.2275967317
855 -0.2275967317
856 -0.2275967317
857 -0.2275967317
858 -0.2275967317
859 -0.2275967317
860 -0.2275967317
861 -0.2275967317
862 -0.2275967317
863 -0.2275967317
864 -0.2275967317
865 -0.2275967317
866 -0.2275967316
867 -0.2275967316
868 -0.2275967316
869 -0.2275967316
870 -0.2275967316
871 -0.2275967315
872 -0.2275967315
873 -0.2275967314
874 -0.2275967313
875 -0.2275967313
876 -0.2275967311
877 -0.227596731
878 -0.2275967308
879 -0.2275967306
880 -0.2275967303
881 -0.22759673
882 -0.2275967295
883 -0.227596729
884 -0.2275967284
885 -0.2275967275
886 -0.2275967265
887 -0.2275967253
888 -0.2275967238
889 -0.2275967219
890 -0.2275967195
891 -0.2275967167
892 -0.2275967132
893 -0.2275967088
894 -0.2275967035
895 -0.227596697
896 -0.2275966891
897 -0.2275966793
898 -0.2275966674
899 -0.2275966529
900 -0.2275966353
901 -0.2275966137
902 -0.2275965875
903 -0.2275965557
904 -0.2275965171
905 -0.2275964703
906 -0.2275964135
907 -0.2275963449
908 -0.2275962619
909 -0.2275961617
910 -0.2275960408
911 -0.2275958952
912 -0.2275957199
913 -0.2275955091
914 -0.2275952559
915 -0.2275949521
916 -0.2275945879
917 -0.2275941519
918 -0.2275936303
919 -0.2275930071
920 -0.2275922633
921 -0.2275913764
922 -0.22759032
923 -0.2275890631
924 -0.2275875692
925 -0.2275857954
926 -0.2275836915
927 -0.2275811989
928 -0.2275782486
929 -0.2275747605
930 -0.2275706408
931 -0.2275657802
932 -0.2275600517
933 -0.2275533075
934 -0.2275453757
935 -0.2275360571
936 -0.227525121
937 -0.2275123
938 -0.2274972854
939 -0.2274797204
940 -0.2274591936
941 -0.2274352312
942 -0.2274072876
943 -0.2273747363
944 -0.2273368577
945 -0.2272928268
946 -0.2272416988
947 -0.2271823931
948 -0.227113675
949 -0.2270341355
950 -0.2269421688
951 -0.2268359466
952 -0.2267133904
953 -0.2265721395
954 -0.2264095164
955 -0.2262224876
956 -0.2260076207
957 -0.2257610366
958 -0.2254783568
959 -0.2251546453
960 -0.224784344
961 -0.2243612025
962 -0.2238782008
963 -0.2233274637
964 -0.2227001681
965 -0.2219864414
966 -0.2211752505
967 -0.2202542807
968 -0.219209805
969 -0.2180265409
970 -0.2166874968
971 -0.2151738044
972 -0.2134645391
973 -0.2115365259
974 -0.2093641312
975 -0.2069190389
976 -0.2041700112
977 -0.2010826332
978 -0.19761904
979 -0.1937376275
980 -0.1893927443
981 -0.184534367
982 -0.179107756
983 -0.1730530942
984 -0.1663051063
985 -0.1587926611
986 -0.1504383554
987 -0.1411580807
988 -0.130860574
989 -0.1194469517
990 -0.106810231
991 -0.09283483577
992 -0.07739609346
993 -0.06035972065
994 -0.04158130233
995 -0.02090576608
996 0.001833145437
997 0.02681340076
998 0.05422520093
999 0.08427149206
1000 0.1171684648
1001 0.1531460359
1002 0.1924483078
1003 0.2353339989
1004 0.2820768417
1005 0.3329659394
1006 0.3883060782
1007 0.4484179849
1008 0.5136385265
1009 0.5843208417
1010 0.6608343988
1011 0.7435649709
1012 0.8329145234
1013 0.929301002
1014 1.033158018
1015 1.14493442
1016 1.265093745
1017 1.394113545
1018 1.532484576
1019 1.68070985
1020 1.839303536
1021 2.008789712
1022 2.189700958
1023 2.382576793
