#53562 2909.99976300126728 0.004570340305946751433 1 1381 16.000049430220818044 1024 7 1 J1713+0747 0.0000000 
0 0.3268984161
1 0.3238975795
2 0.321270084
3 0.3189724229
4 0.3169657581
5 0.3152154718
6 0.3136907547
7 0.3123642285
8 0.3112116003
9 0.310211347
10 0.309344428
11 0.3085940238
12 0.3079452987
13 0.3073851863
14 0.3069021951
15 0.3064862336
16 0.3061284526
17 0.3058211034
18 0.3055574107
19 0.3053314591
20 0.3051380911
21 0.3049728166
22 0.3048317321
23 0.3047114486
24 0.3046090283
25 0.3045219281
26 0.3044479496
27 0.3043851948
28 0.3043320277
29 0.3042870402
30 0.3042490214
31 0.3042169323
32 0.3041898819
33 0.3041671075
34 0.3041479573
35 0.3041318747
36 0.3041183851
37 0.3041070846
38 0.3040976298
39 0.3040897292
40 0.3040831354
41 0.3040776393
42 0.3040730637
43 0.3040692593
44 0.3040661
45 0.3040634797
46 0.3040613091
47 0.3040595133
48 0.3040580295
49 0.3040568049
50 0.3040557955
51 0.3040549646
52 0.3040542814
53 0.3040537204
54 0.3040532603
55 0.3040528834
56 0.304052575
57 0.304052323
58 0.3040521174
59 0.3040519498
60 0.3040518134
61 0.3040517024
62 0.3040516124
63 0.3040515393
64 0.3040514801
65 0.3040514322
66 0.3040513935
67 0.3040513623
68 0.3040513371
69 0.3040513169
70 0.3040513006
71 0.3040512875
72 0.304051277
73 0.3040512686
74 0.3040512619
75 0.3040512565
76 0.3040512522
77 0.3040512488
78 0.304051246
79 0.3040512439
80 0.3040512422
81 0.3040512408
82 0.3040512397
83 0.3040512389
84 0.3040512382
85 0.3040512377
86 0.3040512372
87 0.3040512369
88 0.3040512366
89 0.3040512364
90 0.3040512363
91 0.3040512362
92 0.3040512361
93 0.304051236
94 0.3040512359
95 0.3040512359
96 0.3040512358
97 0.3040512358
98 0.3040512358
99 0.3040512358
100 0.3040512358
101 0.3040512357
102 0.3040512357
103 0.3040512357
104 0.3040512357
105 0.3040512357
106 0.3040512357
107 0.3040512357
108 0.3040512357
109 0.3040512357
110 0.3040512357
111 0.3040512357
112 0.3040512357
113 0.3040512357
114 0.3040512357
115 0.3040512357
116 0.3040512357
117 0.3040512357
118 0.3040512357
119 0.3040512357
120 0.3040512357
121 0.3040512357
122 0.3040512357
123 0.3040512357
124 0.3040512357
125 0.3040512357
126 0.3040512357
127 0.3040512357
128 0.3040512357
129 0.3040512357
130 0.3040512357
131 0.3040512357
132 0.3040512357
133 0.3040512357
134 0.3040512357
135 0.3040512357
136 0.3040512357
137 0.3040512357
138 0.3040512357
139 0.3040512357
140 0.3040512357
141 0.3040512357
142 0.3040512357
143 0.3040512357
144 0.3040512357
145 0.3040512357
146 0.3040512357
147 0.3040512357
148 0.3040512357
149 0.3040512357
150 0.3040512357
151 0.3040512357
152 0.3040512357
153 0.3040512357
154 0.3040512357
155 0.3040512357
156 0.3040512357
157 0.3040512357
158 0.3040512357
159 0.3040512357
160 0.3040512357
161 0.3040512357
162 0.3040512357
163 0.3040512357
164 0.3040512357
165 0.3040512357
166 0.3040512357
167 0.3040512357
168 0.3040512357
169 0.3040512357
170 0.3040512357
171 0.3040512357
172 0.3040512357
173 0.3040512357
174 0.3040512357
175 0.3040512357
176 0.3040512357
177 0.3040512357
178 0.3040512357
179 0.3040512357
180 0.3040512357
181 0.3040512357
182 0.3040512357
183 0.3040512357
184 0.3040512357
185 0.3040512357
186 0.3040512357
187 0.3040512357
188 0.3040512357
189 0.3040512357
190 0.3040512357
191 0.3040512357
192 0.3040512357
193 0.3040512357
194 0.3040512357
195 0.3040512357
196 0.3040512357
197 0.3040512357
198 0.3040512357
199 0.3040512357
200 0.3040512357
201 0.3040512357
202 0.3040512357
203 0.3040512357
204 0.3040512357
205 0.3040512357
206 0.3040512357
207 0.3040512357
208 0.3040512357
209 0.3040512357
210 0.3040512357
211 0.3040512357
212 0.3040512357
213 0.3040512357
214 0.3040512357
215 0.3040512357
216 0.3040512357
217 0.3040512357
218 0.3040512357
219 0.3040512357
220 0.3040512357
221 0.3040512357
222 0.3040512357
223 0.3040512357
224 0.3040512357
225 0.3040512357
226 0.3040512357
227 0.3040512357
228 0.3040512357
229 0.3040512357
230 0.3040512357
231 0.3040512357
232 0.3040512357
233 0.3040512357
234 0.3040512357
235 0.3040512357
236 0.3040512357
237 0.3040512357
238 0.3040512357
239 0.3040512357
240 0.3040512357
241 0.3040512357
242 0.3040512357
243 0.3040512357
244 0.3040512357
245 0.3040512357
246 0.3040512357
247 0.3040512357
248 0.3040512357
249 0.3040512357
250 0.3040512357
251 0.3040512357
252 0.3040512357
253 0.3040512357
254 0.3040512357
255 0.3040512357
256 0.3040512357
257 0.3040512357
258 0.3040512357
259 0.3040512357
260 0.3040512357
261 0.3040512357
262 0.3040512357
263 0.3040512357
264 0.3040512357
265 0.3040512357
266 0.3040512357
267 0.3040512357
268 0.3040512357
269 0.3040512357
270 0.3040512357
271 0.3040512357
272 0.3040512357
273 0.3040512357
274 0.3040512357
275 0.3040512357
276 0.3040512357
277 0.3040512357
278 0.3040512357
279 0.3040512357
280 0.3040512357
281 0.3040512357
282 0.3040512357
283 0.3040512357
284 0.3040512357
285 0.3040512357
286 0.3040512357
287 0.3040512357
288 0.3040512357
289 0.3040512357
290 0.3040512357
291 0.3040512357
292 0.3040512357
293 0.3040512357
294 0.3040512357
295 0.3040512357
296 0.3040512357
297 0.3040512357
298 0.3040512357
299 0.3040512357
300 0.3040512357
301 0.3040512357
302 0.3040512357
303 0.3040512357
304 0.3040512357
305 0.3040512357
306 0.3040512357
307 0.3040512357
308 0.3040512357
309 0.3040512357
310 0.3040512357
311 0.3040512357
312 0.3040512357
313 0.3040512357
314 0.3040512357
315 0.3040512357
316 0.3040512357
317 0.3040512357
318 0.3040512357
319 0.3040512357
320 0.3040512357
321 0.3040512357
322 0.3040512357
323 0.3040512357
324 0.3040512357
325 0.3040512357
326 0.3040512357
327 0.3040512357
328 0.3040512357
329 0.3040512357
330 0.3040512357
331 0.3040512357
332 0.3040512357
333 0.3040512357
334 0.3040512357
335 0.3040512357
336 0.3040512357
337 0.3040512357
338 0.3040512357
339 0.3040512357
340 0.3040512357
341 0.3040512357
342 0.3040512357
343 0.3040512357
344 0.3040512357
345 0.3040512357
346 0.3040512357
347 0.3040512357
348 0.3040512357
349 0.3040512357
350 0.3040512357
351 0.3040512357
352 0.3040512357
353 0.3040512357
354 0.3040512357
355 0.3040512357
356 0.3040512357
357 0.3040512357
358 0.3040512357
359 0.3040512357
360 0.3040512357
361 0.3040512357
362 0.3040512357
363 0.3040512357
364 0.3040512357
365 0.3040512357
366 0.3040512357
367 0.3040512357
368 0.3040512357
369 0.3040512357
370 0.3040512357
371 0.3040512357
372 0.3040512357
373 0.3040512357
374 0.3040512357
375 0.3040512357
376 0.3040512357
377 0.3040512357
378 0.3040512357
379 0.3040512357
380 0.3040512357
381 0.3040512357
382 0.3040512357
383 0.3040512357
384 0.3040512357
385 0.3040512357
386 0.3040512357
387 0.3040512357
388 0.3040512357
389 0.3040512357
390 0.3040512357
391 0.3040512357
392 0.3040512357
393 0.3040512357
394 0.3040512357
395 0.3040512357
396 0.3040512357
397 0.3040512357
398 0.3040512357
399 0.3040512357
400 0.3040512357
401 0.3040512357
402 0.3040512357
403 0.3040512357
404 0.3040512357
405 0.3040512357
406 0.3040512357
407 0.3040512357
408 0.3040512357
409 0.3040512357
410 0.3040512357
411 0.3040512357
412 0.3040512357
413 0.3040512357
414 0.3040512357
415 0.3040512357
416 0.3040512357
417 0.3040512357
418 0.3040512357
419 0.3040512357
420 0.3040512357
421 0.3040512357
422 0.3040512357
423 0.3040512357
424 0.3040512357
425 0.3040512357
426 0.3040512357
427 0.3040512357
428 0.3040512357
429 0.3040512357
430 0.3040512357
431 0.3040512357
432 0.3040512357
433 0.3040512357
434 0.3040512357
435 0.3040512357
436 0.3040512357
437 0.3040512357
438 0.3040512357
439 0.3040512357
440 0.3040512357
441 0.3040512357
442 0.3040512357
443 0.3040512357
444 0.3040512357
445 0.3040512357
446 0.3040512357
447 0.3040512357
448 0.3040512357
449 0.3040512357
450 0.3040512357
451 0.3040512357
452 0.3040512357
453 0.3040512357
454 0.3040512357
455 0.3040512357
456 0.3040512357
457 0.3040512357
458 0.3040512357
459 0.3040512357
460 0.3040512357
461 0.3040512357
462 0.3040512357
463 0.3040512357
464 0.3040512357
465 0.3040512357
466 0.3040512357
467 0.3040512357
468 0.3040512357
469 0.3040512357
470 0.3040512357
471 0.3040512357
472 0.3040512357
473 0.3040512357
474 0.3040512357
475 0.3040512357
476 0.3040512357
477 0.3040512357
478 0.3040512357
479 0.3040512357
480 0.3040512357
481 0.3040512357
482 0.3040512357
483 0.3040512357
484 0.3040512357
485 0.3040512357
486 0.3040512357
487 0.3040512357
488 0.3040512357
489 0.3040512357
490 0.3040512357
491 0.3040512357
492 0.3040512357
493 0.3040512357
494 0.3040512357
495 0.3040512357
496 0.3040512357
497 0.3040512357
498 0.3040512357
499 0.3040512357
500 0.3040512357
501 0.3040512357
502 0.3040512357
503 0.3040512357
504 0.3040512357
505 0.3040512357
506 0.3040512357
507 0.3040512357
508 0.3040512357
509 0.3040512357
510 0.3040512357
511 0.3040512357
512 0.3040512357
513 0.3040512357
514 0.3040512357
515 0.3040512357
516 0.3040512357
517 0.3040512357
518 0.3040512357
519 0.3040512357
520 0.3040512357
521 0.3040512357
522 0.3040512357
523 0.3040512357
524 0.3040512357
525 0.3040512357
526 0.3040512357
527 0.3040512357
528 0.3040512357
529 0.3040512357
530 0.3040512357
531 0.3040512357
532 0.3040512357
533 0.3040512357
534 0.3040512357
535 0.3040512357
536 0.3040512357
537 0.3040512357
538 0.3040512357
539 0.3040512357
540 0.3040512357
541 0.3040512357
542 0.3040512357
543 0.3040512357
544 0.3040512357
545 0.3040512357
546 0.3040512357
547 0.3040512357
548 0.3040512357
549 0.3040512357
550 0.3040512357
551 0.3040512357
552 0.3040512357
553 0.3040512357
554 0.3040512357
555 0.3040512357
556 0.3040512357
557 0.3040512357
558 0.3040512357
559 0.3040512357
560 0.3040512357
561 0.3040512357
562 0.3040512357
563 0.3040512357
564 0.3040512357
565 0.3040512357
566 0.3040512357
567 0.3040512357
568 0.3040512357
569 0.3040512357
570 0.3040512357
571 0.3040512357
572 0.3040512357
573 0.3040512357
574 0.3040512357
575 0.3040512357
576 0.3040512357
577 0.3040512357
578 0.3040512357
579 0.3040512358
580 0.3040512358
581 0.3040512358
582 0.3040512358
583 0.3040512358
584 0.3040512359
585 0.3040512359
586 0.3040512359
587 0.304051236
588 0.3040512361
589 0.3040512362
590 0.3040512363
591 0.3040512365
592 0.3040512366
593 0.3040512369
594 0.3040512372
595 0.3040512375
596 0.304051238
597 0.3040512385
598 0.3040512392
599 0.3040512401
600 0.3040512412
601 0.3040512425
602 0.3040512441
603 0.3040512461
604 0.3040512485
605 0.3040512515
606 0.3040512552
607 0.3040512598
608 0.3040512654
609 0.3040512722
610 0.3040512806
611 0.3040512908
612 0.3040513033
613 0.3040513186
614 0.3040513371
615 0.3040513597
616 0.3040513872
617 0.3040514206
618 0.3040514612
619 0.3040515103
620 0.3040515699
621 0.3040516419
622 0.3040517289
623 0.3040518339
624 0.3040519606
625 0.3040521132
626 0.3040522968
627 0.3040525175
628 0.3040527826
629 0.3040531006
630 0.3040534817
631 0.3040539379
632 0.3040544834
633 0.3040551351
634 0.3040559128
635 0.3040568397
636 0.3040579436
637 0.3040592567
638 0.304060817
639 0.3040626692
640 0.3040648655
641 0.304067467
642 0.3040705454
643 0.3040741841
644 0.3040784807
645 0.3040835486
646 0.30408952
647 0.3040965486
648 0.3041048128
649 0.3041145195
650 0.3041259083
651 0.3041392567
652 0.3041548852
653 0.3041731639
654 0.3041945195
655 0.3042194434
656 0.304248501
657 0.3042823418
658 0.3043217112
659 0.3043674639
660 0.3044205781
661 0.3044821726
662 0.3045535253
663 0.3046360939
664 0.3047315396
665 0.3048417528
666 0.3049688825
667 0.3051153684
668 0.3052839771
669 0.305477842
670 0.3057005075
671 0.3059559782
672 0.3062487732
673 0.3065839852
674 0.3069673474
675 0.3074053049
676 0.3079050948
677 0.3084748331
678 0.3091236103
679 0.3098615951
680 0.3107001483
681 0.3116519464
682 0.312731116
683 0.3139533794
684 0.3153362123
685 0.3168990147
686 0.3186632942
687 0.3206528646
688 0.3228940581
689 0.3254159535
690 0.3282506201
691 0.3314333785
692 0.3350030774
693 0.3390023891
694 0.3434781222
695 0.3484815522
696 0.3540687706
697 0.3603010526
698 0.3672452431
699 0.3749741597
700 0.3835670153
701 0.3931098562
702 0.4036960171
703 0.4154265922
704 0.4284109193
705 0.4427670779
706 0.4586223973
707 0.4761139745
708 0.4953891984
709 0.5166062783
710 0.5399347735
711 0.5655561208
712 0.593664156
713 0.624465626
714 0.6581806865
715 0.6950433805
716 0.7353020936
717 0.7792199792
718 0.8270753487
719 0.8791620202
720 0.9357896196
721 0.9972838268
722 1.063986561
723 1.136256095
724 1.214467097
725 1.299010586
726 1.390293793
727 1.488739931
728 1.594787848
729 1.708891573
730 1.831519736
731 1.96315486
732 2.104292517
733 2.255440342
734 2.417116895
735 2.589850372
736 2.774177157
737 2.970640211
738 3.179787295
739 3.402169026
740 3.638336762
741 3.888840322
742 4.154225541
743 4.43503165
744 4.731788512
745 5.045013693
746 5.375209387
747 5.722859212
748 6.088424869
749 6.472342695
750 6.875020108
751 7.296831972
752 7.738116898
753 8.199173486
754 8.680256556
755 9.181573354
756 9.703279798
757 10.24547675
758 10.80820636
759 11.39144854
760 11.99511749
761 12.61905847
762 13.26304467
763 13.92677436
764 14.60986824
765 15.31186711
766 16.03222976
767 16.77033128
768 17.52546168
769 18.29682488
770 19.08353819
771 19.8846321
772 20.69905063
773 21.52565209
774 22.36321037
775 23.21041667
776 24.06588182
777 24.92813908
778 25.79564742
779 26.66679542
780 27.53990559
781 28.41323929
782 29.28500208
783 30.15334958
784 31.01639385
785 31.87221011
786 32.71884399
787 33.55431909
788 34.37664494
789 35.18382525
790 35.97386648
791 36.74478661
792 37.49462411
793 38.22144707
794 38.92336243
795 39.59852522
796 40.24514785
797 40.86150929
798 41.44596417
799 41.99695171
800 42.51300442
801 42.99275655
802 43.43495221
803 43.83845314
804 44.20224603
805 44.52544942
806 44.8073201
807 45.04725892
808 45.24481611
809 45.39969589
810 45.51176056
811 45.58103383
812 45.60770354
813 45.59212363
814 45.53481545
815 45.43646834
816 45.29793943
817 45.12025283
818 44.90459798
819 44.65232738
820 44.36495353
821 44.04414529
822 43.69172349
823 43.30965584
824 42.90005135
825 42.46515402
826 42.00733597
827 41.52909003
828 41.03302182
829 40.52184129
830 39.99835379
831 39.4654507
832 38.92609973
833 38.38333469
834 37.84024505
835 37.29996511
836 36.76566291
837 36.24052883
838 35.72776409
839 35.23056887
840 34.75213043
841 34.29561098
842 33.8641355
843 33.46077945
844 33.08855642
845 32.75040584
846 32.44918055
847 32.1876346
848 31.96841098
849 31.79402952
850 31.66687498
851 31.58918527
852 31.56303994
853 31.59034893
854 31.67284167
855 31.81205654
856 32.00933071
857 32.26579057
858 32.58234256
859 32.95966471
860 33.39819877
861 33.89814304
862 34.45944605
863 35.08180099
864 35.76464112
865 36.50713608
866 37.30818929
867 38.16643637
868 39.08024476
869 40.04771447
870 41.06668014
871 42.13471434
872 43.24913218
873 44.40699736
874 45.60512946
875 46.84011272
876 48.10830618
877 49.40585522
878 50.72870444
879 52.07261194
880 53.43316485
881 54.80579618
882 56.18580283
883 57.56836473
884 58.94856504
885 60.32141132
886 61.68185747
887 63.0248265
888 64.34523379
889 65.63801094
890 66.89812982
891 68.1206269
892 69.30062753
893 70.43337012
894 71.51423
895 72.53874281
896 73.50262732
897 74.40180733
898 75.23243279
899 75.99089966
900 76.67386861
901 77.27828232
902 77.8013812
903 78.24071751
904 78.59416777
905 78.85994318
906 79.03659828
907 79.12303751
908 79.1185197
909 79.02266061
910 78.83543321
911 78.55716598
912 78.18853905
913 77.73057838
914 77.18464783
915 76.55243938
916 75.83596147
917 75.03752563
918 74.15973134
919 73.20544956
920 72.17780471
921 71.08015547
922 69.91607455
923 68.68932739
924 67.40385023
925 66.0637275
926 64.67316885
927 63.23648582
928 61.75806856
929 60.2423625
930 58.69384535
931 57.11700448
932 55.51631482
933 53.89621749
934 52.26109922
935 50.61527274
936 48.96295822
937 47.30826583
938 45.65517961
939 44.00754256
940 42.36904319
941 40.74320342
942 39.13336797
943 37.54269518
944 35.97414937
945 34.43049461
946 32.91428995
947 31.42788612
948 29.97342357
949 28.55283188
950 27.1678304
951 25.81993018
952 24.51043696
953 23.24045527
954 22.01089354
955 20.82247002
956 19.67571958
957 18.57100119
958 17.50850603
959 16.48826614
960 15.51016345
961 14.57393926
962 13.6792039
963 12.82544658
964 12.01204538
965 11.2382772
966 10.50332772
967 9.806301168
968 9.146230017
969 8.522084339
970 7.93278094
971 7.377192152
972 6.854154256
973 6.362475511
974 5.900943751
975 5.468333546
976 5.063412887
977 4.684949407
978 4.331716113
979 4.00249664
980 3.696090021
981 3.41131498
982 3.147013763
983 2.902055506
984 2.675339172
985 2.465796061
986 2.272391913
987 2.094128637
988 1.930045664
989 1.779220982
990 1.640771834
991 1.513855143
992 1.397667658
993 1.291445865
994 1.194465677
995 1.106041924
996 1.025527673
997 0.9523133988
998 0.8858260156
999 0.8255278072
1000 0.7709152572
1001 0.7215178076
1002 0.6768965573
1003 0.6366429178
1004 0.6003772381
1005 0.5677474127
1006 0.5384274836
1007 0.5121162466
1008 0.488535871
1009 0.4674305399
1010 0.4485651201
1011 0.4317238638
1012 0.4167091519
1013 0.4033402778
1014 0.3914522795
1015 0.3808948191
1016 0.3715311139
1017 0.3632369185
1018 0.35589956
1019 0.3494170258
1020 0.3436971031
1021 0.3386565708
1022 0.3342204421
1023 0.3303212557
