#54657 2910.0001375818821274 0.0045703359231677826921 1 1445 16.000049430220818044 1024 7 1 J1713+0747 0.0000000 
0 0.3139154443
1 0.3139154443
2 0.3139154443
3 0.3139154443
4 0.3139154443
5 0.3139154443
6 0.3139154443
7 0.3139154443
8 0.3139154443
9 0.3139154443
10 0.3139154443
11 0.3139154443
12 0.3139154443
13 0.3139154443
14 0.3139154443
15 0.3139154443
16 0.3139154443
17 0.3139154443
18 0.3139154443
19 0.3139154443
20 0.3139154443
21 0.3139154443
22 0.3139154443
23 0.3139154443
24 0.3139154443
25 0.3139154443
26 0.3139154443
27 0.3139154443
28 0.3139154443
29 0.3139154443
30 0.3139154443
31 0.3139154443
32 0.3139154443
33 0.3139154443
34 0.3139154443
35 0.3139154443
36 0.3139154443
37 0.3139154443
38 0.3139154443
39 0.3139154443
40 0.3139154443
41 0.3139154443
42 0.3139154443
43 0.3139154443
44 0.3139154443
45 0.3139154443
46 0.3139154443
47 0.3139154443
48 0.3139154443
49 0.3139154443
50 0.3139154443
51 0.3139154443
52 0.3139154443
53 0.3139154443
54 0.3139154443
55 0.3139154444
56 0.3139154444
57 0.3139154444
58 0.3139154445
59 0.3139154445
60 0.3139154446
61 0.3139154446
62 0.3139154447
63 0.3139154449
64 0.313915445
65 0.3139154452
66 0.3139154454
67 0.3139154457
68 0.3139154461
69 0.3139154466
70 0.3139154471
71 0.3139154478
72 0.3139154487
73 0.3139154498
74 0.3139154511
75 0.3139154527
76 0.3139154547
77 0.3139154572
78 0.3139154602
79 0.3139154639
80 0.3139154685
81 0.3139154741
82 0.313915481
83 0.3139154894
84 0.3139154997
85 0.3139155123
86 0.3139155276
87 0.3139155462
88 0.3139155689
89 0.3139155965
90 0.3139156301
91 0.3139156707
92 0.31391572
93 0.3139157797
94 0.3139158519
95 0.3139159391
96 0.3139160443
97 0.3139161712
98 0.313916324
99 0.3139165078
100 0.3139167288
101 0.313916994
102 0.3139173121
103 0.3139176933
104 0.3139181494
105 0.3139186946
106 0.3139193459
107 0.3139201228
108 0.3139210486
109 0.3139221508
110 0.3139234616
111 0.3139250188
112 0.3139268668
113 0.3139290575
114 0.3139316518
115 0.3139347207
116 0.3139383473
117 0.3139426285
118 0.3139476769
119 0.3139536238
120 0.3139606217
121 0.3139688475
122 0.3139785067
123 0.3139898368
124 0.3140031128
125 0.3140186525
126 0.3140368225
127 0.3140580455
128 0.3140828081
129 0.31411167
130 0.314145274
131 0.3141843577
132 0.3142297662
133 0.3142824669
134 0.3143435657
135 0.3144143253
136 0.3144961859
137 0.3145907881
138 0.3146999983
139 0.3148259376
140 0.3149710131
141 0.3151379541
142 0.3153298502
143 0.3155501958
144 0.3158029375
145 0.3160925273
146 0.3164239814
147 0.3168029445
148 0.3172357607
149 0.3177295513
150 0.3182922999
151 0.318932946
152 0.3196614862
153 0.3204890856
154 0.3214281983
155 0.3224926987
156 0.3236980233
157 0.3250613249
158 0.3266016388
159 0.3283400615
160 0.3302999439
161 0.3325070979
162 0.3349900186
163 0.3377801209
164 0.3409119932
165 0.3444236664
166 0.3483569003
167 0.3527574868
168 0.3576755707
169 0.363165988
170 0.3692886217
171 0.3761087746
172 0.3836975602
173 0.3921323098
174 0.4014969959
175 0.4118826713
176 0.4233879223
177 0.4361193357
178 0.450191977
179 0.4657298794
180 0.4828665405
181 0.5017454246
182 0.522520469
183 0.54535659
184 0.5704301862
185 0.5979296356
186 0.6280557818
187 0.6610224061
188 0.6970566802
189 0.7363995945
190 0.7793063571
191 0.8260467576
192 0.8769054898
193 0.9321824272
194 0.9921928446
195 1.057267579
196 1.127753123
197 1.204011643
198 1.286420916
199 1.375374179
200 1.471279875
201 1.574561303
202 1.68565615
203 1.805015911
204 1.933105175
205 2.07040079
206 2.21739088
207 2.374573724
208 2.542456485
209 2.721553789
210 2.912386142
211 3.115478193
212 3.331356833
213 3.560549138
214 3.803580141
215 4.060970461
216 4.333233758
217 4.620874048
218 4.924382873
219 5.244236326
220 5.58089195
221 5.934785525
222 6.306327735
223 6.695900758
224 7.103854764
225 7.53050437
226 7.976125037
227 8.440949459
228 8.925163943
229 9.428904823
230 9.952254911
231 10.49524003
232 11.05782564
233 11.63991359
234 12.24133905
235 12.86186756
236 13.5011924
237 14.15893205
238 14.83462807
239 15.5277432
240 16.23765973
241 16.96367835
242 17.70501728
243 18.46081179
244 19.2301142
245 20.01189427
246 20.80504007
247 21.60835931
248 22.42058113
249 23.24035845
250 24.06627071
251 24.89682725
252 25.73047103
253 26.56558298
254 27.40048678
255 28.2334541
256 29.06271034
257 29.88644078
258 30.7027972
259 31.50990481
260 32.30586965
261 33.08878621
262 33.85674545
263 34.60784301
264 35.34018767
265 36.05190996
266 36.74117094
267 37.40617099
268 38.0451587
269 38.65643972
270 39.23838551
271 39.78944203
272 40.30813822
273 40.79309424
274 41.24302954
275 41.65677048
276 42.03325766
277 42.37155289
278 42.67084559
279 42.93045885
280 43.14985478
281 43.32863953
282 43.46656752
283 43.56354517
284 43.61963396
285 43.63505285
286 43.61018003
287 43.54555393
288 43.44187367
289 43.29999869
290 43.12094774
291 42.90589723
292 42.65617879
293 42.3732763
294 42.05882211
295 41.71459277
296 41.34250401
297 40.94460523
298 40.5230733
299 40.08020595
300 39.61841445
301 39.14021599
302 38.64822539
303 38.14514656
304 37.6337634
305 37.11693036
306 36.59756268
307 36.07862627
308 35.56312728
309 35.05410145
310 34.55460318
311 34.06769439
312 33.59643322
313 33.14386258
314 32.71299854
315 32.30681865
316 31.92825016
317 31.58015828
318 31.26533429
319 30.98648381
320 30.74621503
321 30.54702707
322 30.39129845
323 30.28127568
324 30.21906211
325 30.20660694
326 30.24569457
327 30.33793425
328 30.48475008
329 30.68737144
330 30.94682391
331 31.26392071
332 31.63925468
333 32.07319096
334 32.56586033
335 33.11715331
336 33.72671509
337 34.39394135
338 35.11797497
339 35.89770375
340 36.73175928
341 37.61851671
342 38.55609588
343 39.54236354
344 40.57493679
345 41.6511879
346 42.76825029
347 43.92302594
348 45.11219405
349 46.33222113
350 47.57937229
351 48.84972395
352 50.13917773
353 51.4434757
354 52.7582167
355 54.07887388
356 55.40081327
357 56.71931329
358 58.02958523
359 59.32679442
360 60.60608212
361 61.86258796
362 63.09147274
363 64.28794156
364 65.44726707
365 66.56481267
366 67.63605558
367 68.65660958
368 69.6222472
369 70.52892139
370 71.37278627
371 72.15021702
372 72.85782865
373 73.49249353
374 74.05135758
375 74.53185492
376 74.931721
377 75.24900397
378 75.48207426
379 75.62963235
380 75.69071456
381 75.66469689
382 75.55129688
383 75.35057345
384 75.06292475
385 74.68908397
386 74.23011329
387 73.68739585
388 73.06262594
389 72.35779744
390 71.57519058
391 70.71735719
392 69.78710449
393 68.78747764
394 67.72174107
395 66.5933589
396 65.40597439
397 64.16338879
398 62.86953963
399 61.52847865
400 60.1443495
401 58.7213654
402 57.26378698
403 55.77590029
404 54.26199532
405 52.72634501
406 51.17318499
407 49.60669416
408 48.03097611
409 46.45004168
410 44.86779259
411 43.28800626
412 41.71432195
413 40.15022816
414 38.59905144
415 37.0639466
416 35.54788825
417 34.05366388
418 32.58386821
419 31.14089902
420 29.72695431
421 28.3440307
422 26.99392325
423 25.67822632
424 24.3983357
425 23.15545175
426 21.95058356
427 20.784554
428 19.65800566
429 18.5714075
430 17.52506211
431 16.5191137
432 15.55355638
433 14.62824296
434 13.74289404
435 12.89710732
436 12.09036705
437 11.32205358
438 10.59145288
439 9.897766011
440 9.240118513
441 8.617569519
442 8.029120704
443 7.473724932
444 6.950294574
445 6.45770947
446 5.994824515
447 5.560476813
448 5.153492416
449 4.772692607
450 4.416899734
451 4.084942574
452 3.775661247
453 3.487911657
454 3.220569492
455 2.97253377
456 2.742729965
457 2.530112701
458 2.333668063
459 2.152415511
460 1.985409445
461 1.831740422
462 1.69053606
463 1.56096164
464 1.442220446
465 1.333553844
466 1.234241144
467 1.143599249
468 1.060982133
469 0.9857801496
470 0.9174192002
471 0.8553597893
472 0.7990959708
473 0.7481542132
474 0.7020921963
475 0.660497555
476 0.6229865856
477 0.5892029256
478 0.5588162204
479 0.5315207865
480 0.5070342812
481 0.4850963868
482 0.4654675173
483 0.447927553
484 0.4322746093
485 0.4183238431
486 0.4059063024
487 0.3948678196
488 0.3850679524
489 0.376378974
490 0.3686849121
491 0.361880639
492 0.3558710111
493 0.3505700595
494 0.3459002287
495 0.3417916642
496 0.3381815467
497 0.3350134722
498 0.3322368752
499 0.3298064947
500 0.32768188
501 0.3258269348
502 0.3242094972
503 0.3228009546
504 0.3215758901
505 0.3205117596
506 0.3195885967
507 0.3187887448
508 0.3180966124
509 0.317498452
510 0.3169821603
511 0.3165370964
512 0.3161539193
513 0.3158244408
514 0.3155414936
515 0.3152988131
516 0.3150909315
517 0.3149130836
518 0.314761122
519 0.3146314425
520 0.3145209171
521 0.3144268352
522 0.3143468512
523 0.314278938
524 0.3142213463
525 0.3141725688
526 0.3141313084
527 0.3140964503
528 0.314067038
529 0.3140422518
530 0.3140213903
531 0.314003854
532 0.3139891313
533 0.3139767862
534 0.3139664478
535 0.3139578006
536 0.313950577
537 0.3139445502
538 0.3139395281
539 0.3139353486
540 0.3139318745
541 0.3139289904
542 0.3139265991
543 0.3139246189
544 0.3139229811
545 0.3139216282
546 0.313920512
547 0.3139195923
548 0.3139188354
549 0.3139182132
550 0.3139177025
551 0.3139172838
552 0.3139169409
553 0.3139166604
554 0.3139164313
555 0.3139162444
556 0.3139160921
557 0.3139159682
558 0.3139158674
559 0.3139157857
560 0.3139157193
561 0.3139156657
562 0.3139156222
563 0.3139155871
564 0.3139155588
565 0.313915536
566 0.3139155177
567 0.3139155029
568 0.3139154911
569 0.3139154816
570 0.313915474
571 0.3139154679
572 0.313915463
573 0.3139154591
574 0.313915456
575 0.3139154536
576 0.3139154516
577 0.3139154501
578 0.3139154488
579 0.3139154479
580 0.3139154471
581 0.3139154465
582 0.313915446
583 0.3139154456
584 0.3139154453
585 0.3139154451
586 0.3139154449
587 0.3139154448
588 0.3139154447
589 0.3139154446
590 0.3139154445
591 0.3139154444
592 0.3139154444
593 0.3139154444
594 0.3139154443
595 0.3139154443
596 0.3139154443
597 0.3139154443
598 0.3139154443
599 0.3139154443
600 0.3139154443
601 0.3139154443
602 0.3139154443
603 0.3139154443
604 0.3139154443
605 0.3139154443
606 0.3139154443
607 0.3139154443
608 0.3139154443
609 0.3139154443
610 0.3139154443
611 0.3139154443
612 0.3139154443
613 0.3139154443
614 0.3139154443
615 0.3139154443
616 0.3139154443
617 0.3139154443
618 0.3139154443
619 0.3139154443
620 0.3139154443
621 0.3139154443
622 0.3139154443
623 0.3139154443
624 0.3139154443
625 0.3139154443
626 0.3139154443
627 0.3139154443
628 0.3139154443
629 0.3139154443
630 0.3139154443
631 0.3139154443
632 0.3139154443
633 0.3139154443
634 0.3139154443
635 0.3139154443
636 0.3139154443
637 0.3139154443
638 0.3139154443
639 0.3139154443
640 0.3139154443
641 0.3139154443
642 0.3139154443
643 0.3139154443
644 0.3139154443
645 0.3139154443
646 0.3139154443
647 0.3139154443
648 0.3139154443
649 0.3139154443
650 0.3139154443
651 0.3139154443
652 0.3139154443
653 0.3139154443
654 0.3139154443
655 0.3139154443
656 0.3139154443
657 0.3139154443
658 0.3139154443
659 0.3139154443
660 0.3139154443
661 0.3139154443
662 0.3139154443
663 0.3139154443
664 0.3139154443
665 0.3139154443
666 0.3139154443
667 0.3139154443
668 0.3139154443
669 0.3139154443
670 0.3139154443
671 0.3139154443
672 0.3139154443
673 0.3139154443
674 0.3139154443
675 0.3139154443
676 0.3139154443
677 0.3139154443
678 0.3139154443
679 0.3139154443
680 0.3139154443
681 0.3139154443
682 0.3139154443
683 0.3139154443
684 0.3139154443
685 0.3139154443
686 0.3139154443
687 0.3139154443
688 0.3139154443
689 0.3139154443
690 0.3139154443
691 0.3139154443
692 0.3139154443
693 0.3139154443
694 0.3139154443
695 0.3139154443
696 0.3139154443
697 0.3139154443
698 0.3139154443
699 0.3139154443
700 0.3139154443
701 0.3139154443
702 0.3139154443
703 0.3139154443
704 0.3139154443
705 0.3139154443
706 0.3139154443
707 0.3139154443
708 0.3139154443
709 0.3139154443
710 0.3139154443
711 0.3139154443
712 0.3139154443
713 0.3139154443
714 0.3139154443
715 0.3139154443
716 0.3139154443
717 0.3139154443
718 0.3139154443
719 0.3139154443
720 0.3139154443
721 0.3139154443
722 0.3139154443
723 0.3139154443
724 0.3139154443
725 0.3139154443
726 0.3139154443
727 0.3139154443
728 0.3139154443
729 0.3139154443
730 0.3139154443
731 0.3139154443
732 0.3139154443
733 0.3139154443
734 0.3139154443
735 0.3139154443
736 0.3139154443
737 0.3139154443
738 0.3139154443
739 0.3139154443
740 0.3139154443
741 0.3139154443
742 0.3139154443
743 0.3139154443
744 0.3139154443
745 0.3139154443
746 0.3139154443
747 0.3139154443
748 0.3139154443
749 0.3139154443
750 0.3139154443
751 0.3139154443
752 0.3139154443
753 0.3139154443
754 0.3139154443
755 0.3139154443
756 0.3139154443
757 0.3139154443
758 0.3139154443
759 0.3139154443
760 0.3139154443
761 0.3139154443
762 0.3139154443
763 0.3139154443
764 0.3139154443
765 0.3139154443
766 0.3139154443
767 0.3139154443
768 0.3139154443
769 0.3139154443
770 0.3139154443
771 0.3139154443
772 0.3139154443
773 0.3139154443
774 0.3139154443
775 0.3139154443
776 0.3139154443
777 0.3139154443
778 0.3139154443
779 0.3139154443
780 0.3139154443
781 0.3139154443
782 0.3139154443
783 0.3139154443
784 0.3139154443
785 0.3139154443
786 0.3139154443
787 0.3139154443
788 0.3139154443
789 0.3139154443
790 0.3139154443
791 0.3139154443
792 0.3139154443
793 0.3139154443
794 0.3139154443
795 0.3139154443
796 0.3139154443
797 0.3139154443
798 0.3139154443
799 0.3139154443
800 0.3139154443
801 0.3139154443
802 0.3139154443
803 0.3139154443
804 0.3139154443
805 0.3139154443
806 0.3139154443
807 0.3139154443
808 0.3139154443
809 0.3139154443
810 0.3139154443
811 0.3139154443
812 0.3139154443
813 0.3139154443
814 0.3139154443
815 0.3139154443
816 0.3139154443
817 0.3139154443
818 0.3139154443
819 0.3139154443
820 0.3139154443
821 0.3139154443
822 0.3139154443
823 0.3139154443
824 0.3139154443
825 0.3139154443
826 0.3139154443
827 0.3139154443
828 0.3139154443
829 0.3139154443
830 0.3139154443
831 0.3139154443
832 0.3139154443
833 0.3139154443
834 0.3139154443
835 0.3139154443
836 0.3139154443
837 0.3139154443
838 0.3139154443
839 0.3139154443
840 0.3139154443
841 0.3139154443
842 0.3139154443
843 0.3139154443
844 0.3139154443
845 0.3139154443
846 0.3139154443
847 0.3139154443
848 0.3139154443
849 0.3139154443
850 0.3139154443
851 0.3139154443
852 0.3139154443
853 0.3139154443
854 0.3139154443
855 0.3139154443
856 0.3139154443
857 0.3139154443
858 0.3139154443
859 0.3139154443
860 0.3139154443
861 0.3139154443
862 0.3139154443
863 0.3139154443
864 0.3139154443
865 0.3139154443
866 0.3139154443
867 0.3139154443
868 0.3139154443
869 0.3139154443
870 0.3139154443
871 0.3139154443
872 0.3139154443
873 0.3139154443
874 0.3139154443
875 0.3139154443
876 0.3139154443
877 0.3139154443
878 0.3139154443
879 0.3139154443
880 0.3139154443
881 0.3139154443
882 0.3139154443
883 0.3139154443
884 0.3139154443
885 0.3139154443
886 0.3139154443
887 0.3139154443
888 0.3139154443
889 0.3139154443
890 0.3139154443
891 0.3139154443
892 0.3139154443
893 0.3139154443
894 0.3139154443
895 0.3139154443
896 0.3139154443
897 0.3139154443
898 0.3139154443
899 0.3139154443
900 0.3139154443
901 0.3139154443
902 0.3139154443
903 0.3139154443
904 0.3139154443
905 0.3139154443
906 0.3139154443
907 0.3139154443
908 0.3139154443
909 0.3139154443
910 0.3139154443
911 0.3139154443
912 0.3139154443
913 0.3139154443
914 0.3139154443
915 0.3139154443
916 0.3139154443
917 0.3139154443
918 0.3139154443
919 0.3139154443
920 0.3139154443
921 0.3139154443
922 0.3139154443
923 0.3139154443
924 0.3139154443
925 0.3139154443
926 0.3139154443
927 0.3139154443
928 0.3139154443
929 0.3139154443
930 0.3139154443
931 0.3139154443
932 0.3139154443
933 0.3139154443
934 0.3139154443
935 0.3139154443
936 0.3139154443
937 0.3139154443
938 0.3139154443
939 0.3139154443
940 0.3139154443
941 0.3139154443
942 0.3139154443
943 0.3139154443
944 0.3139154443
945 0.3139154443
946 0.3139154443
947 0.3139154443
948 0.3139154443
949 0.3139154443
950 0.3139154443
951 0.3139154443
952 0.3139154443
953 0.3139154443
954 0.3139154443
955 0.3139154443
956 0.3139154443
957 0.3139154443
958 0.3139154443
959 0.3139154443
960 0.3139154443
961 0.3139154443
962 0.3139154443
963 0.3139154443
964 0.3139154443
965 0.3139154443
966 0.3139154443
967 0.3139154443
968 0.3139154443
969 0.3139154443
970 0.3139154443
971 0.3139154443
972 0.3139154443
973 0.3139154443
974 0.3139154443
975 0.3139154443
976 0.3139154443
977 0.3139154443
978 0.3139154443
979 0.3139154443
980 0.3139154443
981 0.3139154443
982 0.3139154443
983 0.3139154443
984 0.3139154443
985 0.3139154443
986 0.3139154443
987 0.3139154443
988 0.3139154443
989 0.3139154443
990 0.3139154443
991 0.3139154443
992 0.3139154443
993 0.3139154443
994 0.3139154443
995 0.3139154443
996 0.3139154443
997 0.3139154443
998 0.3139154443
999 0.3139154443
1000 0.3139154443
1001 0.3139154443
1002 0.3139154443
1003 0.3139154443
1004 0.3139154443
1005 0.3139154443
1006 0.3139154443
1007 0.3139154443
1008 0.3139154443
1009 0.3139154443
1010 0.3139154443
1011 0.3139154443
1012 0.3139154443
1013 0.3139154443
1014 0.3139154443
1015 0.3139154443
1016 0.3139154443
1017 0.3139154443
1018 0.3139154443
1019 0.3139154443
1020 0.3139154443
1021 0.3139154443
1022 0.3139154443
1023 0.3139154443
