#54570 2910.0001203024602245 0.0045698303932768967114 1 1309 16.000049430220818044 1024 7 1 J1713+0747 0.0000000 
0 0.1273974934
1 0.1272040645
2 0.1270388159
3 0.1268978198
4 0.1267776682
5 0.1266754085
6 0.1265884856
7 0.1265146924
8 0.1264521241
9 0.12639914
10 0.1263543283
11 0.1263164758
12 0.1262845421
13 0.1262576352
14 0.1262349923
15 0.1262159616
16 0.1261999867
17 0.1261865938
18 0.1261753795
19 0.1261660013
20 0.1261581682
21 0.126151634
22 0.1261461899
23 0.1261416598
24 0.126137895
25 0.12613477
26 0.1261321793
27 0.1261300344
28 0.1261282606
29 0.1261267956
30 0.1261255871
31 0.1261245915
32 0.1261237723
33 0.126123099
34 0.1261225464
35 0.1261220934
36 0.1261217225
37 0.1261214192
38 0.1261211714
39 0.1261209694
40 0.1261208047
41 0.1261206708
42 0.1261205619
43 0.1261204735
44 0.1261204019
45 0.1261203439
46 0.126120297
47 0.1261202591
48 0.1261202286
49 0.1261202039
50 0.1261201841
51 0.1261201682
52 0.1261201554
53 0.1261201452
54 0.126120137
55 0.1261201304
56 0.1261201252
57 0.126120121
58 0.1261201176
59 0.126120115
60 0.1261201129
61 0.1261201112
62 0.1261201099
63 0.1261201088
64 0.126120108
65 0.1261201074
66 0.1261201068
67 0.1261201064
68 0.1261201061
69 0.1261201059
70 0.1261201057
71 0.1261201055
72 0.1261201054
73 0.1261201053
74 0.1261201052
75 0.1261201052
76 0.1261201051
77 0.1261201051
78 0.126120105
79 0.126120105
80 0.126120105
81 0.126120105
82 0.126120105
83 0.126120105
84 0.126120105
85 0.126120105
86 0.126120105
87 0.126120105
88 0.126120105
89 0.126120105
90 0.126120105
91 0.126120105
92 0.126120105
93 0.126120105
94 0.126120105
95 0.126120105
96 0.126120105
97 0.126120105
98 0.126120105
99 0.126120105
100 0.126120105
101 0.126120105
102 0.126120105
103 0.126120105
104 0.126120105
105 0.126120105
106 0.126120105
107 0.126120105
108 0.126120105
109 0.126120105
110 0.126120105
111 0.126120105
112 0.126120105
113 0.126120105
114 0.126120105
115 0.126120105
116 0.126120105
117 0.126120105
118 0.126120105
119 0.126120105
120 0.126120105
121 0.126120105
122 0.126120105
123 0.126120105
124 0.126120105
125 0.126120105
126 0.126120105
127 0.126120105
128 0.126120105
129 0.126120105
130 0.126120105
131 0.126120105
132 0.126120105
133 0.126120105
134 0.126120105
135 0.126120105
136 0.126120105
137 0.126120105
138 0.126120105
139 0.126120105
140 0.126120105
141 0.126120105
142 0.126120105
143 0.126120105
144 0.126120105
145 0.126120105
146 0.126120105
147 0.126120105
148 0.126120105
149 0.126120105
150 0.126120105
151 0.126120105
152 0.126120105
153 0.126120105
154 0.126120105
155 0.126120105
156 0.126120105
157 0.126120105
158 0.126120105
159 0.126120105
160 0.126120105
161 0.126120105
162 0.126120105
163 0.126120105
164 0.126120105
165 0.126120105
166 0.126120105
167 0.126120105
168 0.126120105
169 0.126120105
170 0.126120105
171 0.126120105
172 0.126120105
173 0.126120105
174 0.126120105
175 0.126120105
176 0.126120105
177 0.126120105
178 0.126120105
179 0.126120105
180 0.126120105
181 0.126120105
182 0.126120105
183 0.126120105
184 0.126120105
185 0.126120105
186 0.126120105
187 0.126120105
188 0.126120105
189 0.126120105
190 0.126120105
191 0.126120105
192 0.126120105
193 0.126120105
194 0.126120105
195 0.126120105
196 0.126120105
197 0.126120105
198 0.126120105
199 0.126120105
200 0.126120105
201 0.126120105
202 0.126120105
203 0.126120105
204 0.126120105
205 0.126120105
206 0.126120105
207 0.126120105
208 0.126120105
209 0.126120105
210 0.126120105
211 0.126120105
212 0.126120105
213 0.126120105
214 0.126120105
215 0.126120105
216 0.126120105
217 0.126120105
218 0.126120105
219 0.126120105
220 0.126120105
221 0.126120105
222 0.126120105
223 0.126120105
224 0.126120105
225 0.126120105
226 0.126120105
227 0.126120105
228 0.126120105
229 0.126120105
230 0.126120105
231 0.126120105
232 0.126120105
233 0.126120105
234 0.126120105
235 0.126120105
236 0.126120105
237 0.126120105
238 0.126120105
239 0.126120105
240 0.126120105
241 0.126120105
242 0.126120105
243 0.126120105
244 0.126120105
245 0.126120105
246 0.126120105
247 0.126120105
248 0.126120105
249 0.126120105
250 0.126120105
251 0.126120105
252 0.126120105
253 0.126120105
254 0.126120105
255 0.126120105
256 0.126120105
257 0.126120105
258 0.126120105
259 0.126120105
260 0.126120105
261 0.126120105
262 0.126120105
263 0.126120105
264 0.126120105
265 0.126120105
266 0.126120105
267 0.126120105
268 0.126120105
269 0.126120105
270 0.126120105
271 0.126120105
272 0.126120105
273 0.126120105
274 0.126120105
275 0.126120105
276 0.126120105
277 0.126120105
278 0.126120105
279 0.126120105
280 0.126120105
281 0.126120105
282 0.126120105
283 0.126120105
284 0.126120105
285 0.126120105
286 0.126120105
287 0.126120105
288 0.126120105
289 0.126120105
290 0.126120105
291 0.126120105
292 0.126120105
293 0.126120105
294 0.126120105
295 0.126120105
296 0.126120105
297 0.126120105
298 0.126120105
299 0.126120105
300 0.126120105
301 0.126120105
302 0.126120105
303 0.126120105
304 0.126120105
305 0.126120105
306 0.126120105
307 0.126120105
308 0.126120105
309 0.126120105
310 0.126120105
311 0.126120105
312 0.126120105
313 0.126120105
314 0.126120105
315 0.126120105
316 0.126120105
317 0.126120105
318 0.126120105
319 0.126120105
320 0.126120105
321 0.126120105
322 0.126120105
323 0.126120105
324 0.126120105
325 0.126120105
326 0.126120105
327 0.126120105
328 0.126120105
329 0.126120105
330 0.126120105
331 0.126120105
332 0.126120105
333 0.126120105
334 0.126120105
335 0.126120105
336 0.126120105
337 0.126120105
338 0.126120105
339 0.126120105
340 0.126120105
341 0.126120105
342 0.126120105
343 0.126120105
344 0.126120105
345 0.126120105
346 0.126120105
347 0.126120105
348 0.126120105
349 0.126120105
350 0.126120105
351 0.126120105
352 0.126120105
353 0.126120105
354 0.126120105
355 0.126120105
356 0.126120105
357 0.126120105
358 0.126120105
359 0.126120105
360 0.126120105
361 0.126120105
362 0.126120105
363 0.126120105
364 0.126120105
365 0.126120105
366 0.126120105
367 0.126120105
368 0.126120105
369 0.126120105
370 0.126120105
371 0.126120105
372 0.126120105
373 0.126120105
374 0.126120105
375 0.126120105
376 0.126120105
377 0.126120105
378 0.126120105
379 0.126120105
380 0.126120105
381 0.126120105
382 0.126120105
383 0.126120105
384 0.126120105
385 0.126120105
386 0.126120105
387 0.126120105
388 0.126120105
389 0.126120105
390 0.126120105
391 0.126120105
392 0.126120105
393 0.126120105
394 0.126120105
395 0.126120105
396 0.126120105
397 0.126120105
398 0.126120105
399 0.126120105
400 0.126120105
401 0.126120105
402 0.126120105
403 0.126120105
404 0.126120105
405 0.126120105
406 0.126120105
407 0.126120105
408 0.126120105
409 0.126120105
410 0.126120105
411 0.126120105
412 0.126120105
413 0.126120105
414 0.126120105
415 0.126120105
416 0.126120105
417 0.126120105
418 0.126120105
419 0.126120105
420 0.126120105
421 0.126120105
422 0.126120105
423 0.126120105
424 0.126120105
425 0.126120105
426 0.126120105
427 0.126120105
428 0.126120105
429 0.126120105
430 0.126120105
431 0.126120105
432 0.126120105
433 0.126120105
434 0.126120105
435 0.126120105
436 0.126120105
437 0.126120105
438 0.126120105
439 0.126120105
440 0.126120105
441 0.126120105
442 0.126120105
443 0.126120105
444 0.126120105
445 0.126120105
446 0.126120105
447 0.126120105
448 0.126120105
449 0.126120105
450 0.126120105
451 0.126120105
452 0.126120105
453 0.126120105
454 0.126120105
455 0.126120105
456 0.126120105
457 0.126120105
458 0.126120105
459 0.126120105
460 0.126120105
461 0.126120105
462 0.126120105
463 0.126120105
464 0.126120105
465 0.126120105
466 0.126120105
467 0.126120105
468 0.126120105
469 0.126120105
470 0.126120105
471 0.126120105
472 0.126120105
473 0.126120105
474 0.126120105
475 0.126120105
476 0.126120105
477 0.126120105
478 0.126120105
479 0.126120105
480 0.126120105
481 0.126120105
482 0.126120105
483 0.126120105
484 0.126120105
485 0.126120105
486 0.126120105
487 0.126120105
488 0.126120105
489 0.126120105
490 0.126120105
491 0.126120105
492 0.126120105
493 0.126120105
494 0.126120105
495 0.126120105
496 0.126120105
497 0.126120105
498 0.126120105
499 0.126120105
500 0.126120105
501 0.126120105
502 0.126120105
503 0.126120105
504 0.126120105
505 0.126120105
506 0.126120105
507 0.126120105
508 0.126120105
509 0.126120105
510 0.126120105
511 0.126120105
512 0.126120105
513 0.126120105
514 0.126120105
515 0.126120105
516 0.126120105
517 0.126120105
518 0.126120105
519 0.126120105
520 0.126120105
521 0.126120105
522 0.126120105
523 0.126120105
524 0.126120105
525 0.126120105
526 0.126120105
527 0.126120105
528 0.126120105
529 0.126120105
530 0.126120105
531 0.126120105
532 0.126120105
533 0.126120105
534 0.126120105
535 0.126120105
536 0.126120105
537 0.126120105
538 0.126120105
539 0.126120105
540 0.126120105
541 0.126120105
542 0.126120105
543 0.126120105
544 0.126120105
545 0.126120105
546 0.126120105
547 0.126120105
548 0.126120105
549 0.126120105
550 0.126120105
551 0.126120105
552 0.126120105
553 0.126120105
554 0.126120105
555 0.126120105
556 0.126120105
557 0.126120105
558 0.126120105
559 0.126120105
560 0.126120105
561 0.126120105
562 0.126120105
563 0.1261201051
564 0.1261201051
565 0.1261201051
566 0.1261201052
567 0.1261201052
568 0.1261201053
569 0.1261201054
570 0.1261201055
571 0.1261201056
572 0.1261201058
573 0.126120106
574 0.1261201063
575 0.1261201066
576 0.1261201071
577 0.1261201076
578 0.1261201082
579 0.126120109
580 0.12612011
581 0.1261201112
582 0.1261201127
583 0.1261201146
584 0.1261201168
585 0.1261201197
586 0.1261201231
587 0.1261201274
588 0.1261201326
589 0.126120139
590 0.1261201468
591 0.1261201564
592 0.126120168
593 0.1261201823
594 0.1261201997
595 0.1261202209
596 0.1261202467
597 0.1261202781
598 0.1261203162
599 0.1261203624
600 0.1261204184
601 0.1261204862
602 0.1261205682
603 0.1261206672
604 0.1261207867
605 0.1261209307
606 0.1261211042
607 0.1261213128
608 0.1261215635
609 0.1261218645
610 0.1261222254
611 0.1261226578
612 0.1261231751
613 0.1261237935
614 0.1261245319
615 0.1261254128
616 0.1261264623
617 0.1261277117
618 0.1261291972
619 0.1261309618
620 0.1261330556
621 0.1261355375
622 0.1261384761
623 0.1261419519
624 0.1261460589
625 0.1261509063
626 0.1261566218
627 0.1261633536
628 0.1261712741
629 0.1261805832
630 0.1261915129
631 0.1262043316
632 0.12621935
633 0.1262369267
634 0.1262574759
635 0.1262814746
636 0.1263094721
637 0.1263421001
638 0.1263800839
639 0.1264242558
640 0.126475569
641 0.1265351147
642 0.1266041401
643 0.126684069
644 0.1267765252
645 0.1268833578
646 0.1270066705
647 0.1271488534
648 0.127312619
649 0.1275010417
650 0.1277176018
651 0.1279662345
652 0.128251384
653 0.1285780626
654 0.128951917
655 0.1293793005
656 0.1298673523
657 0.130424085
658 0.1310584804
659 0.1317805933
660 0.1326016666
661 0.1335342549
662 0.13459236
663 0.1357915782
664 0.137149259
665 0.1386846776
666 0.1404192211
667 0.1423765889
668 0.1445830084
669 0.1470674666
670 0.1498619581
671 0.1530017506
672 0.1565256675
673 0.1604763892
674 0.1649007728
675 0.1698501912
676 0.1753808909
677 0.1815543698
678 0.1884377742
679 0.1961043148
680 0.2046337028
681 0.214112603
682 0.2246351066
683 0.2363032192
684 0.2492273665
685 0.2635269131
686 0.279330695
687 0.2967775629
688 0.3160169337
689 0.3372093494
690 0.3605270375
691 0.386154473
692 0.4142889355
693 0.4451410594
694 0.4789353716
695 0.5159108126
696 0.5563212355
697 0.6004358773
698 0.6485397971
699 0.7009342739
700 0.7579371589
701 0.8198831734
702 0.887124147
703 0.9600291869
704 1.038984772
705 1.124394761
706 1.216680313
707 1.316279703
708 1.42364803
709 1.539256813
710 1.663593457
711 1.797160588
712 1.940475249
713 2.094067952
714 2.258481568
715 2.434270065
716 2.621997077
717 2.822234304
718 3.035559739
719 3.262555713
720 3.503806773
721 3.759897366
722 4.031409361
723 4.31891938
724 4.62299597
725 4.944196594
726 5.283064478
727 5.640125287
728 6.015883679
729 6.410819713
730 6.825385146
731 7.25999964
732 7.715046867
733 8.190870567
734 8.687770552
735 9.205998696
736 9.745754929
737 10.30718325
738 10.89036783
739 11.49532912
740 12.12202021
741 12.77032316
742 13.44004568
743 14.13091786
744 14.84258928
745 15.57462625
746 16.32650948
747 17.097632
748 17.88729747
749 18.69471886
750 19.51901758
751 20.35922305
752 21.21427267
753 22.0830124
754 22.96419772
755 23.85649522
756 24.75848464
757 25.6686615
758 26.58544033
759 27.5071583
760 28.43207962
761 29.35840028
762 30.28425348
763 31.20771552
764 32.12681218
765 33.03952567
766 33.94380193
767 34.8375585
768 35.71869263
769 36.58508989
770 37.43463307
771 38.26521129
772 39.07472943
773 39.8611177
774 40.6223414
775 41.35641067
776 42.06139033
777 42.73540973
778 43.37667243
779 43.98346578
780 44.55417033
781 45.08726897
782 45.58135574
783 46.03514434
784 46.44747616
785 46.81732793
786 47.1438188
787 47.42621692
788 47.66394543
789 47.85658777
790 48.00389243
791 48.10577695
792 48.16233123
793 48.17382011
794 48.14068519
795 48.06354597
796 47.9432001
797 47.78062297
798 47.5769665
799 47.33355714
800 47.05189317
801 46.73364121
802 46.38063202
803 45.99485563
804 45.57845572
805 45.13372339
806 44.66309025
807 44.16912096
808 43.65450511
809 43.1220486
810 42.57466453
811 42.0153635
812 41.44724357
813 40.87347974
814 40.29731303
815 39.72203922
816 39.15099729
817 38.58755751
818 38.03510932
819 37.49704896
820 36.97676689
821 36.47763506
822 36.00299405
823 35.5561401
824 35.14031202
825 34.75867815
826 34.41432323
827 34.11023533
828 33.84929287
829 33.63425166
830 33.46773217
831 33.35220689
832 33.289988
833 33.2832152
834 33.33384397
835 33.44363409
836 33.61413864
837 33.84669346
838 34.14240711
839 34.50215147
840 34.92655293
841 35.41598439
842 35.97055791
843 36.59011836
844 37.27423785
845 38.02221122
846 38.83305257
847 39.70549287
848 40.63797878
849 41.62867267
850 42.67545394
851 43.77592168
852 44.92739871
853 46.126937
854 47.3713246
855 48.65709394
856 49.98053173
857 51.33769022
858 52.72439997
859 54.13628412
860 55.56877398
861 57.01712607
862 58.47644044
863 59.94168022
864 61.40769238
865 62.86922953
866 64.32097268
867 65.75755491
868 67.17358563
869 68.56367561
870 69.9224623
871 71.24463549
872 72.52496312
873 73.75831698
874 74.9396983
875 76.06426287
876 77.12734559
877 78.12448442
878 79.05144324
879 79.90423382
880 80.67913639
881 81.372719
882 81.9818552
883 82.50374012
884 82.93590479
885 83.2762285
886 83.52294917
887 83.67467173
888 83.73037423
889 83.68941185
890 83.55151872
891 83.31680738
892 82.98576616
893 82.55925432
894 82.03849496
895 81.42506594
896 80.72088872
897 79.9282153
898 79.04961335
899 78.08794958
900 77.04637165
901 75.92828857
902 74.73734994
903 73.47742398
904 72.15257474
905 70.76703854
906 69.32519978
907 67.83156644
908 66.29074537
909 64.70741749
910 63.08631323
911 61.43218822
912 59.74979949
913 58.04388233
914 56.31912789
915 54.58016176
916 52.83152354
917 51.07764761
918 49.32284511
919 47.57128738
920 45.82699062
921 44.09380225
922 42.37538858
923 40.67522419
924 38.99658277
925 37.34252957
926 35.71591541
927 34.11937216
928 32.55530984
929 31.025915
930 29.53315068
931 28.07875756
932 26.66425643
933 25.29095186
934 23.9599369
935 22.67209887
936 21.42812598
937 20.22851483
938 19.07357862
939 17.96345594
940 16.89812013
941 15.87738906
942 14.90093523
943 13.96829614
944 13.07888475
945 12.23200014
946 11.42683801
947 10.66250122
948 9.938010093
949 9.252312602
950 8.60429419
951 7.992787336
952 7.416580734
953 6.874428076
954 6.3650564
955 5.887173974
956 5.439477706
957 5.020660054
958 4.629415424
959 4.264446066
960 3.924467452
961 3.608213144
962 3.314439163
963 3.041927869
964 2.789491358
965 2.555974407
966 2.340256971
967 2.141256264
968 1.957928441
969 1.789269901
970 1.634318252
971 1.492152939
972 1.36189558
973 1.242710027
974 1.133802178
975 1.034419568
976 0.9438507602
977 0.8614245577
978 0.7865090704
979 0.7185106451
980 0.6568726871
981 0.6010743906
982 0.5506293956
983 0.5050843892
984 0.4640176658
985 0.4270376602
986 0.3937814682
987 0.3639133639
988 0.3371233257
989 0.3131255801
990 0.2916571702
991 0.272476557
992 0.2553622584
993 0.2401115319
994 0.2265391036
995 0.2144759477
996 0.203768119
997 0.1942756385
998 0.1858714358
999 0.1784403458
1000 0.1718781622
1001 0.1660907458
1002 0.1609931873
1003 0.1565090239
1004 0.1525695069
1005 0.1491129204
1006 0.1460839477
1007 0.1434330846
1008 0.1411160965
1009 0.139093518
1010 0.1373301923
1011 0.1357948479
1012 0.1344597116
1013 0.1333001536
1014 0.1322943648
1015 0.1314230619
1016 0.1306692208
1017 0.1300178334
1018 0.1294556887
1019 0.1289711745
1020 0.1285540987
1021 0.1281955288
1022 0.1278876474
1023 0.1276236227
