#54679 2910.0017854387439276 0.004570439828534647933 1 1453 16.000049430220818044 1024 7 1 J1713+0747 0.0000000 
0 0.3592963673
1 0.4195534623
2 0.4848960605
3 0.5556721409
4 0.6322454278
5 0.7149953271
6 0.8043167737
7 0.9006199807
8 1.004330085
9 1.115886681
10 1.235743233
11 1.364366367
12 1.502235024
13 1.649839479
14 1.807680212
15 1.976266636
16 2.156115667
17 2.347750135
18 2.551697042
19 2.768485652
20 2.998645424
21 3.242703779
22 3.501183712
23 3.774601242
24 4.063462719
25 4.368261969
26 4.68947732
27 5.027568482
28 5.382973314
29 5.75610449
30 6.147346061
31 6.557049947
32 6.985532368
33 7.433070233
34 7.899897505
35 8.386201574
36 8.892119642
37 9.417735171
38 9.963074389
39 10.52810291
40 11.11272246
41 11.7167678
42 12.34000378
43 12.98212262
44 13.6427415
45 14.32140027
46 15.01755963
47 15.73059951
48 16.45981785
49 17.20442972
50 17.96356691
51 18.73627788
52 19.52152815
53 20.31820116
54 21.12509963
55 21.94094736
56 22.76439154
57 23.59400558
58 24.4282924
59 25.26568826
60 26.10456709
61 26.94324525
62 27.77998687
63 28.61300954
64 29.44049054
65 30.26057345
66 31.07137514
67 31.87099315
68 32.65751343
69 33.42901832
70 34.18359481
71 34.91934305
72 35.63438502
73 36.32687329
74 36.9949999
75 37.63700528
76 38.25118711
77 38.83590918
78 39.38961002
79 39.91081151
80 40.39812711
81 40.85026997
82 41.2660606
83 41.64443425
84 41.98444786
85 42.28528657
86 42.5462697
87 42.76685628
88 42.94664992
89 43.0854032
90 43.18302135
91 43.23956536
92 43.2552544
93 43.23046756
94 43.16574493
95 43.06178797
96 42.9194592
97 42.73978122
98 42.52393494
99 42.27325726
100 41.989238
101 41.67351617
102 41.32787562
103 40.95424008
104 40.55466752
105 40.13134406
106 39.68657718
107 39.22278853
108 38.74250612
109 38.24835616
110 37.74305431
111 37.22939668
112 36.71025027
113 36.18854322
114 35.6672546
115 35.14940395
116 34.6380406
117 34.13623267
118 33.64705589
119 33.17358227
120 32.71886855
121 32.28594457
122 31.87780155
123 31.49738024
124 31.1475591
125 30.83114242
126 30.55084849
127 30.30929778
128 30.10900127
129 29.95234882
130 29.84159779
131 29.77886174
132 29.76609948
133 29.80510429
134 29.89749359
135 30.04469883
136 30.24795594
137 30.50829617
138 30.82653746
139 31.20327645
140 31.63888108
141 32.13348388
142 32.68697608
143 33.29900251
144 33.96895735
145 34.69598086
146 35.47895712
147 36.31651278
148 37.20701693
149 38.14858219
150 39.13906692
151 40.17607869
152 41.25697911
153 42.3788898
154 43.5386999
155 44.73307471
156 45.95846579
157 47.21112237
158 48.48710404
159 49.78229477
160 51.09241814
161 52.41305381
162 53.73965506
163 55.06756747
164 56.39204855
165 57.70828824
166 59.01143022
167 60.29659388
168 61.55889686
169 62.79347796
170 63.99552034
171 65.16027493
172 66.28308369
173 67.35940281
174 68.38482553
175 69.35510445
176 70.26617331
177 71.11416782
178 71.89544566
179 72.60660532
180 73.24450374
181 73.80627256
182 74.28933287
183 74.69140836
184 75.0105368
185 75.24507965
186 75.39372987
187 75.45551775
188 75.42981479
189 75.31633557
190 75.11513759
191 74.82661911
192 74.45151501
193 73.99089063
194 73.4461338
195 72.81894495
196 72.1113255
197 71.32556459
198 70.46422427
199 69.53012321
200 68.52631918
201 67.45609032
202 66.32291544
203 65.13045341
204 63.88252192
205 62.58307566
206 61.23618414
207 59.84600931
208 58.41678313
209 56.95278528
210 55.4583211
211 53.93769996
212 52.39521424
213 50.83511893
214 49.26161209
215 47.67881628
216 46.09076094
217 44.50136599
218 42.91442655
219 41.33359901
220 39.76238842
221 38.20413715
222 36.66201513
223 35.13901133
224 33.63792674
225 32.16136877
226 30.71174701
227 29.29127036
228 27.90194548
229 26.5455765
230 25.22376599
231 23.93791702
232 22.68923631
233 21.47873844
234 20.30725092
235 19.1754201
236 18.0837179
237 17.03244911
238 16.02175932
239 15.05164334
240 14.121954
241 13.23241128
242 12.38261164
243 11.57203754
244 10.80006702
245 10.06598327
246 9.368984151
247 8.708191598
248 8.082660805
249 7.491389205
250 6.933325153
251 6.407376292
252 5.912417547
253 5.447298748
254 5.010851822
255 4.601897559
256 4.21925193
257 3.861731947
258 3.528161057
259 3.217374074
260 2.928221651
261 2.659574291
262 2.410325921
263 2.179397023
264 1.965737354
265 1.768328259
266 1.586184603
267 1.418356342
268 1.263929744
269 1.122028304
270 0.9918133486
271 0.8724843746
272 0.763279136
273 0.6634735008
274 0.5723811055
275 0.4893528247
276 0.4137760804
277 0.34507401
278 0.2827045133
279 0.2261591967
280 0.1749622334
281 0.1286691549
282 0.08686558956
283 0.04916596266
284 0.01521217092
285 -0.01532775712
286 -0.04276100383
287 -0.06737129885
288 -0.08942024078
289 -0.1091485968
290 -0.1267775735
291 -0.1425100543
292 -0.1565317982
293 -0.1690125959
294 -0.1801073816
295 -0.1899572968
296 -0.1986907056
297 -0.2064241597
298 -0.213263313
299 -0.2193037858
300 -0.2246319789
301 -0.2293258376
302 -0.2334555683
303 -0.237084307
304 -0.2402687428
305 -0.243059697
306 -0.2455026599
307 -0.2476382873
308 -0.2495028593
309 -0.2511287012
310 -0.2525445716
311 -0.2537760172
312 -0.2548456972
313 -0.2557736802
314 -0.2565777134
315 -0.2572734684
316 -0.2578747632
317 -0.2583937637
318 -0.2588411654
319 -0.2592263576
320 -0.2595575709
321 -0.2598420097
322 -0.2600859711
323 -0.2602949511
324 -0.2604737398
325 -0.2606265063
326 -0.2607568735
327 -0.2608679857
328 -0.2609625676
329 -0.2610429773
330 -0.2611112523
331 -0.2611691512
332 -0.2612181892
333 -0.2612596702
334 -0.2612947149
335 -0.2613242848
336 -0.261349204
337 -0.2613701775
338 -0.2613878081
339 -0.2614026101
340 -0.2614150217
341 -0.2614254159
342 -0.2614341098
343 -0.2614413725
344 -0.2614474319
345 -0.2614524812
346 -0.2614566834
347 -0.2614601764
348 -0.2614630762
349 -0.2614654805
350 -0.2614674715
351 -0.2614691183
352 -0.2614704786
353 -0.2614716009
354 -0.2614725256
355 -0.2614732867
356 -0.2614739122
357 -0.2614744257
358 -0.2614748468
359 -0.2614751916
360 -0.2614754736
361 -0.2614757039
362 -0.2614758919
363 -0.261476045
364 -0.2614761696
365 -0.2614762709
366 -0.2614763532
367 -0.2614764199
368 -0.2614764739
369 -0.2614765175
370 -0.2614765528
371 -0.2614765813
372 -0.2614766042
373 -0.2614766227
374 -0.2614766375
375 -0.2614766494
376 -0.261476659
377 -0.2614766666
378 -0.2614766727
379 -0.2614766776
380 -0.2614766815
381 -0.2614766846
382 -0.2614766871
383 -0.2614766891
384 -0.2614766906
385 -0.2614766919
386 -0.2614766928
387 -0.2614766936
388 -0.2614766942
389 -0.2614766947
390 -0.2614766951
391 -0.2614766954
392 -0.2614766956
393 -0.2614766958
394 -0.261476696
395 -0.2614766961
396 -0.2614766962
397 -0.2614766962
398 -0.2614766963
399 -0.2614766963
400 -0.2614766964
401 -0.2614766964
402 -0.2614766964
403 -0.2614766964
404 -0.2614766964
405 -0.2614766964
406 -0.2614766965
407 -0.2614766965
408 -0.2614766965
409 -0.2614766965
410 -0.2614766965
411 -0.2614766965
412 -0.2614766965
413 -0.2614766965
414 -0.2614766965
415 -0.2614766965
416 -0.2614766965
417 -0.2614766965
418 -0.2614766965
419 -0.2614766965
420 -0.2614766965
421 -0.2614766965
422 -0.2614766965
423 -0.2614766965
424 -0.2614766965
425 -0.2614766965
426 -0.2614766965
427 -0.2614766965
428 -0.2614766965
429 -0.2614766965
430 -0.2614766965
431 -0.2614766965
432 -0.2614766965
433 -0.2614766965
434 -0.2614766965
435 -0.2614766965
436 -0.2614766965
437 -0.2614766965
438 -0.2614766965
439 -0.2614766965
440 -0.2614766965
441 -0.2614766965
442 -0.2614766965
443 -0.2614766965
444 -0.2614766965
445 -0.2614766965
446 -0.2614766965
447 -0.2614766965
448 -0.2614766965
449 -0.2614766965
450 -0.2614766965
451 -0.2614766965
452 -0.2614766965
453 -0.2614766965
454 -0.2614766965
455 -0.2614766965
456 -0.2614766965
457 -0.2614766965
458 -0.2614766965
459 -0.2614766965
460 -0.2614766965
461 -0.2614766965
462 -0.2614766965
463 -0.2614766965
464 -0.2614766965
465 -0.2614766965
466 -0.2614766965
467 -0.2614766965
468 -0.2614766965
469 -0.2614766965
470 -0.2614766965
471 -0.2614766965
472 -0.2614766965
473 -0.2614766965
474 -0.2614766965
475 -0.2614766965
476 -0.2614766965
477 -0.2614766965
478 -0.2614766965
479 -0.2614766965
480 -0.2614766965
481 -0.2614766965
482 -0.2614766965
483 -0.2614766965
484 -0.2614766965
485 -0.2614766965
486 -0.2614766965
487 -0.2614766965
488 -0.2614766965
489 -0.2614766965
490 -0.2614766965
491 -0.2614766965
492 -0.2614766965
493 -0.2614766965
494 -0.2614766965
495 -0.2614766965
496 -0.2614766965
497 -0.2614766965
498 -0.2614766965
499 -0.2614766965
500 -0.2614766965
501 -0.2614766965
502 -0.2614766965
503 -0.2614766965
504 -0.2614766965
505 -0.2614766965
506 -0.2614766965
507 -0.2614766965
508 -0.2614766965
509 -0.2614766965
510 -0.2614766965
511 -0.2614766965
512 -0.2614766965
513 -0.2614766965
514 -0.2614766965
515 -0.2614766965
516 -0.2614766965
517 -0.2614766965
518 -0.2614766965
519 -0.2614766965
520 -0.2614766965
521 -0.2614766965
522 -0.2614766965
523 -0.2614766965
524 -0.2614766965
525 -0.2614766965
526 -0.2614766965
527 -0.2614766965
528 -0.2614766965
529 -0.2614766965
530 -0.2614766965
531 -0.2614766965
532 -0.2614766965
533 -0.2614766965
534 -0.2614766965
535 -0.2614766965
536 -0.2614766965
537 -0.2614766965
538 -0.2614766965
539 -0.2614766965
540 -0.2614766965
541 -0.2614766965
542 -0.2614766965
543 -0.2614766965
544 -0.2614766965
545 -0.2614766965
546 -0.2614766965
547 -0.2614766965
548 -0.2614766965
549 -0.2614766965
550 -0.2614766965
551 -0.2614766965
552 -0.2614766965
553 -0.2614766965
554 -0.2614766965
555 -0.2614766965
556 -0.2614766965
557 -0.2614766965
558 -0.2614766965
559 -0.2614766965
560 -0.2614766965
561 -0.2614766965
562 -0.2614766965
563 -0.2614766965
564 -0.2614766965
565 -0.2614766965
566 -0.2614766965
567 -0.2614766965
568 -0.2614766965
569 -0.2614766965
570 -0.2614766965
571 -0.2614766965
572 -0.2614766965
573 -0.2614766965
574 -0.2614766965
575 -0.2614766965
576 -0.2614766965
577 -0.2614766965
578 -0.2614766965
579 -0.2614766965
580 -0.2614766965
581 -0.2614766965
582 -0.2614766965
583 -0.2614766965
584 -0.2614766965
585 -0.2614766965
586 -0.2614766965
587 -0.2614766965
588 -0.2614766965
589 -0.2614766965
590 -0.2614766965
591 -0.2614766965
592 -0.2614766965
593 -0.2614766965
594 -0.2614766965
595 -0.2614766965
596 -0.2614766965
597 -0.2614766965
598 -0.2614766965
599 -0.2614766965
600 -0.2614766965
601 -0.2614766965
602 -0.2614766965
603 -0.2614766965
604 -0.2614766965
605 -0.2614766965
606 -0.2614766965
607 -0.2614766965
608 -0.2614766965
609 -0.2614766965
610 -0.2614766965
611 -0.2614766965
612 -0.2614766965
613 -0.2614766965
614 -0.2614766965
615 -0.2614766965
616 -0.2614766965
617 -0.2614766965
618 -0.2614766965
619 -0.2614766965
620 -0.2614766965
621 -0.2614766965
622 -0.2614766965
623 -0.2614766965
624 -0.2614766965
625 -0.2614766965
626 -0.2614766965
627 -0.2614766965
628 -0.2614766965
629 -0.2614766965
630 -0.2614766965
631 -0.2614766965
632 -0.2614766965
633 -0.2614766965
634 -0.2614766965
635 -0.2614766965
636 -0.2614766965
637 -0.2614766965
638 -0.2614766965
639 -0.2614766965
640 -0.2614766965
641 -0.2614766965
642 -0.2614766965
643 -0.2614766965
644 -0.2614766965
645 -0.2614766965
646 -0.2614766965
647 -0.2614766965
648 -0.2614766965
649 -0.2614766965
650 -0.2614766965
651 -0.2614766965
652 -0.2614766965
653 -0.2614766965
654 -0.2614766965
655 -0.2614766965
656 -0.2614766965
657 -0.2614766965
658 -0.2614766965
659 -0.2614766965
660 -0.2614766965
661 -0.2614766965
662 -0.2614766965
663 -0.2614766965
664 -0.2614766965
665 -0.2614766965
666 -0.2614766965
667 -0.2614766965
668 -0.2614766965
669 -0.2614766965
670 -0.2614766965
671 -0.2614766965
672 -0.2614766965
673 -0.2614766965
674 -0.2614766965
675 -0.2614766965
676 -0.2614766965
677 -0.2614766965
678 -0.2614766965
679 -0.2614766965
680 -0.2614766965
681 -0.2614766965
682 -0.2614766965
683 -0.2614766965
684 -0.2614766965
685 -0.2614766965
686 -0.2614766965
687 -0.2614766965
688 -0.2614766965
689 -0.2614766965
690 -0.2614766965
691 -0.2614766965
692 -0.2614766965
693 -0.2614766965
694 -0.2614766965
695 -0.2614766965
696 -0.2614766965
697 -0.2614766965
698 -0.2614766965
699 -0.2614766965
700 -0.2614766965
701 -0.2614766965
702 -0.2614766965
703 -0.2614766965
704 -0.2614766965
705 -0.2614766965
706 -0.2614766965
707 -0.2614766965
708 -0.2614766965
709 -0.2614766965
710 -0.2614766965
711 -0.2614766965
712 -0.2614766965
713 -0.2614766965
714 -0.2614766965
715 -0.2614766965
716 -0.2614766965
717 -0.2614766965
718 -0.2614766965
719 -0.2614766965
720 -0.2614766965
721 -0.2614766965
722 -0.2614766965
723 -0.2614766965
724 -0.2614766965
725 -0.2614766965
726 -0.2614766965
727 -0.2614766965
728 -0.2614766965
729 -0.2614766965
730 -0.2614766965
731 -0.2614766965
732 -0.2614766965
733 -0.2614766965
734 -0.2614766965
735 -0.2614766965
736 -0.2614766965
737 -0.2614766965
738 -0.2614766965
739 -0.2614766965
740 -0.2614766965
741 -0.2614766965
742 -0.2614766965
743 -0.2614766965
744 -0.2614766965
745 -0.2614766965
746 -0.2614766965
747 -0.2614766965
748 -0.2614766965
749 -0.2614766965
750 -0.2614766965
751 -0.2614766965
752 -0.2614766965
753 -0.2614766965
754 -0.2614766965
755 -0.2614766965
756 -0.2614766965
757 -0.2614766965
758 -0.2614766965
759 -0.2614766965
760 -0.2614766965
761 -0.2614766965
762 -0.2614766965
763 -0.2614766965
764 -0.2614766965
765 -0.2614766965
766 -0.2614766965
767 -0.2614766965
768 -0.2614766965
769 -0.2614766965
770 -0.2614766965
771 -0.2614766965
772 -0.2614766965
773 -0.2614766965
774 -0.2614766965
775 -0.2614766965
776 -0.2614766965
777 -0.2614766965
778 -0.2614766965
779 -0.2614766965
780 -0.2614766965
781 -0.2614766965
782 -0.2614766965
783 -0.2614766965
784 -0.2614766965
785 -0.2614766965
786 -0.2614766965
787 -0.2614766965
788 -0.2614766965
789 -0.2614766965
790 -0.2614766965
791 -0.2614766965
792 -0.2614766965
793 -0.2614766965
794 -0.2614766965
795 -0.2614766965
796 -0.2614766965
797 -0.2614766965
798 -0.2614766965
799 -0.2614766965
800 -0.2614766965
801 -0.2614766965
802 -0.2614766965
803 -0.2614766965
804 -0.2614766965
805 -0.2614766965
806 -0.2614766965
807 -0.2614766965
808 -0.2614766965
809 -0.2614766965
810 -0.2614766965
811 -0.2614766965
812 -0.2614766965
813 -0.2614766965
814 -0.2614766965
815 -0.2614766965
816 -0.2614766965
817 -0.2614766965
818 -0.2614766965
819 -0.2614766965
820 -0.2614766965
821 -0.2614766965
822 -0.2614766965
823 -0.2614766965
824 -0.2614766965
825 -0.2614766965
826 -0.2614766965
827 -0.2614766965
828 -0.2614766965
829 -0.2614766965
830 -0.2614766965
831 -0.2614766965
832 -0.2614766965
833 -0.2614766965
834 -0.2614766965
835 -0.2614766965
836 -0.2614766965
837 -0.2614766965
838 -0.2614766965
839 -0.2614766965
840 -0.2614766965
841 -0.2614766965
842 -0.2614766965
843 -0.2614766965
844 -0.2614766965
845 -0.2614766965
846 -0.2614766965
847 -0.2614766965
848 -0.2614766965
849 -0.2614766965
850 -0.2614766965
851 -0.2614766965
852 -0.2614766965
853 -0.2614766965
854 -0.2614766965
855 -0.2614766965
856 -0.2614766965
857 -0.2614766965
858 -0.2614766965
859 -0.2614766965
860 -0.2614766965
861 -0.2614766965
862 -0.2614766965
863 -0.2614766965
864 -0.2614766965
865 -0.2614766965
866 -0.2614766965
867 -0.2614766965
868 -0.2614766965
869 -0.2614766965
870 -0.2614766965
871 -0.2614766965
872 -0.2614766965
873 -0.2614766965
874 -0.2614766965
875 -0.2614766965
876 -0.2614766965
877 -0.2614766965
878 -0.2614766965
879 -0.2614766965
880 -0.2614766965
881 -0.2614766964
882 -0.2614766964
883 -0.2614766964
884 -0.2614766964
885 -0.2614766964
886 -0.2614766964
887 -0.2614766964
888 -0.2614766963
889 -0.2614766963
890 -0.2614766962
891 -0.2614766962
892 -0.2614766961
893 -0.261476696
894 -0.2614766959
895 -0.2614766957
896 -0.2614766955
897 -0.2614766953
898 -0.261476695
899 -0.2614766946
900 -0.2614766942
901 -0.2614766936
902 -0.2614766929
903 -0.261476692
904 -0.261476691
905 -0.2614766896
906 -0.261476688
907 -0.261476686
908 -0.2614766835
909 -0.2614766805
910 -0.2614766767
911 -0.2614766721
912 -0.2614766665
913 -0.2614766596
914 -0.2614766512
915 -0.2614766408
916 -0.2614766282
917 -0.2614766129
918 -0.2614765941
919 -0.2614765714
920 -0.2614765437
921 -0.26147651
922 -0.2614764692
923 -0.2614764197
924 -0.2614763599
925 -0.2614762874
926 -0.2614761999
927 -0.2614760943
928 -0.261475967
929 -0.2614758136
930 -0.2614756291
931 -0.2614754074
932 -0.2614751412
933 -0.2614748219
934 -0.2614744394
935 -0.2614739816
936 -0.2614734344
937 -0.2614727808
938 -0.2614720011
939 -0.2614710718
940 -0.2614699656
941 -0.26146865
942 -0.2614670871
943 -0.2614652323
944 -0.2614630336
945 -0.2614604298
946 -0.2614573495
947 -0.2614537095
948 -0.2614494125
949 -0.2614443454
950 -0.2614383765
951 -0.2614313526
952 -0.2614230962
953 -0.2614134011
954 -0.2614020288
955 -0.2613887032
956 -0.2613731054
957 -0.2613548674
958 -0.2613335649
959 -0.2613087093
960 -0.2612797389
961 -0.2612460084
962 -0.2612067774
963 -0.2611611975
964 -0.2611082976
965 -0.2610469675
966 -0.2609759397
967 -0.2608937683
968 -0.2607988065
969 -0.2606891806
970 -0.2605627613
971 -0.260417132
972 -0.2602495529
973 -0.2600569223
974 -0.2598357321
975 -0.2595820204
976 -0.2592913175
977 -0.2589585877
978 -0.258578164
979 -0.2581436774
980 -0.2576479784
981 -0.2570830518
982 -0.2564399229
983 -0.2557085553
984 -0.2548777398
985 -0.2539349725
986 -0.2528663239
987 -0.2516562959
988 -0.2502876671
989 -0.248741326
990 -0.2469960916
991 -0.2450285193
992 -0.2428126933
993 -0.2403200037
994 -0.2375189088
995 -0.2343746805
996 -0.230849134
997 -0.2269003401
998 -0.2224823209
999 -0.2175447276
1000 -0.2120325007
1001 -0.2058855129
1002 -0.1990381942
1003 -0.1914191398
1004 -0.1829507012
1005 -0.1735485608
1006 -0.1631212909
1007 -0.1515698984
1008 -0.1387873564
1009 -0.1246581228
1010 -0.1090576502
1011 -0.09185188653
1012 -0.07289677024
1013 -0.05203772226
1014 -0.02910913741
1015 -0.003933878759
1016 0.02367722149
1017 0.05392585082
1018 0.08702669051
1019 0.1232078704
1020 0.1627113993
1021 0.2057935662
1022 0.2527253057
1023 0.3037925222
