#54745 2909.9954911090412795 0.0045704775817950807348 1 1309 16.000049430220818044 1024 7 1 J1713+0747 0.0000000 
0 0.5833010781
1 0.5833010781
2 0.5833010781
3 0.5833010781
4 0.5833010781
5 0.5833010781
6 0.5833010781
7 0.5833010781
8 0.5833010781
9 0.5833010781
10 0.5833010781
11 0.5833010781
12 0.5833010781
13 0.5833010781
14 0.5833010781
15 0.5833010781
16 0.5833010781
17 0.5833010781
18 0.5833010781
19 0.5833010781
20 0.5833010781
21 0.5833010781
22 0.5833010781
23 0.5833010781
24 0.5833010781
25 0.5833010781
26 0.5833010781
27 0.5833010781
28 0.5833010781
29 0.5833010781
30 0.5833010781
31 0.5833010781
32 0.5833010781
33 0.5833010781
34 0.5833010781
35 0.5833010781
36 0.5833010781
37 0.5833010781
38 0.5833010781
39 0.5833010781
40 0.5833010781
41 0.5833010781
42 0.5833010781
43 0.5833010781
44 0.5833010781
45 0.5833010781
46 0.5833010781
47 0.5833010781
48 0.5833010782
49 0.5833010782
50 0.5833010782
51 0.5833010782
52 0.5833010783
53 0.5833010783
54 0.5833010784
55 0.5833010785
56 0.5833010786
57 0.5833010787
58 0.5833010788
59 0.583301079
60 0.5833010793
61 0.5833010796
62 0.5833010799
63 0.5833010804
64 0.583301081
65 0.5833010817
66 0.5833010825
67 0.5833010836
68 0.583301085
69 0.5833010866
70 0.5833010886
71 0.5833010911
72 0.5833010942
73 0.583301098
74 0.5833011026
75 0.5833011083
76 0.5833011153
77 0.5833011238
78 0.5833011343
79 0.583301147
80 0.5833011626
81 0.5833011815
82 0.5833012046
83 0.5833012327
84 0.5833012668
85 0.5833013082
86 0.5833013584
87 0.5833014192
88 0.5833014927
89 0.5833015816
90 0.5833016889
91 0.5833018184
92 0.5833019743
93 0.583302162
94 0.5833023877
95 0.5833026588
96 0.583302984
97 0.5833033737
98 0.5833038404
99 0.5833043985
100 0.5833050652
101 0.583305861
102 0.5833068097
103 0.5833079396
104 0.5833092838
105 0.5833108814
106 0.583312778
107 0.5833150273
108 0.583317692
109 0.5833208455
110 0.5833245735
111 0.5833289761
112 0.5833341698
113 0.5833402903
114 0.5833474953
115 0.583355968
116 0.583365921
117 0.5833776004
118 0.5833912912
119 0.5834073229
120 0.5834260755
121 0.5834479879
122 0.583473565
123 0.5835033882
124 0.5835381254
125 0.5835785432
126 0.5836255206
127 0.5836800639
128 0.5837433244
129 0.5838166169
130 0.5839014419
131 0.5839995092
132 0.5841127651
133 0.5842434224
134 0.5843939935
135 0.584567328
136 0.5847666539
137 0.584995623
138 0.585258362
139 0.5855595283
140 0.5859043719
141 0.5862988031
142 0.5867494679
143 0.5872638299
144 0.5878502604
145 0.5885181372
146 0.5892779526
147 0.5901414303
148 0.5911216541
149 0.5922332069
150 0.5934923212
151 0.5949170433
152 0.5965274093
153 0.5983456363
154 0.6003963274
155 0.6027066922
156 0.6053067836
157 0.6082297507
158 0.6115121095
159 0.6151940308
160 0.6193196464
161 0.6239373742
162 0.629100262
163 0.6348663504
164 0.6412990551
165 0.6484675678
166 0.6564472771
167 0.6653202069
168 0.6751754734
169 0.6861097593
170 0.6982278045
171 0.711642911
172 0.7264774626
173 0.7428634555
174 0.7609430391
175 0.7808690639
176 0.8028056341
177 0.8269286622
178 0.8534264212
179 0.8825000919
180 0.9143642999
181 0.9492476388
182 0.9873931741
183 1.029058923
184 1.074518303
185 1.124060548
186 1.177991074
187 1.236631808
188 1.300321446
189 1.369415661
190 1.44428723
191 1.525326091
192 1.6129393
193 1.707550911
194 1.809601736
195 1.919549009
196 2.037865914
197 2.165041007
198 2.301577482
199 2.447992315
200 2.604815244
201 2.772587603
202 2.951860994
203 3.14319579
204 3.347159472
205 3.564324794
206 3.795267765
207 4.040565465
208 4.300793679
209 4.576524354
210 4.868322888
211 5.176745254
212 5.502334952
213 5.845619815
214 6.20710867
215 6.58728786
216 6.986617646
217 7.405528506
218 7.844417335
219 8.303643586
220 8.783525339
221 9.284335357
222 9.806297122
223 10.34958089
224 10.91429981
225 11.50050604
226 12.10818707
227 12.73726209
228 13.38757854
229 14.05890884
230 14.75094739
231 15.46330773
232 16.19552004
233 16.94702897
234 17.71719178
235 18.50527681
236 19.31046246
237 20.13183648
238 20.9683958
239 21.81904674
240 22.68260581
241 23.55780096
242 24.44327333
243 25.33757962
244 26.23919491
245 27.1465161
246 28.05786584
247 28.97149703
248 29.88559789
249 30.79829749
250 31.70767182
251 32.61175042
252 33.50852332
253 34.39594861
254 35.2719603
255 36.13447655
256 36.98140837
257 37.81066844
258 38.62018031
259 39.40788781
260 40.1717645
261 40.90982339
262 41.62012657
263 42.30079495
264 42.95001788
265 43.56606269
266 44.14728406
267 44.69213315
268 45.19916649
269 45.66705454
270 46.09458983
271 46.48069474
272 46.82442873
273 47.12499512
274 47.38174729
275 47.59419425
276 47.76200561
277 47.88501592
278 47.96322825
279 47.99681713
280 47.9861307
281 47.93169218
282 47.83420059
283 47.69453059
284 47.51373178
285 47.29302705
286 47.03381028
287 46.73764328
288 46.40625201
289 46.0415221
290 45.64549366
291 45.22035542
292 44.76843829
293 44.29220822
294 43.79425853
295 43.27730165
296 42.74416036
297 42.19775851
298 41.6411113
299 41.07731508
300 40.5095368
301 39.94100307
302 39.3749889
303 38.81480606
304 38.26379132
305 37.72529425
306 37.20266501
307 36.69924179
308 36.21833819
309 35.76323052
310 35.33714484
311 34.94324419
312 34.58461556
313 34.26425704
314 33.9850649
315 33.74982083
316 33.56117925
317 33.42165477
318 33.33360988
319 33.29924285
320 33.32057593
321 33.39944389
322 33.53748289
323 33.73611991
324 33.9965625
325 34.31978926
326 34.7065408
327 35.15731148
328 35.67234174
329 36.25161144
330 36.8948339
331 37.60145092
332 38.37062888
333 39.20125578
334 40.09193951
335 41.04100725
336 42.04650614
337 43.10620521
338 44.21759871
339 45.37791074
340 46.58410137
341 47.83287413
342 49.120685
343 50.44375281
344 51.79807116
345 53.17942173
346 54.583389
347 56.00537638
348 57.44062365
349 58.88422565
350 60.3311522
351 61.77626908
352 63.21436006
353 64.64014977
354 66.04832744
355 67.43357117
356 68.79057283
357 70.11406319
358 71.39883741
359 72.63978041
360 73.83189221
361 74.97031297
362 76.05034757
363 77.0674895
364 78.01744399
365 78.89615017
366 79.69980208
367 80.42486839
368 81.06811066
369 81.62660008
370 82.09773243
371 82.47924127
372 82.76920921
373 82.96607711
374 83.06865129
375 83.07610851
376 82.98799885
377 82.80424634
378 82.52514743
379 82.15136725
380 81.68393377
381 81.12422976
382 80.47398284
383 79.7352535
384 78.91042129
385 78.00216928
386 77.01346694
387 75.94755149
388 74.80790799
389 73.59824821
390 72.32248856
391 70.98472717
392 69.58922034
393 68.14035846
394 66.64264173
395 65.1006557
396 63.51904692
397 61.90249875
398 60.25570766
399 58.58336002
400 56.89010962
401 55.18055603
402 53.45922394
403 51.73054354
404 49.99883223
405 48.2682774
406 46.54292082
407 44.82664422
408 43.12315656
409 41.43598264
410 39.76845337
411 38.1236975
412 36.50463497
413 34.9139717
414 33.35419593
415 31.82757602
416 30.33615962
417 28.8817742
418 27.46602891
419 26.09031755
420 24.75582274
421 23.46352111
422 22.21418941
423 21.00841152
424 19.84658619
425 18.72893543
426 17.65551352
427 16.62621641
428 15.64079159
429 14.69884814
430 13.79986709
431 12.94321181
432 12.12813845
433 11.35380635
434 10.61928834
435 9.923580821
436 9.265613689
437 8.644259874
438 8.058344608
439 7.506654287
440 6.987944933
441 6.500950201
442 6.044388933
443 5.616972221
444 5.217409977
445 4.844417
446 4.49671854
447 4.173055352
448 3.872188252
449 3.592902189
450 3.334009834
451 3.094354703
452 2.872813846
453 2.668300102
454 2.479763951
455 2.306194985
456 2.146623029
457 2.000118917
458 1.865794971
459 1.74280519
460 1.630345188
461 1.527651894
462 1.434003047
463 1.348716506
464 1.271149398
465 1.200697126
466 1.136792257
467 1.078903314
468 1.026533482
469 0.9792192573
470 0.9365290411
471 0.8980617062
472 0.8634451407
473 0.8323347856
474 0.8044121746
475 0.7793834874
476 0.7569781237
477 0.7369473061
478 0.7190627179
479 0.7031151805
480 0.6889133763
481 0.6762826191
482 0.6650636751
483 0.6551116369
484 0.6462948519
485 0.6384939049
486 0.6316006565
487 0.6255173358
488 0.6201556878
489 0.6154361733
490 0.6112872216
491 0.6076445329
492 0.6044504298
493 0.6016532554
494 0.5992068161
495 0.597069867
496 0.5952056382
497 0.5935813985
498 0.5921680563
499 0.5909397934
500 0.5898737309
501 0.5889496252
502 0.5881495904
503 0.5874578476
504 0.5868604968
505 0.5863453112
506 0.5859015515
507 0.5855197987
508 0.5851918037
509 0.5849103525
510 0.5846691451
511 0.5844626881
512 0.5842861978
513 0.5841355147
514 0.5840070272
515 0.5838976037
516 0.5838045329
517 0.5837254705
518 0.5836583924
519 0.5836015535
520 0.5835534512
521 0.5835127937
522 0.5834784719
523 0.5834495348
524 0.5834251681
525 0.5834046756
526 0.5833874629
527 0.5833730233
528 0.5833609249
529 0.583350801
530 0.5833423399
531 0.5833352772
532 0.5833293892
533 0.5833244867
534 0.5833204097
535 0.5833170236
536 0.5833142147
537 0.5833118876
538 0.5833099619
539 0.5833083705
540 0.583307057
541 0.5833059741
542 0.5833050826
543 0.5833043494
544 0.5833037472
545 0.5833032533
546 0.5833028486
547 0.5833025175
548 0.5833022469
549 0.583302026
550 0.5833018459
551 0.5833016993
552 0.5833015801
553 0.5833014833
554 0.5833014047
555 0.5833013411
556 0.5833012896
557 0.583301248
558 0.5833012144
559 0.5833011873
560 0.5833011655
561 0.5833011479
562 0.5833011339
563 0.5833011226
564 0.5833011135
565 0.5833011063
566 0.5833011005
567 0.5833010959
568 0.5833010922
569 0.5833010892
570 0.5833010869
571 0.5833010851
572 0.5833010836
573 0.5833010824
574 0.5833010815
575 0.5833010808
576 0.5833010802
577 0.5833010797
578 0.5833010794
579 0.5833010791
580 0.5833010789
581 0.5833010787
582 0.5833010786
583 0.5833010785
584 0.5833010784
585 0.5833010783
586 0.5833010783
587 0.5833010782
588 0.5833010782
589 0.5833010782
590 0.5833010782
591 0.5833010781
592 0.5833010781
593 0.5833010781
594 0.5833010781
595 0.5833010781
596 0.5833010781
597 0.5833010781
598 0.5833010781
599 0.5833010781
600 0.5833010781
601 0.5833010781
602 0.5833010781
603 0.5833010781
604 0.5833010781
605 0.5833010781
606 0.5833010781
607 0.5833010781
608 0.5833010781
609 0.5833010781
610 0.5833010781
611 0.5833010781
612 0.5833010781
613 0.5833010781
614 0.5833010781
615 0.5833010781
616 0.5833010781
617 0.5833010781
618 0.5833010781
619 0.5833010781
620 0.5833010781
621 0.5833010781
622 0.5833010781
623 0.5833010781
624 0.5833010781
625 0.5833010781
626 0.5833010781
627 0.5833010781
628 0.5833010781
629 0.5833010781
630 0.5833010781
631 0.5833010781
632 0.5833010781
633 0.5833010781
634 0.5833010781
635 0.5833010781
636 0.5833010781
637 0.5833010781
638 0.5833010781
639 0.5833010781
640 0.5833010781
641 0.5833010781
642 0.5833010781
643 0.5833010781
644 0.5833010781
645 0.5833010781
646 0.5833010781
647 0.5833010781
648 0.5833010781
649 0.5833010781
650 0.5833010781
651 0.5833010781
652 0.5833010781
653 0.5833010781
654 0.5833010781
655 0.5833010781
656 0.5833010781
657 0.5833010781
658 0.5833010781
659 0.5833010781
660 0.5833010781
661 0.5833010781
662 0.5833010781
663 0.5833010781
664 0.5833010781
665 0.5833010781
666 0.5833010781
667 0.5833010781
668 0.5833010781
669 0.5833010781
670 0.5833010781
671 0.5833010781
672 0.5833010781
673 0.5833010781
674 0.5833010781
675 0.5833010781
676 0.5833010781
677 0.5833010781
678 0.5833010781
679 0.5833010781
680 0.5833010781
681 0.5833010781
682 0.5833010781
683 0.5833010781
684 0.5833010781
685 0.5833010781
686 0.5833010781
687 0.5833010781
688 0.5833010781
689 0.5833010781
690 0.5833010781
691 0.5833010781
692 0.5833010781
693 0.5833010781
694 0.5833010781
695 0.5833010781
696 0.5833010781
697 0.5833010781
698 0.5833010781
699 0.5833010781
700 0.5833010781
701 0.5833010781
702 0.5833010781
703 0.5833010781
704 0.5833010781
705 0.5833010781
706 0.5833010781
707 0.5833010781
708 0.5833010781
709 0.5833010781
710 0.5833010781
711 0.5833010781
712 0.5833010781
713 0.5833010781
714 0.5833010781
715 0.5833010781
716 0.5833010781
717 0.5833010781
718 0.5833010781
719 0.5833010781
720 0.5833010781
721 0.5833010781
722 0.5833010781
723 0.5833010781
724 0.5833010781
725 0.5833010781
726 0.5833010781
727 0.5833010781
728 0.5833010781
729 0.5833010781
730 0.5833010781
731 0.5833010781
732 0.5833010781
733 0.5833010781
734 0.5833010781
735 0.5833010781
736 0.5833010781
737 0.5833010781
738 0.5833010781
739 0.5833010781
740 0.5833010781
741 0.5833010781
742 0.5833010781
743 0.5833010781
744 0.5833010781
745 0.5833010781
746 0.5833010781
747 0.5833010781
748 0.5833010781
749 0.5833010781
750 0.5833010781
751 0.5833010781
752 0.5833010781
753 0.5833010781
754 0.5833010781
755 0.5833010781
756 0.5833010781
757 0.5833010781
758 0.5833010781
759 0.5833010781
760 0.5833010781
761 0.5833010781
762 0.5833010781
763 0.5833010781
764 0.5833010781
765 0.5833010781
766 0.5833010781
767 0.5833010781
768 0.5833010781
769 0.5833010781
770 0.5833010781
771 0.5833010781
772 0.5833010781
773 0.5833010781
774 0.5833010781
775 0.5833010781
776 0.5833010781
777 0.5833010781
778 0.5833010781
779 0.5833010781
780 0.5833010781
781 0.5833010781
782 0.5833010781
783 0.5833010781
784 0.5833010781
785 0.5833010781
786 0.5833010781
787 0.5833010781
788 0.5833010781
789 0.5833010781
790 0.5833010781
791 0.5833010781
792 0.5833010781
793 0.5833010781
794 0.5833010781
795 0.5833010781
796 0.5833010781
797 0.5833010781
798 0.5833010781
799 0.5833010781
800 0.5833010781
801 0.5833010781
802 0.5833010781
803 0.5833010781
804 0.5833010781
805 0.5833010781
806 0.5833010781
807 0.5833010781
808 0.5833010781
809 0.5833010781
810 0.5833010781
811 0.5833010781
812 0.5833010781
813 0.5833010781
814 0.5833010781
815 0.5833010781
816 0.5833010781
817 0.5833010781
818 0.5833010781
819 0.5833010781
820 0.5833010781
821 0.5833010781
822 0.5833010781
823 0.5833010781
824 0.5833010781
825 0.5833010781
826 0.5833010781
827 0.5833010781
828 0.5833010781
829 0.5833010781
830 0.5833010781
831 0.5833010781
832 0.5833010781
833 0.5833010781
834 0.5833010781
835 0.5833010781
836 0.5833010781
837 0.5833010781
838 0.5833010781
839 0.5833010781
840 0.5833010781
841 0.5833010781
842 0.5833010781
843 0.5833010781
844 0.5833010781
845 0.5833010781
846 0.5833010781
847 0.5833010781
848 0.5833010781
849 0.5833010781
850 0.5833010781
851 0.5833010781
852 0.5833010781
853 0.5833010781
854 0.5833010781
855 0.5833010781
856 0.5833010781
857 0.5833010781
858 0.5833010781
859 0.5833010781
860 0.5833010781
861 0.5833010781
862 0.5833010781
863 0.5833010781
864 0.5833010781
865 0.5833010781
866 0.5833010781
867 0.5833010781
868 0.5833010781
869 0.5833010781
870 0.5833010781
871 0.5833010781
872 0.5833010781
873 0.5833010781
874 0.5833010781
875 0.5833010781
876 0.5833010781
877 0.5833010781
878 0.5833010781
879 0.5833010781
880 0.5833010781
881 0.5833010781
882 0.5833010781
883 0.5833010781
884 0.5833010781
885 0.5833010781
886 0.5833010781
887 0.5833010781
888 0.5833010781
889 0.5833010781
890 0.5833010781
891 0.5833010781
892 0.5833010781
893 0.5833010781
894 0.5833010781
895 0.5833010781
896 0.5833010781
897 0.5833010781
898 0.5833010781
899 0.5833010781
900 0.5833010781
901 0.5833010781
902 0.5833010781
903 0.5833010781
904 0.5833010781
905 0.5833010781
906 0.5833010781
907 0.5833010781
908 0.5833010781
909 0.5833010781
910 0.5833010781
911 0.5833010781
912 0.5833010781
913 0.5833010781
914 0.5833010781
915 0.5833010781
916 0.5833010781
917 0.5833010781
918 0.5833010781
919 0.5833010781
920 0.5833010781
921 0.5833010781
922 0.5833010781
923 0.5833010781
924 0.5833010781
925 0.5833010781
926 0.5833010781
927 0.5833010781
928 0.5833010781
929 0.5833010781
930 0.5833010781
931 0.5833010781
932 0.5833010781
933 0.5833010781
934 0.5833010781
935 0.5833010781
936 0.5833010781
937 0.5833010781
938 0.5833010781
939 0.5833010781
940 0.5833010781
941 0.5833010781
942 0.5833010781
943 0.5833010781
944 0.5833010781
945 0.5833010781
946 0.5833010781
947 0.5833010781
948 0.5833010781
949 0.5833010781
950 0.5833010781
951 0.5833010781
952 0.5833010781
953 0.5833010781
954 0.5833010781
955 0.5833010781
956 0.5833010781
957 0.5833010781
958 0.5833010781
959 0.5833010781
960 0.5833010781
961 0.5833010781
962 0.5833010781
963 0.5833010781
964 0.5833010781
965 0.5833010781
966 0.5833010781
967 0.5833010781
968 0.5833010781
969 0.5833010781
970 0.5833010781
971 0.5833010781
972 0.5833010781
973 0.5833010781
974 0.5833010781
975 0.5833010781
976 0.5833010781
977 0.5833010781
978 0.5833010781
979 0.5833010781
980 0.5833010781
981 0.5833010781
982 0.5833010781
983 0.5833010781
984 0.5833010781
985 0.5833010781
986 0.5833010781
987 0.5833010781
988 0.5833010781
989 0.5833010781
990 0.5833010781
991 0.5833010781
992 0.5833010781
993 0.5833010781
994 0.5833010781
995 0.5833010781
996 0.5833010781
997 0.5833010781
998 0.5833010781
999 0.5833010781
1000 0.5833010781
1001 0.5833010781
1002 0.5833010781
1003 0.5833010781
1004 0.5833010781
1005 0.5833010781
1006 0.5833010781
1007 0.5833010781
1008 0.5833010781
1009 0.5833010781
1010 0.5833010781
1011 0.5833010781
1012 0.5833010781
1013 0.5833010781
1014 0.5833010781
1015 0.5833010781
1016 0.5833010781
1017 0.5833010781
1018 0.5833010781
1019 0.5833010781
1020 0.5833010781
1021 0.5833010781
1022 0.5833010781
1023 0.5833010781
