#54570 2909.9978553654525937 0.0045698303932768967114 1 1349 16.000049430220818044 1024 7 1 J1713+0747 0.0000000 
0 0.006705320483
1 0.006705320483
2 0.006705320483
3 0.006705320483
4 0.006705320483
5 0.006705320483
6 0.006705320483
7 0.006705320483
8 0.006705320483
9 0.006705320483
10 0.006705320483
11 0.006705320483
12 0.006705320483
13 0.006705320483
14 0.006705320483
15 0.006705320483
16 0.006705320483
17 0.006705320483
18 0.006705320483
19 0.006705320483
20 0.006705320483
21 0.006705320483
22 0.006705320483
23 0.006705320483
24 0.006705320483
25 0.006705320483
26 0.006705320483
27 0.006705320483
28 0.006705320483
29 0.006705320483
30 0.006705320483
31 0.006705320483
32 0.006705320483
33 0.006705320483
34 0.006705320483
35 0.006705320483
36 0.006705320483
37 0.006705320484
38 0.006705320484
39 0.006705320484
40 0.006705320485
41 0.006705320486
42 0.006705320486
43 0.006705320488
44 0.006705320489
45 0.006705320491
46 0.006705320493
47 0.006705320496
48 0.006705320499
49 0.006705320504
50 0.00670532051
51 0.006705320517
52 0.006705320526
53 0.006705320538
54 0.006705320553
55 0.006705320572
56 0.006705320595
57 0.006705320625
58 0.006705320662
59 0.006705320709
60 0.006705320767
61 0.006705320841
62 0.006705320933
63 0.006705321047
64 0.006705321191
65 0.006705321369
66 0.006705321592
67 0.006705321869
68 0.006705322214
69 0.006705322643
70 0.006705323174
71 0.006705323833
72 0.006705324649
73 0.006705325659
74 0.006705326907
75 0.006705328447
76 0.006705330346
77 0.006705332686
78 0.006705335566
79 0.006705339106
80 0.006705343453
81 0.006705348786
82 0.006705355322
83 0.006705363323
84 0.006705373108
85 0.006705385062
86 0.006705399651
87 0.006705417435
88 0.006705439094
89 0.006705465442
90 0.006705497463
91 0.006705536336
92 0.006705583478
93 0.006705640589
94 0.006705709703
95 0.006705793255
96 0.006705894157
97 0.006706015883
98 0.006706162576
99 0.006706339171
100 0.00670655154
101 0.006706806662
102 0.006707112822
103 0.006707479844
104 0.006707919363
105 0.006708445145
106 0.00670907346
107 0.006709823511
108 0.006710717942
109 0.006711783422
110 0.006713051323
111 0.00671455851
112 0.006716348255
113 0.006718471286
114 0.006720987009
115 0.006723964912
116 0.006727486183
117 0.006731645566
118 0.006736553504
119 0.006742338589
120 0.00674915037
121 0.006757162568
122 0.00676657675
123 0.006777626517
124 0.006790582285
125 0.00680575672
126 0.006823510911
127 0.006844261391
128 0.006868488079
129 0.006896743276
130 0.006929661836
131 0.006967972642
132 0.00701251154
133 0.0070642359
134 0.007124240982
135 0.0071937783
136 0.007274276205
137 0.007367362918
138 0.007474892271
139 0.007598972423
140 0.007741997856
141 0.007906684969
142 0.008096111615
143 0.008313760942
144 0.008563569956
145 0.008849983193
146 0.009178011983
147 0.009553299757
148 0.009982193904
149 0.01047182472
150 0.01103019198
151 0.01166625973
152 0.0123900599
153 0.01321280538
154 0.01414701312
155 0.01520663808
156 0.01640721854
157 0.01776603355
158 0.01930227316
159 0.02103722225
160 0.02299445842
161 0.02520006481
162 0.02768285847
163 0.03047463478
164 0.03361042872
165 0.03712879329
166 0.04107209577
167 0.04548683207
168 0.05042395964
169 0.05593924898
170 0.06209365407
171 0.06895370153
172 0.07659189845
173 0.08508715852
174 0.09452524596
175 0.1049992366
176 0.1166099952
177 0.1294666676
178 0.1436871867
179 0.1593987906
180 0.1767385504
181 0.1958539057
182 0.2169032061
183 0.2400562537
184 0.2654948459
185 0.2934133127
186 0.324019046
187 0.3575330153
188 0.3941902668
189 0.4342403987
190 0.477948009
191 0.5255931091
192 0.5774714967
193 0.633895083
194 0.6951921653
195 0.7617076397
196 0.8338031452
197 0.9118571329
198 0.9962648512
199 1.08743824
200 1.185805728
201 1.291811916
202 1.405917156
203 1.528596999
204 1.660341515
205 1.801654479
206 1.953052409
207 2.115063452
208 2.288226123
209 2.473087872
210 2.67020349
211 2.880133348
212 3.103441462
213 3.340693386
214 3.59245393
215 3.859284711
216 4.141741532
217 4.440371592
218 4.755710542
219 5.088279383
220 5.438581225
221 5.807097905
222 6.19428649
223 6.600575665
224 7.026362035
225 7.472006347
226 7.937829658
227 8.424109464
228 8.931075824
229 9.458907484
230 10.00772804
231 10.57760218
232 11.16853198
233 11.78045333
234 12.41323258
235 13.0666632
236 13.74046285
237 14.43427053
238 15.14764404
239 15.88005782
240 16.63090101
241 17.39947591
242 18.18499687
243 18.98658949
244 19.80329036
245 20.63404718
246 21.47771943
247 22.33307943
248 23.19881405
249 24.07352681
250 24.95574059
251 25.84390083
252 26.73637932
253 27.63147848
254 28.52743616
255 29.42243102
256 30.31458832
257 31.20198633
258 32.08266305
259 32.95462348
260 33.81584731
261 34.66429686
262 35.49792554
263 36.31468644
264 37.11254132
265 37.88946974
266 38.64347834
267 39.3726103
268 40.07495484
269 40.74865669
270 41.3919256
271 42.00304568
272 42.58038461
273 43.12240272
274 43.62766168
275 44.094833
276 44.52270609
277 44.910196
278 45.25635057
279 45.56035725
280 45.82154924
281 46.03941112
282 46.21358386
283 46.34386919
284 46.4302333
285 46.47280983
286 46.47190219
287 46.42798513
288 46.34170557
289 46.21388274
290 46.04550748
291 45.83774092
292 45.59191233
293 45.3095163
294 44.99220919
295 44.64180485
296 44.26026975
297 43.84971733
298 43.41240184
299 42.95071147
300 42.46716097
301 41.96438365
302 41.44512293
303 40.91222334
304 40.36862108
305 39.81733413
306 39.261452
307 38.70412507
308 38.1485536
309 37.59797648
310 37.05565962
311 36.52488418
312 36.00893454
313 35.5110861
314 35.03459291
315 34.5826752
316 34.15850682
317 33.7652026
318 33.40580566
319 33.08327478
320 32.80047175
321 32.56014881
322 32.3649362
323 32.21732986
324 32.11967927
325 32.07417557
326 32.08283992
327 32.14751217
328 32.26983992
329 32.45126798
330 32.6930283
331 32.99613045
332 33.36135264
333 33.78923346
334 34.28006426
335 34.83388235
336 35.45046503
337 36.12932447
338 36.86970369
339 37.67057338
340 38.53063002
341 39.44829495
342 40.42171482
343 41.44876318
344 42.52704341
345 43.653893
346 44.82638925
347 46.04135623
348 47.29537334
349 48.5847852
350 49.90571292
351 51.25406694
352 52.62556111
353 54.01572818
354 55.41993667
355 56.83340885
356 58.25124007
357 59.66841906
358 61.07984932
359 62.48037134
360 63.86478573
361 65.22787686
362 66.56443717
363 67.86929175
364 69.13732325
365 70.3634968
366 71.54288487
367 72.67069187
368 73.74227838
369 74.75318469
370 75.69915371
371 76.57615284
372 77.3803949
373 78.10835767
374 78.75680219
375 79.32278946
376 79.80369551
377 80.19722474
378 80.50142135
379 80.71467887
380 80.8357476
381 80.86374001
382 80.79813402
383 80.63877413
384 80.38587033
385 80.03999497
386 79.60207743
387 79.07339679
388 78.45557239
389 77.75055262
390 76.9606017
391 76.08828483
392 75.13645178
393 74.10821889
394 73.0069498
395 71.83623505
396 70.59987062
397 69.30183561
398 67.94626927
399 66.53744757
400 65.07975936
401 63.57768246
402 62.03575972
403 60.45857531
404 58.85073135
405 57.21682502
406 55.56142641
407 53.88905705
408 52.20416948
409 50.51112782
410 48.81418946
411 47.11748802
412 45.42501763
413 43.74061863
414 42.0679646
415 40.41055102
416 38.77168528
417 37.15447833
418 35.56183775
419 33.99646239
420 32.46083841
421 30.95723682
422 29.48771238
423 28.05410385
424 26.65803547
425 25.3009197
426 23.98396103
427 22.70816082
428 21.47432318
429 20.28306157
430 19.13480626
431 18.02981245
432 16.96816893
433 15.94980725
434 14.97451129
435 14.04192708
436 13.15157287
437 12.30284935
438 11.49504984
439 10.72737056
440 9.998920687
441 9.308732351
442 8.65577035
443 8.038941615
444 7.457104349
445 6.909076805
446 6.393645663
447 5.909573987
448 5.455608723
449 5.030487731
450 4.632946331
451 4.261723361
452 3.915566736
453 3.593238513
454 3.293519466
455 3.015213178
456 2.757149663
457 2.518188528
458 2.297221699
459 2.093175722
460 1.90501367
461 1.731736659
462 1.572385022
463 1.426039147
464 1.291819999
465 1.168889377
466 1.056449899
467 0.9537447567
468 0.8600572688
469 0.7747102375
470 0.6970651489
471 0.6265212289
472 0.5625143782
473 0.504516007
474 0.4520317849
475 0.4046003259
476 0.3617918227
477 0.323206646
478 0.2884739212
479 0.2572500954
480 0.2292175048
481 0.2040829534
482 0.1815763101
483 0.1614491324
484 0.1434733236
485 0.1274398274
486 0.113157366
487 0.1004512243
488 0.08916208345
489 0.0791449055
490 0.07026787123
491 0.06241137135
492 0.05546705176
493 0.04933691269
494 0.04393246114
495 0.03917391565
496 0.03498946235
497 0.03131456075
498 0.02809129754
499 0.02526778674
500 0.02279761412
501 0.02063932383
502 0.01875594524
503 0.01711455771
504 0.01568589125
505 0.01444396083
506 0.01336573223
507 0.01243081737
508 0.01162119714
509 0.01092096967
510 0.01031612219
511 0.009794324733
512 0.009344743882
513 0.008957874994
514 0.0086253913
515 0.008340008483
516 0.008095363346
517 0.007885905319
518 0.007706799603
519 0.007553840883
520 0.007423376568
521 0.007312238648
522 0.007217683289
523 0.007137337392
524 0.007069151387
525 0.00701135761
526 0.006962433661
527 0.006921070206
528 0.006886142724
529 0.006856686763
530 0.006831876302
531 0.00681100486
532 0.006793469029
533 0.006778754148
534 0.006766421853
535 0.006756099277
536 0.006747469699
537 0.006740264459
538 0.006734255971
539 0.006729251712
540 0.006725089036
541 0.006721630727
542 0.006718761178
543 0.00671638312
544 0.006714414826
545 0.006712787715
546 0.006711444321
547 0.006710336551
548 0.006709424213
549 0.006708673763
550 0.006708057243
551 0.006707551378
552 0.006707136823
553 0.006706797519
554 0.00670652015
555 0.006706293691
556 0.006706109028
557 0.006705958634
558 0.0067058363
559 0.006705736914
560 0.006705656272
561 0.00670559092
562 0.006705538024
563 0.006705495263
564 0.006705460738
565 0.006705432897
566 0.006705410474
567 0.006705392436
568 0.006705377945
569 0.006705366317
570 0.006705356997
571 0.006705349538
572 0.006705343574
573 0.006705338813
574 0.006705335015
575 0.006705331991
576 0.006705329585
577 0.006705327673
578 0.006705326156
579 0.006705324954
580 0.006705324002
581 0.006705323249
582 0.006705322655
583 0.006705322186
584 0.006705321817
585 0.006705321527
586 0.006705321299
587 0.006705321119
588 0.006705320979
589 0.006705320869
590 0.006705320783
591 0.006705320716
592 0.006705320664
593 0.006705320623
594 0.006705320591
595 0.006705320567
596 0.006705320547
597 0.006705320533
598 0.006705320521
599 0.006705320512
600 0.006705320505
601 0.0067053205
602 0.006705320496
603 0.006705320493
604 0.00670532049
605 0.006705320489
606 0.006705320487
607 0.006705320486
608 0.006705320485
609 0.006705320485
610 0.006705320484
611 0.006705320484
612 0.006705320484
613 0.006705320483
614 0.006705320483
615 0.006705320483
616 0.006705320483
617 0.006705320483
618 0.006705320483
619 0.006705320483
620 0.006705320483
621 0.006705320483
622 0.006705320483
623 0.006705320483
624 0.006705320483
625 0.006705320483
626 0.006705320483
627 0.006705320483
628 0.006705320483
629 0.006705320483
630 0.006705320483
631 0.006705320483
632 0.006705320483
633 0.006705320483
634 0.006705320483
635 0.006705320483
636 0.006705320483
637 0.006705320483
638 0.006705320483
639 0.006705320483
640 0.006705320483
641 0.006705320483
642 0.006705320483
643 0.006705320483
644 0.006705320483
645 0.006705320483
646 0.006705320483
647 0.006705320483
648 0.006705320483
649 0.006705320483
650 0.006705320483
651 0.006705320483
652 0.006705320483
653 0.006705320483
654 0.006705320483
655 0.006705320483
656 0.006705320483
657 0.006705320483
658 0.006705320483
659 0.006705320483
660 0.006705320483
661 0.006705320483
662 0.006705320483
663 0.006705320483
664 0.006705320483
665 0.006705320483
666 0.006705320483
667 0.006705320483
668 0.006705320483
669 0.006705320483
670 0.006705320483
671 0.006705320483
672 0.006705320483
673 0.006705320483
674 0.006705320483
675 0.006705320483
676 0.006705320483
677 0.006705320483
678 0.006705320483
679 0.006705320483
680 0.006705320483
681 0.006705320483
682 0.006705320483
683 0.006705320483
684 0.006705320483
685 0.006705320483
686 0.006705320483
687 0.006705320483
688 0.006705320483
689 0.006705320483
690 0.006705320483
691 0.006705320483
692 0.006705320483
693 0.006705320483
694 0.006705320483
695 0.006705320483
696 0.006705320483
697 0.006705320483
698 0.006705320483
699 0.006705320483
700 0.006705320483
701 0.006705320483
702 0.006705320483
703 0.006705320483
704 0.006705320483
705 0.006705320483
706 0.006705320483
707 0.006705320483
708 0.006705320483
709 0.006705320483
710 0.006705320483
711 0.006705320483
712 0.006705320483
713 0.006705320483
714 0.006705320483
715 0.006705320483
716 0.006705320483
717 0.006705320483
718 0.006705320483
719 0.006705320483
720 0.006705320483
721 0.006705320483
722 0.006705320483
723 0.006705320483
724 0.006705320483
725 0.006705320483
726 0.006705320483
727 0.006705320483
728 0.006705320483
729 0.006705320483
730 0.006705320483
731 0.006705320483
732 0.006705320483
733 0.006705320483
734 0.006705320483
735 0.006705320483
736 0.006705320483
737 0.006705320483
738 0.006705320483
739 0.006705320483
740 0.006705320483
741 0.006705320483
742 0.006705320483
743 0.006705320483
744 0.006705320483
745 0.006705320483
746 0.006705320483
747 0.006705320483
748 0.006705320483
749 0.006705320483
750 0.006705320483
751 0.006705320483
752 0.006705320483
753 0.006705320483
754 0.006705320483
755 0.006705320483
756 0.006705320483
757 0.006705320483
758 0.006705320483
759 0.006705320483
760 0.006705320483
761 0.006705320483
762 0.006705320483
763 0.006705320483
764 0.006705320483
765 0.006705320483
766 0.006705320483
767 0.006705320483
768 0.006705320483
769 0.006705320483
770 0.006705320483
771 0.006705320483
772 0.006705320483
773 0.006705320483
774 0.006705320483
775 0.006705320483
776 0.006705320483
777 0.006705320483
778 0.006705320483
779 0.006705320483
780 0.006705320483
781 0.006705320483
782 0.006705320483
783 0.006705320483
784 0.006705320483
785 0.006705320483
786 0.006705320483
787 0.006705320483
788 0.006705320483
789 0.006705320483
790 0.006705320483
791 0.006705320483
792 0.006705320483
793 0.006705320483
794 0.006705320483
795 0.006705320483
796 0.006705320483
797 0.006705320483
798 0.006705320483
799 0.006705320483
800 0.006705320483
801 0.006705320483
802 0.006705320483
803 0.006705320483
804 0.006705320483
805 0.006705320483
806 0.006705320483
807 0.006705320483
808 0.006705320483
809 0.006705320483
810 0.006705320483
811 0.006705320483
812 0.006705320483
813 0.006705320483
814 0.006705320483
815 0.006705320483
816 0.006705320483
817 0.006705320483
818 0.006705320483
819 0.006705320483
820 0.006705320483
821 0.006705320483
822 0.006705320483
823 0.006705320483
824 0.006705320483
825 0.006705320483
826 0.006705320483
827 0.006705320483
828 0.006705320483
829 0.006705320483
830 0.006705320483
831 0.006705320483
832 0.006705320483
833 0.006705320483
834 0.006705320483
835 0.006705320483
836 0.006705320483
837 0.006705320483
838 0.006705320483
839 0.006705320483
840 0.006705320483
841 0.006705320483
842 0.006705320483
843 0.006705320483
844 0.006705320483
845 0.006705320483
846 0.006705320483
847 0.006705320483
848 0.006705320483
849 0.006705320483
850 0.006705320483
851 0.006705320483
852 0.006705320483
853 0.006705320483
854 0.006705320483
855 0.006705320483
856 0.006705320483
857 0.006705320483
858 0.006705320483
859 0.006705320483
860 0.006705320483
861 0.006705320483
862 0.006705320483
863 0.006705320483
864 0.006705320483
865 0.006705320483
866 0.006705320483
867 0.006705320483
868 0.006705320483
869 0.006705320483
870 0.006705320483
871 0.006705320483
872 0.006705320483
873 0.006705320483
874 0.006705320483
875 0.006705320483
876 0.006705320483
877 0.006705320483
878 0.006705320483
879 0.006705320483
880 0.006705320483
881 0.006705320483
882 0.006705320483
883 0.006705320483
884 0.006705320483
885 0.006705320483
886 0.006705320483
887 0.006705320483
888 0.006705320483
889 0.006705320483
890 0.006705320483
891 0.006705320483
892 0.006705320483
893 0.006705320483
894 0.006705320483
895 0.006705320483
896 0.006705320483
897 0.006705320483
898 0.006705320483
899 0.006705320483
900 0.006705320483
901 0.006705320483
902 0.006705320483
903 0.006705320483
904 0.006705320483
905 0.006705320483
906 0.006705320483
907 0.006705320483
908 0.006705320483
909 0.006705320483
910 0.006705320483
911 0.006705320483
912 0.006705320483
913 0.006705320483
914 0.006705320483
915 0.006705320483
916 0.006705320483
917 0.006705320483
918 0.006705320483
919 0.006705320483
920 0.006705320483
921 0.006705320483
922 0.006705320483
923 0.006705320483
924 0.006705320483
925 0.006705320483
926 0.006705320483
927 0.006705320483
928 0.006705320483
929 0.006705320483
930 0.006705320483
931 0.006705320483
932 0.006705320483
933 0.006705320483
934 0.006705320483
935 0.006705320483
936 0.006705320483
937 0.006705320483
938 0.006705320483
939 0.006705320483
940 0.006705320483
941 0.006705320483
942 0.006705320483
943 0.006705320483
944 0.006705320483
945 0.006705320483
946 0.006705320483
947 0.006705320483
948 0.006705320483
949 0.006705320483
950 0.006705320483
951 0.006705320483
952 0.006705320483
953 0.006705320483
954 0.006705320483
955 0.006705320483
956 0.006705320483
957 0.006705320483
958 0.006705320483
959 0.006705320483
960 0.006705320483
961 0.006705320483
962 0.006705320483
963 0.006705320483
964 0.006705320483
965 0.006705320483
966 0.006705320483
967 0.006705320483
968 0.006705320483
969 0.006705320483
970 0.006705320483
971 0.006705320483
972 0.006705320483
973 0.006705320483
974 0.006705320483
975 0.006705320483
976 0.006705320483
977 0.006705320483
978 0.006705320483
979 0.006705320483
980 0.006705320483
981 0.006705320483
982 0.006705320483
983 0.006705320483
984 0.006705320483
985 0.006705320483
986 0.006705320483
987 0.006705320483
988 0.006705320483
989 0.006705320483
990 0.006705320483
991 0.006705320483
992 0.006705320483
993 0.006705320483
994 0.006705320483
995 0.006705320483
996 0.006705320483
997 0.006705320483
998 0.006705320483
999 0.006705320483
1000 0.006705320483
1001 0.006705320483
1002 0.006705320483
1003 0.006705320483
1004 0.006705320483
1005 0.006705320483
1006 0.006705320483
1007 0.006705320483
1008 0.006705320483
1009 0.006705320483
1010 0.006705320483
1011 0.006705320483
1012 0.006705320483
1013 0.006705320483
1014 0.006705320483
1015 0.006705320483
1016 0.006705320483
1017 0.006705320483
1018 0.006705320483
1019 0.006705320483
1020 0.006705320483
1021 0.006705320483
1022 0.006705320483
1023 0.006705320483
