#54635 2910.0005743277721428 0.0045702051526394955883 1 1261 16.000049430220818044 1024 7 1 J1713+0747 0.0000000 
0 -0.1078730508
1 -0.1078730508
2 -0.1078730508
3 -0.1078730508
4 -0.1078730508
5 -0.1078730508
6 -0.1078730508
7 -0.1078730508
8 -0.1078730508
9 -0.1078730508
10 -0.1078730508
11 -0.1078730508
12 -0.1078730508
13 -0.1078730508
14 -0.1078730508
15 -0.1078730508
16 -0.1078730508
17 -0.1078730508
18 -0.1078730508
19 -0.1078730508
20 -0.1078730508
21 -0.1078730508
22 -0.1078730508
23 -0.1078730508
24 -0.1078730508
25 -0.1078730508
26 -0.1078730508
27 -0.1078730508
28 -0.1078730508
29 -0.1078730508
30 -0.1078730508
31 -0.1078730508
32 -0.1078730508
33 -0.1078730508
34 -0.1078730508
35 -0.1078730508
36 -0.1078730508
37 -0.1078730508
38 -0.1078730508
39 -0.1078730508
40 -0.1078730508
41 -0.1078730508
42 -0.1078730508
43 -0.1078730508
44 -0.1078730508
45 -0.1078730508
46 -0.1078730508
47 -0.1078730508
48 -0.1078730508
49 -0.1078730508
50 -0.1078730508
51 -0.1078730508
52 -0.1078730508
53 -0.1078730508
54 -0.1078730508
55 -0.1078730508
56 -0.1078730508
57 -0.1078730508
58 -0.1078730508
59 -0.1078730508
60 -0.1078730508
61 -0.1078730508
62 -0.1078730508
63 -0.1078730508
64 -0.1078730508
65 -0.1078730508
66 -0.1078730508
67 -0.1078730508
68 -0.1078730508
69 -0.1078730508
70 -0.1078730508
71 -0.1078730508
72 -0.1078730508
73 -0.1078730508
74 -0.1078730508
75 -0.1078730508
76 -0.1078730508
77 -0.1078730508
78 -0.1078730508
79 -0.1078730508
80 -0.1078730508
81 -0.1078730508
82 -0.1078730508
83 -0.1078730508
84 -0.1078730508
85 -0.1078730508
86 -0.1078730508
87 -0.1078730508
88 -0.1078730508
89 -0.1078730508
90 -0.1078730508
91 -0.1078730508
92 -0.1078730508
93 -0.1078730508
94 -0.1078730508
95 -0.1078730508
96 -0.1078730508
97 -0.1078730508
98 -0.1078730508
99 -0.1078730508
100 -0.1078730508
101 -0.1078730508
102 -0.1078730508
103 -0.1078730508
104 -0.1078730508
105 -0.1078730508
106 -0.1078730508
107 -0.1078730508
108 -0.1078730508
109 -0.1078730508
110 -0.1078730508
111 -0.1078730508
112 -0.1078730508
113 -0.1078730508
114 -0.1078730508
115 -0.1078730508
116 -0.1078730508
117 -0.1078730508
118 -0.1078730508
119 -0.1078730508
120 -0.1078730508
121 -0.1078730508
122 -0.1078730508
123 -0.1078730508
124 -0.1078730508
125 -0.1078730508
126 -0.1078730508
127 -0.1078730508
128 -0.1078730508
129 -0.1078730508
130 -0.1078730508
131 -0.1078730508
132 -0.1078730508
133 -0.1078730508
134 -0.1078730508
135 -0.1078730508
136 -0.1078730508
137 -0.1078730508
138 -0.1078730508
139 -0.1078730508
140 -0.1078730508
141 -0.1078730508
142 -0.1078730508
143 -0.1078730508
144 -0.1078730508
145 -0.1078730508
146 -0.1078730508
147 -0.1078730508
148 -0.1078730508
149 -0.1078730508
150 -0.1078730508
151 -0.1078730508
152 -0.1078730508
153 -0.1078730508
154 -0.1078730508
155 -0.1078730508
156 -0.1078730508
157 -0.1078730508
158 -0.1078730508
159 -0.1078730508
160 -0.1078730508
161 -0.1078730508
162 -0.1078730508
163 -0.1078730508
164 -0.1078730508
165 -0.1078730508
166 -0.1078730507
167 -0.1078730507
168 -0.1078730507
169 -0.1078730507
170 -0.1078730507
171 -0.1078730507
172 -0.1078730507
173 -0.1078730507
174 -0.1078730507
175 -0.1078730507
176 -0.1078730506
177 -0.1078730506
178 -0.1078730506
179 -0.1078730505
180 -0.1078730504
181 -0.1078730504
182 -0.1078730503
183 -0.1078730501
184 -0.10787305
185 -0.1078730498
186 -0.1078730495
187 -0.1078730492
188 -0.1078730489
189 -0.1078730484
190 -0.1078730478
191 -0.1078730471
192 -0.1078730462
193 -0.1078730451
194 -0.1078730437
195 -0.107873042
196 -0.10787304
197 -0.1078730374
198 -0.1078730342
199 -0.1078730304
200 -0.1078730256
201 -0.1078730198
202 -0.1078730126
203 -0.1078730038
204 -0.1078729931
205 -0.10787298
206 -0.1078729641
207 -0.1078729446
208 -0.1078729209
209 -0.1078728921
210 -0.107872857
211 -0.1078728145
212 -0.1078727629
213 -0.1078727005
214 -0.1078726249
215 -0.1078725335
216 -0.1078724231
217 -0.10787229
218 -0.1078721296
219 -0.1078719365
220 -0.1078717043
221 -0.1078714254
222 -0.1078710908
223 -0.1078706896
224 -0.1078702092
225 -0.1078696346
226 -0.1078689481
227 -0.1078681285
228 -0.1078671513
229 -0.1078659873
230 -0.1078646022
231 -0.1078629559
232 -0.1078610012
233 -0.1078586826
234 -0.1078559354
235 -0.1078526837
236 -0.1078488391
237 -0.1078442981
238 -0.1078389403
239 -0.1078326255
240 -0.1078251906
241 -0.1078164462
242 -0.1078061726
243 -0.1077941151
244 -0.1077799789
245 -0.1077634233
246 -0.1077440548
247 -0.1077214195
248 -0.1076949943
249 -0.1076641777
250 -0.107628278
251 -0.1075865013
252 -0.107537937
253 -0.1074815427
254 -0.1074161254
255 -0.1073403226
256 -0.1072525789
257 -0.1071511219
258 -0.1070339334
259 -0.1068987188
260 -0.106742872
261 -0.1065634368
262 -0.106357064
263 -0.1061199637
264 -0.1058478527
265 -0.105535896
266 -0.1051786426
267 -0.1047699544
268 -0.1043029285
269 -0.1037698113
270 -0.1031619044
271 -0.102469462
272 -0.1016815786
273 -0.1007860657
274 -0.0997693189
275 -0.09861617232
276 -0.09730974108
277 -0.09583125058
278 -0.0941598519
279 -0.09227242264
280 -0.09014335236
281 -0.08774431195
282 -0.08504400628
283 -0.08200790936
284 -0.0785979814
285 -0.07477236727
286 -0.07048507578
287 -0.06568563933
288 -0.0603187537
289 -0.05432389756
290 -0.04763493183
291 -0.04017967865
292 -0.03187948042
293 -0.02264873905
294 -0.01239443613
295 -0.001015634653
296 0.01159703653
297 0.02556191445
298 0.04100684826
299 0.05806975829
300 0.07689920572
301 0.09765497036
302 0.1205086338
303 0.145644165
304 0.1732585039
305 0.2035621406
306 0.2367796843
307 0.2731504182
308 0.312928835
309 0.3563851472
310 0.403805767
311 0.4554937486
312 0.5117691867
313 0.5729695643
314 0.6394500418
315 0.7115836807
316 0.7897615931
317 0.8743930087
318 0.9659052522
319 1.064743621
320 1.171371156
321 1.286268297
322 1.40993241
323 1.542877189
324 1.685631908
325 1.838740534
326 2.002760675
327 2.178262371
328 2.365826717
329 2.566044307
330 2.779513503
331 3.006838522
332 3.248627337
333 3.505489389
334 3.778033119
335 4.066863309
336 4.372578245
337 4.6957667
338 5.037004743
339 5.396852392
340 5.775850097
341 6.1745151
342 6.593337643
343 7.032777078
344 7.493257868
345 7.975165517
346 8.47884243
347 9.004583745
348 9.552633154
349 10.12317873
350 10.71634879
351 11.33220787
352 11.97075271
353 12.63190847
354 13.31552503
355 14.02137356
356 14.74914323
357 15.49843821
358 16.26877505
359 17.05958024
360 17.87018821
361 18.69983973
362 19.5476807
363 20.41276134
364 21.29403598
365 22.19036317
366 23.10050648
367 24.02313571
368 24.9568287
369 25.9000737
370 26.85127234
371 27.80874309
372 28.77072539
373 29.73538432
374 30.70081584
375 31.66505257
376 32.62607015
377 33.58179411
378 34.5301072
379 35.46885727
380 36.39586549
381 37.30893511
382 38.20586042
383 39.08443617
384 39.9424672
385 40.77777829
386 41.58822426
387 42.37170006
388 43.12615106
389 43.84958328
390 44.54007358
391 45.19577972
392 45.81495036
393 46.39593465
394 46.93719174
395 47.43729982
396 47.89496481
397 48.30902859
398 48.6784768
399 49.00244601
400 49.28023036
401 49.51128755
402 49.69524421
403 49.83190055
404 49.92123423
405 49.96340361
406 49.95875015
407 49.9078
408 49.81126493
409 49.67004229
410 49.48521431
411 49.25804654
412 48.98998552
413 48.68265563
414 48.33785524
415 47.95755205
416 47.54387774
417 47.09912187
418 46.62572518
419 46.12627211
420 45.60348282
421 45.06020456
422 44.49940243
423 43.92414974
424 43.33761774
425 42.74306494
426 42.14382605
427 41.54330043
428 40.94494028
429 40.35223839
430 39.76871574
431 39.19790868
432 38.64335603
433 38.10858586
434 37.59710221
435 37.11237159
436 36.65780949
437 36.23676668
438 35.85251562
439 35.5082368
440 35.20700513
441 34.95177641
442 34.74537394
443 34.59047525
444 34.48959903
445 34.44509236
446 34.45911818
447 34.5336431
448 34.67042569
449 34.8710051
450 35.13669029
451 35.4685498
452 35.86740216
453 36.333807
454 36.86805694
455 37.47017031
456 38.13988479
457 38.87665201
458 39.67963324
459 40.54769611
460 41.47941264
461 42.47305838
462 43.52661296
463 44.63776193
464 45.80390001
465 47.0221359
466 48.28929837
467 49.60194409
468 50.95636682
469 52.34860822
470 53.7744702
471 55.22952874
472 56.70914928
473 58.20850351
474 59.7225876
475 61.24624176
476 62.77417108
477 64.30096759
478 65.82113328
479 67.32910423
480 68.81927549
481 70.28602669
482 71.72374821
483 73.12686773
484 74.48987708
485 75.80735907
486 77.07401427
487 78.28468753
488 79.43439396
489 80.51834435
490 81.53196968
491 82.47094468
492 83.3312102
493 84.10899427
494 84.80083158
495 85.4035814
496 85.91444369
497 86.33097326
498 86.65109197
499 86.87309882
500 86.99567777
501 87.01790344
502 86.93924438
503 86.75956415
504 86.47911998
505 86.09855918
506 85.61891323
507 85.04158971
508 84.36836199
509 83.60135692
510 82.74304048
511 81.79620169
512 80.76393467
513 79.64961922
514 78.45689996
515 77.18966417
516 75.85201867
517 74.44826566
518 72.98287794
519 71.46047361
520 69.88579038
521 68.26365981
522 66.5989815
523 64.89669754
524 63.16176744
525 61.39914346
526 59.6137468
527 57.81044457
528 55.99402787
529 54.16919087
530 52.34051126
531 50.512432
532 48.68924444
533 46.87507304
534 45.0738616
535 43.28936105
536 41.5251189
537 39.78447032
538 38.07053084
539 36.38619067
540 34.73411058
541 33.11671934
542 31.5362127
543 29.99455369
544 28.49347442
545 27.03447905
546 25.618848
547 24.24764331
548 22.92171496
549 21.64170813
550 20.40807125
551 19.22106484
552 18.08077083
553 16.98710256
554 15.93981502
555 14.93851554
556 13.98267465
557 13.071637
558 12.20463248
559 11.38078718
560 10.59913425
561 9.85862467
562 9.158137671
563 8.496490921
564 7.872450339
565 7.284739528
566 6.73204876
567 6.213043516
568 5.726372524
569 5.270675295
570 4.844589142
571 4.446755655
572 4.075826659
573 3.730469624
574 3.409372554
575 3.111248359
576 2.834838713
577 2.578917429
578 2.342293357
579 2.123812829
580 1.92236168
581 1.73686685
582 1.566297626
583 1.409666505
584 1.266029748
585 1.134487621
586 1.014184361
587 0.9043079002
588 0.8040893581
589 0.7128023393
590 0.6297620571
591 0.5543243052
592 0.4858843017
593 0.4238754239
594 0.3677678567
595 0.3170671696
596 0.2713128423
597 0.2300767524
598 0.1929616408
599 0.159599567
600 0.129650366
601 0.1028001182
602 0.07875963941
603 0.05726300073
604 0.03806608426
605 0.02094518034
606 0.005695631355
607 -0.007869474224
608 -0.01992055451
609 -0.03061273143
610 -0.04008697092
611 -0.04847116533
612 -0.05588115757
613 -0.0624217073
614 -0.06818739979
615 -0.07326349833
616 -0.07772674162
617 -0.0816460877
618 -0.08508340622
619 -0.08809412098
620 -0.09072780492
621 -0.09302872983
622 -0.09503637285
623 -0.09678588236
624 -0.09830850534
625 -0.09963197865
626 -0.1007808865
627 -0.1017769864
628 -0.1026395053
629 -0.1033854094
630 -0.1040296473
631 -0.1045853711
632 -0.105064135
633 -0.1054760752
634 -0.1058300703
635 -0.1061338869
636 -0.1063943086
637 -0.1066172518
638 -0.1068078696
639 -0.1069706436
640 -0.107109466
641 -0.1072277121
642 -0.1073283051
643 -0.1074137728
644 -0.1074862983
645 -0.1075477641
646 -0.1075997913
647 -0.1076437742
648 -0.1076809098
649 -0.1077122249
650 -0.1077385987
651 -0.107760783
652 -0.1077794201
653 -0.1077950576
654 -0.1078081618
655 -0.1078191294
656 -0.1078282973
657 -0.1078359512
658 -0.1078423333
659 -0.1078476481
660 -0.1078520688
661 -0.107855741
662 -0.1078587878
663 -0.1078613124
664 -0.1078634019
665 -0.1078651289
666 -0.1078665547
667 -0.1078677303
668 -0.1078686984
669 -0.1078694947
670 -0.1078701488
671 -0.1078706854
672 -0.1078711251
673 -0.107871485
674 -0.1078717791
675 -0.1078720193
676 -0.1078722151
677 -0.1078723745
678 -0.1078725042
679 -0.1078726096
680 -0.107872695
681 -0.1078727643
682 -0.1078728203
683 -0.1078728657
684 -0.1078729022
685 -0.1078729317
686 -0.1078729555
687 -0.1078729746
688 -0.1078729899
689 -0.1078730022
690 -0.1078730121
691 -0.10787302
692 -0.1078730263
693 -0.1078730314
694 -0.1078730354
695 -0.1078730386
696 -0.1078730411
697 -0.1078730432
698 -0.1078730448
699 -0.107873046
700 -0.107873047
701 -0.1078730478
702 -0.1078730485
703 -0.107873049
704 -0.1078730493
705 -0.1078730497
706 -0.1078730499
707 -0.1078730501
708 -0.1078730502
709 -0.1078730504
710 -0.1078730504
711 -0.1078730505
712 -0.1078730506
713 -0.1078730506
714 -0.1078730506
715 -0.1078730507
716 -0.1078730507
717 -0.1078730507
718 -0.1078730507
719 -0.1078730507
720 -0.1078730507
721 -0.1078730507
722 -0.1078730507
723 -0.1078730507
724 -0.1078730508
725 -0.1078730508
726 -0.1078730508
727 -0.1078730508
728 -0.1078730508
729 -0.1078730508
730 -0.1078730508
731 -0.1078730508
732 -0.1078730508
733 -0.1078730508
734 -0.1078730508
735 -0.1078730508
736 -0.1078730508
737 -0.1078730508
738 -0.1078730508
739 -0.1078730508
740 -0.1078730508
741 -0.1078730508
742 -0.1078730508
743 -0.1078730508
744 -0.1078730508
745 -0.1078730508
746 -0.1078730508
747 -0.1078730508
748 -0.1078730508
749 -0.1078730508
750 -0.1078730508
751 -0.1078730508
752 -0.1078730508
753 -0.1078730508
754 -0.1078730508
755 -0.1078730508
756 -0.1078730508
757 -0.1078730508
758 -0.1078730508
759 -0.1078730508
760 -0.1078730508
761 -0.1078730508
762 -0.1078730508
763 -0.1078730508
764 -0.1078730508
765 -0.1078730508
766 -0.1078730508
767 -0.1078730508
768 -0.1078730508
769 -0.1078730508
770 -0.1078730508
771 -0.1078730508
772 -0.1078730508
773 -0.1078730508
774 -0.1078730508
775 -0.1078730508
776 -0.1078730508
777 -0.1078730508
778 -0.1078730508
779 -0.1078730508
780 -0.1078730508
781 -0.1078730508
782 -0.1078730508
783 -0.1078730508
784 -0.1078730508
785 -0.1078730508
786 -0.1078730508
787 -0.1078730508
788 -0.1078730508
789 -0.1078730508
790 -0.1078730508
791 -0.1078730508
792 -0.1078730508
793 -0.1078730508
794 -0.1078730508
795 -0.1078730508
796 -0.1078730508
797 -0.1078730508
798 -0.1078730508
799 -0.1078730508
800 -0.1078730508
801 -0.1078730508
802 -0.1078730508
803 -0.1078730508
804 -0.1078730508
805 -0.1078730508
806 -0.1078730508
807 -0.1078730508
808 -0.1078730508
809 -0.1078730508
810 -0.1078730508
811 -0.1078730508
812 -0.1078730508
813 -0.1078730508
814 -0.1078730508
815 -0.1078730508
816 -0.1078730508
817 -0.1078730508
818 -0.1078730508
819 -0.1078730508
820 -0.1078730508
821 -0.1078730508
822 -0.1078730508
823 -0.1078730508
824 -0.1078730508
825 -0.1078730508
826 -0.1078730508
827 -0.1078730508
828 -0.1078730508
829 -0.1078730508
830 -0.1078730508
831 -0.1078730508
832 -0.1078730508
833 -0.1078730508
834 -0.1078730508
835 -0.1078730508
836 -0.1078730508
837 -0.1078730508
838 -0.1078730508
839 -0.1078730508
840 -0.1078730508
841 -0.1078730508
842 -0.1078730508
843 -0.1078730508
844 -0.1078730508
845 -0.1078730508
846 -0.1078730508
847 -0.1078730508
848 -0.1078730508
849 -0.1078730508
850 -0.1078730508
851 -0.1078730508
852 -0.1078730508
853 -0.1078730508
854 -0.1078730508
855 -0.1078730508
856 -0.1078730508
857 -0.1078730508
858 -0.1078730508
859 -0.1078730508
860 -0.1078730508
861 -0.1078730508
862 -0.1078730508
863 -0.1078730508
864 -0.1078730508
865 -0.1078730508
866 -0.1078730508
867 -0.1078730508
868 -0.1078730508
869 -0.1078730508
870 -0.1078730508
871 -0.1078730508
872 -0.1078730508
873 -0.1078730508
874 -0.1078730508
875 -0.1078730508
876 -0.1078730508
877 -0.1078730508
878 -0.1078730508
879 -0.1078730508
880 -0.1078730508
881 -0.1078730508
882 -0.1078730508
883 -0.1078730508
884 -0.1078730508
885 -0.1078730508
886 -0.1078730508
887 -0.1078730508
888 -0.1078730508
889 -0.1078730508
890 -0.1078730508
891 -0.1078730508
892 -0.1078730508
893 -0.1078730508
894 -0.1078730508
895 -0.1078730508
896 -0.1078730508
897 -0.1078730508
898 -0.1078730508
899 -0.1078730508
900 -0.1078730508
901 -0.1078730508
902 -0.1078730508
903 -0.1078730508
904 -0.1078730508
905 -0.1078730508
906 -0.1078730508
907 -0.1078730508
908 -0.1078730508
909 -0.1078730508
910 -0.1078730508
911 -0.1078730508
912 -0.1078730508
913 -0.1078730508
914 -0.1078730508
915 -0.1078730508
916 -0.1078730508
917 -0.1078730508
918 -0.1078730508
919 -0.1078730508
920 -0.1078730508
921 -0.1078730508
922 -0.1078730508
923 -0.1078730508
924 -0.1078730508
925 -0.1078730508
926 -0.1078730508
927 -0.1078730508
928 -0.1078730508
929 -0.1078730508
930 -0.1078730508
931 -0.1078730508
932 -0.1078730508
933 -0.1078730508
934 -0.1078730508
935 -0.1078730508
936 -0.1078730508
937 -0.1078730508
938 -0.1078730508
939 -0.1078730508
940 -0.1078730508
941 -0.1078730508
942 -0.1078730508
943 -0.1078730508
944 -0.1078730508
945 -0.1078730508
946 -0.1078730508
947 -0.1078730508
948 -0.1078730508
949 -0.1078730508
950 -0.1078730508
951 -0.1078730508
952 -0.1078730508
953 -0.1078730508
954 -0.1078730508
955 -0.1078730508
956 -0.1078730508
957 -0.1078730508
958 -0.1078730508
959 -0.1078730508
960 -0.1078730508
961 -0.1078730508
962 -0.1078730508
963 -0.1078730508
964 -0.1078730508
965 -0.1078730508
966 -0.1078730508
967 -0.1078730508
968 -0.1078730508
969 -0.1078730508
970 -0.1078730508
971 -0.1078730508
972 -0.1078730508
973 -0.1078730508
974 -0.1078730508
975 -0.1078730508
976 -0.1078730508
977 -0.1078730508
978 -0.1078730508
979 -0.1078730508
980 -0.1078730508
981 -0.1078730508
982 -0.1078730508
983 -0.1078730508
984 -0.1078730508
985 -0.1078730508
986 -0.1078730508
987 -0.1078730508
988 -0.1078730508
989 -0.1078730508
990 -0.1078730508
991 -0.1078730508
992 -0.1078730508
993 -0.1078730508
994 -0.1078730508
995 -0.1078730508
996 -0.1078730508
997 -0.1078730508
998 -0.1078730508
999 -0.1078730508
1000 -0.1078730508
1001 -0.1078730508
1002 -0.1078730508
1003 -0.1078730508
1004 -0.1078730508
1005 -0.1078730508
1006 -0.1078730508
1007 -0.1078730508
1008 -0.1078730508
1009 -0.1078730508
1010 -0.1078730508
1011 -0.1078730508
1012 -0.1078730508
1013 -0.1078730508
1014 -0.1078730508
1015 -0.1078730508
1016 -0.1078730508
1017 -0.1078730508
1018 -0.1078730508
1019 -0.1078730508
1020 -0.1078730508
1021 -0.1078730508
1022 -0.1078730508
1023 -0.1078730508
