#54657 2910.0015924902001503 0.0045703359231677826921 1 1413 16.000049430220818044 1024 7 1 J1713+0747 0.0000000 
0 0.1069076523
1 0.1069076523
2 0.1069076523
3 0.1069076523
4 0.1069076523
5 0.1069076523
6 0.1069076523
7 0.1069076523
8 0.1069076523
9 0.1069076523
10 0.1069076523
11 0.1069076523
12 0.1069076523
13 0.1069076523
14 0.1069076523
15 0.1069076523
16 0.1069076523
17 0.1069076523
18 0.1069076523
19 0.1069076523
20 0.1069076523
21 0.1069076523
22 0.1069076523
23 0.1069076523
24 0.1069076523
25 0.1069076523
26 0.1069076523
27 0.1069076523
28 0.1069076523
29 0.1069076523
30 0.1069076523
31 0.1069076523
32 0.1069076523
33 0.1069076523
34 0.1069076523
35 0.1069076523
36 0.1069076523
37 0.1069076523
38 0.1069076523
39 0.1069076523
40 0.1069076523
41 0.1069076523
42 0.1069076523
43 0.1069076523
44 0.1069076523
45 0.1069076523
46 0.1069076523
47 0.1069076523
48 0.1069076523
49 0.1069076523
50 0.1069076523
51 0.1069076523
52 0.1069076523
53 0.1069076523
54 0.1069076523
55 0.1069076523
56 0.1069076523
57 0.1069076523
58 0.1069076523
59 0.1069076523
60 0.1069076523
61 0.1069076523
62 0.1069076523
63 0.1069076523
64 0.1069076523
65 0.1069076523
66 0.1069076523
67 0.1069076523
68 0.1069076523
69 0.1069076523
70 0.1069076523
71 0.1069076523
72 0.1069076523
73 0.1069076523
74 0.1069076523
75 0.1069076523
76 0.1069076523
77 0.1069076523
78 0.1069076523
79 0.1069076523
80 0.1069076523
81 0.1069076523
82 0.1069076523
83 0.1069076523
84 0.1069076523
85 0.1069076523
86 0.1069076523
87 0.1069076523
88 0.1069076523
89 0.1069076523
90 0.1069076523
91 0.1069076523
92 0.1069076523
93 0.1069076523
94 0.1069076523
95 0.1069076523
96 0.1069076523
97 0.1069076523
98 0.1069076523
99 0.1069076523
100 0.1069076523
101 0.1069076523
102 0.1069076523
103 0.1069076523
104 0.1069076523
105 0.1069076523
106 0.1069076523
107 0.1069076523
108 0.1069076523
109 0.1069076523
110 0.1069076523
111 0.1069076523
112 0.1069076523
113 0.1069076523
114 0.1069076523
115 0.1069076523
116 0.1069076523
117 0.1069076523
118 0.1069076523
119 0.1069076523
120 0.1069076523
121 0.1069076523
122 0.1069076523
123 0.1069076523
124 0.1069076523
125 0.1069076523
126 0.1069076523
127 0.1069076523
128 0.1069076523
129 0.1069076523
130 0.1069076523
131 0.1069076523
132 0.1069076523
133 0.1069076523
134 0.1069076523
135 0.1069076523
136 0.1069076523
137 0.1069076523
138 0.1069076523
139 0.1069076523
140 0.1069076523
141 0.1069076523
142 0.1069076523
143 0.1069076523
144 0.1069076523
145 0.1069076523
146 0.1069076523
147 0.1069076523
148 0.1069076523
149 0.1069076523
150 0.1069076523
151 0.1069076523
152 0.1069076523
153 0.1069076523
154 0.1069076523
155 0.1069076523
156 0.1069076523
157 0.1069076523
158 0.1069076523
159 0.1069076523
160 0.1069076523
161 0.1069076523
162 0.1069076523
163 0.1069076523
164 0.1069076523
165 0.1069076523
166 0.1069076523
167 0.1069076523
168 0.1069076523
169 0.1069076523
170 0.1069076523
171 0.1069076523
172 0.1069076523
173 0.1069076523
174 0.1069076523
175 0.1069076523
176 0.1069076523
177 0.1069076523
178 0.1069076523
179 0.1069076523
180 0.1069076523
181 0.1069076523
182 0.1069076523
183 0.1069076523
184 0.1069076523
185 0.1069076523
186 0.1069076523
187 0.1069076523
188 0.1069076523
189 0.1069076523
190 0.1069076523
191 0.1069076523
192 0.1069076523
193 0.1069076523
194 0.1069076523
195 0.1069076523
196 0.1069076523
197 0.1069076523
198 0.1069076523
199 0.1069076523
200 0.1069076523
201 0.1069076523
202 0.1069076523
203 0.1069076523
204 0.1069076523
205 0.1069076523
206 0.1069076523
207 0.1069076523
208 0.1069076523
209 0.1069076523
210 0.1069076523
211 0.1069076523
212 0.1069076523
213 0.1069076523
214 0.1069076523
215 0.1069076523
216 0.1069076523
217 0.1069076523
218 0.1069076523
219 0.1069076523
220 0.1069076523
221 0.1069076523
222 0.1069076523
223 0.1069076523
224 0.1069076523
225 0.1069076523
226 0.1069076523
227 0.1069076523
228 0.1069076523
229 0.1069076523
230 0.1069076523
231 0.1069076523
232 0.1069076523
233 0.1069076523
234 0.1069076523
235 0.1069076523
236 0.1069076523
237 0.1069076523
238 0.1069076523
239 0.1069076523
240 0.1069076523
241 0.1069076523
242 0.1069076523
243 0.1069076523
244 0.1069076523
245 0.1069076523
246 0.1069076523
247 0.1069076523
248 0.1069076523
249 0.1069076523
250 0.1069076523
251 0.1069076523
252 0.1069076523
253 0.1069076523
254 0.1069076523
255 0.1069076523
256 0.1069076523
257 0.1069076523
258 0.1069076523
259 0.1069076523
260 0.1069076523
261 0.1069076523
262 0.1069076523
263 0.1069076523
264 0.1069076523
265 0.1069076523
266 0.1069076523
267 0.1069076523
268 0.1069076523
269 0.1069076523
270 0.1069076523
271 0.1069076523
272 0.1069076523
273 0.1069076523
274 0.1069076523
275 0.1069076523
276 0.1069076523
277 0.1069076523
278 0.1069076523
279 0.1069076523
280 0.1069076523
281 0.1069076523
282 0.1069076523
283 0.1069076523
284 0.1069076523
285 0.1069076523
286 0.1069076523
287 0.1069076523
288 0.1069076523
289 0.1069076523
290 0.1069076523
291 0.1069076523
292 0.1069076523
293 0.1069076523
294 0.1069076523
295 0.1069076523
296 0.1069076523
297 0.1069076523
298 0.1069076523
299 0.1069076523
300 0.1069076523
301 0.1069076523
302 0.1069076523
303 0.1069076523
304 0.1069076523
305 0.1069076523
306 0.1069076523
307 0.1069076523
308 0.1069076523
309 0.1069076523
310 0.1069076523
311 0.1069076523
312 0.1069076523
313 0.1069076523
314 0.1069076523
315 0.1069076523
316 0.1069076523
317 0.1069076523
318 0.1069076523
319 0.1069076523
320 0.1069076523
321 0.1069076523
322 0.1069076523
323 0.1069076523
324 0.1069076523
325 0.1069076523
326 0.1069076523
327 0.1069076523
328 0.1069076523
329 0.1069076523
330 0.1069076523
331 0.1069076523
332 0.1069076523
333 0.1069076523
334 0.1069076523
335 0.1069076523
336 0.1069076523
337 0.1069076523
338 0.1069076523
339 0.1069076523
340 0.1069076523
341 0.1069076523
342 0.1069076523
343 0.1069076523
344 0.1069076523
345 0.1069076523
346 0.1069076523
347 0.1069076523
348 0.1069076523
349 0.1069076523
350 0.1069076523
351 0.1069076523
352 0.1069076523
353 0.1069076523
354 0.1069076523
355 0.1069076523
356 0.1069076523
357 0.1069076523
358 0.1069076523
359 0.1069076523
360 0.1069076523
361 0.1069076523
362 0.1069076523
363 0.1069076523
364 0.1069076523
365 0.1069076523
366 0.1069076523
367 0.1069076523
368 0.1069076523
369 0.1069076523
370 0.1069076523
371 0.1069076523
372 0.1069076523
373 0.1069076523
374 0.1069076524
375 0.1069076524
376 0.1069076524
377 0.1069076524
378 0.1069076524
379 0.1069076524
380 0.1069076524
381 0.1069076524
382 0.1069076525
383 0.1069076525
384 0.1069076525
385 0.1069076526
386 0.1069076526
387 0.1069076527
388 0.1069076528
389 0.1069076529
390 0.1069076531
391 0.1069076532
392 0.1069076535
393 0.1069076537
394 0.1069076541
395 0.1069076545
396 0.1069076551
397 0.1069076557
398 0.1069076566
399 0.1069076576
400 0.1069076588
401 0.1069076604
402 0.1069076623
403 0.1069076647
404 0.1069076676
405 0.1069076711
406 0.1069076755
407 0.1069076809
408 0.1069076875
409 0.1069076955
410 0.1069077054
411 0.1069077174
412 0.1069077321
413 0.10690775
414 0.1069077718
415 0.1069077983
416 0.1069078305
417 0.1069078695
418 0.1069079169
419 0.1069079743
420 0.1069080437
421 0.1069081275
422 0.1069082288
423 0.1069083509
424 0.106908498
425 0.106908675
426 0.1069088879
427 0.1069091435
428 0.1069094501
429 0.1069098176
430 0.1069102576
431 0.1069107837
432 0.1069114123
433 0.1069121624
434 0.1069130566
435 0.1069141215
436 0.1069153884
437 0.1069168938
438 0.106918681
439 0.1069208003
440 0.1069233109
441 0.1069262818
442 0.1069297938
443 0.1069339408
444 0.1069388328
445 0.1069445972
446 0.1069513826
447 0.1069593614
448 0.1069687334
449 0.1069797304
450 0.1069926203
451 0.1070077129
452 0.107025366
453 0.1070459921
454 0.1070700661
455 0.1070981346
456 0.1071308257
457 0.1071688601
458 0.1072130641
459 0.1072643837
460 0.1073239011
461 0.107392852
462 0.1074726465
463 0.1075648914
464 0.1076714156
465 0.107794298
466 0.1079358992
467 0.1080988961
468 0.1082863208
469 0.1085016035
470 0.1087486198
471 0.1090317436
472 0.1093559047
473 0.1097266528
474 0.1101502276
475 0.1106336359
476 0.1111847362
477 0.1118123308
478 0.1125262673
479 0.1133375485
480 0.1142584521
481 0.1153026617
482 0.1164854075
483 0.1178236196
484 0.1193360939
485 0.12104367
486 0.1229694235
487 0.1251388728
488 0.1275802001
489 0.1303244886
490 0.1334059753
491 0.1368623203
492 0.1407348938
493 0.1450690797
494 0.1499145971
495 0.1553258395
496 0.1613622321
497 0.1680886072
498 0.1755755962
499 0.1839000402
500 0.1931454164
501 0.2034022811
502 0.2147687274
503 0.227350857
504 0.241263265
505 0.2566295345
506 0.2735827412
507 0.2922659644
508 0.3128328017
509 0.3354478857
510 0.3602873984
511 0.3875395802
512 0.4174052299
513 0.4500981907
514 0.4858458185
515 0.5248894269
516 0.5674847038
517 0.6139020942
518 0.6644271431
519 0.7193607914
520 0.77901962
521 0.8437360337
522 0.9138583786
523 0.9897509853
524 1.071794131
525 1.160383912
526 1.255932023
527 1.358865427
528 1.469625919
529 1.588669568
530 1.716466034
531 1.853497755
532 2.000258991
533 2.157254729
534 2.32499943
535 2.50401563
536 2.694832376
537 2.897983508
538 3.114005769
539 3.343436754
540 3.586812702
541 3.84466611
542 4.117523204
543 4.40590124
544 4.710305662
545 5.031227118
546 5.369138332
547 5.724490865
548 6.097711752
549 6.489200048
550 6.899323286
551 7.328413872
552 7.776765425
553 8.244629103
554 8.732209906
555 9.239663006
556 9.767090118
557 10.31453593
558 10.88198465
559 11.46935662
560 12.07650514
561 12.70321344
562 13.34919187
563 14.01407527
564 14.69742073
565 15.39870549
566 16.11732528
567 16.85259291
568 17.60373738
569 18.36990317
570 19.15015017
571 19.94345392
572 20.74870632
573 21.56471686
574 22.39021432
575 23.22384896
576 24.06419519
577 24.90975482
578 25.75896077
579 26.61018127
580 27.46172461
581 28.31184436
582 29.15874503
583 30.00058826
584 30.83549938
585 31.66157441
586 32.47688743
587 33.27949832
588 34.06746081
589 34.83883077
590 35.59167476
591 36.32407883
592 37.03415733
593 37.72006193
594 38.37999068
595 39.01219698
596 39.61499861
597 40.18678658
598 40.72603384
599 41.23130379
600 41.70125855
601 42.13466687
602 42.53041174
603 42.88749754
604 43.20505685
605 43.48235663
606 43.71880401
607 43.91395144
608 44.06750126
609 44.17930973
610 44.24939029
611 44.27791627
612 44.26522286
613 44.21180842
614 44.11833505
615 43.98562854
616 43.8146775
617 43.60663188
618 43.36280077
619 43.08464948
620 42.77379597
621 42.43200666
622 42.06119153
623 41.66339864
624 41.24080807
625 40.79572525
626 40.33057377
627 39.84788765
628 39.35030314
629 38.84055008
630 38.32144276
631 37.79587044
632 37.26678749
633 36.73720315
634 36.21017103
635 35.6887783
636 35.17613461
637 34.67536085
638 34.18957762
639 33.72189361
640 33.27539385
641 32.85312775
642 32.45809721
643 32.09324452
644 31.76144039
645 31.46547186
646 31.20803036
647 30.99169974
648 30.81894453
649 30.69209823
650 30.61335188
651 30.58474278
652 30.60814351
653 30.68525131
654 30.81757774
655 31.00643878
656 31.25294545
657 31.55799486
658 31.92226188
659 32.34619146
660 32.8299916
661 33.37362711
662 33.97681416
663 34.63901573
664 35.35943795
665 36.13702753
666 36.97047011
667 37.85818986
668 38.79835011
669 39.78885531
670 40.82735415
671 41.91124399
672 43.03767665
673 44.20356547
674 45.40559376
675 46.64022465
676 47.90371218
677 49.19211387
678 50.50130447
679 51.82699112
680 53.16472962
681 54.50994198
682 55.85793498
683 57.20391984
684 58.54303278
685 59.87035637
686 61.18094169
687 62.46983101
688 63.73208095
689 64.96278598
690 66.1571021
691 67.31027054
692 68.41764132
693 69.47469655
694 70.47707331
695 71.42058583
696 72.30124704
697 73.11528907
698 73.85918284
699 74.52965624
700 75.12371114
701 75.63863883
702 76.07203387
703 76.42180625
704 76.68619175
705 76.86376043
706 76.95342317
707 76.95443619
708 76.86640361
709 76.68927789
710 76.42335826
711 76.06928711
712 75.62804441
713 75.1009401
714 74.48960472
715 73.79597805
716 73.02229624
717 72.17107717
718 71.24510438
719 70.24740969
720 69.18125447
721 68.05011001
722 66.85763679
723 65.60766316
724 64.30416332
725 62.95123489
726 61.55307627
727 60.11396386
728 58.63822937
729 57.1302373
730 55.59436293
731 54.0349707
732 52.4563933
733 50.86291164
734 49.25873559
735 47.64798582
736 46.0346768
737 44.42270091
738 42.81581389
739 41.21762157
740 39.63156807
741 38.06092532
742 36.50878402
743 34.97804612
744 33.47141864
745 31.99140899
746 30.54032157
747 29.12025587
748 27.73310575
749 26.38056007
750 25.06410438
751 23.78502389
752 22.54440736
753 21.34315201
754 20.18196923
755 19.06139124
756 17.98177827
757 16.94332644
758 15.94607618
759 14.98992107
760 14.07461693
761 13.19979134
762 12.36495321
763 11.56950247
764 10.81273983
765 10.09387647
766 9.412043568
767 8.76630178
768 8.155650366
769 7.57903612
770 7.03536196
771 6.523495166
772 6.042275227
773 5.590521285
774 5.167039129
775 4.770627756
776 4.400085455
777 4.054215427
778 3.731830938
779 3.431759996
780 3.152849569
781 2.893969339
782 2.654015023
783 2.431911255
784 2.22661406
785 2.03711293
786 1.862432526
787 1.701634028
788 1.553816152
789 1.418115856
790 1.29370877
791 1.179809353
792 1.075670819
793 0.9805848467
794 0.8938810953
795 0.8149265512
796 0.7431247247
797 0.6779147181
798 0.6187701839
799 0.565198192
800 0.5167380225
801 0.4729598998
802 0.4334636844
803 0.397877533
804 0.3658565427
805 0.3370813874
806 0.311256959
807 0.2881110196
808 0.2673928758
809 0.2488720783
810 0.2323371554
811 0.2175943841
812 0.2044666025
813 0.1927920678
814 0.1824233607
815 0.1732263408
816 0.1650791504
817 0.1578712711
818 0.1515026309
819 0.1458827625
820 0.1409300122
821 0.1365707982
822 0.1327389172
823 0.1293748977
824 0.1264253988
825 0.1238426527
826 0.1215839475
827 0.1196111512
828 0.1178902725
829 0.1163910565
830 0.1150866155
831 0.1139530892
832 0.1129693364
833 0.1121166524
834 0.1113785128
835 0.1107403411
836 0.110189298
837 0.1097140907
838 0.1093048013
839 0.108952732
840 0.108650266
841 0.108390743
842 0.1081683472
843 0.1079780076
844 0.107815309
845 0.1076764126
846 0.1075579856
847 0.1074571384
848 0.1073713694
849 0.1072985159
850 0.1072367108
851 0.1071843443
852 0.1071400307
853 0.1071025787
854 0.1070709655
855 0.1070443142
856 0.1070218742
857 0.1070030037
858 0.1069871547
859 0.1069738601
860 0.1069627222
861 0.1069534027
862 0.1069456145
863 0.106939114
864 0.1069336953
865 0.1069291838
866 0.1069254323
867 0.1069223168
868 0.1069197326
869 0.1069175918
870 0.1069158205
871 0.1069143568
872 0.1069131487
873 0.1069121529
874 0.106911333
875 0.1069106589
876 0.1069101053
877 0.1069096512
878 0.1069092792
879 0.1069089748
880 0.1069087261
881 0.1069085231
882 0.1069083576
883 0.1069082229
884 0.1069081134
885 0.1069080244
886 0.1069079523
887 0.1069078938
888 0.1069078465
889 0.1069078083
890 0.1069077774
891 0.1069077526
892 0.1069077325
893 0.1069077164
894 0.1069077035
895 0.1069076931
896 0.1069076848
897 0.1069076782
898 0.1069076729
899 0.1069076686
900 0.1069076653
901 0.1069076626
902 0.1069076604
903 0.1069076587
904 0.1069076574
905 0.1069076563
906 0.1069076555
907 0.1069076548
908 0.1069076543
909 0.1069076538
910 0.1069076535
911 0.1069076533
912 0.1069076531
913 0.1069076529
914 0.1069076528
915 0.1069076527
916 0.1069076526
917 0.1069076525
918 0.1069076525
919 0.1069076525
920 0.1069076524
921 0.1069076524
922 0.1069076524
923 0.1069076524
924 0.1069076524
925 0.1069076524
926 0.1069076524
927 0.1069076524
928 0.1069076523
929 0.1069076523
930 0.1069076523
931 0.1069076523
932 0.1069076523
933 0.1069076523
934 0.1069076523
935 0.1069076523
936 0.1069076523
937 0.1069076523
938 0.1069076523
939 0.1069076523
940 0.1069076523
941 0.1069076523
942 0.1069076523
943 0.1069076523
944 0.1069076523
945 0.1069076523
946 0.1069076523
947 0.1069076523
948 0.1069076523
949 0.1069076523
950 0.1069076523
951 0.1069076523
952 0.1069076523
953 0.1069076523
954 0.1069076523
955 0.1069076523
956 0.1069076523
957 0.1069076523
958 0.1069076523
959 0.1069076523
960 0.1069076523
961 0.1069076523
962 0.1069076523
963 0.1069076523
964 0.1069076523
965 0.1069076523
966 0.1069076523
967 0.1069076523
968 0.1069076523
969 0.1069076523
970 0.1069076523
971 0.1069076523
972 0.1069076523
973 0.1069076523
974 0.1069076523
975 0.1069076523
976 0.1069076523
977 0.1069076523
978 0.1069076523
979 0.1069076523
980 0.1069076523
981 0.1069076523
982 0.1069076523
983 0.1069076523
984 0.1069076523
985 0.1069076523
986 0.1069076523
987 0.1069076523
988 0.1069076523
989 0.1069076523
990 0.1069076523
991 0.1069076523
992 0.1069076523
993 0.1069076523
994 0.1069076523
995 0.1069076523
996 0.1069076523
997 0.1069076523
998 0.1069076523
999 0.1069076523
1000 0.1069076523
1001 0.1069076523
1002 0.1069076523
1003 0.1069076523
1004 0.1069076523
1005 0.1069076523
1006 0.1069076523
1007 0.1069076523
1008 0.1069076523
1009 0.1069076523
1010 0.1069076523
1011 0.1069076523
1012 0.1069076523
1013 0.1069076523
1014 0.1069076523
1015 0.1069076523
1016 0.1069076523
1017 0.1069076523
1018 0.1069076523
1019 0.1069076523
1020 0.1069076523
1021 0.1069076523
1022 0.1069076523
1023 0.1069076523
