#54635 2909.9995382262210215 0.0045702051526394955883 1 1277 16.000049430220818044 1024 7 1 J1713+0747 0.0000000 
0 0.4146885635
1 0.4146912701
2 0.4146944738
3 0.414698262
4 0.4147027365
5 0.4147080161
6 0.4147142391
7 0.4147215663
8 0.4147301845
9 0.4147403105
10 0.4147521953
11 0.4147661297
12 0.4147824498
13 0.414801544
14 0.4148238598
15 0.4148499134
16 0.4148802982
17 0.4149156969
18 0.4149568928
19 0.4150047844
20 0.4150604006
21 0.4151249186
22 0.4151996834
23 0.4152862302
24 0.4153863087
25 0.4155019111
26 0.4156353028
27 0.4157890568
28 0.4159660919
29 0.4161697152
30 0.4164036692
31 0.4166721838
32 0.4169800341
33 0.4173326038
34 0.4177359557
35 0.4181969084
36 0.4187231215
37 0.4193231881
38 0.4200067367
39 0.4207845428
40 0.4216686495
41 0.4226725004
42 0.4238110828
43 0.4251010839
44 0.4265610597
45 0.4282116177
46 0.4300756141
47 0.432178366
48 0.4345478801
49 0.4372150971
50 0.4402141546
51 0.4435826667
52 0.4473620231
53 0.4515977066
54 0.4563396304
55 0.4616424946
56 0.4675661641
57 0.4741760648
58 0.4815436014
59 0.4897465943
60 0.4988697366
61 0.5090050699
62 0.5202524786
63 0.532720201
64 0.546525357
65 0.5617944903
66 0.5786641232
67 0.5972813221
68 0.6178042714
69 0.6404028524
70 0.6652592255
71 0.69256841
72 0.72253886
73 0.7553930301
74 0.7913679281
75 0.8307156475
76 0.8737038765
77 0.9206163762
78 0.9717534218
79 1.027432202
80 1.087987165
81 1.153770313
82 1.225151422
83 1.302518201
84 1.386276356
85 1.476849577
86 1.574679423
87 1.680225092
88 1.793963092
89 1.916386778
90 2.048005758
91 2.189345163
92 2.340944769
93 2.503357964
94 2.677150552
95 2.862899394
96 3.06119087
97 3.27261917
98 3.497784403
99 3.737290514
100 3.991743029
101 4.261746608
102 4.547902411
103 4.85080529
104 5.171040798
105 5.50918203
106 5.865786302
107 6.241391668
108 6.636513304
109 7.051639754
110 7.487229065
111 7.94370482
112 8.421452094
113 8.920813349
114 9.442084291
115 9.985509717
116 10.55127937
117 11.13952382
118 11.75031045
119 12.38363952
120 13.0394403
121 13.7175675
122 14.41779773
123 15.13982631
124 15.88326427
125 16.64763566
126 17.43237519
127 18.23682617
128 19.06023895
129 19.90176962
130 20.76047929
131 21.63533373
132 22.52520357
133 23.42886502
134 24.345001
135 25.272203
136 26.20897334
137 27.15372812
138 28.10480062
139 29.06044538
140 30.01884281
141 30.97810437
142 31.93627828
143 32.89135582
144 33.84127811
145 34.78394341
146 35.71721488
147 36.63892877
148 37.54690306
149 38.43894638
150 39.31286735
151 40.16648411
152 40.99763415
153 41.80418424
154 42.5840406
155 43.33515896
156 44.05555485
157 44.74331364
158 45.39660065
159 46.01367094
160 46.59287901
161 47.13268816
162 47.63167954
163 48.08856077
164 48.50217419
165 48.87150458
166 49.19568635
167 49.47401014
168 49.70592885
169 49.89106296
170 50.02920519
171 50.12032442
172 50.16456894
173 50.16226883
174 50.11393766
175 50.02027335
176 49.8821583
177 49.7006586
178 49.47702264
179 49.21267872
180 48.90923206
181 48.56846095
182 48.19231218
183 47.78289574
184 47.34247885
185 46.87347923
186 46.37845782
187 45.86011081
188 45.3212611
189 44.76484918
190 44.19392353
191 43.61163047
192 43.02120358
193 42.42595268
194 41.82925246
195 41.23453066
196 40.64525601
197 40.06492583
198 39.4970534
199 38.94515508
200 38.41273721
201 37.90328293
202 37.42023877
203 36.9670012
204 36.54690312
205 36.16320028
206 35.81905772
207 35.51753627
208 35.26157907
209 35.05399827
210 34.89746184
211 34.79448059
212 34.74739543
213 34.75836494
214 34.82935322
215 34.96211822
216 35.15820044
217 35.4189122
218 35.74532741
219 36.13827206
220 36.59831529
221 37.12576136
222 37.72064229
223 38.38271159
224 39.11143876
225 39.906005
226 40.76529989
227 41.68791935
228 42.67216476
229 43.71604337
230 44.81727015
231 45.97327091
232 47.18118695
233 48.43788113
234 49.73994551
235 51.08371044
236 52.46525518
237 53.88042015
238 55.32482056
239 56.79386161
240 58.28275511
241 59.78653756
242 61.30008948
243 62.81815608
244 64.33536906
245 65.84626953
246 67.34533189
247 68.82698848
248 70.28565506
249 71.71575673
250 73.11175435
251 74.46817114
252 75.7796194
253 77.04082713
254 78.24666434
255 79.39216894
256 80.47257202
257 81.48332225
258 82.42010935
259 83.27888636
260 84.05589064
261 84.74766335
262 85.35106727
263 85.86330293
264 86.28192279
265 86.60484346
266 86.8303558
267 86.95713286
268 86.98423559
269 86.91111628
270 86.73761966
271 86.46398176
272 86.09082642
273 85.61915954
274 85.05036117
275 84.38617536
276 83.62869805
277 82.78036292
278 81.84392543
279 80.82244515
280 79.71926648
281 78.53799803
282 77.28249067
283 75.95681453
284 74.56523513
285 73.11218876
286 71.60225731
287 70.04014284
288 68.4306419
289 66.77861997
290 65.08898601
291 63.36666749
292 61.61658593
293 59.84363313
294 58.0526483
295 56.24839616
296 54.43554616
297 52.61865296
298 50.80213819
299 48.9902737
300 47.18716621
301 45.3967436
302 43.62274266
303 41.86869858
304 40.13793597
305 38.43356152
306 36.75845828
307 35.11528151
308 33.50645606
309 31.93417523
310 30.40040108
311 28.90686607
312 27.45507601
313 26.04631418
314 24.68164658
315 23.36192813
316 22.08780992
317 20.85974713
318 19.67800774
319 18.54268186
320 17.45369152
321 16.41080094
322 15.41362706
323 14.46165036
324 13.5542257
325 12.69059337
326 11.86988994
327 11.09115916
328 10.35336255
329 9.655389841
330 8.996069109
331 8.374176522
332 7.788445742
333 7.237576878
334 6.720244993
335 6.235108111
336 5.780814741
337 5.356010864
338 4.959346406
339 4.589481174
340 4.245090265
341 3.924868946
342 3.627537026
343 3.351842713
344 3.096565991
345 2.860521522
346 2.642561103
347 2.441575683
348 2.256496991
349 2.086298771
350 1.929997671
351 1.786653799
352 1.655370983
353 1.53529675
354 1.425622058
355 1.325580808
356 1.234449156
357 1.151544643
358 1.07622519
359 1.007887948
360 0.9459680478
361 0.8899372633
362 0.8393025979
363 0.7936048228
364 0.7524169761
365 0.7153428382
366 0.6820153979
367 0.6520953183
368 0.625269416
369 0.6012491591
370 0.5797691955
371 0.5605859154
372 0.5434760557
373 0.5282353497
374 0.5146772271
375 0.5026315669
376 0.4919435045
377 0.4824722962
378 0.4740902411
379 0.46668166
380 0.4601419331
381 0.4543765935
382 0.4493004782
383 0.4448369325
384 0.4409170686
385 0.4374790748
386 0.4344675751
387 0.4318330354
388 0.4295312152
389 0.4275226624
390 0.425772248
391 0.4242487401
392 0.4229244129
393 0.4217746905
394 0.4207778208
395 0.4199145802
396 0.4191680045
397 0.4185231454
398 0.4179668505
399 0.417487564
400 0.4170751481
401 0.4167207216
402 0.4164165155
403 0.4161557435
404 0.4159324862
405 0.4157415877
406 0.4155785638
407 0.4154395194
408 0.4153210768
409 0.4152203102
410 0.4151346896
411 0.4150620298
412 0.4150004463
413 0.4149483162
414 0.4149042435
415 0.4148670298
416 0.4148356468
417 0.4148092142
418 0.4147869789
419 0.4147682979
420 0.4147526227
421 0.4147394859
422 0.4147284904
423 0.4147192986
424 0.4147116242
425 0.4147052247
426 0.414699895
427 0.4146954617
428 0.4146917788
429 0.4146887229
430 0.4146861906
431 0.4146840946
432 0.4146823621
433 0.4146809317
434 0.4146797522
435 0.4146787808
436 0.4146779819
437 0.4146773255
438 0.414676787
439 0.4146763456
440 0.4146759845
441 0.4146756892
442 0.4146754482
443 0.4146752516
444 0.4146750915
445 0.4146749613
446 0.4146748556
447 0.4146747697
448 0.4146747002
449 0.4146746439
450 0.4146745984
451 0.4146745617
452 0.414674532
453 0.4146745082
454 0.414674489
455 0.4146744736
456 0.4146744612
457 0.4146744513
458 0.4146744433
459 0.414674437
460 0.4146744319
461 0.4146744279
462 0.4146744247
463 0.4146744221
464 0.4146744201
465 0.4146744185
466 0.4146744172
467 0.4146744162
468 0.4146744154
469 0.4146744147
470 0.4146744142
471 0.4146744139
472 0.4146744135
473 0.4146744133
474 0.4146744131
475 0.414674413
476 0.4146744128
477 0.4146744128
478 0.4146744127
479 0.4146744126
480 0.4146744126
481 0.4146744125
482 0.4146744125
483 0.4146744125
484 0.4146744125
485 0.4146744125
486 0.4146744125
487 0.4146744125
488 0.4146744125
489 0.4146744124
490 0.4146744124
491 0.4146744124
492 0.4146744124
493 0.4146744124
494 0.4146744124
495 0.4146744124
496 0.4146744124
497 0.4146744124
498 0.4146744124
499 0.4146744124
500 0.4146744124
501 0.4146744124
502 0.4146744124
503 0.4146744124
504 0.4146744124
505 0.4146744124
506 0.4146744124
507 0.4146744124
508 0.4146744124
509 0.4146744124
510 0.4146744124
511 0.4146744124
512 0.4146744124
513 0.4146744124
514 0.4146744124
515 0.4146744124
516 0.4146744124
517 0.4146744124
518 0.4146744124
519 0.4146744124
520 0.4146744124
521 0.4146744124
522 0.4146744124
523 0.4146744124
524 0.4146744124
525 0.4146744124
526 0.4146744124
527 0.4146744124
528 0.4146744124
529 0.4146744124
530 0.4146744124
531 0.4146744124
532 0.4146744124
533 0.4146744124
534 0.4146744124
535 0.4146744124
536 0.4146744124
537 0.4146744124
538 0.4146744124
539 0.4146744124
540 0.4146744124
541 0.4146744124
542 0.4146744124
543 0.4146744124
544 0.4146744124
545 0.4146744124
546 0.4146744124
547 0.4146744124
548 0.4146744124
549 0.4146744124
550 0.4146744124
551 0.4146744124
552 0.4146744124
553 0.4146744124
554 0.4146744124
555 0.4146744124
556 0.4146744124
557 0.4146744124
558 0.4146744124
559 0.4146744124
560 0.4146744124
561 0.4146744124
562 0.4146744124
563 0.4146744124
564 0.4146744124
565 0.4146744124
566 0.4146744124
567 0.4146744124
568 0.4146744124
569 0.4146744124
570 0.4146744124
571 0.4146744124
572 0.4146744124
573 0.4146744124
574 0.4146744124
575 0.4146744124
576 0.4146744124
577 0.4146744124
578 0.4146744124
579 0.4146744124
580 0.4146744124
581 0.4146744124
582 0.4146744124
583 0.4146744124
584 0.4146744124
585 0.4146744124
586 0.4146744124
587 0.4146744124
588 0.4146744124
589 0.4146744124
590 0.4146744124
591 0.4146744124
592 0.4146744124
593 0.4146744124
594 0.4146744124
595 0.4146744124
596 0.4146744124
597 0.4146744124
598 0.4146744124
599 0.4146744124
600 0.4146744124
601 0.4146744124
602 0.4146744124
603 0.4146744124
604 0.4146744124
605 0.4146744124
606 0.4146744124
607 0.4146744124
608 0.4146744124
609 0.4146744124
610 0.4146744124
611 0.4146744124
612 0.4146744124
613 0.4146744124
614 0.4146744124
615 0.4146744124
616 0.4146744124
617 0.4146744124
618 0.4146744124
619 0.4146744124
620 0.4146744124
621 0.4146744124
622 0.4146744124
623 0.4146744124
624 0.4146744124
625 0.4146744124
626 0.4146744124
627 0.4146744124
628 0.4146744124
629 0.4146744124
630 0.4146744124
631 0.4146744124
632 0.4146744124
633 0.4146744124
634 0.4146744124
635 0.4146744124
636 0.4146744124
637 0.4146744124
638 0.4146744124
639 0.4146744124
640 0.4146744124
641 0.4146744124
642 0.4146744124
643 0.4146744124
644 0.4146744124
645 0.4146744124
646 0.4146744124
647 0.4146744124
648 0.4146744124
649 0.4146744124
650 0.4146744124
651 0.4146744124
652 0.4146744124
653 0.4146744124
654 0.4146744124
655 0.4146744124
656 0.4146744124
657 0.4146744124
658 0.4146744124
659 0.4146744124
660 0.4146744124
661 0.4146744124
662 0.4146744124
663 0.4146744124
664 0.4146744124
665 0.4146744124
666 0.4146744124
667 0.4146744124
668 0.4146744124
669 0.4146744124
670 0.4146744124
671 0.4146744124
672 0.4146744124
673 0.4146744124
674 0.4146744124
675 0.4146744124
676 0.4146744124
677 0.4146744124
678 0.4146744124
679 0.4146744124
680 0.4146744124
681 0.4146744124
682 0.4146744124
683 0.4146744124
684 0.4146744124
685 0.4146744124
686 0.4146744124
687 0.4146744124
688 0.4146744124
689 0.4146744124
690 0.4146744124
691 0.4146744124
692 0.4146744124
693 0.4146744124
694 0.4146744124
695 0.4146744124
696 0.4146744124
697 0.4146744124
698 0.4146744124
699 0.4146744124
700 0.4146744124
701 0.4146744124
702 0.4146744124
703 0.4146744124
704 0.4146744124
705 0.4146744124
706 0.4146744124
707 0.4146744124
708 0.4146744124
709 0.4146744124
710 0.4146744124
711 0.4146744124
712 0.4146744124
713 0.4146744124
714 0.4146744124
715 0.4146744124
716 0.4146744124
717 0.4146744124
718 0.4146744124
719 0.4146744124
720 0.4146744124
721 0.4146744124
722 0.4146744124
723 0.4146744124
724 0.4146744124
725 0.4146744124
726 0.4146744124
727 0.4146744124
728 0.4146744124
729 0.4146744124
730 0.4146744124
731 0.4146744124
732 0.4146744124
733 0.4146744124
734 0.4146744124
735 0.4146744124
736 0.4146744124
737 0.4146744124
738 0.4146744124
739 0.4146744124
740 0.4146744124
741 0.4146744124
742 0.4146744124
743 0.4146744124
744 0.4146744124
745 0.4146744124
746 0.4146744124
747 0.4146744124
748 0.4146744124
749 0.4146744124
750 0.4146744124
751 0.4146744124
752 0.4146744124
753 0.4146744124
754 0.4146744124
755 0.4146744124
756 0.4146744124
757 0.4146744124
758 0.4146744124
759 0.4146744124
760 0.4146744124
761 0.4146744124
762 0.4146744124
763 0.4146744124
764 0.4146744124
765 0.4146744124
766 0.4146744124
767 0.4146744124
768 0.4146744124
769 0.4146744124
770 0.4146744124
771 0.4146744124
772 0.4146744124
773 0.4146744124
774 0.4146744124
775 0.4146744124
776 0.4146744124
777 0.4146744124
778 0.4146744124
779 0.4146744124
780 0.4146744124
781 0.4146744124
782 0.4146744124
783 0.4146744124
784 0.4146744124
785 0.4146744124
786 0.4146744124
787 0.4146744124
788 0.4146744124
789 0.4146744124
790 0.4146744124
791 0.4146744124
792 0.4146744124
793 0.4146744124
794 0.4146744124
795 0.4146744124
796 0.4146744124
797 0.4146744124
798 0.4146744124
799 0.4146744124
800 0.4146744124
801 0.4146744124
802 0.4146744124
803 0.4146744124
804 0.4146744124
805 0.4146744124
806 0.4146744124
807 0.4146744124
808 0.4146744124
809 0.4146744124
810 0.4146744124
811 0.4146744124
812 0.4146744124
813 0.4146744124
814 0.4146744124
815 0.4146744124
816 0.4146744124
817 0.4146744124
818 0.4146744124
819 0.4146744124
820 0.4146744124
821 0.4146744124
822 0.4146744124
823 0.4146744124
824 0.4146744124
825 0.4146744124
826 0.4146744124
827 0.4146744124
828 0.4146744124
829 0.4146744124
830 0.4146744124
831 0.4146744124
832 0.4146744124
833 0.4146744124
834 0.4146744124
835 0.4146744124
836 0.4146744124
837 0.4146744124
838 0.4146744124
839 0.4146744124
840 0.4146744124
841 0.4146744124
842 0.4146744124
843 0.4146744124
844 0.4146744124
845 0.4146744124
846 0.4146744124
847 0.4146744124
848 0.4146744124
849 0.4146744124
850 0.4146744124
851 0.4146744124
852 0.4146744124
853 0.4146744124
854 0.4146744124
855 0.4146744124
856 0.4146744124
857 0.4146744124
858 0.4146744124
859 0.4146744124
860 0.4146744124
861 0.4146744124
862 0.4146744124
863 0.4146744124
864 0.4146744124
865 0.4146744124
866 0.4146744124
867 0.4146744124
868 0.4146744124
869 0.4146744124
870 0.4146744124
871 0.4146744124
872 0.4146744124
873 0.4146744124
874 0.4146744124
875 0.4146744124
876 0.4146744124
877 0.4146744124
878 0.4146744124
879 0.4146744124
880 0.4146744124
881 0.4146744124
882 0.4146744124
883 0.4146744124
884 0.4146744124
885 0.4146744124
886 0.4146744124
887 0.4146744124
888 0.4146744124
889 0.4146744124
890 0.4146744124
891 0.4146744124
892 0.4146744124
893 0.4146744124
894 0.4146744124
895 0.4146744124
896 0.4146744124
897 0.4146744124
898 0.4146744124
899 0.4146744124
900 0.4146744124
901 0.4146744124
902 0.4146744124
903 0.4146744124
904 0.4146744124
905 0.4146744124
906 0.4146744124
907 0.4146744124
908 0.4146744124
909 0.4146744124
910 0.4146744124
911 0.4146744124
912 0.4146744124
913 0.4146744124
914 0.4146744124
915 0.4146744124
916 0.4146744124
917 0.4146744124
918 0.4146744124
919 0.4146744124
920 0.4146744124
921 0.4146744124
922 0.4146744124
923 0.4146744124
924 0.4146744124
925 0.4146744124
926 0.4146744124
927 0.4146744124
928 0.4146744124
929 0.4146744124
930 0.4146744124
931 0.4146744124
932 0.4146744124
933 0.4146744124
934 0.4146744124
935 0.4146744124
936 0.4146744124
937 0.4146744124
938 0.4146744124
939 0.4146744124
940 0.4146744124
941 0.4146744124
942 0.4146744124
943 0.4146744124
944 0.4146744124
945 0.4146744124
946 0.4146744124
947 0.4146744124
948 0.4146744124
949 0.4146744124
950 0.4146744124
951 0.4146744124
952 0.4146744124
953 0.4146744124
954 0.4146744124
955 0.4146744124
956 0.4146744124
957 0.4146744124
958 0.4146744124
959 0.4146744125
960 0.4146744125
961 0.4146744125
962 0.4146744125
963 0.4146744125
964 0.4146744125
965 0.4146744125
966 0.4146744125
967 0.4146744126
968 0.4146744126
969 0.4146744126
970 0.4146744127
971 0.4146744127
972 0.4146744128
973 0.4146744129
974 0.414674413
975 0.4146744132
976 0.4146744134
977 0.4146744136
978 0.4146744139
979 0.4146744143
980 0.4146744148
981 0.4146744153
982 0.414674416
983 0.4146744169
984 0.414674418
985 0.4146744194
986 0.414674421
987 0.4146744231
988 0.4146744256
989 0.4146744287
990 0.4146744325
991 0.4146744372
992 0.4146744429
993 0.41467445
994 0.4146744586
995 0.4146744691
996 0.414674482
997 0.4146744977
998 0.4146745168
999 0.4146745402
1000 0.4146745685
1001 0.414674603
1002 0.4146746449
1003 0.4146746956
1004 0.4146747571
1005 0.4146748315
1006 0.4146749214
1007 0.41467503
1008 0.4146751611
1009 0.414675319
1010 0.4146755091
1011 0.4146757376
1012 0.4146760122
1013 0.4146763417
1014 0.4146767367
1015 0.4146772097
1016 0.4146777755
1017 0.4146784517
1018 0.4146792588
1019 0.4146802213
1020 0.4146813678
1021 0.414682732
1022 0.4146843537
1023 0.4146862793
