#54679 2910.0001199026555534 0.004570439828534647933 1 1493 16.000049430220818044 1024 7 1 J1713+0747 0.0000000 
0 -0.3904137077
1 -0.3904137238
2 -0.3904137367
3 -0.3904137471
4 -0.3904137555
5 -0.3904137621
6 -0.3904137675
7 -0.3904137717
8 -0.3904137751
9 -0.3904137778
10 -0.39041378
11 -0.3904137817
12 -0.390413783
13 -0.3904137841
14 -0.3904137849
15 -0.3904137856
16 -0.3904137861
17 -0.3904137866
18 -0.3904137869
19 -0.3904137872
20 -0.3904137874
21 -0.3904137875
22 -0.3904137876
23 -0.3904137877
24 -0.3904137878
25 -0.3904137879
26 -0.3904137879
27 -0.390413788
28 -0.390413788
29 -0.390413788
30 -0.390413788
31 -0.390413788
32 -0.3904137881
33 -0.3904137881
34 -0.3904137881
35 -0.3904137881
36 -0.3904137881
37 -0.3904137881
38 -0.3904137881
39 -0.3904137881
40 -0.3904137881
41 -0.3904137881
42 -0.3904137881
43 -0.3904137881
44 -0.3904137881
45 -0.3904137881
46 -0.3904137881
47 -0.3904137881
48 -0.3904137881
49 -0.3904137881
50 -0.3904137881
51 -0.3904137881
52 -0.3904137881
53 -0.3904137881
54 -0.3904137881
55 -0.3904137881
56 -0.3904137881
57 -0.3904137881
58 -0.3904137881
59 -0.3904137881
60 -0.3904137881
61 -0.3904137881
62 -0.3904137881
63 -0.3904137881
64 -0.3904137881
65 -0.3904137881
66 -0.3904137881
67 -0.3904137881
68 -0.3904137881
69 -0.3904137881
70 -0.3904137881
71 -0.3904137881
72 -0.3904137881
73 -0.3904137881
74 -0.3904137881
75 -0.3904137881
76 -0.3904137881
77 -0.3904137881
78 -0.3904137881
79 -0.3904137881
80 -0.3904137881
81 -0.3904137881
82 -0.3904137881
83 -0.3904137881
84 -0.3904137881
85 -0.3904137881
86 -0.3904137881
87 -0.3904137881
88 -0.3904137881
89 -0.3904137881
90 -0.3904137881
91 -0.3904137881
92 -0.3904137881
93 -0.3904137881
94 -0.3904137881
95 -0.3904137881
96 -0.3904137881
97 -0.3904137881
98 -0.3904137881
99 -0.3904137881
100 -0.3904137881
101 -0.3904137881
102 -0.3904137881
103 -0.3904137881
104 -0.3904137881
105 -0.3904137881
106 -0.3904137881
107 -0.3904137881
108 -0.3904137881
109 -0.3904137881
110 -0.3904137881
111 -0.3904137881
112 -0.3904137881
113 -0.3904137881
114 -0.3904137881
115 -0.3904137881
116 -0.3904137881
117 -0.3904137881
118 -0.3904137881
119 -0.3904137881
120 -0.3904137881
121 -0.3904137881
122 -0.3904137881
123 -0.3904137881
124 -0.3904137881
125 -0.3904137881
126 -0.3904137881
127 -0.3904137881
128 -0.3904137881
129 -0.3904137881
130 -0.3904137881
131 -0.3904137881
132 -0.3904137881
133 -0.3904137881
134 -0.3904137881
135 -0.3904137881
136 -0.3904137881
137 -0.3904137881
138 -0.3904137881
139 -0.3904137881
140 -0.3904137881
141 -0.3904137881
142 -0.3904137881
143 -0.3904137881
144 -0.3904137881
145 -0.3904137881
146 -0.3904137881
147 -0.3904137881
148 -0.3904137881
149 -0.3904137881
150 -0.3904137881
151 -0.3904137881
152 -0.3904137881
153 -0.3904137881
154 -0.3904137881
155 -0.3904137881
156 -0.3904137881
157 -0.3904137881
158 -0.3904137881
159 -0.3904137881
160 -0.3904137881
161 -0.3904137881
162 -0.3904137881
163 -0.3904137881
164 -0.3904137881
165 -0.3904137881
166 -0.3904137881
167 -0.3904137881
168 -0.3904137881
169 -0.3904137881
170 -0.3904137881
171 -0.3904137881
172 -0.3904137881
173 -0.3904137881
174 -0.3904137881
175 -0.3904137881
176 -0.3904137881
177 -0.3904137881
178 -0.3904137881
179 -0.3904137881
180 -0.3904137881
181 -0.3904137881
182 -0.3904137881
183 -0.3904137881
184 -0.3904137881
185 -0.3904137881
186 -0.3904137881
187 -0.3904137881
188 -0.3904137881
189 -0.3904137881
190 -0.3904137881
191 -0.3904137881
192 -0.3904137881
193 -0.3904137881
194 -0.3904137881
195 -0.3904137881
196 -0.3904137881
197 -0.3904137881
198 -0.3904137881
199 -0.3904137881
200 -0.3904137881
201 -0.3904137881
202 -0.3904137881
203 -0.3904137881
204 -0.3904137881
205 -0.3904137881
206 -0.3904137881
207 -0.3904137881
208 -0.3904137881
209 -0.3904137881
210 -0.3904137881
211 -0.3904137881
212 -0.3904137881
213 -0.3904137881
214 -0.3904137881
215 -0.3904137881
216 -0.3904137881
217 -0.3904137881
218 -0.3904137881
219 -0.3904137881
220 -0.3904137881
221 -0.3904137881
222 -0.3904137881
223 -0.3904137881
224 -0.3904137881
225 -0.3904137881
226 -0.3904137881
227 -0.3904137881
228 -0.3904137881
229 -0.3904137881
230 -0.3904137881
231 -0.3904137881
232 -0.3904137881
233 -0.3904137881
234 -0.3904137881
235 -0.3904137881
236 -0.3904137881
237 -0.3904137881
238 -0.3904137881
239 -0.3904137881
240 -0.3904137881
241 -0.3904137881
242 -0.3904137881
243 -0.3904137881
244 -0.3904137881
245 -0.3904137881
246 -0.3904137881
247 -0.3904137881
248 -0.3904137881
249 -0.3904137881
250 -0.3904137881
251 -0.3904137881
252 -0.3904137881
253 -0.3904137881
254 -0.3904137881
255 -0.3904137881
256 -0.3904137881
257 -0.3904137881
258 -0.3904137881
259 -0.3904137881
260 -0.3904137881
261 -0.3904137881
262 -0.3904137881
263 -0.3904137881
264 -0.3904137881
265 -0.3904137881
266 -0.3904137881
267 -0.3904137881
268 -0.3904137881
269 -0.3904137881
270 -0.3904137881
271 -0.3904137881
272 -0.3904137881
273 -0.3904137881
274 -0.3904137881
275 -0.3904137881
276 -0.3904137881
277 -0.3904137881
278 -0.3904137881
279 -0.3904137881
280 -0.3904137881
281 -0.3904137881
282 -0.3904137881
283 -0.3904137881
284 -0.3904137881
285 -0.3904137881
286 -0.3904137881
287 -0.3904137881
288 -0.3904137881
289 -0.3904137881
290 -0.3904137881
291 -0.3904137881
292 -0.3904137881
293 -0.3904137881
294 -0.3904137881
295 -0.3904137881
296 -0.3904137881
297 -0.3904137881
298 -0.3904137881
299 -0.3904137881
300 -0.3904137881
301 -0.3904137881
302 -0.3904137881
303 -0.3904137881
304 -0.3904137881
305 -0.3904137881
306 -0.3904137881
307 -0.3904137881
308 -0.3904137881
309 -0.3904137881
310 -0.3904137881
311 -0.3904137881
312 -0.3904137881
313 -0.3904137881
314 -0.3904137881
315 -0.3904137881
316 -0.3904137881
317 -0.3904137881
318 -0.3904137881
319 -0.3904137881
320 -0.3904137881
321 -0.3904137881
322 -0.3904137881
323 -0.3904137881
324 -0.3904137881
325 -0.3904137881
326 -0.3904137881
327 -0.3904137881
328 -0.3904137881
329 -0.3904137881
330 -0.3904137881
331 -0.3904137881
332 -0.3904137881
333 -0.3904137881
334 -0.3904137881
335 -0.3904137881
336 -0.3904137881
337 -0.3904137881
338 -0.3904137881
339 -0.3904137881
340 -0.3904137881
341 -0.3904137881
342 -0.3904137881
343 -0.3904137881
344 -0.3904137881
345 -0.3904137881
346 -0.3904137881
347 -0.3904137881
348 -0.3904137881
349 -0.3904137881
350 -0.3904137881
351 -0.3904137881
352 -0.3904137881
353 -0.3904137881
354 -0.3904137881
355 -0.3904137881
356 -0.3904137881
357 -0.3904137881
358 -0.3904137881
359 -0.3904137881
360 -0.3904137881
361 -0.3904137881
362 -0.3904137881
363 -0.3904137881
364 -0.3904137881
365 -0.3904137881
366 -0.3904137881
367 -0.3904137881
368 -0.3904137881
369 -0.3904137881
370 -0.3904137881
371 -0.3904137881
372 -0.3904137881
373 -0.3904137881
374 -0.3904137881
375 -0.3904137881
376 -0.3904137881
377 -0.3904137881
378 -0.3904137881
379 -0.3904137881
380 -0.3904137881
381 -0.3904137881
382 -0.3904137881
383 -0.3904137881
384 -0.3904137881
385 -0.3904137881
386 -0.3904137881
387 -0.3904137881
388 -0.3904137881
389 -0.3904137881
390 -0.3904137881
391 -0.3904137881
392 -0.3904137881
393 -0.3904137881
394 -0.3904137881
395 -0.3904137881
396 -0.3904137881
397 -0.3904137881
398 -0.3904137881
399 -0.3904137881
400 -0.3904137881
401 -0.3904137881
402 -0.3904137881
403 -0.3904137881
404 -0.3904137881
405 -0.3904137881
406 -0.3904137881
407 -0.3904137881
408 -0.3904137881
409 -0.3904137881
410 -0.3904137881
411 -0.3904137881
412 -0.3904137881
413 -0.3904137881
414 -0.3904137881
415 -0.3904137881
416 -0.3904137881
417 -0.3904137881
418 -0.3904137881
419 -0.3904137881
420 -0.3904137881
421 -0.3904137881
422 -0.3904137881
423 -0.3904137881
424 -0.3904137881
425 -0.3904137881
426 -0.3904137881
427 -0.3904137881
428 -0.3904137881
429 -0.3904137881
430 -0.3904137881
431 -0.3904137881
432 -0.3904137881
433 -0.3904137881
434 -0.3904137881
435 -0.3904137881
436 -0.3904137881
437 -0.3904137881
438 -0.3904137881
439 -0.3904137881
440 -0.3904137881
441 -0.3904137881
442 -0.3904137881
443 -0.3904137881
444 -0.3904137881
445 -0.3904137881
446 -0.3904137881
447 -0.3904137881
448 -0.3904137881
449 -0.3904137881
450 -0.3904137881
451 -0.3904137881
452 -0.3904137881
453 -0.3904137881
454 -0.3904137881
455 -0.3904137881
456 -0.3904137881
457 -0.3904137881
458 -0.3904137881
459 -0.3904137881
460 -0.3904137881
461 -0.3904137881
462 -0.3904137881
463 -0.3904137881
464 -0.3904137881
465 -0.3904137881
466 -0.3904137881
467 -0.3904137881
468 -0.3904137881
469 -0.3904137881
470 -0.3904137881
471 -0.3904137881
472 -0.3904137881
473 -0.3904137881
474 -0.3904137881
475 -0.3904137881
476 -0.3904137881
477 -0.3904137881
478 -0.3904137881
479 -0.3904137881
480 -0.3904137881
481 -0.3904137881
482 -0.3904137881
483 -0.3904137881
484 -0.3904137881
485 -0.3904137881
486 -0.3904137881
487 -0.3904137881
488 -0.3904137881
489 -0.3904137881
490 -0.3904137881
491 -0.3904137881
492 -0.3904137881
493 -0.3904137881
494 -0.3904137881
495 -0.3904137881
496 -0.3904137881
497 -0.3904137881
498 -0.3904137881
499 -0.3904137881
500 -0.3904137881
501 -0.3904137881
502 -0.3904137881
503 -0.3904137881
504 -0.3904137881
505 -0.3904137881
506 -0.3904137881
507 -0.3904137881
508 -0.3904137881
509 -0.3904137881
510 -0.390413788
511 -0.390413788
512 -0.390413788
513 -0.390413788
514 -0.390413788
515 -0.390413788
516 -0.3904137879
517 -0.3904137879
518 -0.3904137878
519 -0.3904137878
520 -0.3904137877
521 -0.3904137876
522 -0.3904137874
523 -0.3904137873
524 -0.3904137871
525 -0.3904137868
526 -0.3904137865
527 -0.3904137861
528 -0.3904137856
529 -0.390413785
530 -0.3904137843
531 -0.3904137834
532 -0.3904137823
533 -0.3904137809
534 -0.3904137791
535 -0.390413777
536 -0.3904137744
537 -0.3904137712
538 -0.3904137672
539 -0.3904137624
540 -0.3904137565
541 -0.3904137492
542 -0.3904137403
543 -0.3904137295
544 -0.3904137162
545 -0.3904137001
546 -0.3904136804
547 -0.3904136565
548 -0.3904136275
549 -0.3904135922
550 -0.3904135495
551 -0.3904134976
552 -0.390413435
553 -0.3904133592
554 -0.3904132676
555 -0.3904131572
556 -0.3904130242
557 -0.390412864
558 -0.3904126714
559 -0.39041244
560 -0.3904121624
561 -0.3904118296
562 -0.390411431
563 -0.3904109543
564 -0.3904103846
565 -0.3904097045
566 -0.3904088936
567 -0.3904079276
568 -0.3904067781
569 -0.3904054118
570 -0.3904037893
571 -0.3904018648
572 -0.3903995845
573 -0.3903968852
574 -0.3903936936
575 -0.3903899238
576 -0.3903854757
577 -0.3903802328
578 -0.3903740596
579 -0.3903667989
580 -0.390358268
581 -0.3903482554
582 -0.3903365161
583 -0.390322767
584 -0.390306681
585 -0.390287881
586 -0.3902659324
587 -0.3902403351
588 -0.3902105142
589 -0.3901758099
590 -0.3901354652
591 -0.3900886136
592 -0.3900342633
593 -0.3899712816
594 -0.3898983754
595 -0.3898140708
596 -0.3897166899
597 -0.3896043245
598 -0.3894748075
599 -0.3893256804
600 -0.3891541578
601 -0.3889570877
602 -0.3887309073
603 -0.3884715949
604 -0.3881746161
605 -0.3878348648
606 -0.3874465982
607 -0.3870033653
608 -0.386497929
609 -0.3859221802
610 -0.385267044
611 -0.3845223778
612 -0.38367686
613 -0.3827178687
614 -0.3816313508
615 -0.3804016793
616 -0.3790114998
617 -0.3774415645
618 -0.375670553
619 -0.3736748808
620 -0.3714284921
621 -0.3689026398
622 -0.3660656493
623 -0.362882667
624 -0.3593153929
625 -0.3553217969
626 -0.350855818
627 -0.345867047
628 -0.3403003925
629 -0.3340957293
630 -0.3271875305
631 -0.3195044832
632 -0.3109690874
633 -0.3014972405
634 -0.2909978069
635 -0.2793721736
636 -0.2665137941
637 -0.2523077216
638 -0.2366301327
639 -0.2193478447
640 -0.2003178282
641 -0.1793867175
642 -0.1563903223
643 -0.1311531435
644 -0.1034878968
645 -0.07319504829
646 -0.04006236578
647 -0.003864491186
648 0.03563746184
649 0.07869627926
650 0.1255789816
651 0.1765671166
652 0.2319570033
653 0.2920599216
654 0.3572022397
655 0.4277254736
656 0.5039862716
657 0.5863563156
658 0.6752221335
659 0.7709848147
660 0.874059622
661 0.9848754922
662 1.103874421
663 1.23151072
664 1.36825015
665 1.514568914
666 1.670952507
667 1.837894427
668 2.015894734
669 2.205458455
670 2.407093833
671 2.621310429
672 2.848617055
673 3.089519565
674 3.344518487
675 3.614106506
676 3.898765801
677 4.198965254
678 4.515157518
679 4.847775968
680 5.197231548
681 5.563909513
682 5.948166093
683 6.350325088
684 6.770674414
685 7.209462618
686 7.666895376
687 8.143132012
688 8.638282043
689 9.152401776
690 9.685491002
691 10.23748978
692 10.80827537
693 11.39765931
694 12.00538471
695 12.63112373
696 13.27447533
697 13.93496325
698 14.61203433
699 15.30505717
700 16.01332104
701 16.73603526
702 17.47232896
703 18.2212512
704 18.98177154
705 19.75278112
706 20.53309411
707 21.32144967
708 22.1165144
709 22.91688527
710 23.72109299
711 24.52760592
712 25.33483443
713 26.14113572
714 26.9448191
715 27.74415173
716 28.53736472
717 29.32265972
718 30.09821578
719 30.86219661
720 31.61275813
721 32.34805629
722 33.06625512
723 33.76553499
724 34.44410098
725 35.1001914
726 35.73208632
727 36.33811618
728 36.91667024
729 37.46620511
730 37.98525298
731 38.47242977
732 38.92644302
733 39.34609948
734 39.73031238
735 40.0781084
736 40.38863408
737 40.66116193
738 40.89509601
739 41.08997691
740 41.24548627
741 41.36145073
742 41.43784518
743 41.47479549
744 41.47258052
745 41.43163357
746 41.35254306
747 41.23605263
748 41.08306054
749 40.89461839
750 40.6719292
751 40.41634485
752 40.1293628
753 39.8126223
754 39.46789991
755 39.09710443
756 38.70227131
757 38.28555643
758 37.84922946
759 37.39566663
760 36.92734309
761 36.44682478
762 35.95675992
763 35.45987011
764 34.95894101
765 34.45681283
766 33.95637032
767 33.46053267
768 32.97224305
769 32.49445799
770 32.0301365
771 31.58222912
772 31.15366677
773 30.74734947
774 30.36613507
775 30.01282779
776 29.69016689
777 29.40081519
778 29.14734773
779 28.93224047
780 28.75785902
781 28.62644759
782 28.54011809
783 28.50083934
784 28.51042668
785 28.5705317
786 28.68263247
787 28.848024
788 29.06780918
789 29.34289029
790 29.67396086
791 30.06149827
792 30.50575691
793 31.00676209
794 31.56430468
795 32.17793653
796 32.84696685
797 33.57045946
798 34.34723103
799 35.17585037
800 36.0546388
801 36.98167168
802 37.95478106
803 38.97155963
804 40.02936579
805 41.1253301
806 42.25636297
807 43.41916359
808 44.61023021
809 45.82587167
810 47.06222017
811 48.3152453
812 49.5807692
813 50.85448291
814 52.1319637
815 53.40869348
816 54.68007806
817 55.94146724
818 57.18817563
819 58.41550398
820 59.6187611
821 60.79328603
822 61.93447046
823 63.03778121
824 64.0987826
825 65.11315862
826 66.07673472
827 66.98549904
828 67.83562297
829 68.62348089
830 69.3456689
831 69.99902246
832 70.5806328
833 71.08786193
834 71.51835612
835 71.87005792
836 72.14121636
837 72.33039546
838 72.4364809
839 72.45868482
840 72.39654868
841 72.24994417
842 72.01907229
843 71.70446031
844 71.30695701
845 70.82772592
846 70.26823686
847 69.63025566
848 68.91583227
849 68.12728735
850 67.26719731
851 66.33837819
852 65.34386818
853 64.28690922
854 63.17092764
855 61.99951402
856 60.77640249
857 59.50544957
858 58.19061274
859 56.83592885
860 55.44549258
861 54.02343506
862 52.57390287
863 51.10103738
864 49.60895487
865 48.1017272
866 46.58336341
867 45.05779226
868 43.5288458
869 42.00024404
870 40.47558081
871 38.95831095
872 37.45173866
873 35.95900734
874 34.48309063
875 33.02678494
876 31.59270323
877 30.18327028
878 28.80071912
879 27.44708889
880 26.1242239
881 24.83377383
882 23.57719521
883 22.35575383
884 21.17052825
885 20.02241422
886 18.91212994
887 17.84022209
888 16.80707254
889 15.81290572
890 14.85779639
891 13.94167797
892 13.06435113
893 12.22549267
894 11.42466459
895 10.6613233
896 9.934828827
897 9.244454001
898 8.589393585
899 7.968773232
900 7.38165824
901 6.827062073
902 6.303954582
903 5.8112699
904 5.347913979
905 4.912771742
906 4.504713824
907 4.122602894
908 3.765299535
909 3.431667687
910 3.12057964
911 2.830920581
912 2.561592698
913 2.311518855
914 2.07964584
915 1.864947195
916 1.666425664
917 1.48311525
918 1.314082918
919 1.158429955
920 1.015293011
921 0.8838448469
922 0.7632947962
923 0.6528889835
924 0.5519103062
925 0.4596782084
926 0.3755482665
927 0.2989116085
928 0.2291941865
929 0.1658559227
930 0.108389746
931 0.056320539
932 0.009204009503
933 -0.03337449618
934 -0.07180122493
935 -0.10643528
936 -0.1376099035
937 -0.1656337682
938 -0.1907922672
939 -0.2133487949
940 -0.2335460097
941 -0.2516070729
942 -0.267736858
943 -0.2821231248
944 -0.2949376554
945 -0.3063373476
946 -0.3164652649
947 -0.3254516388
948 -0.3334148249
949 -0.3404622095
950 -0.3466910682
951 -0.352189376
952 -0.357036569
953 -0.3613042593
954 -0.3650569037
955 -0.3683524272
956 -0.3712428045
957 -0.373774598
958 -0.3759894576
959 -0.377924582
960 -0.3796131431
961 -0.3810846775
962 -0.3823654449
963 -0.3834787569
964 -0.3844452766
965 -0.3852832921
966 -0.3860089662
967 -0.3866365614
968 -0.3871786455
969 -0.3876462761
970 -0.3880491686
971 -0.3883958459
972 -0.3886937745
973 -0.3889494859
974 -0.3891686852
975 -0.3893563488
976 -0.389516811
977 -0.3896538417
978 -0.3897707152
979 -0.389870271
980 -0.3899549686
981 -0.3900269349
982 -0.3900880067
983 -0.3901397682
984 -0.3901835838
985 -0.3902206266
986 -0.3902519043
987 -0.390278281
988 -0.3903004969
989 -0.3903191849
990 -0.3903348855
991 -0.3903480597
992 -0.3903591004
993 -0.3903683414
994 -0.3903760664
995 -0.3903825162
996 -0.3903878944
997 -0.3903923735
998 -0.3903960992
999 -0.3903991943
1000 -0.3904017624
1001 -0.3904038905
1002 -0.3904056519
1003 -0.3904071079
1004 -0.3904083099
1005 -0.3904093011
1006 -0.3904101173
1007 -0.3904107887
1008 -0.3904113403
1009 -0.3904117928
1010 -0.3904121637
1011 -0.3904124672
1012 -0.3904127153
1013 -0.3904129178
1014 -0.390413083
1015 -0.3904132175
1016 -0.3904133269
1017 -0.3904134158
1018 -0.3904134879
1019 -0.3904135463
1020 -0.3904135936
1021 -0.3904136319
1022 -0.3904136627
1023 -0.3904136876
