#54548 2910.0036043021525611 0.0045697642502883287219 1 1357 16.000049430220818044 1024 7 1 J1713+0747 0.0000000 
0 0.3595359666
1 0.3595359666
2 0.3595359666
3 0.3595359666
4 0.3595359666
5 0.3595359666
6 0.3595359666
7 0.3595359666
8 0.3595359666
9 0.3595359666
10 0.3595359666
11 0.3595359666
12 0.3595359666
13 0.3595359666
14 0.3595359666
15 0.3595359666
16 0.3595359666
17 0.3595359666
18 0.3595359666
19 0.3595359666
20 0.3595359666
21 0.3595359666
22 0.3595359666
23 0.3595359666
24 0.3595359666
25 0.3595359666
26 0.3595359666
27 0.3595359666
28 0.3595359666
29 0.3595359666
30 0.3595359666
31 0.3595359666
32 0.3595359666
33 0.3595359666
34 0.3595359666
35 0.3595359666
36 0.3595359666
37 0.3595359666
38 0.3595359666
39 0.3595359666
40 0.3595359666
41 0.3595359666
42 0.3595359666
43 0.3595359666
44 0.3595359666
45 0.3595359666
46 0.3595359666
47 0.3595359666
48 0.3595359666
49 0.3595359666
50 0.3595359666
51 0.3595359666
52 0.3595359666
53 0.3595359666
54 0.3595359666
55 0.3595359666
56 0.3595359666
57 0.3595359666
58 0.3595359666
59 0.3595359666
60 0.3595359666
61 0.3595359666
62 0.3595359666
63 0.3595359666
64 0.3595359666
65 0.3595359666
66 0.3595359666
67 0.3595359666
68 0.3595359666
69 0.3595359666
70 0.3595359666
71 0.3595359666
72 0.3595359666
73 0.3595359666
74 0.3595359666
75 0.3595359666
76 0.3595359666
77 0.3595359666
78 0.3595359666
79 0.3595359666
80 0.3595359666
81 0.3595359666
82 0.3595359666
83 0.3595359666
84 0.3595359666
85 0.3595359666
86 0.3595359666
87 0.3595359666
88 0.3595359666
89 0.3595359666
90 0.3595359666
91 0.3595359666
92 0.3595359666
93 0.3595359666
94 0.3595359666
95 0.3595359666
96 0.3595359666
97 0.3595359666
98 0.3595359666
99 0.3595359666
100 0.3595359666
101 0.3595359666
102 0.3595359666
103 0.3595359666
104 0.3595359666
105 0.3595359666
106 0.3595359666
107 0.3595359666
108 0.3595359666
109 0.3595359666
110 0.3595359666
111 0.3595359666
112 0.3595359666
113 0.3595359666
114 0.3595359666
115 0.3595359666
116 0.3595359666
117 0.3595359666
118 0.3595359666
119 0.3595359666
120 0.3595359666
121 0.3595359666
122 0.3595359666
123 0.3595359666
124 0.3595359666
125 0.3595359666
126 0.3595359666
127 0.3595359666
128 0.3595359666
129 0.3595359666
130 0.3595359666
131 0.3595359666
132 0.3595359666
133 0.3595359666
134 0.3595359666
135 0.3595359666
136 0.3595359666
137 0.3595359666
138 0.3595359666
139 0.3595359666
140 0.3595359666
141 0.3595359666
142 0.3595359666
143 0.3595359666
144 0.3595359666
145 0.3595359666
146 0.3595359666
147 0.3595359666
148 0.3595359666
149 0.3595359666
150 0.3595359666
151 0.3595359666
152 0.3595359666
153 0.3595359666
154 0.3595359666
155 0.3595359666
156 0.3595359666
157 0.3595359666
158 0.3595359666
159 0.3595359666
160 0.3595359666
161 0.3595359666
162 0.3595359666
163 0.3595359666
164 0.3595359666
165 0.3595359666
166 0.3595359666
167 0.3595359666
168 0.3595359666
169 0.3595359666
170 0.3595359666
171 0.3595359666
172 0.3595359666
173 0.3595359666
174 0.3595359666
175 0.3595359666
176 0.3595359666
177 0.3595359666
178 0.3595359666
179 0.3595359666
180 0.3595359666
181 0.3595359666
182 0.3595359666
183 0.3595359666
184 0.3595359666
185 0.3595359666
186 0.3595359666
187 0.3595359666
188 0.3595359666
189 0.3595359666
190 0.3595359666
191 0.3595359666
192 0.3595359666
193 0.3595359666
194 0.3595359666
195 0.3595359666
196 0.3595359666
197 0.3595359666
198 0.3595359666
199 0.3595359666
200 0.3595359666
201 0.3595359666
202 0.3595359666
203 0.3595359666
204 0.3595359666
205 0.3595359666
206 0.3595359666
207 0.3595359666
208 0.3595359666
209 0.3595359666
210 0.3595359666
211 0.3595359666
212 0.3595359666
213 0.3595359666
214 0.3595359666
215 0.3595359666
216 0.3595359666
217 0.3595359666
218 0.3595359666
219 0.3595359666
220 0.3595359666
221 0.3595359666
222 0.3595359666
223 0.3595359666
224 0.3595359666
225 0.3595359666
226 0.3595359666
227 0.3595359666
228 0.3595359666
229 0.3595359666
230 0.3595359666
231 0.3595359666
232 0.3595359666
233 0.3595359666
234 0.3595359666
235 0.3595359666
236 0.3595359666
237 0.3595359666
238 0.3595359666
239 0.3595359666
240 0.3595359666
241 0.3595359666
242 0.3595359666
243 0.3595359666
244 0.3595359666
245 0.3595359666
246 0.3595359666
247 0.3595359666
248 0.3595359666
249 0.3595359666
250 0.3595359666
251 0.3595359666
252 0.3595359666
253 0.3595359666
254 0.3595359666
255 0.3595359666
256 0.3595359666
257 0.3595359666
258 0.3595359666
259 0.3595359666
260 0.3595359666
261 0.3595359666
262 0.3595359666
263 0.3595359666
264 0.3595359666
265 0.3595359666
266 0.3595359666
267 0.3595359666
268 0.3595359666
269 0.3595359666
270 0.3595359666
271 0.3595359666
272 0.3595359666
273 0.3595359666
274 0.3595359666
275 0.3595359666
276 0.3595359666
277 0.3595359666
278 0.3595359666
279 0.3595359666
280 0.3595359666
281 0.3595359666
282 0.3595359666
283 0.3595359666
284 0.3595359666
285 0.3595359666
286 0.3595359666
287 0.3595359666
288 0.3595359666
289 0.3595359666
290 0.3595359666
291 0.3595359666
292 0.3595359666
293 0.3595359666
294 0.3595359666
295 0.3595359666
296 0.3595359666
297 0.3595359666
298 0.3595359666
299 0.3595359666
300 0.3595359666
301 0.3595359666
302 0.3595359666
303 0.3595359666
304 0.3595359666
305 0.3595359666
306 0.3595359666
307 0.3595359666
308 0.3595359666
309 0.3595359666
310 0.3595359666
311 0.3595359666
312 0.3595359666
313 0.3595359666
314 0.3595359666
315 0.3595359666
316 0.3595359666
317 0.3595359666
318 0.3595359666
319 0.3595359666
320 0.3595359666
321 0.3595359666
322 0.3595359666
323 0.3595359666
324 0.3595359666
325 0.3595359666
326 0.3595359666
327 0.3595359666
328 0.3595359666
329 0.3595359666
330 0.3595359666
331 0.3595359666
332 0.3595359666
333 0.3595359666
334 0.3595359666
335 0.3595359666
336 0.3595359666
337 0.3595359666
338 0.3595359666
339 0.3595359666
340 0.3595359666
341 0.3595359666
342 0.3595359666
343 0.3595359666
344 0.3595359666
345 0.3595359666
346 0.3595359666
347 0.3595359666
348 0.3595359666
349 0.3595359666
350 0.3595359666
351 0.3595359666
352 0.3595359666
353 0.3595359666
354 0.3595359666
355 0.3595359666
356 0.3595359666
357 0.3595359666
358 0.3595359666
359 0.3595359666
360 0.3595359666
361 0.3595359666
362 0.3595359666
363 0.3595359666
364 0.3595359666
365 0.3595359666
366 0.3595359666
367 0.3595359666
368 0.3595359666
369 0.3595359666
370 0.3595359666
371 0.3595359666
372 0.3595359666
373 0.3595359666
374 0.3595359666
375 0.3595359666
376 0.3595359666
377 0.3595359666
378 0.3595359666
379 0.3595359666
380 0.3595359666
381 0.3595359666
382 0.3595359666
383 0.3595359666
384 0.3595359666
385 0.3595359666
386 0.3595359666
387 0.3595359666
388 0.3595359666
389 0.3595359666
390 0.3595359666
391 0.3595359666
392 0.3595359666
393 0.3595359666
394 0.3595359666
395 0.3595359666
396 0.3595359666
397 0.3595359666
398 0.3595359666
399 0.3595359666
400 0.3595359666
401 0.3595359666
402 0.3595359666
403 0.3595359666
404 0.3595359666
405 0.3595359666
406 0.3595359666
407 0.3595359666
408 0.3595359666
409 0.3595359666
410 0.3595359666
411 0.3595359666
412 0.3595359666
413 0.3595359667
414 0.3595359667
415 0.3595359667
416 0.3595359667
417 0.3595359667
418 0.3595359668
419 0.3595359668
420 0.3595359669
421 0.359535967
422 0.3595359671
423 0.3595359672
424 0.3595359673
425 0.3595359675
426 0.3595359678
427 0.359535968
428 0.3595359684
429 0.3595359688
430 0.3595359694
431 0.3595359701
432 0.3595359709
433 0.359535972
434 0.3595359733
435 0.3595359749
436 0.3595359769
437 0.3595359793
438 0.3595359823
439 0.359535986
440 0.3595359905
441 0.3595359961
442 0.3595360029
443 0.3595360112
444 0.3595360214
445 0.3595360338
446 0.359536049
447 0.3595360675
448 0.35953609
449 0.3595361174
450 0.3595361507
451 0.3595361911
452 0.3595362401
453 0.3595362994
454 0.3595363712
455 0.359536458
456 0.3595365628
457 0.3595366892
458 0.3595368415
459 0.3595370248
460 0.3595372452
461 0.3595375099
462 0.3595378275
463 0.3595382081
464 0.3595386639
465 0.3595392091
466 0.3595398605
467 0.3595406379
468 0.3595415648
469 0.3595426688
470 0.3595439823
471 0.3595455434
472 0.3595473968
473 0.359549595
474 0.3595521994
475 0.3595552817
476 0.3595589257
477 0.3595632294
478 0.3595683068
479 0.3595742905
480 0.3595813349
481 0.3595896193
482 0.3595993517
483 0.3596107729
484 0.3596241618
485 0.3596398408
486 0.3596581822
487 0.3596796152
488 0.3597046344
489 0.3597338088
490 0.3597677923
491 0.3598073356
492 0.3598532993
493 0.359906669
494 0.3599685719
495 0.360040296
496 0.3601233108
497 0.3602192912
498 0.3603301437
499 0.3604580359
500 0.3606054297
501 0.3607751168
502 0.3609702602
503 0.3611944385
504 0.3614516959
505 0.3617465968
506 0.362084287
507 0.3624705598
508 0.36291193
509 0.3634157146
510 0.3639901208
511 0.3646443435
512 0.3653886708
513 0.3662345994
514 0.3671949604
515 0.3682840561
516 0.3695178081
517 0.370913918
518 0.372492041
519 0.3742739732
520 0.3762838532
521 0.3785483791
522 0.3810970411
523 0.38396237
524 0.3871802032
525 0.3907899683
526 0.3948349839
527 0.3993627793
528 0.4044254328
529 0.4100799287
530 0.4163885336
531 0.4234191909
532 0.4312459347
533 0.4399493219
534 0.4496168822
535 0.4603435845
536 0.4722323208
537 0.4853944034
538 0.4999500773
539 0.5160290426
540 0.5337709882
541 0.5533261318
542 0.5748557656
543 0.5985328027
544 0.6245423228
545 0.6530821127
546 0.6843631965
547 0.7186103532
548 0.756062615
549 0.7969737423
550 0.8416126687
551 0.8902639113
552 0.9432279396
553 1.000821496
554 1.063377859
555 1.131247052
556 1.204795969
557 1.284408437
558 1.370485184
559 1.463443716
560 1.563718096
561 1.671758612
562 1.788031323
563 1.91301749
564 2.047212869
565 2.191126863
566 2.345281532
567 2.51021045
568 2.686457398
569 2.874574905
570 3.075122612
571 3.288665468
572 3.515771755
573 3.757010938
574 4.01295134
575 4.284157646
576 4.571188238
577 4.874592355
578 5.194907111
579 5.53265434
580 5.888337311
581 6.262437304
582 6.65541007
583 7.067682175
584 7.499647268
585 7.951662258
586 8.424043459
587 8.917062683
588 9.430943335
589 9.965856518
590 10.52191718
591 11.09918034
592 11.69763737
593 12.31721245
594 12.95775916
595 13.61905722
596 14.3008095
597 15.00263926
598 15.72408763
599 16.46461145
600 17.22358138
601 18.00028048
602 18.79390304
603 19.60355396
604 20.42824849
605 21.26691247
606 22.11838304
607 22.98140987
608 23.85465684
609 24.73670438
610 25.62605219
611 26.52112262
612 27.42026449
613 28.32175758
614 29.22381748
615 30.12460112
616 31.02221272
617 31.91471021
618 32.8001122
619 33.67640531
620 34.54155194
621 35.39349841
622 36.23018344
623 37.04954694
624 37.84953902
625 38.62812922
626 39.38331594
627 40.11313595
628 40.81567389
629 41.48907191
630 42.13153917
631 42.74136123
632 43.31690933
633 43.85664941
634 44.35915093
635 44.82309526
636 45.2472838
637 45.63064567
638 45.97224486
639 46.27128696
640 46.5271253
641 46.73926649
642 46.90737538
643 47.03127932
644 47.11097181
645 47.14661536
646 47.13854375
647 47.08726343
648 46.9934543
649 46.85796967
650 46.68183546
651 46.46624877
652 46.21257554
653 45.92234764
654 45.59725916
655 45.23916199
656 44.85006081
657 44.43210727
658 43.98759373
659 43.51894621
660 43.02871686
661 42.51957585
662 41.99430277
663 41.45577745
664 40.90697043
665 40.35093292
666 39.79078641
667 39.22971186
668 38.67093863
669 38.11773307
670 37.57338679
671 37.04120479
672 36.52449329
673 36.02654744
674 35.55063885
675 35.10000298
676 34.67782651
677 34.28723461
678 33.93127813
679 33.61292094
680 33.33502715
681 33.1003485
682 32.91151185
683 32.77100682
684 32.68117358
685 32.64419092
686 32.66206459
687 32.73661598
688 32.86947109
689 33.06205008
690 33.31555716
691 33.6309711
692 34.00903635
693 34.45025473
694 34.95487801
695 35.52290108
696 36.15405614
697 36.84780774
698 37.6033488
699 38.41959769
700 39.29519642
701 40.22851001
702 41.21762705
703 42.26036156
704 43.35425617
705 44.49658664
706 45.6843678
707 46.91436086
708 48.1830822
709 49.48681359
710 50.82161379
711 52.18333168
712 53.56762066
713 54.96995454
714 56.3856446
715 57.80985806
716 59.23763759
717 60.66392199
718 62.08356788
719 63.49137221
720 64.88209565
721 66.2504865
722 67.59130524
723 68.89934934
724 70.16947835
725 71.39663898
726 72.5758901
727 73.70242751
728 74.77160814
729 75.77897375
730 76.72027376
731 77.59148719
732 78.38884348
733 79.10884196
734 79.74827004
735 80.30421975
736 80.77410266
737 81.15566296
738 81.44698869
739 81.64652097
740 81.75306119
741 81.7657761
742 81.68420069
743 81.50823904
744 81.23816284
745 80.8746079
746 80.41856841
747 79.87138924
748 79.23475614
749 78.51068406
750 77.70150362
751 76.80984591
752 75.83862558
753 74.79102263
754 73.67046273
755 72.48059654
756 71.22527789
757 69.90854124
758 68.53457846
759 67.10771512
760 65.63238651
761 64.11311352
762 62.55447859
763 60.96110185
764 59.33761766
765 57.68865172
766 56.01879882
767 54.33260141
768 52.63452921
769 50.92895976
770 49.22016026
771 47.51227059
772 45.80928772
773 44.11505152
774 42.433232
775 40.76731807
776 39.12060778
777 37.49620015
778 35.89698845
779 34.32565502
780 32.78466755
781 31.27627686
782 29.80251595
783 28.36520052
784 26.96593066
785 25.60609376
786 24.28686857
787 23.00923024
788 21.77395633
789 20.58163363
790 19.4326658
791 18.32728163
792 17.26554384
793 16.2473584
794 15.27248418
795 14.34054295
796 13.45102948
797 12.60332188
798 11.79669186
799 11.03031502
800 10.303281
801 9.614603488
802 8.963229977
803 8.348051219
804 7.76791039
805 7.221611856
806 6.707929544
807 6.225614873
808 5.773404233
809 5.350025982
810 4.954206959
811 4.584678498
812 4.240181947
813 3.919473682
814 3.621329635
815 3.344549337
816 3.087959483
817 2.850417046
818 2.63081195
819 2.428069316
820 2.24115132
821 2.069058662
822 1.910831686
823 1.765551171
824 1.632338816
825 1.510357446
826 1.398810958
827 1.296944043
828 1.204041699
829 1.119428555
830 1.042468042
831 0.9725614204
832 0.9091466917
833 0.8516974067
834 0.7997213972
835 0.7527594418
836 0.7103838843
837 0.6721972186
838 0.6378306533
839 0.6069426682
840 0.5792175734
841 0.5543640802
842 0.5321138931
843 0.512220329
844 0.4944569707
845 0.4786163601
846 0.4645087346
847 0.4519608111
848 0.4408146199
849 0.4309263906
850 0.4221654911
851 0.4144134211
852 0.4075628598
853 0.4015167674
854 0.3961875411
855 0.3914962222
856 0.387371756
857 0.3837503007
858 0.3805745847
859 0.3777933099
860 0.3753605994
861 0.373235488
862 0.3713814513
863 0.3697659745
864 0.3683601554
865 0.3671383419
866 0.3660778004
867 0.365158414
868 0.3643624074
869 0.3636740979
870 0.3630796689
871 0.3625669662
872 0.3621253135
873 0.3617453458
874 0.3614188611
875 0.3611386857
876 0.3608985545
877 0.3606930038
878 0.3605172756
879 0.3603672325
880 0.3602392815
881 0.3601303072
882 0.3600376118
883 0.3599588626
884 0.3598920455
885 0.3598354236
886 0.3597875017
887 0.3597469937
888 0.3597127957
889 0.3596839608
890 0.3596596785
891 0.3596392556
892 0.3596221001
893 0.3596077073
894 0.3595956475
895 0.3595855551
896 0.3595771196
897 0.3595700779
898 0.359564207
899 0.3595593183
900 0.3595552526
901 0.3595518755
902 0.359549074
903 0.3595467528
904 0.3595448319
905 0.3595432443
906 0.3595419338
907 0.3595408534
908 0.3595399638
909 0.3595392322
910 0.3595386313
911 0.3595381383
912 0.3595377344
913 0.3595374039
914 0.3595371337
915 0.3595369132
916 0.3595367335
917 0.3595365871
918 0.359536468
919 0.3595363713
920 0.3595362929
921 0.3595362293
922 0.3595361779
923 0.3595361363
924 0.3595361028
925 0.3595360757
926 0.3595360539
927 0.3595360364
928 0.3595360223
929 0.3595360111
930 0.359536002
931 0.3595359948
932 0.359535989
933 0.3595359844
934 0.3595359807
935 0.3595359777
936 0.3595359754
937 0.3595359736
938 0.3595359721
939 0.3595359709
940 0.35953597
941 0.3595359693
942 0.3595359687
943 0.3595359682
944 0.3595359679
945 0.3595359676
946 0.3595359674
947 0.3595359672
948 0.3595359671
949 0.359535967
950 0.3595359669
951 0.3595359668
952 0.3595359668
953 0.3595359667
954 0.3595359667
955 0.3595359667
956 0.3595359667
957 0.3595359666
958 0.3595359666
959 0.3595359666
960 0.3595359666
961 0.3595359666
962 0.3595359666
963 0.3595359666
964 0.3595359666
965 0.3595359666
966 0.3595359666
967 0.3595359666
968 0.3595359666
969 0.3595359666
970 0.3595359666
971 0.3595359666
972 0.3595359666
973 0.3595359666
974 0.3595359666
975 0.3595359666
976 0.3595359666
977 0.3595359666
978 0.3595359666
979 0.3595359666
980 0.3595359666
981 0.3595359666
982 0.3595359666
983 0.3595359666
984 0.3595359666
985 0.3595359666
986 0.3595359666
987 0.3595359666
988 0.3595359666
989 0.3595359666
990 0.3595359666
991 0.3595359666
992 0.3595359666
993 0.3595359666
994 0.3595359666
995 0.3595359666
996 0.3595359666
997 0.3595359666
998 0.3595359666
999 0.3595359666
1000 0.3595359666
1001 0.3595359666
1002 0.3595359666
1003 0.3595359666
1004 0.3595359666
1005 0.3595359666
1006 0.3595359666
1007 0.3595359666
1008 0.3595359666
1009 0.3595359666
1010 0.3595359666
1011 0.3595359666
1012 0.3595359666
1013 0.3595359666
1014 0.3595359666
1015 0.3595359666
1016 0.3595359666
1017 0.3595359666
1018 0.3595359666
1019 0.3595359666
1020 0.3595359666
1021 0.3595359666
1022 0.3595359666
1023 0.3595359666
