#54613 2909.9972483971909949 0.004570064417917987093 1 1253 16.000049430220818044 1024 7 1 J1713+0747 0.0000000 
0 0.07271582535
1 0.07271582535
2 0.07271582535
3 0.07271582535
4 0.07271582535
5 0.07271582535
6 0.07271582535
7 0.07271582535
8 0.07271582535
9 0.07271582535
10 0.07271582535
11 0.07271582535
12 0.07271582535
13 0.07271582535
14 0.07271582535
15 0.07271582535
16 0.07271582535
17 0.07271582535
18 0.07271582535
19 0.07271582535
20 0.07271582535
21 0.07271582535
22 0.07271582535
23 0.07271582535
24 0.07271582535
25 0.07271582535
26 0.07271582535
27 0.07271582535
28 0.07271582535
29 0.07271582535
30 0.07271582535
31 0.07271582535
32 0.07271582535
33 0.07271582535
34 0.07271582535
35 0.07271582535
36 0.07271582535
37 0.07271582535
38 0.07271582535
39 0.07271582535
40 0.07271582535
41 0.07271582535
42 0.07271582535
43 0.07271582535
44 0.07271582535
45 0.07271582535
46 0.07271582535
47 0.07271582535
48 0.07271582535
49 0.07271582535
50 0.07271582535
51 0.07271582535
52 0.07271582535
53 0.07271582535
54 0.07271582535
55 0.07271582535
56 0.07271582535
57 0.07271582535
58 0.07271582535
59 0.07271582535
60 0.07271582535
61 0.07271582535
62 0.07271582535
63 0.07271582535
64 0.07271582535
65 0.07271582535
66 0.07271582535
67 0.07271582535
68 0.07271582535
69 0.07271582535
70 0.07271582535
71 0.07271582535
72 0.07271582535
73 0.07271582535
74 0.07271582535
75 0.07271582535
76 0.07271582535
77 0.07271582535
78 0.07271582535
79 0.07271582535
80 0.07271582535
81 0.07271582535
82 0.07271582535
83 0.07271582535
84 0.07271582535
85 0.07271582535
86 0.07271582535
87 0.07271582535
88 0.07271582535
89 0.07271582535
90 0.07271582535
91 0.07271582535
92 0.07271582535
93 0.07271582535
94 0.07271582535
95 0.07271582535
96 0.07271582535
97 0.07271582535
98 0.07271582535
99 0.07271582535
100 0.07271582535
101 0.07271582535
102 0.07271582535
103 0.07271582535
104 0.07271582535
105 0.07271582535
106 0.07271582535
107 0.07271582535
108 0.07271582535
109 0.07271582535
110 0.07271582535
111 0.07271582535
112 0.07271582535
113 0.07271582535
114 0.07271582535
115 0.07271582535
116 0.07271582535
117 0.07271582535
118 0.07271582535
119 0.07271582535
120 0.07271582535
121 0.07271582535
122 0.07271582535
123 0.07271582535
124 0.07271582535
125 0.07271582535
126 0.07271582535
127 0.07271582535
128 0.07271582535
129 0.07271582535
130 0.07271582535
131 0.07271582535
132 0.07271582535
133 0.07271582535
134 0.07271582535
135 0.07271582535
136 0.07271582535
137 0.07271582535
138 0.07271582535
139 0.07271582535
140 0.07271582535
141 0.07271582535
142 0.07271582535
143 0.07271582535
144 0.07271582535
145 0.07271582535
146 0.07271582535
147 0.07271582535
148 0.07271582535
149 0.07271582535
150 0.07271582535
151 0.07271582535
152 0.07271582535
153 0.07271582535
154 0.07271582535
155 0.07271582535
156 0.07271582535
157 0.07271582535
158 0.07271582535
159 0.07271582535
160 0.07271582535
161 0.07271582535
162 0.07271582535
163 0.07271582535
164 0.07271582535
165 0.07271582535
166 0.07271582535
167 0.07271582535
168 0.07271582535
169 0.07271582535
170 0.07271582535
171 0.07271582535
172 0.07271582535
173 0.07271582535
174 0.07271582535
175 0.07271582535
176 0.07271582535
177 0.07271582535
178 0.07271582535
179 0.07271582535
180 0.07271582535
181 0.07271582535
182 0.07271582535
183 0.07271582535
184 0.07271582535
185 0.07271582535
186 0.07271582535
187 0.07271582535
188 0.07271582535
189 0.07271582535
190 0.07271582535
191 0.07271582535
192 0.07271582535
193 0.07271582535
194 0.07271582535
195 0.07271582535
196 0.07271582535
197 0.07271582535
198 0.07271582535
199 0.07271582535
200 0.07271582535
201 0.07271582535
202 0.07271582535
203 0.07271582535
204 0.07271582535
205 0.07271582535
206 0.07271582535
207 0.07271582535
208 0.07271582535
209 0.07271582535
210 0.07271582535
211 0.07271582535
212 0.07271582535
213 0.07271582535
214 0.07271582535
215 0.07271582535
216 0.07271582535
217 0.07271582535
218 0.07271582535
219 0.07271582535
220 0.07271582535
221 0.07271582535
222 0.07271582535
223 0.07271582535
224 0.07271582535
225 0.07271582535
226 0.07271582535
227 0.07271582535
228 0.07271582535
229 0.07271582535
230 0.07271582535
231 0.07271582535
232 0.07271582535
233 0.07271582535
234 0.07271582535
235 0.07271582535
236 0.07271582535
237 0.07271582535
238 0.07271582535
239 0.07271582535
240 0.07271582535
241 0.07271582535
242 0.07271582535
243 0.07271582535
244 0.07271582535
245 0.07271582535
246 0.07271582535
247 0.07271582535
248 0.07271582535
249 0.07271582535
250 0.07271582535
251 0.07271582535
252 0.07271582535
253 0.07271582535
254 0.07271582535
255 0.07271582535
256 0.07271582535
257 0.07271582535
258 0.07271582535
259 0.07271582535
260 0.07271582535
261 0.07271582535
262 0.07271582535
263 0.07271582535
264 0.07271582535
265 0.07271582535
266 0.07271582535
267 0.07271582535
268 0.07271582535
269 0.07271582535
270 0.07271582535
271 0.07271582535
272 0.07271582535
273 0.07271582535
274 0.07271582535
275 0.07271582535
276 0.07271582535
277 0.07271582535
278 0.07271582535
279 0.07271582535
280 0.07271582535
281 0.07271582535
282 0.07271582535
283 0.07271582535
284 0.07271582535
285 0.07271582535
286 0.07271582535
287 0.07271582535
288 0.07271582535
289 0.07271582535
290 0.07271582535
291 0.07271582535
292 0.07271582535
293 0.07271582535
294 0.07271582535
295 0.07271582535
296 0.07271582535
297 0.07271582535
298 0.07271582535
299 0.07271582535
300 0.07271582535
301 0.07271582535
302 0.07271582535
303 0.07271582535
304 0.07271582535
305 0.07271582535
306 0.07271582535
307 0.07271582535
308 0.07271582535
309 0.07271582535
310 0.07271582535
311 0.07271582535
312 0.07271582535
313 0.07271582535
314 0.07271582535
315 0.07271582535
316 0.07271582535
317 0.07271582535
318 0.07271582535
319 0.07271582535
320 0.07271582535
321 0.07271582535
322 0.07271582535
323 0.07271582535
324 0.07271582535
325 0.07271582535
326 0.07271582535
327 0.07271582535
328 0.07271582535
329 0.07271582535
330 0.07271582535
331 0.07271582535
332 0.07271582535
333 0.07271582535
334 0.07271582535
335 0.07271582535
336 0.07271582535
337 0.07271582535
338 0.07271582535
339 0.07271582535
340 0.07271582535
341 0.07271582535
342 0.07271582535
343 0.07271582535
344 0.07271582535
345 0.07271582535
346 0.07271582535
347 0.07271582535
348 0.07271582535
349 0.07271582535
350 0.07271582535
351 0.07271582535
352 0.07271582535
353 0.07271582535
354 0.07271582535
355 0.07271582535
356 0.07271582535
357 0.07271582535
358 0.07271582535
359 0.07271582535
360 0.07271582535
361 0.07271582535
362 0.07271582535
363 0.07271582535
364 0.07271582535
365 0.07271582535
366 0.07271582535
367 0.07271582535
368 0.07271582535
369 0.07271582535
370 0.07271582535
371 0.07271582535
372 0.07271582535
373 0.07271582535
374 0.07271582535
375 0.07271582535
376 0.07271582535
377 0.07271582535
378 0.07271582535
379 0.07271582535
380 0.07271582535
381 0.07271582535
382 0.07271582535
383 0.07271582536
384 0.07271582536
385 0.07271582536
386 0.07271582536
387 0.07271582536
388 0.07271582537
389 0.07271582537
390 0.07271582538
391 0.07271582539
392 0.0727158254
393 0.07271582541
394 0.07271582543
395 0.07271582545
396 0.07271582548
397 0.07271582551
398 0.07271582556
399 0.07271582561
400 0.07271582568
401 0.07271582576
402 0.07271582587
403 0.072715826
404 0.07271582616
405 0.07271582637
406 0.07271582662
407 0.07271582694
408 0.07271582734
409 0.07271582783
410 0.07271582844
411 0.07271582919
412 0.07271583012
413 0.07271583128
414 0.07271583271
415 0.07271583447
416 0.07271583664
417 0.07271583932
418 0.07271584261
419 0.07271584666
420 0.07271585162
421 0.07271585771
422 0.07271586518
423 0.07271587431
424 0.07271588548
425 0.07271589912
426 0.07271591576
427 0.07271593604
428 0.07271596074
429 0.07271599077
430 0.07271602726
431 0.07271607154
432 0.07271612523
433 0.07271619026
434 0.07271626893
435 0.07271636402
436 0.07271647881
437 0.07271661727
438 0.07271678407
439 0.07271698483
440 0.07271722619
441 0.07271751606
442 0.07271786383
443 0.07271828062
444 0.07271877961
445 0.07271937637
446 0.07272008932
447 0.07272094018
448 0.07272195456
449 0.0727231626
450 0.07272459977
451 0.07272630771
452 0.0727283353
453 0.07273073984
454 0.07273358838
455 0.07273695935
456 0.07274094434
457 0.07274565023
458 0.07275120154
459 0.07275774325
460 0.07276544387
461 0.07277449914
462 0.07278513607
463 0.07279761768
464 0.07281224838
465 0.07282937999
466 0.07284941873
467 0.07287283306
468 0.07290016253
469 0.07293202793
470 0.07296914259
471 0.07301232527
472 0.07306251459
473 0.07312078532
474 0.07318836667
475 0.07326666277
476 0.07335727568
477 0.07346203109
478 0.07358300702
479 0.07372256586
480 0.07388339005
481 0.0740685217
482 0.07428140668
483 0.07452594341
484 0.07480653692
485 0.07512815857
486 0.07549641195
487 0.07591760549
488 0.07639883232
489 0.07694805795
490 0.0775742164
491 0.07828731542
492 0.07909855143
493 0.08002043489
494 0.08106692677
495 0.08225358696
496 0.08359773515
497 0.08511862514
498 0.08683763319
499 0.08877846125
500 0.09096735572
501 0.0934333426
502 0.09620847953
503 0.09932812564
504 0.1028312297
505 0.1067606368
506 0.1111634154
507 0.1160912026
508 0.121600571
509 0.1277534152
510 0.1346173589
511 0.1422661822
512 0.1507802692
513 0.1602470753
514 0.1707616139
515 0.1824269609
516 0.1953547771
517 0.2096658461
518 0.2254906268
519 0.2429698186
520 0.2622549362
521 0.283508893
522 0.3069065888
523 0.3326354995
524 0.3608962643
525 0.3919032674
526 0.425885209
527 0.463085661
528 0.5037636021
529 0.5481939273
530 0.5966679245
531 0.6494937133
532 0.7069966374
533 0.7695196057
534 0.8374233725
535 0.9110867501
536 0.9909067457
537 1.077298614
538 1.170695818
539 1.271549888
540 1.380330168
541 1.497523453
542 1.623633488
543 1.759180339
544 1.904699619
545 2.060741564
546 2.227869949
547 2.406660841
548 2.59770118
549 2.801587185
550 3.018922575
551 3.250316616
552 3.496381967
553 3.757732353
554 4.03498004
555 4.32873313
556 4.639592669
557 4.96814958
558 5.314981423
559 5.68064899
560 6.065692748
561 6.470629137
562 6.895946742
563 7.34210235
564 7.809516912
565 8.298571426
566 8.809602769
567 9.342899491
568 9.898697604
569 10.47717639
570 11.07845425
571 11.70258464
572 12.34955209
573 13.01926839
574 13.71156889
575 14.42620912
576 15.16286145
577 15.92111222
578 16.70045906
579 17.50030854
580 18.31997423
581 19.15867511
582 20.01553448
583 20.88957921
584 21.77973958
585 22.68484954
586 23.60364755
587 24.53477792
588 25.47679274
589 26.42815433
590 27.38723837
591 28.35233746
592 29.32166539
593 30.29336196
594 31.26549829
595 32.23608284
596 33.2030678
597 34.16435615
598 35.11780916
599 36.06125433
600 36.9924938
601 37.90931317
602 38.80949069
603 39.69080669
604 40.55105338
605 41.38804479
606 42.19962694
607 42.98368808
608 43.73816899
609 44.46107331
610 45.15047778
611 45.80454238
612 46.42152027
613 46.99976755
614 47.53775262
615 48.03406535
616 48.48742567
617 48.89669185
618 49.26086818
619 49.57911216
620 49.85074105
621 50.07523782
622 50.25225637
623 50.38162616
624 50.46335597
625 50.49763699
626 50.48484513
627 50.42554255
628 50.32047833
629 50.17058837
630 49.97699458
631 49.74100308
632 49.46410176
633 49.147957
634 48.79440963
635 48.4054701
636 47.983313
637 47.53027078
638 47.04882686
639 46.54160804
640 46.01137632
641 45.46102011
642 44.89354488
643 44.31206328
644 43.71978477
645 43.12000481
646 42.51609357
647 41.91148432
648 41.30966141
649 40.71414797
650 40.12849323
651 39.55625974
652 39.00101019
653 38.46629418
654 37.95563475
655 37.47251482
656 37.02036352
657 36.60254248
658 36.22233207
659 35.88291767
660 35.58737597
661 35.3386614
662 35.13959261
663 34.99283916
664 34.90090846
665 34.86613285
666 34.89065711
667 34.97642627
668 35.12517379
669 35.3384103
670 35.61741278
671 35.96321441
672 36.37659498
673 36.85807211
674 37.40789321
675 38.02602827
676 38.7121637
677 39.46569698
678 40.28573257
679 41.1710788
680 42.12024606
681 43.1314462
682 44.20259329
683 45.33130572
684 46.51490978
685 47.75044462
686 49.03466882
687 50.36406839
688 51.73486638
689 53.14303402
690 54.58430338
691 56.05418162
692 57.54796669
693 59.0607645
694 60.58750753
695 62.12297473
696 63.66181279
697 65.1985584
698 66.7276618
699 68.24351108
700 69.74045744
701 71.21284108
702 72.65501762
703 74.06138491
704 75.42641004
705 76.74465645
706 78.01081077
707 79.21970949
708 80.36636506
709 81.44599126
710 82.45402784
711 83.38616396
712 84.23836055
713 85.00687124
714 85.6882617
715 86.27942742
716 86.77760953
717 87.18040881
718 87.48579757
719 87.69212941
720 87.79814676
721 87.80298617
722 87.70618127
723 87.50766335
724 87.20775973
725 86.80718963
726 86.30705792
727 85.70884655
728 85.01440382
729 84.22593164
730 83.34597076
731 82.37738421
732 81.32333902
733 80.18728634
734 78.97294022
735 77.68425514
736 76.3254025
737 74.90074616
738 73.41481746
739 71.87228954
740 70.27795154
741 68.63668259
742 66.95342589
743 65.23316302
744 63.48088873
745 61.70158631
746 59.90020367
747 58.08163037
748 56.25067567
749 54.41204778
750 52.57033428
751 50.72998405
752 48.89529053
753 47.07037659
754 45.25918091
755 43.46544603
756 41.69270794
757 39.94428743
758 38.22328301
759 36.53256543
760 34.87477387
761 33.25231358
762 31.66735511
763 30.12183488
764 28.61745719
765 27.15569745
766 25.73780663
767 24.36481678
768 23.03754763
769 21.75661403
770 20.52243416
771 19.33523859
772 18.19507973
773 17.10184198
774 16.05525212
775 15.05489013
776 14.10020009
777 13.1905013
778 12.32499937
779 11.50279729
780 10.72290637
781 9.984256979
782 9.285709053
783 8.626062258
784 8.004065826
785 7.418427967
786 6.867824853
787 6.350909123
788 5.866317899
789 5.412680278
790 4.988624311
791 4.592783432
792 4.223802362
793 3.880342467
794 3.561086588
795 3.264743355
796 2.990050986
797 2.735780604
798 2.50073907
799 2.283771372
800 2.083762585
801 1.899639424
802 1.730371418
803 1.574971732
804 1.432497663
805 1.302050836
806 1.182777125
807 1.073866329
808 0.9745516328
809 0.8841088605
810 0.801855569
811 0.7271499876
812 0.6593898326
813 0.5980110182
814 0.5424862805
815 0.4923237351
816 0.4470653846
817 0.4062855904
818 0.369589525
819 0.3366116159
820 0.3070139937
821 0.2804849529
822 0.2567374374
823 0.235507555
824 0.2165531299
825 0.199652298
826 0.1846021498
827 0.1712174242
828 0.1593292567
829 0.1487839833
830 0.1394420028
831 0.1311766966
832 0.1238734077
833 0.1174284775
834 0.1117483409
835 0.1067486772
836 0.1023536166
837 0.09849500049
838 0.09511169289
839 0.09214894184
840 0.08955778833
841 0.08729452046
842 0.08532017055
843 0.08360005295
844 0.08210334008
845 0.08080267443
846 0.07967381431
847 0.07869531094
848 0.07784821478
849 0.07711580908
850 0.07648336845
851 0.07593794066
852 0.07546814974
853 0.07506401867
854 0.07471681005
855 0.07441888311
856 0.0741635657
857 0.07394503984
858 0.07375823963
859 0.07359876033
860 0.07346277751
861 0.07334697528
862 0.07324848277
863 0.07316481788
864 0.07309383765
865 0.07303369455
866 0.07298279793
867 0.07293978024
868 0.07290346738
869 0.07287285274
870 0.07284707446
871 0.07282539569
872 0.0728071873
873 0.07279191287
874 0.07277911565
875 0.07276840728
876 0.07275945801
877 0.07275198818
878 0.07274576102
879 0.07274057626
880 0.07273626479
881 0.07273268399
882 0.07272971374
883 0.07272725299
884 0.0727252169
885 0.07272353427
886 0.07272214547
887 0.07272100062
888 0.07272005804
889 0.07271928296
890 0.0727186464
891 0.07271812425
892 0.07271769649
893 0.07271734649
894 0.07271706046
895 0.07271682701
896 0.0727166367
897 0.07271648176
898 0.07271635576
899 0.07271625343
900 0.07271617043
901 0.07271610319
902 0.07271604877
903 0.0727160048
904 0.07271596931
905 0.0727159407
906 0.07271591766
907 0.07271589914
908 0.07271588426
909 0.07271587232
910 0.07271586276
911 0.07271585511
912 0.07271584899
913 0.07271584411
914 0.07271584022
915 0.07271583712
916 0.07271583466
917 0.0727158327
918 0.07271583115
919 0.07271582992
920 0.07271582894
921 0.07271582817
922 0.07271582757
923 0.07271582709
924 0.07271582671
925 0.07271582641
926 0.07271582618
927 0.072715826
928 0.07271582586
929 0.07271582574
930 0.07271582566
931 0.07271582559
932 0.07271582553
933 0.07271582549
934 0.07271582546
935 0.07271582543
936 0.07271582542
937 0.0727158254
938 0.07271582539
939 0.07271582538
940 0.07271582537
941 0.07271582537
942 0.07271582536
943 0.07271582536
944 0.07271582536
945 0.07271582536
946 0.07271582535
947 0.07271582535
948 0.07271582535
949 0.07271582535
950 0.07271582535
951 0.07271582535
952 0.07271582535
953 0.07271582535
954 0.07271582535
955 0.07271582535
956 0.07271582535
957 0.07271582535
958 0.07271582535
959 0.07271582535
960 0.07271582535
961 0.07271582535
962 0.07271582535
963 0.07271582535
964 0.07271582535
965 0.07271582535
966 0.07271582535
967 0.07271582535
968 0.07271582535
969 0.07271582535
970 0.07271582535
971 0.07271582535
972 0.07271582535
973 0.07271582535
974 0.07271582535
975 0.07271582535
976 0.07271582535
977 0.07271582535
978 0.07271582535
979 0.07271582535
980 0.07271582535
981 0.07271582535
982 0.07271582535
983 0.07271582535
984 0.07271582535
985 0.07271582535
986 0.07271582535
987 0.07271582535
988 0.07271582535
989 0.07271582535
990 0.07271582535
991 0.07271582535
992 0.07271582535
993 0.07271582535
994 0.07271582535
995 0.07271582535
996 0.07271582535
997 0.07271582535
998 0.07271582535
999 0.07271582535
1000 0.07271582535
1001 0.07271582535
1002 0.07271582535
1003 0.07271582535
1004 0.07271582535
1005 0.07271582535
1006 0.07271582535
1007 0.07271582535
1008 0.07271582535
1009 0.07271582535
1010 0.07271582535
1011 0.07271582535
1012 0.07271582535
1013 0.07271582535
1014 0.07271582535
1015 0.07271582535
1016 0.07271582535
1017 0.07271582535
1018 0.07271582535
1019 0.07271582535
1020 0.07271582535
1021 0.07271582535
1022 0.07271582535
1023 0.07271582535
