#53562 2909.9978347177674005 0.004570340305946751433 1 1421 16.000049430220818044 1024 7 1 J1713+0747 0.0000000 
0 -0.05776120433
1 -0.05776120433
2 -0.05776120433
3 -0.05776120433
4 -0.05776120433
5 -0.05776120433
6 -0.05776120433
7 -0.05776120433
8 -0.05776120433
9 -0.05776120433
10 -0.05776120433
11 -0.05776120433
12 -0.05776120433
13 -0.05776120433
14 -0.05776120433
15 -0.05776120433
16 -0.05776120433
17 -0.05776120433
18 -0.05776120433
19 -0.05776120433
20 -0.05776120433
21 -0.05776120433
22 -0.05776120433
23 -0.05776120433
24 -0.05776120433
25 -0.05776120433
26 -0.05776120433
27 -0.05776120433
28 -0.05776120433
29 -0.05776120433
30 -0.05776120433
31 -0.05776120433
32 -0.05776120433
33 -0.05776120433
34 -0.05776120433
35 -0.05776120433
36 -0.05776120433
37 -0.05776120433
38 -0.05776120433
39 -0.05776120433
40 -0.05776120433
41 -0.05776120433
42 -0.05776120433
43 -0.05776120433
44 -0.05776120433
45 -0.05776120433
46 -0.05776120433
47 -0.05776120433
48 -0.05776120433
49 -0.05776120433
50 -0.05776120433
51 -0.05776120433
52 -0.05776120433
53 -0.05776120433
54 -0.05776120433
55 -0.05776120433
56 -0.05776120433
57 -0.05776120433
58 -0.05776120433
59 -0.05776120433
60 -0.05776120433
61 -0.05776120433
62 -0.05776120433
63 -0.05776120433
64 -0.05776120433
65 -0.05776120433
66 -0.05776120433
67 -0.05776120433
68 -0.05776120433
69 -0.05776120433
70 -0.05776120433
71 -0.05776120433
72 -0.05776120433
73 -0.05776120433
74 -0.05776120433
75 -0.05776120433
76 -0.05776120433
77 -0.05776120433
78 -0.05776120433
79 -0.05776120433
80 -0.05776120433
81 -0.05776120433
82 -0.05776120433
83 -0.05776120433
84 -0.05776120433
85 -0.05776120433
86 -0.05776120433
87 -0.05776120433
88 -0.05776120433
89 -0.05776120433
90 -0.05776120433
91 -0.05776120433
92 -0.05776120433
93 -0.05776120433
94 -0.05776120433
95 -0.05776120433
96 -0.05776120433
97 -0.05776120433
98 -0.05776120433
99 -0.05776120433
100 -0.05776120433
101 -0.05776120433
102 -0.05776120433
103 -0.05776120433
104 -0.05776120433
105 -0.05776120433
106 -0.05776120433
107 -0.05776120433
108 -0.05776120433
109 -0.05776120433
110 -0.05776120433
111 -0.05776120433
112 -0.05776120433
113 -0.05776120433
114 -0.05776120433
115 -0.05776120433
116 -0.05776120433
117 -0.05776120433
118 -0.05776120433
119 -0.05776120433
120 -0.05776120433
121 -0.05776120433
122 -0.05776120433
123 -0.05776120433
124 -0.05776120433
125 -0.05776120433
126 -0.05776120433
127 -0.05776120433
128 -0.05776120433
129 -0.05776120433
130 -0.05776120433
131 -0.05776120433
132 -0.05776120433
133 -0.05776120433
134 -0.05776120433
135 -0.05776120433
136 -0.05776120433
137 -0.05776120433
138 -0.05776120433
139 -0.05776120433
140 -0.05776120432
141 -0.05776120432
142 -0.05776120432
143 -0.05776120431
144 -0.05776120431
145 -0.0577612043
146 -0.05776120429
147 -0.05776120428
148 -0.05776120426
149 -0.05776120424
150 -0.05776120422
151 -0.05776120419
152 -0.05776120415
153 -0.05776120411
154 -0.05776120405
155 -0.05776120398
156 -0.05776120388
157 -0.05776120377
158 -0.05776120363
159 -0.05776120345
160 -0.05776120322
161 -0.05776120295
162 -0.0577612026
163 -0.05776120217
164 -0.05776120164
165 -0.05776120099
166 -0.05776120017
167 -0.05776119916
168 -0.05776119792
169 -0.05776119638
170 -0.05776119449
171 -0.05776119216
172 -0.05776118929
173 -0.05776118576
174 -0.05776118143
175 -0.05776117612
176 -0.05776116961
177 -0.05776116164
178 -0.05776115191
179 -0.05776114002
180 -0.05776112551
181 -0.05776110782
182 -0.05776108629
183 -0.05776106011
184 -0.0577610283
185 -0.05776098969
186 -0.05776094287
187 -0.05776088618
188 -0.05776081758
189 -0.05776073468
190 -0.05776063459
191 -0.05776051388
192 -0.05776036844
193 -0.05776019341
194 -0.05775998297
195 -0.05775973023
196 -0.05775942702
197 -0.05775906362
198 -0.05775862856
199 -0.05775810825
200 -0.05775748663
201 -0.05775674477
202 -0.05775586035
203 -0.05775480706
204 -0.05775355401
205 -0.05775206486
206 -0.05775029701
207 -0.0577482005
208 -0.05774571687
209 -0.05774277773
210 -0.05773930322
211 -0.05773520016
212 -0.05773035996
213 -0.05772465624
214 -0.05771794204
215 -0.05771004673
216 -0.05770077235
217 -0.05768988957
218 -0.05767713298
219 -0.05766219582
220 -0.05764472389
221 -0.05762430876
222 -0.05760047994
223 -0.05757269619
224 -0.05754033552
225 -0.05750268405
226 -0.05745892337
227 -0.05740811635
228 -0.05734919123
229 -0.0572809237
230 -0.05720191689
231 -0.05711057893
232 -0.05700509793
233 -0.05688341405
234 -0.05674318839
235 -0.05658176844
236 -0.05639614964
237 -0.05618293282
238 -0.05593827708
239 -0.05565784772
240 -0.05533675877
241 -0.05496950967
242 -0.05454991566
243 -0.05407103129
244 -0.05352506662
245 -0.05290329549
246 -0.05219595527
247 -0.05139213755
248 -0.05047966915
249 -0.04944498269
250 -0.04827297634
251 -0.0469468618
252 -0.04544800009
253 -0.0437557243
254 -0.04184714887
255 -0.03969696458
256 -0.03727721867
257 -0.03455707963
258 -0.03150258597
259 -0.02807637851
260 -0.02423741586
261 -0.01994067251
262 -0.01513681949
263 -0.009771887194
264 -0.003786910477
265 0.00288244408
266 0.01030626844
267 0.01856082064
268 0.02772894895
269 0.03790053217
270 0.04917293482
271 0.06165147642
272 0.07544991323
273 0.0906909309
274 0.1075066461
275 0.126039115
276 0.1464408457
277 0.1688753126
278 0.1935174685
279 0.2205542518
280 0.2501850843
281 0.282622356
282 0.3180918918
283 0.3568333954
284 0.3991008656
285 0.4451629783
286 0.4953034291
287 0.549821231
288 0.6090309581
289 0.6732629317
290 0.7428633395
291 0.8181942818
292 0.8996337365
293 0.9875754367
294 1.082428652
295 1.184617867
296 1.294582349
297 1.412775599
298 1.539664676
299 1.67572939
300 1.821461359
301 1.977362923
302 2.143945901
303 2.321730207
304 2.511242298
305 2.713013467
306 2.92757797
307 3.155470992
308 3.397226451
309 3.653374632
310 3.924439672
311 4.210936883
312 4.513369926
313 4.832227842
314 5.167981951
315 5.521082626
316 5.891955949
317 6.281000278
318 6.688582726
319 7.115035566
320 7.5606526
321 8.025685492
322 8.510340095
323 9.014772793
324 9.539086887
325 10.08332904
326 10.64748582
327 11.23148036
328 11.83516915
329 12.45833906
330 13.10070445
331 13.76190469
332 14.44150174
333 15.13897819
334 15.85373552
335 16.58509276
336 17.33228545
337 18.09446508
338 18.87069889
339 19.65997013
340 20.46117878
341 21.2731427
342 22.09459934
343 22.92420789
344 23.76055193
345 24.60214264
346 25.44742246
347 26.29476927
348 27.1425011
349 27.98888131
350 28.83212419
351 29.67040112
352 30.50184709
353 31.32456763
354 32.13664617
355 32.93615171
356 33.72114679
357 34.4896958
358 35.23987348
359 35.96977356
360 36.6775177
361 37.36126433
362 38.01921772
363 38.64963694
364 39.25084477
365 39.8212366
366 40.35928906
367 40.86356853
368 41.33273933
369 41.76557167
370 42.1609492
371 42.51787618
372 42.8354842
373 43.11303847
374 43.34994348
375 43.54574824
376 43.7001508
377 43.81300231
378 43.88431027
379 43.91424128
380 43.90312299
381 43.85144548
382 43.75986181
383 43.62918798
384 43.46040218
385 43.25464323
386 43.0132085
387 42.73755096
388 42.42927574
389 42.09013589
390 41.72202758
391 41.32698465
392 40.90717261
393 40.46488199
394 40.00252125
395 39.52260905
396 39.02776617
397 38.52070686
398 38.00422978
399 37.48120861
400 36.95458218
401 36.42734437
402 35.90253359
403 35.38322208
404 34.87250487
405 34.37348859
406 33.88928003
407 33.42297456
408 32.97764439
409 32.55632677
410 32.16201205
411 31.79763173
412 31.46604645
413 31.17003404
414 30.91227755
415 30.69535344
416 30.52171976
417 30.39370457
418 30.31349452
419 30.28312365
420 30.30446241
421 30.37920707
422 30.50886944
423 30.69476701
424 30.93801354
425 31.23951017
426 31.59993712
427 32.01974596
428 32.49915266
429 33.03813128
430 33.63640856
431 34.29345935
432 35.00850291
433 35.78050031
434 36.60815279
435 37.48990129
436 38.42392703
437 39.40815342
438 40.44024911
439 41.5176324
440 42.63747687
441 43.79671845
442 44.99206371
443 46.21999964
444 47.47680468
445 48.75856109
446 50.06116871
447 51.38035989
448 52.71171572
449 54.05068344
450 55.39259486
451 56.73268592
452 58.0661171
453 59.38799471
454 60.69339285
455 61.97737599
456 63.23502204
457 64.46144573
458 65.65182215
459 66.80141033
460 67.90557679
461 68.95981866
462 69.95978649
463 70.90130641
464 71.78040154
465 72.5933125
466 73.33651691
467 74.00674755
468 74.60100936
469 75.11659483
470 75.55109789
471 75.90242605
472 76.16881082
473 76.34881618
474 76.4413452
475 76.4456446
476 76.36130738
477 76.18827334
478 75.92682757
479 75.57759697
480 75.14154471
481 74.61996281
482 74.01446275
483 73.32696439
484 72.5596831
485 71.71511527
486 70.79602239
487 69.80541378
488 68.746528
489 67.62281329
490 66.43790706
491 65.1956146
492 63.89988724
493 62.5548
494 61.16452907
495 59.73332914
496 58.26551077
497 56.76541804
498 55.23740651
499 53.68582177
500 52.11497859
501 50.52914085
502 48.93250246
503 47.32916917
504 45.72314162
505 44.11829945
506 42.51838681
507 40.92699911
508 39.34757113
509 37.78336663
510 36.23746927
511 34.71277504
512 33.21198611
513 31.73760605
514 30.29193646
515 28.877075
516 27.49491462
517 26.14714412
518 24.83524988
519 23.56051868
520 22.32404156
521 21.12671869
522 19.96926506
523 18.85221698
524 17.77593928
525 16.74063315
526 15.74634444
527 14.79297246
528 13.88027909
529 13.00789816
530 12.175345
531 11.3820261
532 10.62724882
533 9.910231025
534 9.230110604
535 8.585954874
536 7.976769712
537 7.401508437
538 6.859080377
539 6.348359083
540 5.86819016
541 5.417398684
542 4.994796193
543 4.599187226
544 4.2293754
545 3.884169023
546 3.562386241
547 3.262859709
548 2.98444081
549 2.726003408
550 2.486447169
551 2.264700448
552 2.059722764
553 1.870506883
554 1.696080525
555 1.535507721
556 1.387889836
557 1.252366288
558 1.128114976
559 1.014352457
560 0.9103338717
561 0.8153526698
562 0.7287401303
563 0.6498647184
564 0.5781312913
565 0.5129801747
566 0.4538861294
567 0.4003572264
568 0.3519336481
569 0.3081864298
570 0.2687161584
571 0.2331516398
572 0.2011485494
573 0.1723880752
574 0.1465755637
575 0.1234391792
576 0.1027285814
577 0.08421363097
578 0.06768312724
579 0.05294358288
580 0.03981804049
581 0.02814493369
582 0.01777699524
583 0.008580214351
584 0.000432844045
585 -0.006775540515
586 -0.01314493262
587 -0.01876573376
588 -0.02371954309
589 -0.02807989764
590 -0.0319129643
591 -0.03527818518
592 -0.03822887792
593 -0.04081279256
594 -0.0430726271
595 -0.0450465035
596 -0.04676840624
597 -0.0482685854
598 -0.0495739264
599 -0.05070828835
600 -0.05169281303
601 -0.05254620647
602 -0.05328499506
603 -0.05392375794
604 -0.05447533757
605 -0.05495102996
606 -0.05536075647
607 -0.05571321836
608 -0.05601603582
609 -0.05627587264
610 -0.05649854783
611 -0.05668913548
612 -0.05685205373
613 -0.05699114414
614 -0.05710974216
615 -0.05721073969
616 -0.05729664056
617 -0.05736960951
618 -0.0574315155
619 -0.05748396987
620 -0.05752835988
621 -0.05756587824
622 -0.05759754895
623 -0.05762424991
624 -0.0576467328
625 -0.05766564027
626 -0.05768152101
627 -0.05769484287
628 -0.0577060042
629 -0.0577153437
630 -0.057723149
631 -0.05772966396
632 -0.05773509512
633 -0.05773961713
634 -0.05774337748
635 -0.05774650056
636 -0.05774909114
637 -0.05775123735
638 -0.05775301318
639 -0.05775448073
640 -0.05775569202
641 -0.05775669053
642 -0.05775751263
643 -0.05775818865
644 -0.05775874385
645 -0.05775919925
646 -0.05775957234
647 -0.05775987761
648 -0.05776012708
649 -0.05776033069
650 -0.05776049668
651 -0.05776063182
652 -0.05776074171
653 -0.05776083096
654 -0.05776090335
655 -0.05776096201
656 -0.05776100946
657 -0.05776104782
658 -0.05776107877
659 -0.05776110373
660 -0.05776112382
661 -0.05776113998
662 -0.05776115295
663 -0.05776116336
664 -0.0577611717
665 -0.05776117838
666 -0.05776118371
667 -0.05776118797
668 -0.05776119136
669 -0.05776119407
670 -0.05776119621
671 -0.05776119792
672 -0.05776119928
673 -0.05776120035
674 -0.0577612012
675 -0.05776120187
676 -0.0577612024
677 -0.05776120282
678 -0.05776120315
679 -0.05776120341
680 -0.05776120361
681 -0.05776120377
682 -0.05776120389
683 -0.05776120399
684 -0.05776120407
685 -0.05776120413
686 -0.05776120417
687 -0.05776120421
688 -0.05776120424
689 -0.05776120426
690 -0.05776120428
691 -0.05776120429
692 -0.0577612043
693 -0.05776120431
694 -0.05776120431
695 -0.05776120432
696 -0.05776120432
697 -0.05776120432
698 -0.05776120433
699 -0.05776120433
700 -0.05776120433
701 -0.05776120433
702 -0.05776120433
703 -0.05776120433
704 -0.05776120433
705 -0.05776120433
706 -0.05776120433
707 -0.05776120433
708 -0.05776120433
709 -0.05776120433
710 -0.05776120433
711 -0.05776120433
712 -0.05776120433
713 -0.05776120433
714 -0.05776120433
715 -0.05776120433
716 -0.05776120433
717 -0.05776120433
718 -0.05776120433
719 -0.05776120433
720 -0.05776120433
721 -0.05776120433
722 -0.05776120433
723 -0.05776120433
724 -0.05776120433
725 -0.05776120433
726 -0.05776120433
727 -0.05776120433
728 -0.05776120433
729 -0.05776120433
730 -0.05776120433
731 -0.05776120433
732 -0.05776120433
733 -0.05776120433
734 -0.05776120433
735 -0.05776120433
736 -0.05776120433
737 -0.05776120433
738 -0.05776120433
739 -0.05776120433
740 -0.05776120433
741 -0.05776120433
742 -0.05776120433
743 -0.05776120433
744 -0.05776120433
745 -0.05776120433
746 -0.05776120433
747 -0.05776120433
748 -0.05776120433
749 -0.05776120433
750 -0.05776120433
751 -0.05776120433
752 -0.05776120433
753 -0.05776120433
754 -0.05776120433
755 -0.05776120433
756 -0.05776120433
757 -0.05776120433
758 -0.05776120433
759 -0.05776120433
760 -0.05776120433
761 -0.05776120433
762 -0.05776120433
763 -0.05776120433
764 -0.05776120433
765 -0.05776120433
766 -0.05776120433
767 -0.05776120433
768 -0.05776120433
769 -0.05776120433
770 -0.05776120433
771 -0.05776120433
772 -0.05776120433
773 -0.05776120433
774 -0.05776120433
775 -0.05776120433
776 -0.05776120433
777 -0.05776120433
778 -0.05776120433
779 -0.05776120433
780 -0.05776120433
781 -0.05776120433
782 -0.05776120433
783 -0.05776120433
784 -0.05776120433
785 -0.05776120433
786 -0.05776120433
787 -0.05776120433
788 -0.05776120433
789 -0.05776120433
790 -0.05776120433
791 -0.05776120433
792 -0.05776120433
793 -0.05776120433
794 -0.05776120433
795 -0.05776120433
796 -0.05776120433
797 -0.05776120433
798 -0.05776120433
799 -0.05776120433
800 -0.05776120433
801 -0.05776120433
802 -0.05776120433
803 -0.05776120433
804 -0.05776120433
805 -0.05776120433
806 -0.05776120433
807 -0.05776120433
808 -0.05776120433
809 -0.05776120433
810 -0.05776120433
811 -0.05776120433
812 -0.05776120433
813 -0.05776120433
814 -0.05776120433
815 -0.05776120433
816 -0.05776120433
817 -0.05776120433
818 -0.05776120433
819 -0.05776120433
820 -0.05776120433
821 -0.05776120433
822 -0.05776120433
823 -0.05776120433
824 -0.05776120433
825 -0.05776120433
826 -0.05776120433
827 -0.05776120433
828 -0.05776120433
829 -0.05776120433
830 -0.05776120433
831 -0.05776120433
832 -0.05776120433
833 -0.05776120433
834 -0.05776120433
835 -0.05776120433
836 -0.05776120433
837 -0.05776120433
838 -0.05776120433
839 -0.05776120433
840 -0.05776120433
841 -0.05776120433
842 -0.05776120433
843 -0.05776120433
844 -0.05776120433
845 -0.05776120433
846 -0.05776120433
847 -0.05776120433
848 -0.05776120433
849 -0.05776120433
850 -0.05776120433
851 -0.05776120433
852 -0.05776120433
853 -0.05776120433
854 -0.05776120433
855 -0.05776120433
856 -0.05776120433
857 -0.05776120433
858 -0.05776120433
859 -0.05776120433
860 -0.05776120433
861 -0.05776120433
862 -0.05776120433
863 -0.05776120433
864 -0.05776120433
865 -0.05776120433
866 -0.05776120433
867 -0.05776120433
868 -0.05776120433
869 -0.05776120433
870 -0.05776120433
871 -0.05776120433
872 -0.05776120433
873 -0.05776120433
874 -0.05776120433
875 -0.05776120433
876 -0.05776120433
877 -0.05776120433
878 -0.05776120433
879 -0.05776120433
880 -0.05776120433
881 -0.05776120433
882 -0.05776120433
883 -0.05776120433
884 -0.05776120433
885 -0.05776120433
886 -0.05776120433
887 -0.05776120433
888 -0.05776120433
889 -0.05776120433
890 -0.05776120433
891 -0.05776120433
892 -0.05776120433
893 -0.05776120433
894 -0.05776120433
895 -0.05776120433
896 -0.05776120433
897 -0.05776120433
898 -0.05776120433
899 -0.05776120433
900 -0.05776120433
901 -0.05776120433
902 -0.05776120433
903 -0.05776120433
904 -0.05776120433
905 -0.05776120433
906 -0.05776120433
907 -0.05776120433
908 -0.05776120433
909 -0.05776120433
910 -0.05776120433
911 -0.05776120433
912 -0.05776120433
913 -0.05776120433
914 -0.05776120433
915 -0.05776120433
916 -0.05776120433
917 -0.05776120433
918 -0.05776120433
919 -0.05776120433
920 -0.05776120433
921 -0.05776120433
922 -0.05776120433
923 -0.05776120433
924 -0.05776120433
925 -0.05776120433
926 -0.05776120433
927 -0.05776120433
928 -0.05776120433
929 -0.05776120433
930 -0.05776120433
931 -0.05776120433
932 -0.05776120433
933 -0.05776120433
934 -0.05776120433
935 -0.05776120433
936 -0.05776120433
937 -0.05776120433
938 -0.05776120433
939 -0.05776120433
940 -0.05776120433
941 -0.05776120433
942 -0.05776120433
943 -0.05776120433
944 -0.05776120433
945 -0.05776120433
946 -0.05776120433
947 -0.05776120433
948 -0.05776120433
949 -0.05776120433
950 -0.05776120433
951 -0.05776120433
952 -0.05776120433
953 -0.05776120433
954 -0.05776120433
955 -0.05776120433
956 -0.05776120433
957 -0.05776120433
958 -0.05776120433
959 -0.05776120433
960 -0.05776120433
961 -0.05776120433
962 -0.05776120433
963 -0.05776120433
964 -0.05776120433
965 -0.05776120433
966 -0.05776120433
967 -0.05776120433
968 -0.05776120433
969 -0.05776120433
970 -0.05776120433
971 -0.05776120433
972 -0.05776120433
973 -0.05776120433
974 -0.05776120433
975 -0.05776120433
976 -0.05776120433
977 -0.05776120433
978 -0.05776120433
979 -0.05776120433
980 -0.05776120433
981 -0.05776120433
982 -0.05776120433
983 -0.05776120433
984 -0.05776120433
985 -0.05776120433
986 -0.05776120433
987 -0.05776120433
988 -0.05776120433
989 -0.05776120433
990 -0.05776120433
991 -0.05776120433
992 -0.05776120433
993 -0.05776120433
994 -0.05776120433
995 -0.05776120433
996 -0.05776120433
997 -0.05776120433
998 -0.05776120433
999 -0.05776120433
1000 -0.05776120433
1001 -0.05776120433
1002 -0.05776120433
1003 -0.05776120433
1004 -0.05776120433
1005 -0.05776120433
1006 -0.05776120433
1007 -0.05776120433
1008 -0.05776120433
1009 -0.05776120433
1010 -0.05776120433
1011 -0.05776120433
1012 -0.05776120433
1013 -0.05776120433
1014 -0.05776120433
1015 -0.05776120433
1016 -0.05776120433
1017 -0.05776120433
1018 -0.05776120433
1019 -0.05776120433
1020 -0.05776120433
1021 -0.05776120433
1022 -0.05776120433
1023 -0.05776120433
