#54745 2909.9976849678684794 0.0045704775817950807348 1 1445 16.000049430220818044 1024 7 1 J1713+0747 0.0000000 
0 0.009521552974
1 0.009517841212
2 0.009514758514
3 0.009512201457
4 0.009510083053
5 0.009508330238
6 0.009506881723
7 0.009505686169
8 0.009504700627
9 0.009503889216
10 0.009503221999
11 0.009502674034
12 0.009502224565
13 0.009501856345
14 0.009501555062
15 0.009501308852
16 0.009501107899
17 0.009500944087
18 0.009500810717
19 0.009500702266
20 0.009500614187
21 0.009500542743
22 0.009500484863
23 0.00950043803
24 0.009500400182
25 0.009500369634
26 0.009500345008
27 0.00950032518
28 0.009500309236
29 0.00950029643
30 0.009500286158
31 0.009500277928
32 0.009500271342
33 0.009500266079
34 0.009500261878
35 0.009500258529
36 0.009500255862
37 0.009500253742
38 0.009500252057
39 0.009500250721
40 0.009500249662
41 0.009500248824
42 0.009500248162
43 0.009500247639
44 0.009500247227
45 0.009500246903
46 0.009500246647
47 0.009500246447
48 0.00950024629
49 0.009500246166
50 0.00950024607
51 0.009500245994
52 0.009500245936
53 0.00950024589
54 0.009500245854
55 0.009500245826
56 0.009500245804
57 0.009500245788
58 0.009500245775
59 0.009500245765
60 0.009500245757
61 0.009500245751
62 0.009500245746
63 0.009500245743
64 0.00950024574
65 0.009500245738
66 0.009500245736
67 0.009500245735
68 0.009500245734
69 0.009500245733
70 0.009500245733
71 0.009500245732
72 0.009500245732
73 0.009500245732
74 0.009500245732
75 0.009500245731
76 0.009500245731
77 0.009500245731
78 0.009500245731
79 0.009500245731
80 0.009500245731
81 0.009500245731
82 0.009500245731
83 0.009500245731
84 0.009500245731
85 0.009500245731
86 0.009500245731
87 0.009500245731
88 0.009500245731
89 0.009500245731
90 0.009500245731
91 0.009500245731
92 0.009500245731
93 0.009500245731
94 0.009500245731
95 0.009500245731
96 0.009500245731
97 0.009500245731
98 0.009500245731
99 0.009500245731
100 0.009500245731
101 0.009500245731
102 0.009500245731
103 0.009500245731
104 0.009500245731
105 0.009500245731
106 0.009500245731
107 0.009500245731
108 0.009500245731
109 0.009500245731
110 0.009500245731
111 0.009500245731
112 0.009500245731
113 0.009500245731
114 0.009500245731
115 0.009500245731
116 0.009500245731
117 0.009500245731
118 0.009500245731
119 0.009500245731
120 0.009500245731
121 0.009500245731
122 0.009500245731
123 0.009500245731
124 0.009500245731
125 0.009500245731
126 0.009500245731
127 0.009500245731
128 0.009500245731
129 0.009500245731
130 0.009500245731
131 0.009500245731
132 0.009500245731
133 0.009500245731
134 0.009500245731
135 0.009500245731
136 0.009500245731
137 0.009500245731
138 0.009500245731
139 0.009500245731
140 0.009500245731
141 0.009500245731
142 0.009500245731
143 0.009500245731
144 0.009500245731
145 0.009500245731
146 0.009500245731
147 0.009500245731
148 0.009500245731
149 0.009500245731
150 0.009500245731
151 0.009500245731
152 0.009500245731
153 0.009500245731
154 0.009500245731
155 0.009500245731
156 0.009500245731
157 0.009500245731
158 0.009500245731
159 0.009500245731
160 0.009500245731
161 0.009500245731
162 0.009500245731
163 0.009500245731
164 0.009500245731
165 0.009500245731
166 0.009500245731
167 0.009500245731
168 0.009500245731
169 0.009500245731
170 0.009500245731
171 0.009500245731
172 0.009500245731
173 0.009500245731
174 0.009500245731
175 0.009500245731
176 0.009500245731
177 0.009500245731
178 0.009500245731
179 0.009500245731
180 0.009500245731
181 0.009500245731
182 0.009500245731
183 0.009500245731
184 0.009500245731
185 0.009500245731
186 0.009500245731
187 0.009500245731
188 0.009500245731
189 0.009500245731
190 0.009500245731
191 0.009500245731
192 0.009500245731
193 0.009500245731
194 0.009500245731
195 0.009500245731
196 0.009500245731
197 0.009500245731
198 0.009500245731
199 0.009500245731
200 0.009500245731
201 0.009500245731
202 0.009500245731
203 0.009500245731
204 0.009500245731
205 0.009500245731
206 0.009500245731
207 0.009500245731
208 0.009500245731
209 0.009500245731
210 0.009500245731
211 0.009500245731
212 0.009500245731
213 0.009500245731
214 0.009500245731
215 0.009500245731
216 0.009500245731
217 0.009500245731
218 0.009500245731
219 0.009500245731
220 0.009500245731
221 0.009500245731
222 0.009500245731
223 0.009500245731
224 0.009500245731
225 0.009500245731
226 0.009500245731
227 0.009500245731
228 0.009500245731
229 0.009500245731
230 0.009500245731
231 0.009500245731
232 0.009500245731
233 0.009500245731
234 0.009500245731
235 0.009500245731
236 0.009500245731
237 0.009500245731
238 0.009500245731
239 0.009500245731
240 0.009500245731
241 0.009500245731
242 0.009500245731
243 0.009500245731
244 0.009500245731
245 0.009500245731
246 0.009500245731
247 0.009500245731
248 0.009500245731
249 0.009500245731
250 0.009500245731
251 0.009500245731
252 0.009500245731
253 0.009500245731
254 0.009500245731
255 0.009500245731
256 0.009500245731
257 0.009500245731
258 0.009500245731
259 0.009500245731
260 0.009500245731
261 0.009500245731
262 0.009500245731
263 0.009500245731
264 0.009500245731
265 0.009500245731
266 0.009500245731
267 0.009500245731
268 0.009500245731
269 0.009500245731
270 0.009500245731
271 0.009500245731
272 0.009500245731
273 0.009500245731
274 0.009500245731
275 0.009500245731
276 0.009500245731
277 0.009500245731
278 0.009500245731
279 0.009500245731
280 0.009500245731
281 0.009500245731
282 0.009500245731
283 0.009500245731
284 0.009500245731
285 0.009500245731
286 0.009500245731
287 0.009500245731
288 0.009500245731
289 0.009500245731
290 0.009500245731
291 0.009500245731
292 0.009500245731
293 0.009500245731
294 0.009500245731
295 0.009500245731
296 0.009500245731
297 0.009500245731
298 0.009500245731
299 0.009500245731
300 0.009500245731
301 0.009500245731
302 0.009500245731
303 0.009500245731
304 0.009500245731
305 0.009500245731
306 0.009500245731
307 0.009500245731
308 0.009500245731
309 0.009500245731
310 0.009500245731
311 0.009500245731
312 0.009500245731
313 0.009500245731
314 0.009500245731
315 0.009500245731
316 0.009500245731
317 0.009500245731
318 0.009500245731
319 0.009500245731
320 0.009500245731
321 0.009500245731
322 0.009500245731
323 0.009500245731
324 0.009500245731
325 0.009500245731
326 0.009500245731
327 0.009500245731
328 0.009500245731
329 0.009500245731
330 0.009500245731
331 0.009500245731
332 0.009500245731
333 0.009500245731
334 0.009500245731
335 0.009500245731
336 0.009500245731
337 0.009500245731
338 0.009500245731
339 0.009500245731
340 0.009500245731
341 0.009500245731
342 0.009500245731
343 0.009500245731
344 0.009500245731
345 0.009500245731
346 0.009500245731
347 0.009500245731
348 0.009500245731
349 0.009500245731
350 0.009500245731
351 0.009500245731
352 0.009500245731
353 0.009500245731
354 0.009500245731
355 0.009500245731
356 0.009500245731
357 0.009500245731
358 0.009500245731
359 0.009500245731
360 0.009500245731
361 0.009500245731
362 0.009500245731
363 0.009500245731
364 0.009500245731
365 0.009500245731
366 0.009500245731
367 0.009500245731
368 0.009500245731
369 0.009500245731
370 0.009500245731
371 0.009500245731
372 0.009500245731
373 0.009500245731
374 0.009500245731
375 0.009500245731
376 0.009500245731
377 0.009500245731
378 0.009500245731
379 0.009500245731
380 0.009500245731
381 0.009500245731
382 0.009500245731
383 0.009500245731
384 0.009500245731
385 0.009500245731
386 0.009500245731
387 0.009500245731
388 0.009500245731
389 0.009500245731
390 0.009500245731
391 0.009500245731
392 0.009500245731
393 0.009500245731
394 0.009500245731
395 0.009500245731
396 0.009500245731
397 0.009500245731
398 0.009500245731
399 0.009500245731
400 0.009500245731
401 0.009500245731
402 0.009500245731
403 0.009500245731
404 0.009500245731
405 0.009500245731
406 0.009500245731
407 0.009500245731
408 0.009500245731
409 0.009500245731
410 0.009500245731
411 0.009500245731
412 0.009500245731
413 0.009500245731
414 0.009500245731
415 0.009500245731
416 0.009500245731
417 0.009500245731
418 0.009500245731
419 0.009500245731
420 0.009500245731
421 0.009500245731
422 0.009500245731
423 0.009500245731
424 0.009500245731
425 0.009500245731
426 0.009500245731
427 0.009500245731
428 0.009500245731
429 0.009500245731
430 0.009500245731
431 0.009500245731
432 0.009500245731
433 0.009500245731
434 0.009500245731
435 0.009500245731
436 0.009500245731
437 0.009500245731
438 0.009500245731
439 0.009500245731
440 0.009500245731
441 0.009500245731
442 0.009500245731
443 0.009500245731
444 0.009500245731
445 0.009500245731
446 0.009500245731
447 0.009500245731
448 0.009500245731
449 0.009500245731
450 0.009500245731
451 0.009500245731
452 0.009500245731
453 0.009500245731
454 0.009500245731
455 0.009500245731
456 0.009500245731
457 0.009500245731
458 0.009500245731
459 0.009500245731
460 0.009500245731
461 0.009500245731
462 0.009500245731
463 0.009500245731
464 0.009500245731
465 0.009500245731
466 0.009500245731
467 0.009500245731
468 0.009500245731
469 0.009500245731
470 0.009500245731
471 0.009500245731
472 0.009500245731
473 0.009500245731
474 0.009500245731
475 0.009500245731
476 0.009500245731
477 0.009500245731
478 0.009500245731
479 0.009500245731
480 0.009500245731
481 0.009500245731
482 0.009500245731
483 0.009500245731
484 0.009500245731
485 0.009500245731
486 0.009500245731
487 0.009500245731
488 0.009500245731
489 0.009500245731
490 0.009500245731
491 0.009500245731
492 0.009500245731
493 0.009500245731
494 0.009500245731
495 0.009500245731
496 0.009500245731
497 0.009500245731
498 0.009500245731
499 0.009500245731
500 0.009500245731
501 0.009500245731
502 0.009500245731
503 0.009500245731
504 0.009500245731
505 0.009500245731
506 0.009500245731
507 0.009500245731
508 0.009500245731
509 0.009500245731
510 0.009500245731
511 0.009500245731
512 0.009500245731
513 0.009500245731
514 0.009500245731
515 0.009500245731
516 0.009500245731
517 0.009500245731
518 0.009500245731
519 0.009500245732
520 0.009500245732
521 0.009500245732
522 0.009500245732
523 0.009500245732
524 0.009500245733
525 0.009500245733
526 0.009500245734
527 0.009500245735
528 0.009500245736
529 0.009500245737
530 0.009500245739
531 0.009500245741
532 0.009500245744
533 0.009500245748
534 0.009500245752
535 0.009500245758
536 0.009500245765
537 0.009500245775
538 0.009500245786
539 0.009500245801
540 0.00950024582
541 0.009500245843
542 0.009500245872
543 0.009500245909
544 0.009500245956
545 0.009500246014
546 0.009500246086
547 0.009500246177
548 0.009500246291
549 0.009500246433
550 0.00950024661
551 0.009500246831
552 0.009500247105
553 0.009500247447
554 0.009500247871
555 0.009500248396
556 0.009500249048
557 0.009500249855
558 0.009500250853
559 0.009500252086
560 0.009500253607
561 0.009500255483
562 0.009500257793
563 0.009500260636
564 0.009500264129
565 0.009500268418
566 0.009500273678
567 0.009500280122
568 0.009500288009
569 0.009500297652
570 0.009500309429
571 0.009500323797
572 0.009500341309
573 0.00950036263
574 0.00950038856
575 0.009500420063
576 0.009500458298
577 0.009500504654
578 0.009500560796
579 0.009500628721
580 0.009500710812
581 0.009500809923
582 0.009500929456
583 0.009501073466
584 0.009501246784
585 0.009501455156
586 0.009501705408
587 0.009502005642
588 0.009502365461
589 0.009502796236
590 0.009503311418
591 0.009503926898
592 0.009504661426
593 0.009505537106
594 0.009506579964
595 0.009507820606
596 0.009509294987
597 0.009511045295
598 0.009513120977
599 0.009515579919
600 0.009518489811
601 0.009521929717
602 0.009525991877
603 0.009530783781
604 0.009536430542
605 0.009543077625
606 0.009550893952
607 0.009560075464
608 0.009570849176
609 0.009583477796
610 0.009598264987
611 0.009615561338
612 0.00963577114
613 0.009659360069
614 0.009686863873
615 0.009718898186
616 0.009756169609
617 0.009799488188
618 0.009849781454
619 0.009908110203
620 0.009975686193
621 0.01005389197
622 0.01014430305
623 0.01024871271
624 0.01036915958
625 0.01050795846
626 0.01066773454
627 0.01085146136
628 0.01106250297
629 0.01130466056
630 0.01158222394
631 0.01190002847
632 0.01226351765
633 0.01267881204
634 0.01315278489
635 0.01369314509
636 0.01430852794
637 0.01500859429
638 0.0158041387
639 0.01670720721
640 0.01773122531
641 0.01889113674
642 0.02020355389
643 0.02168692024
644 0.02336168566
645 0.02525049515
646 0.02737839163
647 0.0297730334
648 0.03246492685
649 0.03548767497
650 0.03887824215
651 0.04267723561
652 0.04692920402
653 0.05168295337
654 0.05699188046
655 0.06291432393
656 0.06951393288
657 0.07686005288
658 0.08502812898
659 0.09410012526
660 0.1041649601
661 0.1153189566
662 0.1276663063
663 0.1413195456
664 0.1564000434
665 0.1730384962
666 0.1913754318
667 0.2115617151
668 0.2337590572
669 0.2581405215
670 0.2848910247
671 0.3142078296
672 0.3463010236
673 0.38139398
674 0.4197237973
675 0.4615417094
676 0.5071134639
677 0.5567196603
678 0.6106560432
679 0.6692337436
680 0.7327794621
681 0.8016355858
682 0.8761602339
683 0.9567272218
684 1.04372594
685 1.137561136
686 1.238652598
687 1.347434722
688 1.464355973
689 1.589878212
690 1.724475901
691 1.868635166
692 2.022852722
693 2.187634646
694 2.363495006
695 2.550954323
696 2.750537885
697 2.962773894
698 3.188191452
699 3.427318386
700 3.680678917
701 3.94879116
702 4.232164486
703 4.53129672
704 4.846671212
705 5.178753761
706 5.527989431
707 5.894799244
708 6.279576784
709 6.68268471
710 7.104451213
711 7.545166417
712 8.005078755
713 8.484391339
714 8.983258345
715 9.501781437
716 10.04000626
717 10.59791901
718 11.17544314
719 11.77243621
720 12.3886869
721 13.02391222
722 13.67775497
723 14.34978143
724 15.03947941
725 15.7462565
726 16.46943876
727 17.20826972
728 17.9619098
729 18.72943613
730 19.50984282
731 20.30204164
732 21.10486322
733 21.91705867
734 22.73730178
735 23.56419161
736 24.39625565
737 25.23195348
738 26.0696809
739 26.90777458
740 27.74451716
741 28.57814284
742 29.40684347
743 30.22877493
744 31.04206407
745 31.84481595
746 32.63512143
747 33.41106504
748 34.17073324
749 34.91222274
750 35.63364916
751 36.33315576
752 37.00892226
753 37.65917376
754 38.2821896
755 38.87631222
756 39.43995587
757 39.97161522
758 40.46987374
759 40.93341178
760 41.36101445
761 41.75157907
762 42.10412227
763 42.41778661
764 42.69184679
765 42.92571526
766 43.11894739
767 43.27124596
768 43.38246508
769 43.45261352
770 43.48185732
771 43.47052178
772 43.41909276
773 43.32821729
774 43.19870346
775 43.0315197
776 42.82779324
777 42.58880802
778 42.3160018
779 42.01096272
780 41.67542515
781 41.31126487
782 40.92049377
783 40.5052538
784 40.06781051
785 39.61054593
786 39.135951
787 38.64661753
788 38.14522968
789 37.63455497
790 37.11743502
791 36.59677577
792 36.07553747
793 35.55672436
794 35.04337399
795 34.53854636
796 34.04531285
797 33.56674489
798 33.10590252
799 32.6658228
800 32.24950812
801 31.8599144
802 31.49993927
803 31.17241022
804 30.88007276
805 30.62557861
806 30.41147399
807 30.24018797
808 30.11402102
809 30.0351337
810 30.00553559
811 30.02707447
812 30.10142582
813 30.23008269
814 30.4143459
815 30.6553148
816 30.95387848
817 31.31070752
818 31.72624642
819 32.20070667
820 32.73406057
821 33.32603587
822 33.97611123
823 34.68351264
824 35.4472108
825 36.26591951
826 37.13809523
827 38.06193767
828 39.0353917
829 40.05615033
830 41.1216591
831 42.22912171
832 43.37550691
833 44.55755683
834 45.77179658
835 47.01454517
836 48.28192782
837 49.56988946
838 50.87420962
839 52.19051841
840 53.51431375
841 54.84097961
842 56.16580535
843 57.48400592
844 58.79074287
845 60.08114609
846 61.35033617
847 62.59344718
848 63.80564977
849 64.98217446
850 66.11833498
851 67.2095515
852 68.25137353
853 69.23950243
854 70.16981334
855 71.0383763
856 71.84147661
857 72.57563395
858 73.23762048
859 73.82447752
860 74.33353082
861 74.76240424
862 75.10903177
863 75.37166776
864 75.54889535
865 75.63963294
866 75.64313875
867 75.5590133
868 75.38719999
869 75.12798356
870 74.78198666
871 74.35016429
872 73.83379653
873 73.2344792
874 72.55411288
875 71.79489017
876 70.95928142
877 70.05001888
878 69.07007967
879 68.02266741
880 66.91119282
881 65.73925348
882 64.51061276
883 63.22917821
884 61.89897949
885 60.52414609
886 59.1088849
887 57.65745787
888 56.1741599
889 54.66329707
890 53.12916539
891 51.57603025
892 50.00810658
893 48.42953995
894 46.84438864
895 45.25660685
896 43.67002908
897 42.08835571
898 40.51513998
899 38.95377625
900 37.40748971
901 35.87932742
902 34.37215086
903 32.88862983
904 31.43123775
905 30.00224838
906 28.60373379
907 27.23756371
908 25.90540605
909 24.60872858
910 23.34880179
911 22.12670272
912 20.94331971
913 19.79935808
914 18.69534659
915 17.6316445
916 16.60844939
917 15.6258053
918 14.6836115
919 13.78163146
920 12.91950212
921 12.09674336
922 11.31276757
923 10.56688916
924 9.858334177
925 9.186249682
926 8.549713033
927 7.947740924
928 7.379298165
929 6.843306144
930 6.338650947
931 5.864191093
932 5.41876487
933 5.001197237
934 4.610306284
935 4.244909243
936 3.903828027
937 3.585894316
938 3.289954173
939 3.014872207
940 2.759535286
941 2.522855809
942 2.303774563
943 2.101263163
944 1.914326109
945 1.742002472
946 1.58336723
947 1.437532278
948 1.303647136
949 1.180899372
950 1.06851477
951 0.9657572621
952 0.8719286463
953 0.7863681175
954 0.7084516282
955 0.6375911015
956 0.5732335177
957 0.5148598919
958 0.4619841611
959 0.4141519981
960 0.3709395676
961 0.3319522385
962 0.2968232672
963 0.2652124625
964 0.2368048443
965 0.2113093055
966 0.188457286
967 0.1680014659
968 0.1497144859
969 0.1333876998
970 0.1188299629
971 0.1058664632
972 0.09433759529
973 0.08409788137
974 0.07501494091
975 0.06696850968
976 0.0598495092
977 0.05355916672
978 0.04800818542
979 0.04311596435
980 0.03880986706
981 0.03502453782
982 0.03170126404
983 0.02878738315
984 0.02623573236
985 0.02400413937
986 0.02205495204
987 0.02035460519
988 0.01887322232
989 0.0175842504
990 0.01646412558
991 0.01549196798
992 0.01464930354
993 0.013919811
994 0.01328909238
995 0.01274446495
996 0.01227477333
997 0.01187021981
998 0.01152221165
999 0.01122322384
1000 0.01096667586
1001 0.01074682151
1002 0.01055865024
1003 0.01039779928
1004 0.01026047528
1005 0.01014338469
1006 0.01004367193
1007 0.009958864711
1008 0.009886825537
1009 0.009825709008
1010 0.009773924125
1011 0.009730101137
1012 0.009693062421
1013 0.009661796941
1014 0.009635437887
1015 0.009613243135
1016 0.009594578184
1017 0.0095789013
1018 0.009565750591
1019 0.009554732776
1020 0.009545513457
1021 0.009537808689
1022 0.0095313777
1023 0.009526016601
