#54548 2910.0032220852774696 0.0045697642502883287219 1 1461 16.000049430220818044 1024 7 1 J1713+0747 0.0000000 
0 -0.353620164
1 -0.353620164
2 -0.353620164
3 -0.353620164
4 -0.353620164
5 -0.353620164
6 -0.353620164
7 -0.353620164
8 -0.353620164
9 -0.353620164
10 -0.353620164
11 -0.353620164
12 -0.353620164
13 -0.353620164
14 -0.353620164
15 -0.353620164
16 -0.353620164
17 -0.353620164
18 -0.353620164
19 -0.353620164
20 -0.353620164
21 -0.353620164
22 -0.353620164
23 -0.353620164
24 -0.353620164
25 -0.353620164
26 -0.353620164
27 -0.353620164
28 -0.353620164
29 -0.353620164
30 -0.353620164
31 -0.353620164
32 -0.353620164
33 -0.353620164
34 -0.353620164
35 -0.353620164
36 -0.353620164
37 -0.353620164
38 -0.353620164
39 -0.353620164
40 -0.353620164
41 -0.353620164
42 -0.353620164
43 -0.353620164
44 -0.353620164
45 -0.353620164
46 -0.353620164
47 -0.353620164
48 -0.353620164
49 -0.353620164
50 -0.353620164
51 -0.353620164
52 -0.353620164
53 -0.353620164
54 -0.353620164
55 -0.353620164
56 -0.353620164
57 -0.353620164
58 -0.353620164
59 -0.353620164
60 -0.353620164
61 -0.353620164
62 -0.353620164
63 -0.353620164
64 -0.353620164
65 -0.353620164
66 -0.353620164
67 -0.353620164
68 -0.353620164
69 -0.353620164
70 -0.353620164
71 -0.353620164
72 -0.353620164
73 -0.353620164
74 -0.353620164
75 -0.353620164
76 -0.353620164
77 -0.353620164
78 -0.353620164
79 -0.353620164
80 -0.353620164
81 -0.353620164
82 -0.353620164
83 -0.353620164
84 -0.353620164
85 -0.353620164
86 -0.353620164
87 -0.353620164
88 -0.353620164
89 -0.353620164
90 -0.353620164
91 -0.353620164
92 -0.353620164
93 -0.353620164
94 -0.353620164
95 -0.353620164
96 -0.353620164
97 -0.353620164
98 -0.353620164
99 -0.353620164
100 -0.353620164
101 -0.353620164
102 -0.353620164
103 -0.353620164
104 -0.353620164
105 -0.353620164
106 -0.353620164
107 -0.353620164
108 -0.353620164
109 -0.353620164
110 -0.353620164
111 -0.353620164
112 -0.353620164
113 -0.353620164
114 -0.353620164
115 -0.353620164
116 -0.353620164
117 -0.353620164
118 -0.353620164
119 -0.353620164
120 -0.353620164
121 -0.353620164
122 -0.353620164
123 -0.353620164
124 -0.353620164
125 -0.353620164
126 -0.353620164
127 -0.353620164
128 -0.353620164
129 -0.353620164
130 -0.353620164
131 -0.353620164
132 -0.353620164
133 -0.353620164
134 -0.353620164
135 -0.353620164
136 -0.353620164
137 -0.353620164
138 -0.353620164
139 -0.353620164
140 -0.353620164
141 -0.353620164
142 -0.353620164
143 -0.353620164
144 -0.353620164
145 -0.353620164
146 -0.353620164
147 -0.353620164
148 -0.353620164
149 -0.353620164
150 -0.353620164
151 -0.353620164
152 -0.353620164
153 -0.353620164
154 -0.353620164
155 -0.353620164
156 -0.353620164
157 -0.353620164
158 -0.353620164
159 -0.353620164
160 -0.353620164
161 -0.353620164
162 -0.353620164
163 -0.353620164
164 -0.353620164
165 -0.353620164
166 -0.353620164
167 -0.353620164
168 -0.353620164
169 -0.353620164
170 -0.353620164
171 -0.353620164
172 -0.353620164
173 -0.353620164
174 -0.353620164
175 -0.353620164
176 -0.353620164
177 -0.353620164
178 -0.353620164
179 -0.353620164
180 -0.353620164
181 -0.353620164
182 -0.353620164
183 -0.353620164
184 -0.353620164
185 -0.353620164
186 -0.353620164
187 -0.353620164
188 -0.353620164
189 -0.353620164
190 -0.353620164
191 -0.353620164
192 -0.353620164
193 -0.353620164
194 -0.353620164
195 -0.353620164
196 -0.353620164
197 -0.353620164
198 -0.353620164
199 -0.353620164
200 -0.353620164
201 -0.353620164
202 -0.353620164
203 -0.353620164
204 -0.353620164
205 -0.353620164
206 -0.353620164
207 -0.353620164
208 -0.353620164
209 -0.353620164
210 -0.353620164
211 -0.353620164
212 -0.353620164
213 -0.353620164
214 -0.353620164
215 -0.353620164
216 -0.353620164
217 -0.353620164
218 -0.353620164
219 -0.353620164
220 -0.353620164
221 -0.353620164
222 -0.353620164
223 -0.353620164
224 -0.353620164
225 -0.353620164
226 -0.353620164
227 -0.353620164
228 -0.353620164
229 -0.353620164
230 -0.353620164
231 -0.353620164
232 -0.353620164
233 -0.353620164
234 -0.353620164
235 -0.353620164
236 -0.353620164
237 -0.353620164
238 -0.353620164
239 -0.353620164
240 -0.353620164
241 -0.353620164
242 -0.353620164
243 -0.353620164
244 -0.353620164
245 -0.353620164
246 -0.353620164
247 -0.353620164
248 -0.353620164
249 -0.353620164
250 -0.353620164
251 -0.353620164
252 -0.353620164
253 -0.353620164
254 -0.353620164
255 -0.353620164
256 -0.353620164
257 -0.353620164
258 -0.353620164
259 -0.353620164
260 -0.353620164
261 -0.353620164
262 -0.353620164
263 -0.353620164
264 -0.353620164
265 -0.353620164
266 -0.353620164
267 -0.353620164
268 -0.353620164
269 -0.353620164
270 -0.353620164
271 -0.353620164
272 -0.353620164
273 -0.353620164
274 -0.353620164
275 -0.353620164
276 -0.353620164
277 -0.353620164
278 -0.353620164
279 -0.353620164
280 -0.353620164
281 -0.353620164
282 -0.353620164
283 -0.353620164
284 -0.353620164
285 -0.353620164
286 -0.353620164
287 -0.353620164
288 -0.353620164
289 -0.353620164
290 -0.353620164
291 -0.353620164
292 -0.353620164
293 -0.353620164
294 -0.353620164
295 -0.353620164
296 -0.353620164
297 -0.353620164
298 -0.353620164
299 -0.353620164
300 -0.353620164
301 -0.353620164
302 -0.353620164
303 -0.353620164
304 -0.353620164
305 -0.353620164
306 -0.353620164
307 -0.353620164
308 -0.353620164
309 -0.353620164
310 -0.353620164
311 -0.353620164
312 -0.353620164
313 -0.353620164
314 -0.353620164
315 -0.353620164
316 -0.353620164
317 -0.353620164
318 -0.353620164
319 -0.353620164
320 -0.353620164
321 -0.353620164
322 -0.353620164
323 -0.353620164
324 -0.353620164
325 -0.353620164
326 -0.353620164
327 -0.353620164
328 -0.3536201639
329 -0.3536201639
330 -0.3536201639
331 -0.3536201639
332 -0.3536201639
333 -0.3536201638
334 -0.3536201638
335 -0.3536201637
336 -0.3536201636
337 -0.3536201635
338 -0.3536201634
339 -0.3536201633
340 -0.3536201631
341 -0.3536201629
342 -0.3536201626
343 -0.3536201622
344 -0.3536201618
345 -0.3536201612
346 -0.3536201606
347 -0.3536201597
348 -0.3536201587
349 -0.3536201574
350 -0.3536201558
351 -0.3536201539
352 -0.3536201515
353 -0.3536201485
354 -0.3536201449
355 -0.3536201405
356 -0.353620135
357 -0.3536201284
358 -0.3536201202
359 -0.3536201102
360 -0.353620098
361 -0.3536200832
362 -0.3536200651
363 -0.353620043
364 -0.3536200162
365 -0.3536199837
366 -0.3536199442
367 -0.3536198963
368 -0.3536198384
369 -0.3536197683
370 -0.3536196836
371 -0.3536195813
372 -0.3536194581
373 -0.3536193096
374 -0.3536191309
375 -0.3536189162
376 -0.3536186584
377 -0.3536183491
378 -0.3536179786
379 -0.3536175351
380 -0.3536170048
381 -0.3536163715
382 -0.3536156158
383 -0.3536147152
384 -0.3536136429
385 -0.3536123675
386 -0.3536108522
387 -0.3536090538
388 -0.3536069216
389 -0.3536043963
390 -0.3536014087
391 -0.3535978777
392 -0.3535937091
393 -0.3535887928
394 -0.353583001
395 -0.3535761848
396 -0.3535681715
397 -0.3535587611
398 -0.3535477216
399 -0.3535347845
400 -0.35351964
401 -0.3535019301
402 -0.3534812423
403 -0.3534571014
404 -0.3534289611
405 -0.3533961937
406 -0.3533580788
407 -0.3533137911
408 -0.3532623855
409 -0.3532027816
410 -0.3531337456
411 -0.3530538703
412 -0.3529615523
413 -0.3528549672
414 -0.3527320417
415 -0.3525904222
416 -0.3524274402
417 -0.3522400741
418 -0.3520249064
419 -0.3517780767
420 -0.3514952295
421 -0.3511714568
422 -0.3508012352
423 -0.3503783559
424 -0.3498958485
425 -0.3493458977
426 -0.3487197515
427 -0.3480076213
428 -0.3471985732
429 -0.3462804092
430 -0.3452395386
431 -0.3440608383
432 -0.3427275016
433 -0.3412208751
434 -0.3395202824
435 -0.3376028345
436 -0.3354432269
437 -0.3330135208
438 -0.33028291
439 -0.3272174722
440 -0.3237799032
441 -0.319929236
442 -0.315620541
443 -0.3108046114
444 -0.3054276288
445 -0.2994308135
446 -0.2927500562
447 -0.285315533
448 -0.2770513039
449 -0.2678748952
450 -0.2576968655
451 -0.2464203591
452 -0.2339406439
453 -0.2201446394
454 -0.2049104335
455 -0.1881067907
456 -0.1695926554
457 -0.1492166506
458 -0.1268165768
459 -0.1022189125
460 -0.07523832169
461 -0.04567717053
462 -0.01332505824
463 0.02204163335
464 0.0606601669
465 0.1027818479
466 0.1486723891
467 0.1986122342
468 0.2528968361
469 0.3118368823
470 0.3757584603
471 0.4450031579
472 0.5199280892
473 0.6009058406
474 0.688324329
475 0.7825865648
476 0.8841103123
477 0.9933276408
478 1.110684359
479 1.236639326
480 1.371663631
481 1.516239642
482 1.670859903
483 1.836025898
484 2.01224665
485 2.200037179
486 2.399916789
487 2.612407211
488 2.838030572
489 3.077307214
490 3.330753353
491 3.59887858
492 3.882183217
493 4.181155523
494 4.496268768
495 4.827978169
496 5.176717722
497 5.542896909
498 5.926897331
499 6.329069249
500 6.74972807
501 7.189150791
502 7.647572414
503 8.125182372
504 8.622120961
505 9.138475825
506 9.674278514
507 10.22950113
508 10.8040531
509 11.39777809
510 12.01045114
511 12.64177591
512 13.29138229
513 13.95882414
514 14.64357745
515 15.34503867
516 16.06252355
517 16.79526619
518 17.54241859
519 18.30305057
520 19.0761501
521 19.86062416
522 20.65529994
523 21.45892663
524 22.27017765
525 23.08765337
526 23.90988431
527 24.73533487
528 25.56240756
529 26.38944765
530 27.21474834
531 28.03655642
532 28.85307827
533 29.6624864
534 30.46292629
535 31.25252365
536 32.02939196
537 32.79164039
538 33.53738187
539 34.26474149
540 34.971865
541 35.65692746
542 36.31814201
543 36.95376862
544 37.56212286
545 38.14158463
546 38.69060669
547 39.20772318
548 39.69155774
549 40.14083152
550 40.55437083
551 40.93111441
552 41.27012032
553 41.57057242
554 41.83178634
555 42.05321492
556 42.23445314
557 42.37524244
558 42.47547449
559 42.53519422
560 42.55460235
561 42.53405714
562 42.47407552
563 42.37533352
564 42.23866606
565 42.06506599
566 41.8556825
567 41.6118188
568 41.33492925
569 41.02661565
570 40.68862311
571 40.32283513
572 39.93126819
573 39.51606569
574 39.07949142
575 38.62392242
576 38.15184141
577 37.66582871
578 37.16855376
579 36.66276614
580 36.15128635
581 35.63699606
582 35.12282819
583 34.6117566
584 34.10678556
585 33.61093892
586 33.12724915
587 32.65874615
588 32.20844586
589 31.77933887
590 31.3743788
591 30.99647066
592 30.64845918
593 30.33311713
594 30.05313359
595 29.81110235
596 29.60951038
597 29.45072632
598 29.33698925
599 29.27039758
600 29.25289814
601 29.28627562
602 29.37214225
603 29.51192789
604 29.7068705
605 29.95800708
606 30.26616514
607 30.6319547
608 31.05576098
609 31.53773772
610 32.07780124
611 32.67562539
612 33.33063721
613 34.04201368
614 34.80867935
615 35.629305
616 36.50230744
617 37.42585042
618 38.39784672
619 39.41596147
620 40.47761672
621 41.57999729
622 42.72005796
623 43.89453192
624 45.09994057
625 46.33260466
626 47.58865665
627 48.86405445
628 50.15459627
629 51.45593677
630 52.76360428
631 54.07301907
632 55.37951262
633 56.67834779
634 57.96473972
635 59.23387746
636 60.48094611
637 61.70114941
638 62.88973262
639 64.04200551
640 65.1533654
641 66.21931997
642 67.23550987
643 68.19773075
644 69.10195478
645 69.94435129
646 70.72130662
647 71.42944274
648 72.06563483
649 72.62702741
650 73.11104903
651 73.51542544
652 73.83819102
653 74.07769846
654 74.23262665
655 74.30198662
656 74.28512552
657 74.18172872
658 73.99181979
659 73.71575861
660 73.35423743
661 72.90827507
662 72.37920912
663 71.76868647
664 71.07865198
665 70.31133555
666 69.46923766
667 68.55511348
668 67.57195568
669 66.52297606
670 65.41158622
671 64.24137736
672 63.01609935
673 61.73963924
674 60.4159995
675 59.04927589
676 57.64363536
677 56.20329408
678 54.73249563
679 53.23548964
680 51.71651097
681 50.17975957
682 48.62938113
683 47.06944861
684 45.50394484
685 43.93674617
686 42.37160733
687 40.81214758
688 39.26183805
689 37.72399059
690 36.20174782
691 34.69807476
692 33.21575165
693 31.75736838
694 30.32532011
695 28.92180433
696 27.54881924
697 26.20816331
698 24.9014361
699 23.63004024
700 22.3951844
701 21.19788734
702 20.03898285
703 18.9191255
704 17.83879715
705 16.79831417
706 15.79783515
707 14.83736919
708 13.91678452
709 13.03581747
710 12.1940817
711 11.39107751
712 10.62620133
713 9.898755141
714 9.207955865
715 8.552944658
716 7.932795994
717 7.346526536
718 6.793103729
719 6.27145408
720 5.780471081
721 5.319022757
722 4.885958806
723 4.48011731
724 4.100331005
725 3.74543311
726 3.414262685
727 3.105669543
728 2.818518699
729 2.551694376
730 2.304103561
731 2.074679147
732 1.862382641
733 1.666206493
734 1.485176032
735 1.31835105
736 1.164827041
737 1.023736129
738 0.8942476922
739 0.775568727
740 0.6669439515
741 0.5676556887
742 0.4770235429
743 0.3944038946
744 0.3191892338
745 0.2508073521
746 0.1887204143
747 0.1324239264
748 0.08144561905
749 0.03534426202
750 -0.006291575176
751 -0.04384480179
752 -0.07767111098
753 -0.1081002997
754 -0.135437593
755 -0.1599649622
756 -0.1819424304
757 -0.2016093559
758 -0.2191856889
759 -0.2348731944
760 -0.248856638
761 -0.2613049311
762 -0.2723722305
763 -0.2821989926
764 -0.2909129789
765 -0.2986302129
766 -0.3054558863
767 -0.311485216
768 -0.3168042521
769 -0.3214906354
770 -0.325614309
771 -0.3292381818
772 -0.3324187477
773 -0.3352066606
774 -0.3376472677
775 -0.3397811035
776 -0.3416443447
777 -0.3432692297
778 -0.3446844439
779 -0.3459154725
780 -0.3469849239
781 -0.3479128243
782 -0.3487168863
783 -0.3494127529
784 -0.350014219
785 -0.3505334319
786 -0.3509810724
787 -0.351366518
788 -0.3516979904
789 -0.351982687
790 -0.3522268997
791 -0.352436121
792 -0.3526151383
793 -0.352768119
794 -0.3528986852
795 -0.3530099807
796 -0.3531047304
797 -0.3531852926
798 -0.3532537056
799 -0.3533117286
800 -0.3533608778
801 -0.3534024581
802 -0.3534375909
803 -0.3534672388
804 -0.3534922267
805 -0.3535132608
806 -0.3535309444
807 -0.3535457928
808 -0.3535582447
809 -0.3535686741
810 -0.3535773984
811 -0.3535846874
812 -0.3535907695
813 -0.3535958383
814 -0.3536000574
815 -0.3536035647
816 -0.3536064767
817 -0.3536088916
818 -0.3536108915
819 -0.3536125459
820 -0.3536139126
821 -0.3536150403
822 -0.3536159697
823 -0.3536167346
824 -0.3536173634
825 -0.3536178797
826 -0.353618303
827 -0.3536186497
828 -0.3536189333
829 -0.353619165
830 -0.3536193541
831 -0.3536195082
832 -0.3536196336
833 -0.3536197355
834 -0.3536198183
835 -0.3536198854
836 -0.3536199397
837 -0.3536199837
838 -0.3536200192
839 -0.3536200479
840 -0.353620071
841 -0.3536200896
842 -0.3536201045
843 -0.3536201165
844 -0.3536201262
845 -0.3536201339
846 -0.35362014
847 -0.353620145
848 -0.3536201489
849 -0.353620152
850 -0.3536201545
851 -0.3536201565
852 -0.3536201581
853 -0.3536201593
854 -0.3536201603
855 -0.3536201611
856 -0.3536201617
857 -0.3536201622
858 -0.3536201626
859 -0.3536201629
860 -0.3536201631
861 -0.3536201633
862 -0.3536201635
863 -0.3536201636
864 -0.3536201637
865 -0.3536201638
866 -0.3536201638
867 -0.3536201639
868 -0.3536201639
869 -0.3536201639
870 -0.3536201639
871 -0.3536201639
872 -0.353620164
873 -0.353620164
874 -0.353620164
875 -0.353620164
876 -0.353620164
877 -0.353620164
878 -0.353620164
879 -0.353620164
880 -0.353620164
881 -0.353620164
882 -0.353620164
883 -0.353620164
884 -0.353620164
885 -0.353620164
886 -0.353620164
887 -0.353620164
888 -0.353620164
889 -0.353620164
890 -0.353620164
891 -0.353620164
892 -0.353620164
893 -0.353620164
894 -0.353620164
895 -0.353620164
896 -0.353620164
897 -0.353620164
898 -0.353620164
899 -0.353620164
900 -0.353620164
901 -0.353620164
902 -0.353620164
903 -0.353620164
904 -0.353620164
905 -0.353620164
906 -0.353620164
907 -0.353620164
908 -0.353620164
909 -0.353620164
910 -0.353620164
911 -0.353620164
912 -0.353620164
913 -0.353620164
914 -0.353620164
915 -0.353620164
916 -0.353620164
917 -0.353620164
918 -0.353620164
919 -0.353620164
920 -0.353620164
921 -0.353620164
922 -0.353620164
923 -0.353620164
924 -0.353620164
925 -0.353620164
926 -0.353620164
927 -0.353620164
928 -0.353620164
929 -0.353620164
930 -0.353620164
931 -0.353620164
932 -0.353620164
933 -0.353620164
934 -0.353620164
935 -0.353620164
936 -0.353620164
937 -0.353620164
938 -0.353620164
939 -0.353620164
940 -0.353620164
941 -0.353620164
942 -0.353620164
943 -0.353620164
944 -0.353620164
945 -0.353620164
946 -0.353620164
947 -0.353620164
948 -0.353620164
949 -0.353620164
950 -0.353620164
951 -0.353620164
952 -0.353620164
953 -0.353620164
954 -0.353620164
955 -0.353620164
956 -0.353620164
957 -0.353620164
958 -0.353620164
959 -0.353620164
960 -0.353620164
961 -0.353620164
962 -0.353620164
963 -0.353620164
964 -0.353620164
965 -0.353620164
966 -0.353620164
967 -0.353620164
968 -0.353620164
969 -0.353620164
970 -0.353620164
971 -0.353620164
972 -0.353620164
973 -0.353620164
974 -0.353620164
975 -0.353620164
976 -0.353620164
977 -0.353620164
978 -0.353620164
979 -0.353620164
980 -0.353620164
981 -0.353620164
982 -0.353620164
983 -0.353620164
984 -0.353620164
985 -0.353620164
986 -0.353620164
987 -0.353620164
988 -0.353620164
989 -0.353620164
990 -0.353620164
991 -0.353620164
992 -0.353620164
993 -0.353620164
994 -0.353620164
995 -0.353620164
996 -0.353620164
997 -0.353620164
998 -0.353620164
999 -0.353620164
1000 -0.353620164
1001 -0.353620164
1002 -0.353620164
1003 -0.353620164
1004 -0.353620164
1005 -0.353620164
1006 -0.353620164
1007 -0.353620164
1008 -0.353620164
1009 -0.353620164
1010 -0.353620164
1011 -0.353620164
1012 -0.353620164
1013 -0.353620164
1014 -0.353620164
1015 -0.353620164
1016 -0.353620164
1017 -0.353620164
1018 -0.353620164
1019 -0.353620164
1020 -0.353620164
1021 -0.353620164
1022 -0.353620164
1023 -0.353620164
