#53562 2909.9981014955451699 0.004570340305946751433 1 1253 16.000049430220818044 1024 7 1 J1713+0747 0.0000000 
0 0.06007201278
1 0.06007201278
2 0.06007201278
3 0.06007201278
4 0.06007201278
5 0.06007201278
6 0.06007201278
7 0.06007201278
8 0.06007201278
9 0.06007201278
10 0.06007201278
11 0.06007201278
12 0.06007201278
13 0.06007201278
14 0.06007201278
15 0.06007201278
16 0.06007201278
17 0.06007201278
18 0.06007201278
19 0.06007201278
20 0.06007201278
21 0.06007201278
22 0.06007201278
23 0.06007201278
24 0.06007201278
25 0.06007201278
26 0.06007201278
27 0.06007201278
28 0.06007201278
29 0.06007201278
30 0.06007201278
31 0.06007201278
32 0.06007201278
33 0.06007201278
34 0.06007201278
35 0.06007201278
36 0.06007201278
37 0.06007201278
38 0.06007201278
39 0.06007201278
40 0.06007201278
41 0.06007201278
42 0.06007201278
43 0.06007201278
44 0.06007201278
45 0.06007201278
46 0.06007201278
47 0.06007201278
48 0.06007201278
49 0.06007201278
50 0.06007201278
51 0.06007201278
52 0.06007201278
53 0.06007201278
54 0.06007201278
55 0.06007201278
56 0.06007201278
57 0.06007201278
58 0.06007201278
59 0.06007201278
60 0.06007201278
61 0.06007201278
62 0.06007201278
63 0.06007201278
64 0.06007201278
65 0.06007201278
66 0.06007201278
67 0.06007201278
68 0.06007201278
69 0.06007201278
70 0.06007201278
71 0.06007201278
72 0.06007201278
73 0.06007201278
74 0.06007201278
75 0.06007201278
76 0.06007201278
77 0.06007201278
78 0.06007201278
79 0.06007201278
80 0.06007201278
81 0.06007201278
82 0.06007201278
83 0.06007201278
84 0.06007201278
85 0.06007201278
86 0.06007201278
87 0.06007201278
88 0.06007201278
89 0.06007201278
90 0.06007201278
91 0.06007201278
92 0.06007201278
93 0.06007201278
94 0.06007201278
95 0.06007201278
96 0.06007201278
97 0.06007201278
98 0.06007201278
99 0.06007201278
100 0.06007201278
101 0.06007201278
102 0.06007201278
103 0.06007201278
104 0.06007201278
105 0.06007201278
106 0.06007201278
107 0.06007201278
108 0.06007201278
109 0.06007201278
110 0.06007201278
111 0.06007201278
112 0.06007201278
113 0.06007201278
114 0.06007201278
115 0.06007201278
116 0.06007201278
117 0.06007201278
118 0.06007201278
119 0.06007201278
120 0.06007201278
121 0.06007201278
122 0.06007201278
123 0.06007201278
124 0.06007201278
125 0.06007201278
126 0.06007201278
127 0.06007201278
128 0.06007201278
129 0.06007201278
130 0.06007201278
131 0.06007201278
132 0.06007201278
133 0.06007201278
134 0.06007201278
135 0.06007201278
136 0.06007201278
137 0.06007201278
138 0.06007201278
139 0.06007201278
140 0.06007201278
141 0.06007201278
142 0.06007201278
143 0.06007201278
144 0.06007201278
145 0.06007201278
146 0.06007201278
147 0.06007201278
148 0.06007201278
149 0.06007201278
150 0.06007201278
151 0.06007201278
152 0.06007201278
153 0.06007201278
154 0.06007201278
155 0.06007201278
156 0.06007201278
157 0.06007201278
158 0.06007201278
159 0.06007201278
160 0.06007201278
161 0.06007201278
162 0.06007201278
163 0.06007201278
164 0.06007201278
165 0.06007201278
166 0.06007201278
167 0.06007201278
168 0.06007201278
169 0.06007201278
170 0.06007201278
171 0.06007201278
172 0.06007201278
173 0.06007201278
174 0.06007201278
175 0.06007201278
176 0.06007201278
177 0.06007201278
178 0.06007201278
179 0.06007201278
180 0.06007201278
181 0.06007201278
182 0.06007201278
183 0.06007201278
184 0.06007201278
185 0.06007201278
186 0.06007201278
187 0.06007201278
188 0.06007201278
189 0.06007201278
190 0.06007201278
191 0.06007201278
192 0.06007201278
193 0.06007201278
194 0.06007201278
195 0.06007201278
196 0.06007201278
197 0.06007201278
198 0.06007201278
199 0.06007201279
200 0.06007201279
201 0.06007201279
202 0.0600720128
203 0.0600720128
204 0.06007201281
205 0.06007201282
206 0.06007201283
207 0.06007201284
208 0.06007201286
209 0.06007201288
210 0.06007201291
211 0.06007201295
212 0.06007201299
213 0.06007201305
214 0.06007201312
215 0.06007201321
216 0.06007201332
217 0.06007201346
218 0.06007201363
219 0.06007201385
220 0.06007201411
221 0.06007201445
222 0.06007201486
223 0.06007201538
224 0.06007201602
225 0.06007201681
226 0.06007201779
227 0.060072019
228 0.0600720205
229 0.06007202235
230 0.06007202462
231 0.06007202742
232 0.06007203087
233 0.06007203511
234 0.06007204031
235 0.06007204668
236 0.06007205449
237 0.06007206404
238 0.06007207572
239 0.06007208997
240 0.06007210736
241 0.06007212855
242 0.06007215434
243 0.0600721857
244 0.06007222378
245 0.06007227
246 0.06007232601
247 0.06007239383
248 0.06007247587
249 0.06007257498
250 0.06007269462
251 0.06007283886
252 0.0600730126
253 0.06007322165
254 0.0600734729
255 0.06007377458
256 0.06007413641
257 0.06007456994
258 0.06007508882
259 0.06007570921
260 0.06007645018
261 0.06007733425
262 0.06007838792
263 0.06007964242
264 0.06008113445
265 0.06008290711
266 0.06008501097
267 0.06008750526
268 0.06009045932
269 0.06009395421
270 0.06009808458
271 0.0601029608
272 0.06010871149
273 0.06011548627
274 0.0601234591
275 0.06013283189
276 0.06014383878
277 0.060156751
278 0.06017188228
279 0.06018959521
280 0.06021030823
281 0.06023450378
282 0.06026273737
283 0.06029564791
284 0.06033396937
285 0.06037854389
286 0.06043033666
287 0.0604904525
288 0.06056015458
289 0.06064088543
290 0.06073429037
291 0.06084224382
292 0.06096687862
293 0.0611106187
294 0.06127621552
295 0.06146678851
296 0.06168586998
297 0.0619374549
298 0.06222605598
299 0.06255676445
300 0.06293531721
301 0.06336817073
302 0.06386258221
303 0.06442669883
304 0.0650696554
305 0.0658016813
306 0.06663421713
307 0.06758004205
308 0.0686534122
309 0.06987021118
310 0.07124811318
311 0.07280675955
312 0.07456794952
313 0.07655584592
314 0.0787971965
315 0.08132157162
316 0.08416161907
317 0.0873533365
318 0.09093636234
319 0.0949542854
320 0.09945497402
321 0.1044909248
322 0.1101196316
323 0.1164039744
324 0.1234126288
325 0.1312204957
326 0.1399091506
327 0.1495673124
328 0.1602913317
329 0.1721856961
330 0.1853635528
331 0.1999472472
332 0.2160688741
333 0.233870842
334 0.2535064462
335 0.2751404495
336 0.298949666
337 0.3251235471
338 0.3538647629
339 0.3853897776
340 0.4199294129
341 0.4577293954
342 0.4990508811
343 0.5441709541
344 0.5933830901
345 0.6469975816
346 0.7053419143
347 0.7687610914
348 0.8376178948
349 0.912293078
350 0.993185481
351 1.08071206
352 1.175307822
353 1.277425658
354 1.387536067
355 1.506126752
356 1.633702103
357 1.770782526
358 1.917903641
359 2.075615326
360 2.244480596
361 2.425074322
362 2.61798178
363 2.82379702
364 3.043121056
365 3.276559874
366 3.524722252
367 3.788217395
368 4.067652385
369 4.363629447
370 4.67674303
371 5.00757672
372 5.356699975
373 5.724664713
374 6.112001732
375 6.519217009
376 6.946787865
377 7.395159022
378 7.864738575
379 8.355893891
380 8.868947453
381 9.404172685
382 9.961789773
383 10.54196151
384 11.14478919
385 11.77030859
386 12.41848609
387 13.08921486
388 13.78231129
389 14.49751165
390 15.2344689
391 15.99274983
392 16.77183255
393 17.57110422
394 18.38985921
395 19.22729768
396 20.08252453
397 20.95454886
398 21.84228386
399 22.74454728
400 23.66006232
401 24.58745915
402 25.52527698
403 26.47196662
404 27.4258937
405 28.38534245
406 29.34851998
407 30.31356129
408 31.27853466
409 32.24144773
410 33.20025407
411 34.15286025
412 35.09713341
413 36.03090928
414 36.95200065
415 37.85820619
416 38.74731967
417 39.61713942
418 40.46547807
419 41.29017254
420 42.08909409
421 42.86015857
422 43.60133662
423 44.31066393
424 44.98625138
425 45.62629504
426 46.22908604
427 46.79302013
428 47.31660695
429 47.79847898
430 48.23739999
431 48.63227312
432 48.98214838
433 49.28622965
434 49.54388098
435 49.75463237
436 49.91818477
437 50.03441447
438 50.10337666
439 50.12530831
440 50.10063026
441 50.02994847
442 49.91405459
443 49.75392561
444 49.55072277
445 49.3057897
446 49.02064973
447 48.69700241
448 48.33671935
449 47.94183921
450 47.5145621
451 47.05724313
452 46.57238543
453 46.06263245
454 45.53075968
455 44.97966574
456 44.41236304
457 43.83196773
458 43.24168941
459 42.64482018
460 42.04472337
461 41.44482193
462 40.84858639
463 40.25952257
464 39.68115894
465 39.11703384
466 38.57068239
467 38.04562326
468 37.5453453
469 37.07329402
470 36.63285801
471 36.22735534
472 35.86001987
473 35.53398763
474 35.25228326
475 35.01780653
476 34.83331897
477 34.70143075
478 34.62458766
479 34.60505849
480 34.64492263
481 34.74605809
482 34.91012987
483 35.13857895
484 35.43261163
485 35.79318966
486 36.22102089
487 36.71655071
488 37.27995435
489 37.91112992
490 38.60969247
491 39.37496909
492 40.20599502
493 41.10151089
494 42.05996127
495 43.0794944
496 44.15796324
497 45.29292801
498 46.48166
499 47.72114701
500 49.00810014
501 50.3389622
502 51.70991763
503 53.11690394
504 54.55562473
505 56.02156413
506 57.51000285
507 59.01603557
508 60.53458976
509 62.06044578
510 63.58825827
511 65.1125786
512 66.62787846
513 68.12857421
514 69.60905218
515 71.06369449
516 72.48690542
517 73.87313807
518 75.21692125
519 76.51288632
520 77.75579382
521 78.94055981
522 80.06228164
523 81.11626295
524 82.09803783
525 83.00339385
526 83.82839393
527 84.56939665
528 85.22307518
529 85.78643433
530 86.25682589
531 86.63196195
532 86.90992618
533 87.08918297
534 87.16858431
535 87.14737449
536 87.02519239
537 86.80207152
538 86.47843775
539 86.05510464
540 85.53326668
541 84.91449018
542 84.2007021
543 83.3941769
544 82.49752136
545 81.51365772
546 80.44580508
547 79.29745931
548 78.07237169
549 76.77452624
550 75.40811616
551 73.97751942
552 72.48727369
553 70.94205086
554 69.34663134
555 67.7058782
556 66.02471151
557 64.30808298
558 62.56095099
559 60.78825632
560 58.99489867
561 57.1857141
562 55.36545347
563 53.53876218
564 51.71016112
565 49.88402904
566 48.06458632
567 46.25588037
568 44.4617725
569 42.68592645
570 40.93179855
571 39.20262946
572 37.50143762
573 35.83101422
574 34.19391976
575 32.59248217
576 31.02879636
577 29.50472519
578 28.02190174
579 26.5817329
580 25.18540402
581 23.83388472
582 22.52793562
583 21.26811595
584 20.05479197
585 18.88814601
586 17.76818609
587 16.69475604
588 15.66754597
589 14.68610296
590 13.74984207
591 12.85805728
592 12.00993254
593 11.20455275
594 10.44091453
595 9.717936871
596 9.03447148
597 8.389312769
598 7.781207532
599 7.208864181
600 6.670961542
601 6.166157179
602 5.693095219
603 5.250413662
604 4.836751165
605 4.450753295
606 4.091078248
607 3.756402033
608 3.445423137
609 3.15686667
610 2.889488017
611 2.642075999
612 2.413455574
613 2.202490099
614 2.008083165
615 1.829180039
616 1.664768741
617 1.513880771
618 1.375591522
619 1.249020403
620 1.133330696
621 1.027729175
622 0.9314655119
623 0.8438315015
624 0.7641601108
625 0.6918243962
626 0.6262362978
627 0.5668453345
628 0.5131372202
629 0.4646324165
630 0.4208846408
631 0.3814793426
632 0.3460321635
633 0.3141873924
634 0.2856164268
635 0.2600162508
636 0.237107937
637 0.216635182
638 0.1983628789
639 0.1820757351
640 0.167576937
641 0.154686867
642 0.1432418752
643 0.1330931064
644 0.124105385
645 0.1161561581
646 0.1091344964
647 0.102940153
648 0.09748267944
649 0.09268059696
650 0.08846062281
651 0.0847569488
652 0.08151057092
653 0.07866866766
654 0.07618402491
655 0.07401450528
656 0.07212255946
657 0.07047477734
658 0.06904147656
659 0.0677963261
660 0.06671600283
661 0.0657798786
662 0.06496973588
663 0.06426950974
664 0.06366505437
665 0.06314393197
666 0.06269522255
667 0.06230935256
668 0.06197794108
669 0.0616936618
670 0.06145011953
671 0.06124173986
672 0.06106367078
673 0.06091169505
674 0.0607821524
675 0.06067187041
676 0.06057810344
677 0.06049847852
678 0.06043094766
679 0.06037374582
680 0.06032535395
681 0.06028446651
682 0.06024996304
683 0.06022088326
684 0.0601964053
685 0.0601758267
686 0.06015854795
687 0.06014405803
688 0.06013192201
689 0.0601217702
690 0.06011328879
691 0.06010621176
692 0.06010031395
693 0.06009540499
694 0.06009132418
695 0.06008793604
696 0.0600851265
697 0.06008279965
698 0.06008087496
699 0.06007928491
700 0.06007797295
701 0.06007689178
702 0.06007600191
703 0.06007527041
704 0.06007466984
705 0.06007417737
706 0.06007377406
707 0.06007344416
708 0.06007317464
709 0.06007295474
710 0.06007277554
711 0.06007262968
712 0.06007251111
713 0.06007241485
714 0.06007233679
715 0.06007227357
716 0.06007222243
717 0.06007218111
718 0.06007214778
719 0.06007212091
720 0.06007209929
721 0.06007208191
722 0.06007206795
723 0.06007205676
724 0.06007204779
725 0.06007204062
726 0.06007203489
727 0.06007203032
728 0.06007202668
729 0.06007202378
730 0.06007202147
731 0.06007201964
732 0.06007201819
733 0.06007201704
734 0.06007201613
735 0.06007201541
736 0.06007201484
737 0.0600720144
738 0.06007201404
739 0.06007201377
740 0.06007201355
741 0.06007201338
742 0.06007201325
743 0.06007201314
744 0.06007201306
745 0.060072013
746 0.06007201295
747 0.06007201291
748 0.06007201288
749 0.06007201285
750 0.06007201284
751 0.06007201282
752 0.06007201281
753 0.0600720128
754 0.0600720128
755 0.06007201279
756 0.06007201279
757 0.06007201279
758 0.06007201278
759 0.06007201278
760 0.06007201278
761 0.06007201278
762 0.06007201278
763 0.06007201278
764 0.06007201278
765 0.06007201278
766 0.06007201278
767 0.06007201278
768 0.06007201278
769 0.06007201278
770 0.06007201278
771 0.06007201278
772 0.06007201278
773 0.06007201278
774 0.06007201278
775 0.06007201278
776 0.06007201278
777 0.06007201278
778 0.06007201278
779 0.06007201278
780 0.06007201278
781 0.06007201278
782 0.06007201278
783 0.06007201278
784 0.06007201278
785 0.06007201278
786 0.06007201278
787 0.06007201278
788 0.06007201278
789 0.06007201278
790 0.06007201278
791 0.06007201278
792 0.06007201278
793 0.06007201278
794 0.06007201278
795 0.06007201278
796 0.06007201278
797 0.06007201278
798 0.06007201278
799 0.06007201278
800 0.06007201278
801 0.06007201278
802 0.06007201278
803 0.06007201278
804 0.06007201278
805 0.06007201278
806 0.06007201278
807 0.06007201278
808 0.06007201278
809 0.06007201278
810 0.06007201278
811 0.06007201278
812 0.06007201278
813 0.06007201278
814 0.06007201278
815 0.06007201278
816 0.06007201278
817 0.06007201278
818 0.06007201278
819 0.06007201278
820 0.06007201278
821 0.06007201278
822 0.06007201278
823 0.06007201278
824 0.06007201278
825 0.06007201278
826 0.06007201278
827 0.06007201278
828 0.06007201278
829 0.06007201278
830 0.06007201278
831 0.06007201278
832 0.06007201278
833 0.06007201278
834 0.06007201278
835 0.06007201278
836 0.06007201278
837 0.06007201278
838 0.06007201278
839 0.06007201278
840 0.06007201278
841 0.06007201278
842 0.06007201278
843 0.06007201278
844 0.06007201278
845 0.06007201278
846 0.06007201278
847 0.06007201278
848 0.06007201278
849 0.06007201278
850 0.06007201278
851 0.06007201278
852 0.06007201278
853 0.06007201278
854 0.06007201278
855 0.06007201278
856 0.06007201278
857 0.06007201278
858 0.06007201278
859 0.06007201278
860 0.06007201278
861 0.06007201278
862 0.06007201278
863 0.06007201278
864 0.06007201278
865 0.06007201278
866 0.06007201278
867 0.06007201278
868 0.06007201278
869 0.06007201278
870 0.06007201278
871 0.06007201278
872 0.06007201278
873 0.06007201278
874 0.06007201278
875 0.06007201278
876 0.06007201278
877 0.06007201278
878 0.06007201278
879 0.06007201278
880 0.06007201278
881 0.06007201278
882 0.06007201278
883 0.06007201278
884 0.06007201278
885 0.06007201278
886 0.06007201278
887 0.06007201278
888 0.06007201278
889 0.06007201278
890 0.06007201278
891 0.06007201278
892 0.06007201278
893 0.06007201278
894 0.06007201278
895 0.06007201278
896 0.06007201278
897 0.06007201278
898 0.06007201278
899 0.06007201278
900 0.06007201278
901 0.06007201278
902 0.06007201278
903 0.06007201278
904 0.06007201278
905 0.06007201278
906 0.06007201278
907 0.06007201278
908 0.06007201278
909 0.06007201278
910 0.06007201278
911 0.06007201278
912 0.06007201278
913 0.06007201278
914 0.06007201278
915 0.06007201278
916 0.06007201278
917 0.06007201278
918 0.06007201278
919 0.06007201278
920 0.06007201278
921 0.06007201278
922 0.06007201278
923 0.06007201278
924 0.06007201278
925 0.06007201278
926 0.06007201278
927 0.06007201278
928 0.06007201278
929 0.06007201278
930 0.06007201278
931 0.06007201278
932 0.06007201278
933 0.06007201278
934 0.06007201278
935 0.06007201278
936 0.06007201278
937 0.06007201278
938 0.06007201278
939 0.06007201278
940 0.06007201278
941 0.06007201278
942 0.06007201278
943 0.06007201278
944 0.06007201278
945 0.06007201278
946 0.06007201278
947 0.06007201278
948 0.06007201278
949 0.06007201278
950 0.06007201278
951 0.06007201278
952 0.06007201278
953 0.06007201278
954 0.06007201278
955 0.06007201278
956 0.06007201278
957 0.06007201278
958 0.06007201278
959 0.06007201278
960 0.06007201278
961 0.06007201278
962 0.06007201278
963 0.06007201278
964 0.06007201278
965 0.06007201278
966 0.06007201278
967 0.06007201278
968 0.06007201278
969 0.06007201278
970 0.06007201278
971 0.06007201278
972 0.06007201278
973 0.06007201278
974 0.06007201278
975 0.06007201278
976 0.06007201278
977 0.06007201278
978 0.06007201278
979 0.06007201278
980 0.06007201278
981 0.06007201278
982 0.06007201278
983 0.06007201278
984 0.06007201278
985 0.06007201278
986 0.06007201278
987 0.06007201278
988 0.06007201278
989 0.06007201278
990 0.06007201278
991 0.06007201278
992 0.06007201278
993 0.06007201278
994 0.06007201278
995 0.06007201278
996 0.06007201278
997 0.06007201278
998 0.06007201278
999 0.06007201278
1000 0.06007201278
1001 0.06007201278
1002 0.06007201278
1003 0.06007201278
1004 0.06007201278
1005 0.06007201278
1006 0.06007201278
1007 0.06007201278
1008 0.06007201278
1009 0.06007201278
1010 0.06007201278
1011 0.06007201278
1012 0.06007201278
1013 0.06007201278
1014 0.06007201278
1015 0.06007201278
1016 0.06007201278
1017 0.06007201278
1018 0.06007201278
1019 0.06007201278
1020 0.06007201278
1021 0.06007201278
1022 0.06007201278
1023 0.06007201278
