#54591 2909.9978322418166288 0.0045699321436457867457 1 1341 16.000049430220818044 1024 7 1 J1713+0747 0.0000000 
0 82.04122581
1 82.24925131
2 82.36378559
3 82.38396137
4 82.30928184
5 82.13962153
6 81.8752251
7 81.51670392
8 81.06503054
9 80.52153104
10 79.88787534
11 79.16606559
12 78.35842273
13 77.46757126
14 76.49642244
15 75.44815595
16 74.32620033
17 73.13421211
18 71.87605403
19 70.55577238
20 69.17757368
21 67.74580087
22 66.26490916
23 64.7394418
24 63.17400584
25 61.57324813
26 59.94183167
27 58.2844125
28 56.60561726
29 54.91002163
30 53.2021296
31 51.48635393
32 49.76699772
33 48.04823724
34 46.33410614
35 44.62848105
36 42.9350686
37 41.25739406
38 39.59879134
39 37.96239465
40 36.35113167
41 34.76771815
42 33.21465414
43 31.69422153
44 30.2084831
45 28.75928289
46 27.34824776
47 25.97679034
48 24.64611291
49 23.35721247
50 22.1108867
51 20.90774074
52 19.74819485
53 18.63249265
54 17.56070994
55 16.53276406
56 15.54842357
57 14.60731824
58 13.70894932
59 12.85269978
60 12.03784479
61 11.26356196
62 10.52894164
63 9.832996965
64 9.174673709
65 8.552859821
66 7.96639467
67 7.414077902
68 6.894677889
69 6.406939755
70 5.949592924
71 5.521358212
72 5.120954412
73 4.747104386
74 4.398540657
75 4.074010495
76 3.772280513
77 3.492140765
78 3.232408379
79 2.991930721
80 2.769588119
81 2.564296158
82 2.375007575
83 2.200713769
84 2.040445957
85 1.893275991
86 1.758316871
87 1.634722971
88 1.52169001
89 1.418454782
90 1.324294685
91 1.238527055
92 1.160508342
93 1.089633144
94 1.025333114
95 0.9670757771
96 0.9143632533
97 0.8667309218
98 0.8237460337
99 0.78500629
100 0.7501383987
101 0.7187966224
102 0.6906613276
103 0.6654375461
104 0.6428535554
105 0.6226594875
106 0.6046259712
107 0.5885428132
108 0.5742177239
109 0.5614750895
110 0.5501547947
111 0.5401110976
112 0.5312115576
113 0.5233360191
114 0.5163756477
115 0.5102320234
116 0.5048162858
117 0.5000483333
118 0.4958560734
119 0.4921747242
120 0.4889461637
121 0.4861183257
122 0.483644641
123 0.4814835209
124 0.4795978811
125 0.4779547042
126 0.4765246378
127 0.4752816274
128 0.4742025799
129 0.4732670578
130 0.4724570007
131 0.4717564722
132 0.4711514311
133 0.4706295239
134 0.4701798976
135 0.469793032
136 0.4694605875
137 0.4691752695
138 0.4689307067
139 0.4687213419
140 0.4685423355
141 0.4683894783
142 0.4682591147
143 0.4681480747
144 0.4680536129
145 0.4679733552
146 0.4679052515
147 0.4678475338
148 0.4677986795
149 0.4677573794
150 0.4677225092
151 0.4676931048
152 0.4676683404
153 0.4676475099
154 0.4676300104
155 0.4676153277
156 0.4676030236
157 0.4675927257
158 0.4675841178
159 0.4675769314
160 0.4675709392
161 0.4675659491
162 0.4675617986
163 0.4675583509
164 0.4675554903
165 0.46755312
166 0.4675511584
167 0.4675495369
168 0.4675481983
169 0.4675470946
170 0.4675461857
171 0.4675454382
172 0.4675448242
173 0.4675443204
174 0.4675439076
175 0.4675435698
176 0.4675432936
177 0.4675430682
178 0.4675428844
179 0.4675427347
180 0.467542613
181 0.4675425141
182 0.4675424338
183 0.4675423688
184 0.4675423162
185 0.4675422737
186 0.4675422393
187 0.4675422117
188 0.4675421894
189 0.4675421714
190 0.467542157
191 0.4675421455
192 0.4675421362
193 0.4675421288
194 0.4675421229
195 0.4675421181
196 0.4675421144
197 0.4675421114
198 0.467542109
199 0.4675421071
200 0.4675421056
201 0.4675421044
202 0.4675421034
203 0.4675421027
204 0.4675421021
205 0.4675421016
206 0.4675421013
207 0.467542101
208 0.4675421007
209 0.4675421006
210 0.4675421004
211 0.4675421003
212 0.4675421002
213 0.4675421002
214 0.4675421001
215 0.4675421001
216 0.4675421
217 0.4675421
218 0.4675421
219 0.4675421
220 0.4675421
221 0.4675421
222 0.4675421
223 0.4675420999
224 0.4675420999
225 0.4675420999
226 0.4675420999
227 0.4675420999
228 0.4675420999
229 0.4675420999
230 0.4675420999
231 0.4675420999
232 0.4675420999
233 0.4675420999
234 0.4675420999
235 0.4675420999
236 0.4675420999
237 0.4675420999
238 0.4675420999
239 0.4675420999
240 0.4675420999
241 0.4675420999
242 0.4675420999
243 0.4675420999
244 0.4675420999
245 0.4675420999
246 0.4675420999
247 0.4675420999
248 0.4675420999
249 0.4675420999
250 0.4675420999
251 0.4675420999
252 0.4675420999
253 0.4675420999
254 0.4675420999
255 0.4675420999
256 0.4675420999
257 0.4675420999
258 0.4675420999
259 0.4675420999
260 0.4675420999
261 0.4675420999
262 0.4675420999
263 0.4675420999
264 0.4675420999
265 0.4675420999
266 0.4675420999
267 0.4675420999
268 0.4675420999
269 0.4675420999
270 0.4675420999
271 0.4675420999
272 0.4675420999
273 0.4675420999
274 0.4675420999
275 0.4675420999
276 0.4675420999
277 0.4675420999
278 0.4675420999
279 0.4675420999
280 0.4675420999
281 0.4675420999
282 0.4675420999
283 0.4675420999
284 0.4675420999
285 0.4675420999
286 0.4675420999
287 0.4675420999
288 0.4675420999
289 0.4675420999
290 0.4675420999
291 0.4675420999
292 0.4675420999
293 0.4675420999
294 0.4675420999
295 0.4675420999
296 0.4675420999
297 0.4675420999
298 0.4675420999
299 0.4675420999
300 0.4675420999
301 0.4675420999
302 0.4675420999
303 0.4675420999
304 0.4675420999
305 0.4675420999
306 0.4675420999
307 0.4675420999
308 0.4675420999
309 0.4675420999
310 0.4675420999
311 0.4675420999
312 0.4675420999
313 0.4675420999
314 0.4675420999
315 0.4675420999
316 0.4675420999
317 0.4675420999
318 0.4675420999
319 0.4675420999
320 0.4675420999
321 0.4675420999
322 0.4675420999
323 0.4675420999
324 0.4675420999
325 0.4675420999
326 0.4675420999
327 0.4675420999
328 0.4675420999
329 0.4675420999
330 0.4675420999
331 0.4675420999
332 0.4675420999
333 0.4675420999
334 0.4675420999
335 0.4675420999
336 0.4675420999
337 0.4675420999
338 0.4675420999
339 0.4675420999
340 0.4675420999
341 0.4675420999
342 0.4675420999
343 0.4675420999
344 0.4675420999
345 0.4675420999
346 0.4675420999
347 0.4675420999
348 0.4675420999
349 0.4675420999
350 0.4675420999
351 0.4675420999
352 0.4675420999
353 0.4675420999
354 0.4675420999
355 0.4675420999
356 0.4675420999
357 0.4675420999
358 0.4675420999
359 0.4675420999
360 0.4675420999
361 0.4675420999
362 0.4675420999
363 0.4675420999
364 0.4675420999
365 0.4675420999
366 0.4675420999
367 0.4675420999
368 0.4675420999
369 0.4675420999
370 0.4675420999
371 0.4675420999
372 0.4675420999
373 0.4675420999
374 0.4675420999
375 0.4675420999
376 0.4675420999
377 0.4675420999
378 0.4675420999
379 0.4675420999
380 0.4675420999
381 0.4675420999
382 0.4675420999
383 0.4675420999
384 0.4675420999
385 0.4675420999
386 0.4675420999
387 0.4675420999
388 0.4675420999
389 0.4675420999
390 0.4675420999
391 0.4675420999
392 0.4675420999
393 0.4675420999
394 0.4675420999
395 0.4675420999
396 0.4675420999
397 0.4675420999
398 0.4675420999
399 0.4675420999
400 0.4675420999
401 0.4675420999
402 0.4675420999
403 0.4675420999
404 0.4675420999
405 0.4675420999
406 0.4675420999
407 0.4675420999
408 0.4675420999
409 0.4675420999
410 0.4675420999
411 0.4675420999
412 0.4675420999
413 0.4675420999
414 0.4675420999
415 0.4675420999
416 0.4675420999
417 0.4675420999
418 0.4675420999
419 0.4675420999
420 0.4675420999
421 0.4675420999
422 0.4675420999
423 0.4675420999
424 0.4675420999
425 0.4675420999
426 0.4675420999
427 0.4675420999
428 0.4675420999
429 0.4675420999
430 0.4675420999
431 0.4675420999
432 0.4675420999
433 0.4675420999
434 0.4675420999
435 0.4675420999
436 0.4675420999
437 0.4675420999
438 0.4675420999
439 0.4675420999
440 0.4675420999
441 0.4675420999
442 0.4675420999
443 0.4675420999
444 0.4675420999
445 0.4675420999
446 0.4675420999
447 0.4675420999
448 0.4675420999
449 0.4675420999
450 0.4675420999
451 0.4675420999
452 0.4675420999
453 0.4675420999
454 0.4675420999
455 0.4675420999
456 0.4675420999
457 0.4675420999
458 0.4675420999
459 0.4675420999
460 0.4675420999
461 0.4675420999
462 0.4675420999
463 0.4675420999
464 0.4675420999
465 0.4675420999
466 0.4675420999
467 0.4675420999
468 0.4675420999
469 0.4675420999
470 0.4675420999
471 0.4675420999
472 0.4675420999
473 0.4675420999
474 0.4675420999
475 0.4675420999
476 0.4675420999
477 0.4675420999
478 0.4675420999
479 0.4675420999
480 0.4675420999
481 0.4675420999
482 0.4675420999
483 0.4675420999
484 0.4675420999
485 0.4675420999
486 0.4675420999
487 0.4675420999
488 0.4675420999
489 0.4675420999
490 0.4675420999
491 0.4675420999
492 0.4675420999
493 0.4675420999
494 0.4675420999
495 0.4675420999
496 0.4675420999
497 0.4675420999
498 0.4675420999
499 0.4675420999
500 0.4675420999
501 0.4675420999
502 0.4675420999
503 0.4675420999
504 0.4675420999
505 0.4675420999
506 0.4675420999
507 0.4675420999
508 0.4675420999
509 0.4675420999
510 0.4675420999
511 0.4675420999
512 0.4675420999
513 0.4675420999
514 0.4675420999
515 0.4675420999
516 0.4675420999
517 0.4675420999
518 0.4675420999
519 0.4675420999
520 0.4675420999
521 0.4675420999
522 0.4675420999
523 0.4675420999
524 0.4675420999
525 0.4675420999
526 0.4675420999
527 0.4675420999
528 0.4675420999
529 0.4675420999
530 0.4675420999
531 0.4675420999
532 0.4675420999
533 0.4675420999
534 0.4675420999
535 0.4675420999
536 0.4675420999
537 0.4675420999
538 0.4675420999
539 0.4675420999
540 0.4675420999
541 0.4675420999
542 0.4675420999
543 0.4675420999
544 0.4675420999
545 0.4675420999
546 0.4675420999
547 0.4675420999
548 0.4675420999
549 0.4675420999
550 0.4675420999
551 0.4675420999
552 0.4675420999
553 0.4675420999
554 0.4675420999
555 0.4675420999
556 0.4675420999
557 0.4675420999
558 0.4675420999
559 0.4675420999
560 0.4675420999
561 0.4675420999
562 0.4675420999
563 0.4675420999
564 0.4675420999
565 0.4675420999
566 0.4675420999
567 0.4675420999
568 0.4675420999
569 0.4675420999
570 0.4675420999
571 0.4675420999
572 0.4675420999
573 0.4675420999
574 0.4675420999
575 0.4675420999
576 0.4675420999
577 0.4675420999
578 0.4675420999
579 0.4675420999
580 0.4675420999
581 0.4675420999
582 0.4675420999
583 0.4675420999
584 0.4675420999
585 0.4675420999
586 0.4675420999
587 0.4675420999
588 0.4675420999
589 0.4675420999
590 0.4675420999
591 0.4675420999
592 0.4675420999
593 0.4675420999
594 0.4675420999
595 0.4675420999
596 0.4675420999
597 0.4675420999
598 0.4675420999
599 0.4675420999
600 0.4675420999
601 0.4675420999
602 0.4675420999
603 0.4675420999
604 0.4675420999
605 0.4675420999
606 0.4675420999
607 0.4675420999
608 0.4675420999
609 0.4675420999
610 0.4675420999
611 0.4675420999
612 0.4675420999
613 0.4675420999
614 0.4675420999
615 0.4675420999
616 0.4675420999
617 0.4675420999
618 0.4675420999
619 0.4675420999
620 0.4675420999
621 0.4675420999
622 0.4675420999
623 0.4675420999
624 0.4675420999
625 0.4675420999
626 0.4675420999
627 0.4675420999
628 0.4675420999
629 0.4675420999
630 0.4675420999
631 0.4675420999
632 0.4675420999
633 0.4675420999
634 0.4675420999
635 0.4675420999
636 0.4675420999
637 0.4675420999
638 0.4675420999
639 0.4675420999
640 0.4675420999
641 0.4675420999
642 0.4675420999
643 0.4675420999
644 0.4675420999
645 0.4675420999
646 0.4675420999
647 0.4675420999
648 0.4675420999
649 0.4675420999
650 0.4675420999
651 0.4675420999
652 0.4675420999
653 0.4675420999
654 0.4675420999
655 0.4675420999
656 0.4675420999
657 0.4675420999
658 0.4675420999
659 0.4675420999
660 0.4675420999
661 0.4675420999
662 0.4675420999
663 0.4675420999
664 0.4675420999
665 0.4675420999
666 0.4675420999
667 0.4675420999
668 0.4675420999
669 0.4675420999
670 0.4675420999
671 0.4675420999
672 0.4675420999
673 0.4675420999
674 0.4675420999
675 0.4675420999
676 0.4675420999
677 0.4675420999
678 0.4675420999
679 0.4675420999
680 0.4675420999
681 0.4675420999
682 0.4675420999
683 0.4675420999
684 0.4675420999
685 0.4675420999
686 0.4675420999
687 0.4675420999
688 0.4675420999
689 0.4675420999
690 0.4675420999
691 0.4675420999
692 0.4675420999
693 0.4675420999
694 0.4675420999
695 0.4675421
696 0.4675421
697 0.4675421
698 0.4675421
699 0.4675421
700 0.4675421
701 0.4675421
702 0.4675421
703 0.4675421001
704 0.4675421001
705 0.4675421002
706 0.4675421002
707 0.4675421003
708 0.4675421004
709 0.4675421005
710 0.4675421007
711 0.4675421008
712 0.4675421011
713 0.4675421014
714 0.4675421017
715 0.4675421022
716 0.4675421027
717 0.4675421034
718 0.4675421042
719 0.4675421053
720 0.4675421066
721 0.4675421081
722 0.4675421101
723 0.4675421125
724 0.4675421155
725 0.4675421191
726 0.4675421236
727 0.4675421291
728 0.4675421359
729 0.4675421441
730 0.4675421542
731 0.4675421665
732 0.4675421816
733 0.4675421999
734 0.4675422222
735 0.4675422494
736 0.4675422823
737 0.4675423224
738 0.467542371
739 0.4675424298
740 0.467542501
741 0.467542587
742 0.4675426909
743 0.4675428162
744 0.4675429673
745 0.4675431491
746 0.4675433677
747 0.4675436303
748 0.4675439454
749 0.4675443231
750 0.4675447753
751 0.4675453163
752 0.4675459627
753 0.4675467343
754 0.4675476543
755 0.4675487502
756 0.4675500541
757 0.467551604
758 0.4675534443
759 0.4675556271
760 0.4675582134
761 0.4675612746
762 0.467564894
763 0.4675691688
764 0.4675742126
765 0.4675801573
766 0.4675871563
767 0.467595388
768 0.4676050592
769 0.4676164096
770 0.4676297166
771 0.467645301
772 0.4676635333
773 0.4676848405
774 0.4677097149
775 0.4677387228
776 0.4677725152
777 0.4678118394
778 0.4678575523
779 0.4679106351
780 0.4679722104
781 0.4680435608
782 0.46812615
783 0.4682216462
784 0.4683319487
785 0.4684592171
786 0.468605904
787 0.4687747915
788 0.4689690315
789 0.4691921907
790 0.4694482999
791 0.4697419093
792 0.4700781486
793 0.470462794
794 0.4709023416
795 0.4714040879
796 0.4719762181
797 0.4726279033
798 0.473369406
799 0.4742121952
800 0.4751690728
801 0.4762543095
802 0.4774837938
803 0.4788751917
804 0.4804481214
805 0.4822243397
806 0.4842279445
807 0.4864855914
808 0.4890267268
809 0.4918838364
810 0.4950927118
811 0.4986927343
812 0.5027271761
813 0.5072435207
814 0.5122938017
815 0.5179349607
816 0.5242292242
817 0.5312444993
818 0.539054789
819 0.5477406248
820 0.5573895187
821 0.5680964312
822 0.5799642566
823 0.593104323
824 0.6076369055
825 0.6236917527
826 0.6414086216
827 0.6609378214
828 0.6824407618
829 0.706090503
830 0.7320723054
831 0.760584173
832 0.7918373892
833 0.8260570376
834 0.8634825058
835 0.9043679652
836 0.9489828213
837 0.9976121295
838 1.05055697
839 1.108134773
840 1.170679593
841 1.238542315
842 1.312090796
843 1.391709928
844 1.477801616
845 1.570784662
846 1.671094548
847 1.779183111
848 1.895518101
849 2.020582611
850 2.154874381
851 2.298904955
852 2.453198696
853 2.618291647
854 2.794730232
855 2.983069798
856 3.18387298
857 3.397707904
858 3.62514621
859 3.866760906
860 4.123124037
861 4.39480419
862 4.682363823
863 4.986356426
864 5.307323526
865 5.645791526
866 6.002268414
867 6.377240324
868 6.771167982
869 7.18448304
870 7.617584318
871 8.070833976
872 8.544553625
873 9.039020404
874 9.554463049
875 10.09105798
876 10.64892539
877 11.22812549
878 11.82865472
879 12.45044218
880 13.0933462
881 13.75715102
882 14.4415638
883 15.14621178
884 15.87063977
885 16.61430788
886 17.37658969
887 18.15677068
888 18.95404713
889 19.76752536
890 20.59622153
891 21.43906177
892 22.29488288
893 23.16243353
894 24.04037594
895 24.92728812
896 25.82166664
897 26.72192994
898 27.62642216
899 28.53341759
900 29.44112555
901 30.34769584
902 31.25122478
903 32.14976157
904 33.04131528
905 33.92386221
906 34.79535366
907 35.6537241
908 36.49689967
909 37.32280702
910 38.12938233
911 38.91458063
912 39.67638523
913 40.41281727
914 41.12194537
915 41.80189523
916 42.45085923
917 43.06710591
918 43.64898931
919 44.19495805
920 44.70356422
921 45.17347189
922 45.60346531
923 45.99245662
924 46.33949314
925 46.64376417
926 46.90460721
927 47.12151358
928 47.29413346
929 47.42228025
930 47.50593424
931 47.54524563
932 47.54053676
933 47.49230368
934 47.40121691
935 47.26812149
936 47.09403625
937 46.8801524
938 46.62783125
939 46.33860134
940 46.01415475
941 45.65634273
942 45.26717064
943 44.84879228
944 44.40350351
945 43.93373524
946 43.44204595
947 42.93111353
948 42.40372661
949 41.86277549
950 41.31124246
951 40.75219182
952 40.18875939
953 39.62414171
954 39.06158491
955 38.5043732
956 37.9558172
957 37.41924189
958 36.89797446
959 36.39533195
960 35.91460865
961 35.45906351
962 35.03190738
963 34.63629019
964 34.27528814
965 33.95189083
966 33.66898855
967 33.42935946
968 33.23565706
969 33.09039769
970 32.99594829
971 32.95451432
972 32.96812804
973 33.03863705
974 33.16769321
975 33.35674206
976 33.6070126
977 33.91950774
978 34.29499524
979 34.73399939
980 35.23679337
981 35.80339242
982 36.43354788
983 37.12674211
984 37.88218442
985 38.69880804
986 39.57526825
987 40.50994157
988 41.50092631
989 42.5460443
990 43.64284399
991 44.78860487
992 45.98034338
993 47.21482013
994 48.48854862
995 49.79780542
996 51.13864176
997 52.50689658
998 53.89821096
999 55.30804394
1000 56.73168967
1001 58.16429582
1002 59.60088319
1003 61.03636638
1004 62.46557557
1005 63.8832791
1006 65.28420695
1007 66.66307476
1008 68.01460846
1009 69.33356929
1010 70.61477893
1011 71.85314484
1012 73.04368538
1013 74.18155474
1014 75.2620674
1015 76.28072196
1016 77.23322424
1017 78.11550942
1018 78.92376302
1019 79.65444071
1020 80.30428663
1021 80.87035024
1022 81.35000137
1023 81.74094363
