#54723 2910.0018391304666074 0.0045705168363384387695 1 1413 16.000049430220818044 1024 7 1 J1713+0747 0.0000000 
0 18.29594392
1 19.07450883
2 19.866282
3 20.67016662
4 21.48498325
5 22.30947143
6 23.14229182
7 23.98202883
8 24.82719376
9 25.67622843
10 26.52750936
11 27.37935242
12 28.23001796
13 29.07771649
14 29.9206147
15 30.75684204
16 31.58449764
17 32.40165764
18 33.20638289
19 33.9967269
20 34.77074421
21 35.52649882
22 36.26207298
23 36.97557603
24 37.66515337
25 38.32899554
26 38.96534719
27 39.57251611
28 40.14888212
29 40.69290581
30 41.20313707
31 41.67822338
32 42.11691782
33 42.51808671
34 42.88071681
35 43.2039222
36 43.48695055
37 43.72918896
38 43.93016919
39 44.08957239
40 44.20723309
41 44.28314265
42 44.31745204
43 44.31047388
44 44.26268387
45 44.1747215
46 44.04738998
47 43.88165559
48 43.67864625
49 43.43964938
50 43.16610913
51 42.85962289
52 42.52193717
53 42.15494278
54 41.76066948
55 41.34127996
56 40.89906324
57 40.43642757
58 39.95589279
59 39.46008216
60 38.95171378
61 38.43359153
62 37.90859562
63 37.37967278
64 36.8498261
65 36.32210449
66 35.79959199
67 35.28539667
68 34.78263941
69 34.29444243
70 33.82391768
71 33.37415505
72 32.94821052
73 32.54909415
74 32.17975813
75 31.84308465
76 31.54187394
77 31.27883222
78 31.05655979
79 30.87753921
80 30.74412359
81 30.65852513
82 30.6228038
83 30.63885631
84 30.70840546
85 30.8329897
86 31.01395323
87 31.25243651
88 31.5493672
89 31.90545184
90 32.32116798
91 32.7967571
92 33.33221823
93 33.92730242
94 34.58150802
95 35.29407692
96 36.0639918
97 36.88997438
98 37.7704848
99 38.70372215
100 39.6876262
101 40.71988039
102 41.79791605
103 42.91891802
104 44.07983154
105 45.27737048
106 46.50802702
107 47.76808255
108 49.05362007
109 50.36053777
110 51.68456397
111 53.02127329
112 54.36610399
113 55.71437644
114 57.0613126
115 58.40205649
116 59.73169547
117 61.04528226
118 62.33785756
119 63.60447319
120 64.84021555
121 66.04022926
122 67.19974091
123 68.31408263
124 69.37871546
125 70.38925229
126 71.34148018
127 72.23138196
128 73.05515697
129 73.80924071
130 74.49032328
131 75.09536656
132 75.62161986
133 76.06663401
134 76.4282738
135 76.70472854
136 76.89452087
137 76.99651352
138 77.00991419
139 76.93427832
140 76.76950983
141 76.5158599
142 76.17392357
143 75.74463442
144 75.22925732
145 74.6293792
146 73.94689805
147 73.18401017
148 72.34319582
149 71.42720333
150 70.43903185
151 69.38191285
152 68.25929056
153 67.0748014
154 65.83225271
155 64.53560081
156 63.18892866
157 61.79642316
158 60.36235242
159 58.89104299
160 57.38685741
161 55.85417199
162 54.29735517
163 52.72074655
164 51.12863662
165 49.52524745
166 47.91471438
167 46.30106878
168 44.68822207
169 43.0799509
170 41.47988377
171 39.89148899
172 38.31806395
173 36.76272601
174 35.22840463
175 33.71783509
176 32.23355354
177 30.77789351
178 29.35298369
179 27.96074714
180 26.60290167
181 25.28096147
182 23.99623981
183 22.74985286
184 21.54272447
185 20.37559176
186 19.24901164
187 18.16336795
188 17.11887927
189 16.11560721
190 15.15346523
191 14.23222774
192 13.35153951
193 12.51092527
194 11.70979937
195 10.9474756
196 10.22317678
197 9.536044448
198 8.885148263
199 8.269495214
200 7.688038589
201 7.139686606
202 6.623310713
203 6.137753487
204 5.681836141
205 5.254365585
206 4.854141046
207 4.479960223
208 4.130624974
209 3.804946535
210 3.501750265
211 3.219879925
212 2.958201504
213 2.715606594
214 2.491015338
215 2.283378955
216 2.091681878
217 1.914943499
218 1.752219576
219 1.602603287
220 1.465225985
221 1.339257662
222 1.22390714
223 1.118422034
224 1.022088485
225 0.9342307054
226 0.8542103444
227 0.7814257061
228 0.7153108332
229 0.6553344799
230 0.6009989896
231 0.5518390975
232 0.5074206711
233 0.4673394065
234 0.4312194927
235 0.3987122557
236 0.3694947962
237 0.3432686279
238 0.3197583287
239 0.2987102097
240 0.2798910118
241 0.263086633
242 0.2481008938
243 0.2347543436
244 0.2228831113
245 0.2123378035
246 0.2029824519
247 0.1946935101
248 0.1873589027
249 0.1808771251
250 0.1751563942
251 0.1701138504
252 0.1656748088
253 0.1617720586
254 0.1583452104
255 0.1553400882
256 0.1527081657
257 0.1504060437
258 0.1483949685
259 0.1466403867
260 0.1451115373
261 0.1437810764
262 0.1426247346
263 0.1416210028
264 0.1407508476
265 0.1399974505
266 0.1393459725
267 0.1387833403
268 0.1382980531
269 0.1378800084
270 0.1375203443
271 0.1372112992
272 0.1369460844
273 0.136718771
274 0.1365241885
275 0.1363578339
276 0.1362157915
277 0.1360946608
278 0.1359914932
279 0.1359037353
280 0.1358291793
281 0.1357659188
282 0.1357123099
283 0.135666937
284 0.1356285829
285 0.1355962027
286 0.1355689
287 0.1355459075
288 0.135526569
289 0.1355103241
290 0.1354966951
291 0.1354852749
292 0.1354757176
293 0.1354677293
294 0.1354610607
295 0.1354555008
296 0.135450871
297 0.1354470205
298 0.1354438221
299 0.1354411687
300 0.1354389702
301 0.1354371509
302 0.1354356472
303 0.135434406
304 0.1354333826
305 0.1354325399
306 0.1354318469
307 0.1354312777
308 0.1354308107
309 0.1354304281
310 0.135430115
311 0.1354298591
312 0.1354296502
313 0.1354294799
314 0.1354293412
315 0.1354292284
316 0.1354291368
317 0.1354290625
318 0.1354290023
319 0.1354289535
320 0.1354289142
321 0.1354288824
322 0.1354288567
323 0.1354288361
324 0.1354288195
325 0.1354288061
326 0.1354287954
327 0.1354287869
328 0.13542878
329 0.1354287745
330 0.1354287702
331 0.1354287667
332 0.1354287639
333 0.1354287617
334 0.1354287599
335 0.1354287585
336 0.1354287574
337 0.1354287565
338 0.1354287559
339 0.1354287553
340 0.1354287549
341 0.1354287545
342 0.1354287543
343 0.1354287541
344 0.1354287539
345 0.1354287538
346 0.1354287537
347 0.1354287536
348 0.1354287535
349 0.1354287535
350 0.1354287534
351 0.1354287534
352 0.1354287534
353 0.1354287534
354 0.1354287534
355 0.1354287533
356 0.1354287533
357 0.1354287533
358 0.1354287533
359 0.1354287533
360 0.1354287533
361 0.1354287533
362 0.1354287533
363 0.1354287533
364 0.1354287533
365 0.1354287533
366 0.1354287533
367 0.1354287533
368 0.1354287533
369 0.1354287533
370 0.1354287533
371 0.1354287533
372 0.1354287533
373 0.1354287533
374 0.1354287533
375 0.1354287533
376 0.1354287533
377 0.1354287533
378 0.1354287533
379 0.1354287533
380 0.1354287533
381 0.1354287533
382 0.1354287533
383 0.1354287533
384 0.1354287533
385 0.1354287533
386 0.1354287533
387 0.1354287533
388 0.1354287533
389 0.1354287533
390 0.1354287533
391 0.1354287533
392 0.1354287533
393 0.1354287533
394 0.1354287533
395 0.1354287533
396 0.1354287533
397 0.1354287533
398 0.1354287533
399 0.1354287533
400 0.1354287533
401 0.1354287533
402 0.1354287533
403 0.1354287533
404 0.1354287533
405 0.1354287533
406 0.1354287533
407 0.1354287533
408 0.1354287533
409 0.1354287533
410 0.1354287533
411 0.1354287533
412 0.1354287533
413 0.1354287533
414 0.1354287533
415 0.1354287533
416 0.1354287533
417 0.1354287533
418 0.1354287533
419 0.1354287533
420 0.1354287533
421 0.1354287533
422 0.1354287533
423 0.1354287533
424 0.1354287533
425 0.1354287533
426 0.1354287533
427 0.1354287533
428 0.1354287533
429 0.1354287533
430 0.1354287533
431 0.1354287533
432 0.1354287533
433 0.1354287533
434 0.1354287533
435 0.1354287533
436 0.1354287533
437 0.1354287533
438 0.1354287533
439 0.1354287533
440 0.1354287533
441 0.1354287533
442 0.1354287533
443 0.1354287533
444 0.1354287533
445 0.1354287533
446 0.1354287533
447 0.1354287533
448 0.1354287533
449 0.1354287533
450 0.1354287533
451 0.1354287533
452 0.1354287533
453 0.1354287533
454 0.1354287533
455 0.1354287533
456 0.1354287533
457 0.1354287533
458 0.1354287533
459 0.1354287533
460 0.1354287533
461 0.1354287533
462 0.1354287533
463 0.1354287533
464 0.1354287533
465 0.1354287533
466 0.1354287533
467 0.1354287533
468 0.1354287533
469 0.1354287533
470 0.1354287533
471 0.1354287533
472 0.1354287533
473 0.1354287533
474 0.1354287533
475 0.1354287533
476 0.1354287533
477 0.1354287533
478 0.1354287533
479 0.1354287533
480 0.1354287533
481 0.1354287533
482 0.1354287533
483 0.1354287533
484 0.1354287533
485 0.1354287533
486 0.1354287533
487 0.1354287533
488 0.1354287533
489 0.1354287533
490 0.1354287533
491 0.1354287533
492 0.1354287533
493 0.1354287533
494 0.1354287533
495 0.1354287533
496 0.1354287533
497 0.1354287533
498 0.1354287533
499 0.1354287533
500 0.1354287533
501 0.1354287533
502 0.1354287533
503 0.1354287533
504 0.1354287533
505 0.1354287533
506 0.1354287533
507 0.1354287533
508 0.1354287533
509 0.1354287533
510 0.1354287533
511 0.1354287533
512 0.1354287533
513 0.1354287533
514 0.1354287533
515 0.1354287533
516 0.1354287533
517 0.1354287533
518 0.1354287533
519 0.1354287533
520 0.1354287533
521 0.1354287533
522 0.1354287533
523 0.1354287533
524 0.1354287533
525 0.1354287533
526 0.1354287533
527 0.1354287533
528 0.1354287533
529 0.1354287533
530 0.1354287533
531 0.1354287533
532 0.1354287533
533 0.1354287533
534 0.1354287533
535 0.1354287533
536 0.1354287533
537 0.1354287533
538 0.1354287533
539 0.1354287533
540 0.1354287533
541 0.1354287533
542 0.1354287533
543 0.1354287533
544 0.1354287533
545 0.1354287533
546 0.1354287533
547 0.1354287533
548 0.1354287533
549 0.1354287533
550 0.1354287533
551 0.1354287533
552 0.1354287533
553 0.1354287533
554 0.1354287533
555 0.1354287533
556 0.1354287533
557 0.1354287533
558 0.1354287533
559 0.1354287533
560 0.1354287533
561 0.1354287533
562 0.1354287533
563 0.1354287533
564 0.1354287533
565 0.1354287533
566 0.1354287533
567 0.1354287533
568 0.1354287533
569 0.1354287533
570 0.1354287533
571 0.1354287533
572 0.1354287533
573 0.1354287533
574 0.1354287533
575 0.1354287533
576 0.1354287533
577 0.1354287533
578 0.1354287533
579 0.1354287533
580 0.1354287533
581 0.1354287533
582 0.1354287533
583 0.1354287533
584 0.1354287533
585 0.1354287533
586 0.1354287533
587 0.1354287533
588 0.1354287533
589 0.1354287533
590 0.1354287533
591 0.1354287533
592 0.1354287533
593 0.1354287533
594 0.1354287533
595 0.1354287533
596 0.1354287533
597 0.1354287533
598 0.1354287533
599 0.1354287533
600 0.1354287533
601 0.1354287533
602 0.1354287533
603 0.1354287533
604 0.1354287533
605 0.1354287533
606 0.1354287533
607 0.1354287533
608 0.1354287533
609 0.1354287533
610 0.1354287533
611 0.1354287533
612 0.1354287533
613 0.1354287533
614 0.1354287533
615 0.1354287533
616 0.1354287533
617 0.1354287533
618 0.1354287533
619 0.1354287533
620 0.1354287533
621 0.1354287533
622 0.1354287533
623 0.1354287533
624 0.1354287533
625 0.1354287533
626 0.1354287533
627 0.1354287533
628 0.1354287533
629 0.1354287533
630 0.1354287533
631 0.1354287533
632 0.1354287533
633 0.1354287533
634 0.1354287533
635 0.1354287533
636 0.1354287533
637 0.1354287533
638 0.1354287533
639 0.1354287533
640 0.1354287533
641 0.1354287533
642 0.1354287533
643 0.1354287533
644 0.1354287533
645 0.1354287533
646 0.1354287533
647 0.1354287533
648 0.1354287533
649 0.1354287533
650 0.1354287533
651 0.1354287533
652 0.1354287533
653 0.1354287533
654 0.1354287533
655 0.1354287533
656 0.1354287533
657 0.1354287533
658 0.1354287533
659 0.1354287533
660 0.1354287533
661 0.1354287533
662 0.1354287533
663 0.1354287533
664 0.1354287533
665 0.1354287533
666 0.1354287533
667 0.1354287533
668 0.1354287533
669 0.1354287533
670 0.1354287533
671 0.1354287533
672 0.1354287533
673 0.1354287533
674 0.1354287533
675 0.1354287533
676 0.1354287533
677 0.1354287533
678 0.1354287533
679 0.1354287533
680 0.1354287533
681 0.1354287533
682 0.1354287533
683 0.1354287533
684 0.1354287533
685 0.1354287533
686 0.1354287533
687 0.1354287533
688 0.1354287533
689 0.1354287533
690 0.1354287533
691 0.1354287533
692 0.1354287533
693 0.1354287533
694 0.1354287533
695 0.1354287533
696 0.1354287533
697 0.1354287533
698 0.1354287533
699 0.1354287533
700 0.1354287533
701 0.1354287533
702 0.1354287533
703 0.1354287533
704 0.1354287533
705 0.1354287533
706 0.1354287533
707 0.1354287533
708 0.1354287533
709 0.1354287533
710 0.1354287533
711 0.1354287533
712 0.1354287533
713 0.1354287533
714 0.1354287533
715 0.1354287533
716 0.1354287533
717 0.1354287533
718 0.1354287533
719 0.1354287533
720 0.1354287533
721 0.1354287533
722 0.1354287533
723 0.1354287533
724 0.1354287533
725 0.1354287533
726 0.1354287533
727 0.1354287533
728 0.1354287533
729 0.1354287533
730 0.1354287533
731 0.1354287533
732 0.1354287533
733 0.1354287533
734 0.1354287533
735 0.1354287533
736 0.1354287533
737 0.1354287533
738 0.1354287533
739 0.1354287533
740 0.1354287533
741 0.1354287533
742 0.1354287533
743 0.1354287533
744 0.1354287533
745 0.1354287533
746 0.1354287533
747 0.1354287533
748 0.1354287533
749 0.1354287533
750 0.1354287533
751 0.1354287533
752 0.1354287533
753 0.1354287533
754 0.1354287533
755 0.1354287533
756 0.1354287533
757 0.1354287533
758 0.1354287533
759 0.1354287533
760 0.1354287533
761 0.1354287533
762 0.1354287533
763 0.1354287533
764 0.1354287533
765 0.1354287533
766 0.1354287533
767 0.1354287533
768 0.1354287533
769 0.1354287533
770 0.1354287533
771 0.1354287533
772 0.1354287533
773 0.1354287533
774 0.1354287533
775 0.1354287533
776 0.1354287533
777 0.1354287533
778 0.1354287533
779 0.1354287533
780 0.1354287533
781 0.1354287533
782 0.1354287533
783 0.1354287533
784 0.1354287533
785 0.1354287533
786 0.1354287533
787 0.1354287533
788 0.1354287533
789 0.1354287533
790 0.1354287533
791 0.1354287533
792 0.1354287533
793 0.1354287533
794 0.1354287533
795 0.1354287533
796 0.1354287533
797 0.1354287533
798 0.1354287533
799 0.1354287533
800 0.1354287533
801 0.1354287533
802 0.1354287533
803 0.1354287533
804 0.1354287533
805 0.1354287533
806 0.1354287533
807 0.1354287533
808 0.1354287533
809 0.1354287533
810 0.1354287533
811 0.1354287533
812 0.1354287533
813 0.1354287533
814 0.1354287533
815 0.1354287533
816 0.1354287533
817 0.1354287533
818 0.1354287533
819 0.1354287533
820 0.1354287533
821 0.1354287533
822 0.1354287533
823 0.1354287533
824 0.1354287533
825 0.1354287533
826 0.1354287533
827 0.1354287533
828 0.1354287533
829 0.1354287533
830 0.1354287533
831 0.1354287533
832 0.1354287533
833 0.1354287534
834 0.1354287534
835 0.1354287534
836 0.1354287534
837 0.1354287534
838 0.1354287535
839 0.1354287535
840 0.1354287535
841 0.1354287536
842 0.1354287537
843 0.1354287538
844 0.1354287539
845 0.135428754
846 0.1354287542
847 0.1354287544
848 0.1354287547
849 0.135428755
850 0.1354287554
851 0.135428756
852 0.1354287566
853 0.1354287574
854 0.1354287584
855 0.1354287596
856 0.1354287611
857 0.135428763
858 0.1354287653
859 0.1354287681
860 0.1354287716
861 0.1354287758
862 0.1354287811
863 0.1354287875
864 0.1354287953
865 0.1354288049
866 0.1354288166
867 0.1354288309
868 0.1354288483
869 0.1354288695
870 0.1354288953
871 0.1354289266
872 0.1354289647
873 0.1354290108
874 0.1354290667
875 0.1354291343
876 0.135429216
877 0.1354293146
878 0.1354294336
879 0.135429577
880 0.1354297496
881 0.1354299571
882 0.1354302064
883 0.1354305054
884 0.1354308639
885 0.1354312931
886 0.1354318065
887 0.1354324199
888 0.135433152
889 0.1354340249
890 0.1354350646
891 0.1354363016
892 0.1354377718
893 0.1354395173
894 0.1354415876
895 0.1354440405
896 0.1354469435
897 0.1354503757
898 0.1354544293
899 0.1354592115
900 0.1354648476
901 0.1354714829
902 0.1354792863
903 0.1354884537
904 0.135499212
905 0.1355118242
906 0.1355265938
907 0.1355438716
908 0.1355640622
909 0.1355876314
910 0.1356151154
911 0.1356471305
912 0.1356843839
913 0.1357276867
914 0.1357779675
915 0.1358362887
916 0.1359038639
917 0.1359820781
918 0.1360725095
919 0.136176955
920 0.1362974574
921 0.1364363368
922 0.1365962245
923 0.1367801014
924 0.1369913405
925 0.1372337534
926 0.1375116425
927 0.1378298578
928 0.13819386
929 0.1386097901
930 0.1390845449
931 0.1396258611
932 0.1402424063
933 0.1409438786
934 0.1417411159
935 0.1426462143
936 0.143672657
937 0.144835454
938 0.1461512938
939 0.147638707
940 0.1493182431
941 0.1512126606
942 0.1533471316
943 0.1557494613
944 0.1584503225
945 0.1614835065
946 0.1648861902
947 0.1686992207
948 0.1729674164
949 0.1777398862
950 0.1830703666
951 0.1890175763
952 0.195645589
953 0.2030242237
954 0.2112294527
955 0.2203438256
956 0.2304569105
957 0.24166575
958 0.2540753307
959 0.267799067
960 0.2829592941
961 0.299687772
962 0.3181261953
963 0.3384267081
964 0.3607524208
965 0.3852779248
966 0.4121898029
967 0.4416871309
968 0.473981966
969 0.5092998178
970 0.5478800972
971 0.5899765372
972 0.6358575813
973 0.6858067316
974 0.7401228526
975 0.7991204226
976 0.8631297265
977 0.9324969827
978 1.007584397
979 1.088770138
980 1.176448221
981 1.271028299
982 1.372935352
983 1.482609264
984 1.60050428
985 1.727088347
986 1.862842312
987 2.008258989
988 2.163842085
989 2.330104966
990 2.50756928
991 2.696763418
992 2.898220812
993 3.112478069
994 3.340072951
995 3.581542172
996 3.837419054
997 4.108231002
998 4.394496836
999 4.696723966
1000 5.015405425
1001 5.351016761
1002 5.704012811
1003 6.074824356
1004 6.463854674
1005 6.871476009
1006 7.298025977
1007 7.743803906
1008 8.209067164
1009 8.694027463
1010 9.198847185
1011 9.723635738
1012 10.26844599
1013 10.83327076
1014 11.41803947
1015 12.02261492
1016 12.64679022
1017 13.29028593
1018 13.95274749
1019 14.63374281
1020 15.33276023
1021 16.04920674
1022 16.78240661
1023 17.53160032
