#54745 2909.9959957287555925 0.0045704775817950807348 1 1485 16.000049430220818044 1024 7 1 J1713+0747 0.0000000 
0 0.3064389235
1 0.3064389235
2 0.3064389235
3 0.3064389235
4 0.3064389235
5 0.3064389235
6 0.3064389235
7 0.3064389235
8 0.3064389235
9 0.3064389235
10 0.3064389235
11 0.3064389235
12 0.3064389235
13 0.3064389235
14 0.3064389235
15 0.3064389235
16 0.3064389235
17 0.3064389235
18 0.3064389235
19 0.3064389235
20 0.3064389235
21 0.3064389235
22 0.3064389235
23 0.3064389235
24 0.3064389235
25 0.3064389235
26 0.3064389235
27 0.3064389235
28 0.3064389235
29 0.3064389235
30 0.3064389235
31 0.3064389235
32 0.3064389235
33 0.3064389235
34 0.3064389235
35 0.3064389235
36 0.3064389235
37 0.3064389235
38 0.3064389235
39 0.3064389235
40 0.3064389235
41 0.3064389235
42 0.3064389235
43 0.3064389235
44 0.3064389235
45 0.3064389235
46 0.3064389235
47 0.3064389235
48 0.3064389235
49 0.3064389235
50 0.3064389235
51 0.3064389235
52 0.3064389235
53 0.3064389235
54 0.3064389235
55 0.3064389235
56 0.3064389235
57 0.3064389235
58 0.3064389235
59 0.3064389235
60 0.3064389235
61 0.3064389235
62 0.3064389235
63 0.3064389235
64 0.3064389235
65 0.3064389235
66 0.3064389235
67 0.3064389235
68 0.3064389235
69 0.3064389235
70 0.3064389235
71 0.3064389235
72 0.3064389235
73 0.3064389235
74 0.3064389235
75 0.3064389235
76 0.3064389235
77 0.3064389235
78 0.3064389235
79 0.3064389235
80 0.3064389235
81 0.3064389235
82 0.3064389235
83 0.3064389235
84 0.3064389235
85 0.3064389235
86 0.3064389235
87 0.3064389235
88 0.3064389235
89 0.3064389235
90 0.3064389235
91 0.3064389235
92 0.3064389235
93 0.3064389235
94 0.3064389235
95 0.3064389235
96 0.3064389235
97 0.3064389235
98 0.3064389235
99 0.3064389235
100 0.3064389235
101 0.3064389235
102 0.3064389235
103 0.3064389235
104 0.3064389235
105 0.3064389235
106 0.3064389235
107 0.3064389235
108 0.3064389235
109 0.3064389235
110 0.3064389235
111 0.3064389235
112 0.3064389235
113 0.3064389235
114 0.3064389235
115 0.3064389235
116 0.3064389235
117 0.3064389235
118 0.3064389235
119 0.3064389235
120 0.3064389235
121 0.3064389235
122 0.3064389235
123 0.3064389235
124 0.3064389235
125 0.3064389235
126 0.3064389235
127 0.3064389235
128 0.3064389235
129 0.3064389235
130 0.3064389235
131 0.3064389235
132 0.3064389235
133 0.3064389235
134 0.3064389235
135 0.3064389235
136 0.3064389235
137 0.3064389235
138 0.3064389235
139 0.3064389235
140 0.3064389235
141 0.3064389235
142 0.3064389235
143 0.3064389235
144 0.3064389235
145 0.3064389235
146 0.3064389235
147 0.3064389235
148 0.3064389235
149 0.3064389235
150 0.3064389235
151 0.3064389235
152 0.3064389235
153 0.3064389235
154 0.3064389235
155 0.3064389235
156 0.3064389235
157 0.3064389235
158 0.3064389235
159 0.3064389235
160 0.3064389235
161 0.3064389235
162 0.3064389236
163 0.3064389236
164 0.3064389236
165 0.3064389237
166 0.3064389237
167 0.3064389238
168 0.3064389238
169 0.3064389239
170 0.3064389241
171 0.3064389242
172 0.3064389244
173 0.3064389247
174 0.306438925
175 0.3064389253
176 0.3064389258
177 0.3064389264
178 0.3064389271
179 0.306438928
180 0.3064389291
181 0.3064389304
182 0.3064389321
183 0.3064389342
184 0.3064389367
185 0.3064389398
186 0.3064389436
187 0.3064389483
188 0.3064389541
189 0.3064389611
190 0.3064389697
191 0.3064389803
192 0.3064389931
193 0.3064390088
194 0.3064390278
195 0.3064390511
196 0.3064390793
197 0.3064391135
198 0.3064391551
199 0.3064392054
200 0.3064392664
201 0.30643934
202 0.306439429
203 0.3064395364
204 0.3064396659
205 0.3064398217
206 0.3064400091
207 0.3064402344
208 0.3064405047
209 0.3064408288
210 0.306441217
211 0.3064416815
212 0.3064422366
213 0.3064428995
214 0.30644369
215 0.3064446319
216 0.306445753
217 0.3064470858
218 0.3064486689
219 0.306450547
220 0.3064527729
221 0.3064554082
222 0.306458525
223 0.3064622072
224 0.3064665528
225 0.306471676
226 0.3064777094
227 0.3064848074
228 0.3064931489
229 0.3065029413
230 0.3065144248
231 0.3065278773
232 0.3065436196
233 0.3065620219
234 0.3065835108
235 0.3066085774
236 0.3066377863
237 0.3066717859
238 0.3067113196
239 0.3067572395
240 0.3068105203
241 0.3068722762
242 0.3069437788
243 0.3070264781
244 0.3071220255
245 0.3072322991
246 0.3073594326
247 0.307505847
248 0.307674286
249 0.3078678553
250 0.3080900659
251 0.3083448823
252 0.3086367756
253 0.3089707816
254 0.3093525656
255 0.3097884932
256 0.3102857072
257 0.3108522136
258 0.3114969738
259 0.312230006
260 0.3130624964
261 0.3140069186
262 0.3150771645
263 0.3162886857
264 0.3176586462
265 0.3192060881
266 0.3209521089
267 0.3229200534
268 0.3251357189
269 0.3276275751
270 0.3304269996
271 0.3335685284
272 0.3370901229
273 0.3410334532
274 0.3454441983
275 0.350372363
276 0.3558726126
277 0.3620046236
278 0.3688334529
279 0.376429922
280 0.3848710189
281 0.3942403152
282 0.4046283978
283 0.4161333148
284 0.4288610344
285 0.4429259141
286 0.4584511798
287 0.475569413
288 0.4944230417
289 0.515164835
290 0.537958397
291 0.562978657
292 0.5904123525
293 0.6204585012
294 0.6533288578
295 0.6892483507
296 0.728455494
297 0.7712027693
298 0.8177569724
299 0.8683995175
300 0.9234266945
301 0.9831498723
302 1.04789564
303 1.118005884
304 1.193837784
305 1.275763734
306 1.364171172
307 1.45946231
308 1.562053767
309 1.672376086
310 1.790873138
311 1.918001395
312 2.054229086
313 2.200035203
314 2.355908372
315 2.52234558
316 2.699850749
317 2.888933157
318 3.090105703
319 3.303883016
320 3.530779406
321 3.771306659
322 4.025971676
323 4.295273964
324 4.579702973
325 4.879735303
326 5.195831768
327 5.528434345
328 5.877963002
329 6.244812433
330 6.629348699
331 7.031905804
332 7.452782214
333 7.892237336
334 8.350487994
335 8.827704894
336 9.324009134
337 9.839468751
338 10.37409536
339 10.92784089
340 11.50059443
341 12.0921793
342 12.70235019
343 13.33079065
344 13.97711071
345 14.64084479
346 15.32145
347 16.0183046
348 16.73070693
349 17.4578747
350 18.19894457
351 18.95297229
352 19.71893317
353 20.49572299
354 21.2821595
355 22.0769842
356 22.87886478
357 23.68639793
358 24.49811268
359 25.31247427
360 26.12788839
361 26.94270602
362 27.75522864
363 28.56371393
364 29.36638191
365 30.16142143
366 30.94699707
367 31.72125643
368 32.48233766
369 33.22837733
370 33.9575185
371 34.66791902
372 35.35776001
373 36.02525438
374 36.66865549
375 37.28626581
376 37.87644554
377 38.43762113
378 38.96829373
379 39.46704744
380 39.93255727
381 40.36359698
382 40.75904638
383 41.11789852
384 41.43926624
385 41.72238843
386 41.96663574
387 42.17151579
388 42.3366778
389 42.46191668
390 42.54717652
391 42.59255337
392 42.5982975
393 42.56481495
394 42.49266834
395 42.38257714
396 42.2354172
397 42.05221956
398 41.83416868
399 41.58259995
400 41.29899656
401 40.98498575
402 40.64233443
403 40.27294418
404 39.8788457
405 39.46219266
406 39.02525509
407 38.57041216
408 38.10014457
409 37.61702644
410 37.12371677
411 36.62295054
412 36.11752938
413 35.61031198
414 35.1042041
415 34.6021484
416 34.10711388
417 33.62208526
418 33.15005199
419 32.69399722
420 32.25688655
421 31.84165673
422 31.45120417
423 31.08837349
424 30.75594599
425 30.4566281
426 30.19303992
427 29.96770371
428 29.78303262
429 29.64131939
430 29.54472532
431 29.49526935
432 29.49481751
433 29.54507249
434 29.64756364
435 29.80363732
436 30.01444767
437 30.28094782
438 30.60388168
439 30.98377627
440 31.42093472
441 31.91542992
442 32.46709895
443 33.07553835
444 33.74010021
445 34.4598892
446 35.23376062
447 36.06031946
448 36.93792053
449 37.86466977
450 38.83842671
451 39.85680816
452 40.91719315
453 42.01672912
454 43.15233943
455 44.32073216
456 45.51841019
457 46.74168261
458 47.98667738
459 49.24935519
460 50.52552464
461 51.81085841
462 53.10091066
463 54.39113536
464 55.67690563
465 56.95353381
466 58.21629236
467 59.4604354
468 60.68122061
469 61.87393169
470 63.03390092
471 64.15653187
472 65.23732203
473 66.27188529
474 67.255974
475 68.18550057
476 69.05655837
477 69.86544186
478 70.60866573
479 71.28298297
480 71.88540165
481 72.41320044
482 72.86394254
483 73.23548808
484 73.52600486
485 73.73397728
486 73.85821345
487 73.89785042
488 73.85235748
489 73.72153749
490 73.5055263
491 73.20479013
492 72.82012109
493 72.35263078
494 71.80374208
495 71.17517911
496 70.46895558
497 69.68736151
498 68.83294844
499 67.90851338
500 66.91708141
501 65.86188728
502 64.74635601
503 63.57408272
504 62.34881183
505 61.07441573
506 59.75487322
507 58.39424767
508 56.99666527
509 55.56629339
510 54.10731927
511 52.62392905
512 51.12028757
513 49.60051865
514 48.06868637
515 46.52877721
516 44.98468319
517 43.44018623
518 41.89894358
519 40.36447457
520 38.84014868
521 37.3291749
522 35.83459245
523 34.35926294
524 32.90586387
525 31.47688344
526 30.07461683
527 28.70116366
528 27.35842685
529 26.04811259
530 24.77173152
531 23.53060107
532 22.32584873
533 21.15841634
534 20.02906524
535 18.93838223
536 17.8867862
537 16.87453543
538 15.9017354
539 14.96834708
540 14.07419555
541 13.21897892
542 12.4022775
543 11.62356302
544 10.88220797
545 10.17749487
546 9.508625556
547 8.874730204
548 8.274876265
549 7.708077104
550 7.173300374
551 6.669476061
552 6.195504173
553 5.750262044
554 5.332611231
555 4.941403984
556 4.575489283
557 4.233718417
558 3.914950129
559 3.618055293
560 3.341921155
561 3.085455131
562 2.84758817
563 2.627277703
564 2.423510191
565 2.235303279
566 2.061707589
567 1.901808164
568 1.754725581
569 1.619616763
570 1.495675504
571 1.382132741
572 1.278256575
573 1.18335209
574 1.096760967
575 1.01786093
576 0.9460650445
577 0.8808208711
578 0.8216095197
579 0.7679445999
580 0.7193710958
581 0.6754641778
582 0.6358279668
583 0.6000942634
584 0.5679212553
585 0.5389922138
586 0.5130141893
587 0.4897167155
588 0.4688505293
589 0.4501863136
590 0.4335134698
591 0.4186389241
592 0.4053859716
593 0.3935931628
594 0.3831132345
595 0.3738120869
596 0.3655678082
597 0.3582697491
598 0.3518176451
599 0.3461207887
600 0.3410972501
601 0.3366731451
602 0.332781951
603 0.3293638668
604 0.326365218
605 0.3237379041
606 0.3214388858
607 0.319429712
608 0.3176760831
609 0.3161474491
610 0.3148166407
611 0.3136595321
612 0.3126547317
613 0.3117833006
614 0.3110284964
615 0.3103755403
616 0.309811406
617 0.3093246286
618 0.3089051326
619 0.3085440758
620 0.3082337102
621 0.307967256
622 0.3077387894
623 0.3075431418
624 0.3073758101
625 0.3072328765
626 0.3071109374
627 0.30700704
628 0.3069186263
629 0.3068434833
630 0.3067796995
631 0.3067256256
632 0.3066798411
633 0.3066411238
634 0.3066084239
635 0.3065808408
636 0.306557603
637 0.3065380505
638 0.3065216193
639 0.3065078285
640 0.3064962683
641 0.3064865899
642 0.3064784972
643 0.3064717389
644 0.3064661018
645 0.306461406
646 0.306457499
647 0.3064542525
648 0.3064515581
649 0.3064493248
650 0.3064474759
651 0.3064459471
652 0.3064446847
653 0.3064436435
654 0.3064427858
655 0.3064420801
656 0.3064415002
657 0.3064410244
658 0.3064406343
659 0.306440315
660 0.3064400539
661 0.3064398407
662 0.3064396668
663 0.3064395252
664 0.3064394099
665 0.3064393163
666 0.3064392403
667 0.3064391786
668 0.3064391288
669 0.3064390884
670 0.3064390559
671 0.3064390296
672 0.3064390085
673 0.3064389914
674 0.3064389778
675 0.3064389668
676 0.306438958
677 0.3064389509
678 0.3064389453
679 0.3064389408
680 0.3064389372
681 0.3064389343
682 0.3064389321
683 0.3064389303
684 0.3064389288
685 0.3064389277
686 0.3064389268
687 0.3064389261
688 0.3064389255
689 0.3064389251
690 0.3064389247
691 0.3064389244
692 0.3064389242
693 0.3064389241
694 0.3064389239
695 0.3064389238
696 0.3064389237
697 0.3064389237
698 0.3064389236
699 0.3064389236
700 0.3064389236
701 0.3064389235
702 0.3064389235
703 0.3064389235
704 0.3064389235
705 0.3064389235
706 0.3064389235
707 0.3064389235
708 0.3064389235
709 0.3064389235
710 0.3064389235
711 0.3064389235
712 0.3064389235
713 0.3064389235
714 0.3064389235
715 0.3064389235
716 0.3064389235
717 0.3064389235
718 0.3064389235
719 0.3064389235
720 0.3064389235
721 0.3064389235
722 0.3064389235
723 0.3064389235
724 0.3064389235
725 0.3064389235
726 0.3064389235
727 0.3064389235
728 0.3064389235
729 0.3064389235
730 0.3064389235
731 0.3064389235
732 0.3064389235
733 0.3064389235
734 0.3064389235
735 0.3064389235
736 0.3064389235
737 0.3064389235
738 0.3064389235
739 0.3064389235
740 0.3064389235
741 0.3064389235
742 0.3064389235
743 0.3064389235
744 0.3064389235
745 0.3064389235
746 0.3064389235
747 0.3064389235
748 0.3064389235
749 0.3064389235
750 0.3064389235
751 0.3064389235
752 0.3064389235
753 0.3064389235
754 0.3064389235
755 0.3064389235
756 0.3064389235
757 0.3064389235
758 0.3064389235
759 0.3064389235
760 0.3064389235
761 0.3064389235
762 0.3064389235
763 0.3064389235
764 0.3064389235
765 0.3064389235
766 0.3064389235
767 0.3064389235
768 0.3064389235
769 0.3064389235
770 0.3064389235
771 0.3064389235
772 0.3064389235
773 0.3064389235
774 0.3064389235
775 0.3064389235
776 0.3064389235
777 0.3064389235
778 0.3064389235
779 0.3064389235
780 0.3064389235
781 0.3064389235
782 0.3064389235
783 0.3064389235
784 0.3064389235
785 0.3064389235
786 0.3064389235
787 0.3064389235
788 0.3064389235
789 0.3064389235
790 0.3064389235
791 0.3064389235
792 0.3064389235
793 0.3064389235
794 0.3064389235
795 0.3064389235
796 0.3064389235
797 0.3064389235
798 0.3064389235
799 0.3064389235
800 0.3064389235
801 0.3064389235
802 0.3064389235
803 0.3064389235
804 0.3064389235
805 0.3064389235
806 0.3064389235
807 0.3064389235
808 0.3064389235
809 0.3064389235
810 0.3064389235
811 0.3064389235
812 0.3064389235
813 0.3064389235
814 0.3064389235
815 0.3064389235
816 0.3064389235
817 0.3064389235
818 0.3064389235
819 0.3064389235
820 0.3064389235
821 0.3064389235
822 0.3064389235
823 0.3064389235
824 0.3064389235
825 0.3064389235
826 0.3064389235
827 0.3064389235
828 0.3064389235
829 0.3064389235
830 0.3064389235
831 0.3064389235
832 0.3064389235
833 0.3064389235
834 0.3064389235
835 0.3064389235
836 0.3064389235
837 0.3064389235
838 0.3064389235
839 0.3064389235
840 0.3064389235
841 0.3064389235
842 0.3064389235
843 0.3064389235
844 0.3064389235
845 0.3064389235
846 0.3064389235
847 0.3064389235
848 0.3064389235
849 0.3064389235
850 0.3064389235
851 0.3064389235
852 0.3064389235
853 0.3064389235
854 0.3064389235
855 0.3064389235
856 0.3064389235
857 0.3064389235
858 0.3064389235
859 0.3064389235
860 0.3064389235
861 0.3064389235
862 0.3064389235
863 0.3064389235
864 0.3064389235
865 0.3064389235
866 0.3064389235
867 0.3064389235
868 0.3064389235
869 0.3064389235
870 0.3064389235
871 0.3064389235
872 0.3064389235
873 0.3064389235
874 0.3064389235
875 0.3064389235
876 0.3064389235
877 0.3064389235
878 0.3064389235
879 0.3064389235
880 0.3064389235
881 0.3064389235
882 0.3064389235
883 0.3064389235
884 0.3064389235
885 0.3064389235
886 0.3064389235
887 0.3064389235
888 0.3064389235
889 0.3064389235
890 0.3064389235
891 0.3064389235
892 0.3064389235
893 0.3064389235
894 0.3064389235
895 0.3064389235
896 0.3064389235
897 0.3064389235
898 0.3064389235
899 0.3064389235
900 0.3064389235
901 0.3064389235
902 0.3064389235
903 0.3064389235
904 0.3064389235
905 0.3064389235
906 0.3064389235
907 0.3064389235
908 0.3064389235
909 0.3064389235
910 0.3064389235
911 0.3064389235
912 0.3064389235
913 0.3064389235
914 0.3064389235
915 0.3064389235
916 0.3064389235
917 0.3064389235
918 0.3064389235
919 0.3064389235
920 0.3064389235
921 0.3064389235
922 0.3064389235
923 0.3064389235
924 0.3064389235
925 0.3064389235
926 0.3064389235
927 0.3064389235
928 0.3064389235
929 0.3064389235
930 0.3064389235
931 0.3064389235
932 0.3064389235
933 0.3064389235
934 0.3064389235
935 0.3064389235
936 0.3064389235
937 0.3064389235
938 0.3064389235
939 0.3064389235
940 0.3064389235
941 0.3064389235
942 0.3064389235
943 0.3064389235
944 0.3064389235
945 0.3064389235
946 0.3064389235
947 0.3064389235
948 0.3064389235
949 0.3064389235
950 0.3064389235
951 0.3064389235
952 0.3064389235
953 0.3064389235
954 0.3064389235
955 0.3064389235
956 0.3064389235
957 0.3064389235
958 0.3064389235
959 0.3064389235
960 0.3064389235
961 0.3064389235
962 0.3064389235
963 0.3064389235
964 0.3064389235
965 0.3064389235
966 0.3064389235
967 0.3064389235
968 0.3064389235
969 0.3064389235
970 0.3064389235
971 0.3064389235
972 0.3064389235
973 0.3064389235
974 0.3064389235
975 0.3064389235
976 0.3064389235
977 0.3064389235
978 0.3064389235
979 0.3064389235
980 0.3064389235
981 0.3064389235
982 0.3064389235
983 0.3064389235
984 0.3064389235
985 0.3064389235
986 0.3064389235
987 0.3064389235
988 0.3064389235
989 0.3064389235
990 0.3064389235
991 0.3064389235
992 0.3064389235
993 0.3064389235
994 0.3064389235
995 0.3064389235
996 0.3064389235
997 0.3064389235
998 0.3064389235
999 0.3064389235
1000 0.3064389235
1001 0.3064389235
1002 0.3064389235
1003 0.3064389235
1004 0.3064389235
1005 0.3064389235
1006 0.3064389235
1007 0.3064389235
1008 0.3064389235
1009 0.3064389235
1010 0.3064389235
1011 0.3064389235
1012 0.3064389235
1013 0.3064389235
1014 0.3064389235
1015 0.3064389235
1016 0.3064389235
1017 0.3064389235
1018 0.3064389235
1019 0.3064389235
1020 0.3064389235
1021 0.3064389235
1022 0.3064389235
1023 0.3064389235
