#54635 2910.0019824490217082 0.0045702051526394955883 1 1397 16.000049430220818044 1024 7 1 J1713+0747 0.0000000 
0 0.1096620719
1 0.1096620718
2 0.1096620717
3 0.1096620717
4 0.1096620716
5 0.1096620716
6 0.1096620716
7 0.1096620716
8 0.1096620716
9 0.1096620715
10 0.1096620715
11 0.1096620715
12 0.1096620715
13 0.1096620715
14 0.1096620715
15 0.1096620715
16 0.1096620715
17 0.1096620715
18 0.1096620715
19 0.1096620715
20 0.1096620715
21 0.1096620715
22 0.1096620715
23 0.1096620715
24 0.1096620715
25 0.1096620715
26 0.1096620715
27 0.1096620715
28 0.1096620715
29 0.1096620715
30 0.1096620715
31 0.1096620715
32 0.1096620715
33 0.1096620715
34 0.1096620715
35 0.1096620715
36 0.1096620715
37 0.1096620715
38 0.1096620715
39 0.1096620715
40 0.1096620715
41 0.1096620715
42 0.1096620715
43 0.1096620715
44 0.1096620715
45 0.1096620715
46 0.1096620715
47 0.1096620715
48 0.1096620715
49 0.1096620715
50 0.1096620715
51 0.1096620715
52 0.1096620715
53 0.1096620715
54 0.1096620715
55 0.1096620715
56 0.1096620715
57 0.1096620715
58 0.1096620715
59 0.1096620715
60 0.1096620715
61 0.1096620715
62 0.1096620715
63 0.1096620715
64 0.1096620715
65 0.1096620715
66 0.1096620715
67 0.1096620715
68 0.1096620715
69 0.1096620715
70 0.1096620715
71 0.1096620715
72 0.1096620715
73 0.1096620715
74 0.1096620715
75 0.1096620715
76 0.1096620715
77 0.1096620715
78 0.1096620715
79 0.1096620715
80 0.1096620715
81 0.1096620715
82 0.1096620715
83 0.1096620715
84 0.1096620715
85 0.1096620715
86 0.1096620715
87 0.1096620715
88 0.1096620715
89 0.1096620715
90 0.1096620715
91 0.1096620715
92 0.1096620715
93 0.1096620715
94 0.1096620715
95 0.1096620715
96 0.1096620715
97 0.1096620715
98 0.1096620715
99 0.1096620715
100 0.1096620715
101 0.1096620715
102 0.1096620715
103 0.1096620715
104 0.1096620715
105 0.1096620715
106 0.1096620715
107 0.1096620715
108 0.1096620715
109 0.1096620715
110 0.1096620715
111 0.1096620715
112 0.1096620715
113 0.1096620715
114 0.1096620715
115 0.1096620715
116 0.1096620715
117 0.1096620715
118 0.1096620715
119 0.1096620715
120 0.1096620715
121 0.1096620715
122 0.1096620715
123 0.1096620715
124 0.1096620715
125 0.1096620715
126 0.1096620715
127 0.1096620715
128 0.1096620715
129 0.1096620715
130 0.1096620715
131 0.1096620715
132 0.1096620715
133 0.1096620715
134 0.1096620715
135 0.1096620715
136 0.1096620715
137 0.1096620715
138 0.1096620715
139 0.1096620715
140 0.1096620715
141 0.1096620715
142 0.1096620715
143 0.1096620715
144 0.1096620715
145 0.1096620715
146 0.1096620715
147 0.1096620715
148 0.1096620715
149 0.1096620715
150 0.1096620715
151 0.1096620715
152 0.1096620715
153 0.1096620715
154 0.1096620715
155 0.1096620715
156 0.1096620715
157 0.1096620715
158 0.1096620715
159 0.1096620715
160 0.1096620715
161 0.1096620715
162 0.1096620715
163 0.1096620715
164 0.1096620715
165 0.1096620715
166 0.1096620715
167 0.1096620715
168 0.1096620715
169 0.1096620715
170 0.1096620715
171 0.1096620715
172 0.1096620715
173 0.1096620715
174 0.1096620715
175 0.1096620715
176 0.1096620715
177 0.1096620715
178 0.1096620715
179 0.1096620715
180 0.1096620715
181 0.1096620715
182 0.1096620715
183 0.1096620715
184 0.1096620715
185 0.1096620715
186 0.1096620715
187 0.1096620715
188 0.1096620715
189 0.1096620715
190 0.1096620715
191 0.1096620715
192 0.1096620715
193 0.1096620715
194 0.1096620715
195 0.1096620715
196 0.1096620715
197 0.1096620715
198 0.1096620715
199 0.1096620715
200 0.1096620715
201 0.1096620715
202 0.1096620715
203 0.1096620715
204 0.1096620715
205 0.1096620715
206 0.1096620715
207 0.1096620715
208 0.1096620715
209 0.1096620715
210 0.1096620715
211 0.1096620715
212 0.1096620715
213 0.1096620715
214 0.1096620715
215 0.1096620715
216 0.1096620715
217 0.1096620715
218 0.1096620715
219 0.1096620715
220 0.1096620715
221 0.1096620715
222 0.1096620715
223 0.1096620715
224 0.1096620715
225 0.1096620715
226 0.1096620715
227 0.1096620715
228 0.1096620715
229 0.1096620715
230 0.1096620715
231 0.1096620715
232 0.1096620715
233 0.1096620715
234 0.1096620715
235 0.1096620715
236 0.1096620715
237 0.1096620715
238 0.1096620715
239 0.1096620715
240 0.1096620715
241 0.1096620715
242 0.1096620715
243 0.1096620715
244 0.1096620715
245 0.1096620715
246 0.1096620715
247 0.1096620715
248 0.1096620715
249 0.1096620715
250 0.1096620715
251 0.1096620715
252 0.1096620715
253 0.1096620715
254 0.1096620715
255 0.1096620715
256 0.1096620715
257 0.1096620715
258 0.1096620715
259 0.1096620715
260 0.1096620715
261 0.1096620715
262 0.1096620715
263 0.1096620715
264 0.1096620715
265 0.1096620715
266 0.1096620715
267 0.1096620715
268 0.1096620715
269 0.1096620715
270 0.1096620715
271 0.1096620715
272 0.1096620715
273 0.1096620715
274 0.1096620715
275 0.1096620715
276 0.1096620715
277 0.1096620715
278 0.1096620715
279 0.1096620715
280 0.1096620715
281 0.1096620715
282 0.1096620715
283 0.1096620715
284 0.1096620715
285 0.1096620715
286 0.1096620715
287 0.1096620715
288 0.1096620715
289 0.1096620715
290 0.1096620715
291 0.1096620715
292 0.1096620715
293 0.1096620715
294 0.1096620715
295 0.1096620715
296 0.1096620715
297 0.1096620715
298 0.1096620715
299 0.1096620715
300 0.1096620715
301 0.1096620715
302 0.1096620715
303 0.1096620715
304 0.1096620715
305 0.1096620715
306 0.1096620715
307 0.1096620715
308 0.1096620715
309 0.1096620715
310 0.1096620715
311 0.1096620715
312 0.1096620715
313 0.1096620715
314 0.1096620715
315 0.1096620715
316 0.1096620715
317 0.1096620715
318 0.1096620715
319 0.1096620715
320 0.1096620715
321 0.1096620715
322 0.1096620715
323 0.1096620715
324 0.1096620715
325 0.1096620715
326 0.1096620715
327 0.1096620715
328 0.1096620715
329 0.1096620715
330 0.1096620715
331 0.1096620715
332 0.1096620715
333 0.1096620715
334 0.1096620715
335 0.1096620715
336 0.1096620715
337 0.1096620715
338 0.1096620715
339 0.1096620715
340 0.1096620715
341 0.1096620715
342 0.1096620715
343 0.1096620715
344 0.1096620715
345 0.1096620715
346 0.1096620715
347 0.1096620715
348 0.1096620715
349 0.1096620715
350 0.1096620715
351 0.1096620715
352 0.1096620715
353 0.1096620715
354 0.1096620715
355 0.1096620715
356 0.1096620715
357 0.1096620715
358 0.1096620715
359 0.1096620715
360 0.1096620715
361 0.1096620715
362 0.1096620715
363 0.1096620715
364 0.1096620715
365 0.1096620715
366 0.1096620715
367 0.1096620715
368 0.1096620715
369 0.1096620715
370 0.1096620715
371 0.1096620715
372 0.1096620715
373 0.1096620715
374 0.1096620715
375 0.1096620715
376 0.1096620715
377 0.1096620715
378 0.1096620715
379 0.1096620715
380 0.1096620715
381 0.1096620715
382 0.1096620715
383 0.1096620715
384 0.1096620715
385 0.1096620715
386 0.1096620715
387 0.1096620715
388 0.1096620715
389 0.1096620715
390 0.1096620715
391 0.1096620715
392 0.1096620715
393 0.1096620715
394 0.1096620715
395 0.1096620715
396 0.1096620715
397 0.1096620715
398 0.1096620715
399 0.1096620715
400 0.1096620715
401 0.1096620715
402 0.1096620715
403 0.1096620715
404 0.1096620715
405 0.1096620715
406 0.1096620715
407 0.1096620715
408 0.1096620715
409 0.1096620715
410 0.1096620715
411 0.1096620715
412 0.1096620715
413 0.1096620715
414 0.1096620715
415 0.1096620715
416 0.1096620715
417 0.1096620715
418 0.1096620715
419 0.1096620715
420 0.1096620715
421 0.1096620715
422 0.1096620715
423 0.1096620715
424 0.1096620715
425 0.1096620715
426 0.1096620715
427 0.1096620715
428 0.1096620715
429 0.1096620715
430 0.1096620715
431 0.1096620715
432 0.1096620715
433 0.1096620715
434 0.1096620715
435 0.1096620715
436 0.1096620715
437 0.1096620715
438 0.1096620715
439 0.1096620715
440 0.1096620715
441 0.1096620715
442 0.1096620715
443 0.1096620715
444 0.1096620715
445 0.1096620715
446 0.1096620715
447 0.1096620715
448 0.1096620715
449 0.1096620715
450 0.1096620715
451 0.1096620715
452 0.1096620715
453 0.1096620715
454 0.1096620715
455 0.1096620715
456 0.1096620715
457 0.1096620715
458 0.1096620715
459 0.1096620715
460 0.1096620715
461 0.1096620715
462 0.1096620715
463 0.1096620715
464 0.1096620715
465 0.1096620715
466 0.1096620715
467 0.1096620715
468 0.1096620715
469 0.1096620715
470 0.1096620715
471 0.1096620715
472 0.1096620715
473 0.1096620715
474 0.1096620715
475 0.1096620715
476 0.1096620715
477 0.1096620715
478 0.1096620715
479 0.1096620715
480 0.1096620715
481 0.1096620715
482 0.1096620715
483 0.1096620715
484 0.1096620715
485 0.1096620715
486 0.1096620715
487 0.1096620715
488 0.1096620716
489 0.1096620716
490 0.1096620716
491 0.1096620716
492 0.1096620716
493 0.1096620717
494 0.1096620717
495 0.1096620718
496 0.1096620718
497 0.1096620719
498 0.109662072
499 0.1096620722
500 0.1096620723
501 0.1096620725
502 0.1096620728
503 0.1096620731
504 0.1096620735
505 0.109662074
506 0.1096620746
507 0.1096620754
508 0.1096620763
509 0.1096620775
510 0.1096620789
511 0.1096620807
512 0.1096620828
513 0.1096620855
514 0.1096620888
515 0.1096620929
516 0.1096620978
517 0.1096621039
518 0.1096621114
519 0.1096621205
520 0.1096621316
521 0.1096621452
522 0.1096621618
523 0.109662182
524 0.1096622065
525 0.1096622364
526 0.1096622727
527 0.1096623166
528 0.1096623699
529 0.1096624344
530 0.1096625124
531 0.1096626066
532 0.1096627203
533 0.1096628573
534 0.1096630223
535 0.1096632207
536 0.1096634591
537 0.1096637452
538 0.1096640884
539 0.1096644993
540 0.109664991
541 0.1096655787
542 0.1096662805
543 0.1096671174
544 0.1096681146
545 0.1096693015
546 0.1096707126
547 0.1096723886
548 0.1096743771
549 0.1096767339
550 0.1096795241
551 0.1096828241
552 0.1096867229
553 0.1096913243
554 0.109696749
555 0.1097031376
556 0.1097106536
557 0.1097194864
558 0.1097298558
559 0.1097420162
560 0.1097562617
561 0.1097729323
562 0.1097924201
563 0.1098151769
564 0.1098417229
565 0.1098726561
566 0.1099086633
567 0.1099505321
568 0.1099991651
569 0.1100555947
570 0.1101210012
571 0.1101967318
572 0.1102843226
573 0.1103855229
574 0.1105023224
575 0.1106369816
576 0.1107920655
577 0.1109704808
578 0.111175518
579 0.111410897
580 0.1116808183
581 0.1119900188
582 0.1123438346
583 0.1127482684
584 0.1132100648
585 0.1137367929
586 0.1143369356
587 0.115019989
588 0.1157965691
589 0.1166785296
590 0.1176790888
591 0.1188129684
592 0.1200965429
593 0.1215480024
594 0.123187527
595 0.1250374761
596 0.1271225908
597 0.1294702123
598 0.1321105146
599 0.1350767541
600 0.1384055357
601 0.1421370954
602 0.1463156011
603 0.150989471
604 0.1562117095
605 0.162040262
606 0.1685383874
607 0.1757750488
608 0.1838253222
609 0.1927708219
610 0.2027001432
611 0.2137093204
612 0.2259023002
613 0.2393914278
614 0.2542979453
615 0.2707525002
616 0.2888956616
617 0.3088784422
618 0.3308628224
619 0.355022275
620 0.3815422851
621 0.4106208636
622 0.4424690475
623 0.4773113856
624 0.5153864022
625 0.5569470347
626 0.6022610393
627 0.6516113595
628 0.7052964499
629 0.76363055
630 0.8269439005
631 0.895582895
632 0.9699101604
633 1.050304558
634 1.137161099
635 1.230890762
636 1.331920214
637 1.440691417
638 1.557661121
639 1.683300228
640 1.818093034
641 1.962536318
642 2.117138304
643 2.282417459
644 2.458901142
645 2.647124099
646 2.84762678
647 3.060953512
648 3.287650484
649 3.52826358
650 3.783336041
651 4.05340596
652 4.339003619
653 4.64064867
654 4.958847171
655 5.294088469
656 5.646841967
657 6.017553757
658 6.406643157
659 6.814499148
660 7.241476739
661 7.687893272
662 8.154024693
663 8.640101801
664 9.146306502
665 9.672768105
666 10.21955965
667 10.78669436
668 11.37412213
669 11.98172625
670 12.60932019
671 13.25664467
672 13.92336493
673 14.6090682
674 15.31326152
675 16.03536986
676 16.77473455
677 17.53061212
678 18.3021735
679 19.08850363
680 19.88860155
681 20.70138091
682 21.52567098
683 22.36021813
684 23.2036878
685 24.05466704
686 24.9116675
687 25.77312899
688 26.63742351
689 27.50285982
690 28.36768852
691 29.23010759
692 30.08826846
693 30.94028246
694 31.78422774
695 32.61815661
696 33.44010322
697 34.24809159
698 35.04014391
699 35.81428916
700 36.56857191
701 37.30106124
702 38.00985989
703 38.69311339
704 39.34901924
705 39.9758361
706 40.5718928
707 41.13559736
708 41.66544566
709 42.16003002
710 42.61804737
711 43.03830715
712 43.41973885
713 43.76139902
714 44.06247789
715 44.32230545
716 44.54035699
717 44.71625804
718 44.84978867
719 44.94088723
720 44.98965336
721 44.99635033
722 44.96140668
723 44.88541718
724 44.76914306
725 44.61351151
726 44.4196145
727 44.18870682
728 43.92220352
729 43.62167657
730 43.28885087
731 42.92559965
732 42.53393913
733 42.11602268
734 41.67413428
735 41.21068151
736 40.72818789
737 40.22928484
738 39.71670303
739 39.19326338
740 38.66186755
741 38.12548814
742 37.5871584
743 37.04996174
744 36.51702086
745 35.99148659
746 35.4765266
747 34.97531377
748 34.49101442
749 34.02677648
750 33.58571736
751 33.17091189
752 32.78538007
753 32.43207488
754 32.11387003
755 31.83354775
756 31.59378664
757 31.39714961
758 31.246072
759 31.14284977
760 31.08962799
761 31.08838956
762 31.1409442
763 31.2489178
764 31.41374217
765 31.63664524
766 31.91864176
767 32.2605245
768 32.66285618
769 33.12596198
770 33.6499228
771 34.23456936
772 34.87947714
773 35.58396222
774 36.34707812
775 37.16761373
776 38.04409226
777 38.97477138
778 39.95764461
779 40.99044388
780 42.07064345
781 43.19546514
782 44.36188483
783 45.5666405
784 46.80624145
785 48.07697906
786 49.37493886
787 50.69601387
788 52.03591945
789 53.39020922
790 54.75429232
791 56.12345182
792 57.4928642
793 58.85761977
794 60.21274406
795 61.55321996
796 62.87401051
797 64.17008225
798 65.43642896
799 66.66809564
800 67.86020261
801 69.00796954
802 70.1067393
803 71.15200136
804 72.13941476
805 73.06483031
806 73.9243119
807 74.71415693
808 75.43091541
809 76.07140787
810 76.63274178
811 77.11232642
812 77.50788605
813 77.8174713
814 78.03946871
815 78.17260829
816 78.21596913
817 78.16898289
818 78.03143525
819 77.80346534
820 77.48556298
821 77.07856397
822 76.58364331
823 76.0023065
824 75.33637893
825 74.58799355
826 73.75957677
827 72.85383281
828 71.87372666
829 70.82246567
830 69.70347998
831 68.52040201
832 67.27704499
833 65.97738095
834 64.62551809
835 63.22567783
836 61.78217171
837 60.29937827
838 58.7817201
839 57.23364115
840 55.6595846
841 54.06397124
842 52.45117867
843 50.82552134
844 49.19123161
845 47.55244186
846 45.91316779
847 44.27729303
848 42.64855503
849 41.03053235
850 39.42663334
851 37.84008634
852 36.2739313
853 34.73101278
854 33.21397459
855 31.72525565
856 30.2670874
857 28.84149249
858 27.45028476
859 26.09507051
860 24.77725091
861 23.49802548
862 22.25839663
863 21.05917511
864 19.90098633
865 18.78427738
866 17.70932477
867 16.67624272
868 15.68499195
869 14.73538878
870 13.8271147
871 12.95972597
872 12.13266349
873 11.3452627
874 10.59676342
875 9.886319652
876 9.213009242
877 8.575843316
878 7.973775468
879 7.405710651
880 6.870513719
881 6.367017596
882 5.894031032
883 5.45034593
884 5.034744222
885 4.646004276
886 4.282906836
887 3.944240477
888 3.628806583
889 3.335423855
890 3.062932343
891 2.810197029
892 2.57611096
893 2.359597955
894 2.159614905
895 1.975153672
896 1.805242633
897 1.648947866
898 1.505374011
899 1.373664839
900 1.253003538
901 1.142612743
902 1.041754343
903 0.9497290776
904 0.8658759528
905 0.7895714907
906 0.7202288434
907 0.6572967831
908 0.600258593
909 0.5486308732
910 0.5019622805
911 0.4598322174
912 0.4218494838
913 0.3876509052
914 0.3568999496
915 0.3292853429
916 0.3045196931
917 0.2823381314
918 0.2624969779
919 0.244772438
920 0.2289593346
921 0.2148698815
922 0.2023325001
923 0.1911906846
924 0.181301915
925 0.172536622
926 0.1647772032
927 0.1579170911
928 0.151859874
929 0.1465184674
930 0.1418143373
931 0.1376767727
932 0.1340422059
933 0.1308535807
934 0.1280597646
935 0.1256150046
936 0.1234784241
937 0.121613559
938 0.1199879309
939 0.118572655
940 0.1173420812
941 0.1162734662
942 0.1153466739
943 0.114543903
944 0.1138494399
945 0.1132494339
946 0.1127316944
947 0.1122855075
948 0.1119014713
949 0.1115713464
950 0.1112879235
951 0.1110449029
952 0.1108367882
953 0.1106587905
954 0.1105067434
955 0.110377027
956 0.110266501
957 0.1101724449
958 0.110092505
959 0.1100246482
960 0.1099671203
961 0.1099184103
962 0.1098772185
963 0.109842428
964 0.1098130809
965 0.1097883565
966 0.1097675528
967 0.1097500699
968 0.1097353961
969 0.1097230954
970 0.109712797
971 0.1097041857
972 0.1096969941
973 0.1096909956
974 0.1096859985
975 0.1096818409
976 0.109678386
977 0.1096755187
978 0.1096731419
979 0.1096711742
980 0.1096695472
981 0.1096682036
982 0.1096670955
983 0.1096661826
984 0.1096654315
985 0.1096648144
986 0.1096643079
987 0.1096638927
988 0.1096635528
989 0.1096632749
990 0.109663048
991 0.1096628628
992 0.1096627121
993 0.1096625894
994 0.1096624897
995 0.1096624088
996 0.1096623432
997 0.1096622901
998 0.1096622472
999 0.1096622125
1000 0.1096621845
1001 0.109662162
1002 0.1096621439
1003 0.1096621293
1004 0.1096621176
1005 0.1096621083
1006 0.1096621008
1007 0.1096620948
1008 0.10966209
1009 0.1096620861
1010 0.1096620831
1011 0.1096620807
1012 0.1096620788
1013 0.1096620772
1014 0.109662076
1015 0.1096620751
1016 0.1096620743
1017 0.1096620737
1018 0.1096620732
1019 0.1096620729
1020 0.1096620726
1021 0.1096620723
1022 0.1096620721
1023 0.109662072
