#54613 2909.9955854003439262 0.004570064417917987093 1 1357 16.000049430220818044 1024 7 1 J1713+0747 0.0000000 
0 0.1245007686
1 0.1245007686
2 0.1245007686
3 0.1245007686
4 0.1245007686
5 0.1245007686
6 0.1245007686
7 0.1245007686
8 0.1245007686
9 0.1245007686
10 0.1245007686
11 0.1245007686
12 0.1245007686
13 0.1245007686
14 0.1245007686
15 0.1245007686
16 0.1245007686
17 0.1245007686
18 0.1245007686
19 0.1245007686
20 0.1245007686
21 0.1245007686
22 0.1245007687
23 0.1245007687
24 0.1245007687
25 0.1245007687
26 0.1245007688
27 0.1245007688
28 0.1245007689
29 0.124500769
30 0.1245007691
31 0.1245007693
32 0.1245007694
33 0.1245007697
34 0.1245007699
35 0.1245007703
36 0.1245007707
37 0.1245007712
38 0.1245007719
39 0.1245007727
40 0.1245007737
41 0.1245007749
42 0.1245007764
43 0.1245007783
44 0.1245007806
45 0.1245007835
46 0.124500787
47 0.1245007913
48 0.1245007965
49 0.124500803
50 0.1245008109
51 0.1245008206
52 0.1245008324
53 0.1245008468
54 0.1245008644
55 0.1245008858
56 0.1245009119
57 0.1245009435
58 0.124500982
59 0.1245010286
60 0.1245010851
61 0.1245011535
62 0.1245012361
63 0.1245013359
64 0.1245014564
65 0.1245016015
66 0.1245017762
67 0.1245019863
68 0.1245022388
69 0.1245025418
70 0.124502905
71 0.12450334
72 0.1245038604
73 0.1245044823
74 0.1245052248
75 0.1245061102
76 0.124507165
77 0.1245084203
78 0.1245099125
79 0.1245116846
80 0.1245137869
81 0.1245162781
82 0.1245192272
83 0.1245227146
84 0.1245268342
85 0.1245316955
86 0.1245374259
87 0.1245441738
88 0.1245521112
89 0.124561438
90 0.1245723859
91 0.1245852229
92 0.1246002592
93 0.1246178527
94 0.1246384166
95 0.1246624268
96 0.1246904311
97 0.1247230593
98 0.1247610343
99 0.1248051854
100 0.1248564624
101 0.1249159519
102 0.1249848957
103 0.1250647112
104 0.1251570141
105 0.1252636442
106 0.1253866938
107 0.1255285396
108 0.1256918778
109 0.1258797639
110 0.1260956557
111 0.1263434618
112 0.1266275953
113 0.126953032
114 0.1273253759
115 0.1277509304
116 0.1282367771
117 0.1287908613
118 0.1294220868
119 0.1301404189
120 0.1309569965
121 0.1318842551
122 0.1329360596
123 0.1341278492
124 0.1354767939
125 0.1370019641
126 0.1387245131
127 0.1406678749
128 0.1428579753
129 0.1453234596
130 0.148095936
131 0.1512102359
132 0.1547046907
133 0.1586214276
134 0.1630066822
135 0.1679111306
136 0.1733902393
137 0.1795046347
138 0.186320491
139 0.1939099365
140 0.2023514787
141 0.211730447
142 0.2221394527
143 0.2336788649
144 0.2464573017
145 0.2605921354
146 0.2762100092
147 0.2934473649
148 0.312450977
149 0.3333784942
150 0.3563989812
151 0.3816934616
152 0.4094554549
153 0.439891506
154 0.4732217023
155 0.5096801722
156 0.5495155625
157 0.5929914872
158 0.6403869428
159 0.6919966838
160 0.7481315518
161 0.8091187511
162 0.8753020653
163 0.9470420045
164 1.024715879
165 1.10871779
166 1.199458527
167 1.297365372
168 1.402881792
169 1.516467018
170 1.638595505
171 1.769756261
172 1.910452034
173 2.061198367
174 2.222522488
175 2.394962058
176 2.579063751
177 2.775381668
178 2.984475585
179 3.206909032
180 3.443247193
181 3.694054638
182 3.959892881
183 4.241317774
184 4.538876724
185 4.853105761
186 5.184526447
187 5.53364264
188 5.900937127
189 6.286868131
190 6.69186571
191 7.116328061
192 7.560617754
193 8.0250579
194 8.509928288
195 9.015461505
196 9.541839068
197 10.08918759
198 10.65757499
199 11.24700684
200 11.85742275
201 12.48869298
202 13.14061518
203 13.81291135
204 14.50522502
205 15.21711875
206 15.94807186
207 16.6974785
208 17.46464616
209 18.24879444
210 19.04905429
211 19.8644677
212 20.69398783
213 21.53647959
214 22.39072074
215 23.25540352
216 24.12913675
217 25.01044849
218 25.89778924
219 26.78953566
220 27.68399483
221 28.57940904
222 29.4739611
223 30.36578017
224 31.25294804
225 32.1335059
226 33.00546157
227 33.86679712
228 34.71547684
229 35.54945563
230 36.36668764
231 37.16513514
232 37.94277772
233 38.69762152
234 39.42770868
235 40.13112685
236 40.80601863
237 41.45059109
238 42.0631251
239 42.6419846
240 43.18562558
241 43.69260488
242 44.16158865
243 44.59136046
244 44.980829
245 45.32903533
246 45.63515967
247 45.89852756
248 46.11861556
249 46.29505628
250 46.42764276
251 46.51633219
252 46.56124903
253 46.56268723
254 46.52111196
255 46.43716041
256 46.31164197
257 46.14553763
258 45.93999863
259 45.69634439
260 45.41605972
261 45.10079131
262 44.75234351
263 44.37267346
264 43.96388551
265 43.52822509
266 43.06807187
267 42.5859324
268 42.0844322
269 41.56630729
270 41.03439523
271 40.49162572
272 39.94101074
273 39.38563432
274 38.82864192
275 38.27322944
276 37.722632
277 37.18011237
278 36.64894921
279 36.13242504
280 35.63381407
281 35.15636986
282 34.70331284
283 34.27781778
284 33.88300113
285 33.52190838
286 33.19750141
287 32.91264585
288 32.67009854
289 32.47249504
290 32.32233737
291 32.22198183
292 32.1736271
293 32.17930263
294 32.24085725
295 32.35994827
296 32.53803085
297 32.776348
298 33.07592093
299 33.43754016
300 33.86175713
301 34.34887658
302 34.89894974
303 35.51176824
304 36.18685906
305 36.92348032
306 37.72061818
307 38.57698476
308 39.49101729
309 40.4608784
310 41.48445765
311 42.55937441
312 43.68298207
313 44.85237362
314 46.06438857
315 47.31562143
316 48.60243144
317 49.92095389
318 51.26711275
319 52.63663473
320 54.0250647
321 55.4277824
322 56.84002046
323 58.25688358
324 59.67336874
325 61.08438658
326 62.48478358
327 63.86936503
328 65.23291874
329 66.57023924
330 67.87615234
331 69.14554005
332 70.37336544
333 71.55469751
334 72.68473583
335 73.75883468
336 74.77252676
337 75.72154598
338 76.60184952
339 77.40963864
340 78.14137844
341 78.79381614
342 79.36399786
343 79.8492838
344 80.24736165
345 80.55625812
346 80.77434858
347 80.90036459
348 80.93339945
349 80.87291156
350 80.71872562
351 80.47103178
352 80.13038253
353 79.69768751
354 79.17420629
355 78.56153909
356 77.86161558
357 77.07668188
358 76.20928575
359 75.26226024
360 74.23870584
361 73.14197128
362 71.97563317
363 70.74347462
364 69.44946297
365 68.0977269
366 66.69253298
367 65.23826189
368 63.73938453
369 62.20043809
370 60.62600233
371 59.02067618
372 57.38905491
373 55.73570782
374 54.06515689
375 52.3818562
376 50.69017251
377 48.99436683
378 47.29857741
379 45.60680391
380 43.92289299
381 42.25052537
382 40.59320431
383 38.95424563
384 37.33676921
385 35.74369206
386 34.17772278
387 32.64135766
388 31.13687801
389 29.66634907
390 28.23162016
391 26.83432611
392 25.47588989
393 24.15752642
394 22.88024733
395 21.64486675
396 20.45200791
397 19.30211056
398 18.195439
399 17.13209075
400 16.1120057
401 15.13497558
402 14.20065386
403 13.30856575
404 12.4581184
405 11.64861113
406 10.87924563
407 10.14913608
408 9.457319129
409 8.802763599
410 8.18437998
411 7.601029582
412 7.051533318
413 6.534680107
414 6.049234847
415 5.593945932
416 5.167552306
417 4.768790035
418 4.396398384
419 4.049125399
420 3.725733002
421 3.425001582
422 3.145734115
423 2.886759805
424 2.646937276
425 2.425157311
426 2.220345179
427 2.031462559
428 1.85750908
429 1.697523508
430 1.550584599
431 1.415811647
432 1.292364744
433 1.179444783
434 1.076293227
435 0.98219167
436 0.8964612041
437 0.81846163
438 0.7475905191
439 0.6832821564
440 0.6250063799
441 0.5722673358
442 0.5246021675
443 0.4815796532
444 0.4427988071
445 0.4078874581
446 0.376500818
447 0.3483200498
448 0.3230508454
449 0.3004220235
450 0.2801841519
451 0.2621082036
452 0.2459842502
453 0.2316201982
454 0.2188405715
455 0.2074853427
456 0.1974088156
457 0.1884785612
458 0.1805744061
459 0.1735874756
460 0.1674192907
461 0.1619809176
462 0.1571921709
463 0.1529808668
464 0.1492821268
465 0.1460377295
466 0.1431955083
467 0.1407087944
468 0.1385359007
469 0.1366396475
470 0.1349869254
471 0.1335482938
472 0.1322976145
473 0.1312117153
474 0.1302700845
475 0.1294545922
476 0.1287492375
477 0.1281399193
478 0.1276142289
479 0.1271612628
480 0.1267714541
481 0.1264364209
482 0.12614883
483 0.1259022751
484 0.1256911676
485 0.1255106391
486 0.1253564547
487 0.125224936
488 0.1251128923
489 0.1250175597
490 0.1249365479
491 0.1248677921
492 0.1248095114
493 0.1247601719
494 0.1247184542
495 0.1246832253
496 0.1246535131
497 0.1246284851
498 0.1246074292
499 0.1245897372
500 0.1245748903
501 0.1245624465
502 0.1245520298
503 0.1245433211
504 0.1245360492
505 0.1245299847
506 0.1245249335
507 0.1245207315
508 0.1245172403
509 0.1245143432
510 0.1245119422
511 0.1245099547
512 0.1245083117
513 0.124506955
514 0.1245058363
515 0.1245049148
516 0.1245041568
517 0.124503534
518 0.124503023
519 0.1245026042
520 0.1245022614
521 0.1245019811
522 0.1245017523
523 0.1245015657
524 0.1245014137
525 0.1245012901
526 0.1245011896
527 0.1245011081
528 0.124501042
529 0.1245009886
530 0.1245009453
531 0.1245009104
532 0.1245008823
533 0.1245008596
534 0.1245008414
535 0.1245008267
536 0.1245008149
537 0.1245008055
538 0.124500798
539 0.1245007919
540 0.1245007871
541 0.1245007833
542 0.1245007802
543 0.1245007778
544 0.1245007758
545 0.1245007743
546 0.1245007731
547 0.1245007721
548 0.1245007714
549 0.1245007708
550 0.1245007703
551 0.1245007699
552 0.1245007696
553 0.1245007694
554 0.1245007692
555 0.1245007691
556 0.124500769
557 0.1245007689
558 0.1245007688
559 0.1245007688
560 0.1245007687
561 0.1245007687
562 0.1245007687
563 0.1245007686
564 0.1245007686
565 0.1245007686
566 0.1245007686
567 0.1245007686
568 0.1245007686
569 0.1245007686
570 0.1245007686
571 0.1245007686
572 0.1245007686
573 0.1245007686
574 0.1245007686
575 0.1245007686
576 0.1245007686
577 0.1245007686
578 0.1245007686
579 0.1245007686
580 0.1245007686
581 0.1245007686
582 0.1245007686
583 0.1245007686
584 0.1245007686
585 0.1245007686
586 0.1245007686
587 0.1245007686
588 0.1245007686
589 0.1245007686
590 0.1245007686
591 0.1245007686
592 0.1245007686
593 0.1245007686
594 0.1245007686
595 0.1245007686
596 0.1245007686
597 0.1245007686
598 0.1245007686
599 0.1245007686
600 0.1245007686
601 0.1245007686
602 0.1245007686
603 0.1245007686
604 0.1245007686
605 0.1245007686
606 0.1245007686
607 0.1245007686
608 0.1245007686
609 0.1245007686
610 0.1245007686
611 0.1245007686
612 0.1245007686
613 0.1245007686
614 0.1245007686
615 0.1245007686
616 0.1245007686
617 0.1245007686
618 0.1245007686
619 0.1245007686
620 0.1245007686
621 0.1245007686
622 0.1245007686
623 0.1245007686
624 0.1245007686
625 0.1245007686
626 0.1245007686
627 0.1245007686
628 0.1245007686
629 0.1245007686
630 0.1245007686
631 0.1245007686
632 0.1245007686
633 0.1245007686
634 0.1245007686
635 0.1245007686
636 0.1245007686
637 0.1245007686
638 0.1245007686
639 0.1245007686
640 0.1245007686
641 0.1245007686
642 0.1245007686
643 0.1245007686
644 0.1245007686
645 0.1245007686
646 0.1245007686
647 0.1245007686
648 0.1245007686
649 0.1245007686
650 0.1245007686
651 0.1245007686
652 0.1245007686
653 0.1245007686
654 0.1245007686
655 0.1245007686
656 0.1245007686
657 0.1245007686
658 0.1245007686
659 0.1245007686
660 0.1245007686
661 0.1245007686
662 0.1245007686
663 0.1245007686
664 0.1245007686
665 0.1245007686
666 0.1245007686
667 0.1245007686
668 0.1245007686
669 0.1245007686
670 0.1245007686
671 0.1245007686
672 0.1245007686
673 0.1245007686
674 0.1245007686
675 0.1245007686
676 0.1245007686
677 0.1245007686
678 0.1245007686
679 0.1245007686
680 0.1245007686
681 0.1245007686
682 0.1245007686
683 0.1245007686
684 0.1245007686
685 0.1245007686
686 0.1245007686
687 0.1245007686
688 0.1245007686
689 0.1245007686
690 0.1245007686
691 0.1245007686
692 0.1245007686
693 0.1245007686
694 0.1245007686
695 0.1245007686
696 0.1245007686
697 0.1245007686
698 0.1245007686
699 0.1245007686
700 0.1245007686
701 0.1245007686
702 0.1245007686
703 0.1245007686
704 0.1245007686
705 0.1245007686
706 0.1245007686
707 0.1245007686
708 0.1245007686
709 0.1245007686
710 0.1245007686
711 0.1245007686
712 0.1245007686
713 0.1245007686
714 0.1245007686
715 0.1245007686
716 0.1245007686
717 0.1245007686
718 0.1245007686
719 0.1245007686
720 0.1245007686
721 0.1245007686
722 0.1245007686
723 0.1245007686
724 0.1245007686
725 0.1245007686
726 0.1245007686
727 0.1245007686
728 0.1245007686
729 0.1245007686
730 0.1245007686
731 0.1245007686
732 0.1245007686
733 0.1245007686
734 0.1245007686
735 0.1245007686
736 0.1245007686
737 0.1245007686
738 0.1245007686
739 0.1245007686
740 0.1245007686
741 0.1245007686
742 0.1245007686
743 0.1245007686
744 0.1245007686
745 0.1245007686
746 0.1245007686
747 0.1245007686
748 0.1245007686
749 0.1245007686
750 0.1245007686
751 0.1245007686
752 0.1245007686
753 0.1245007686
754 0.1245007686
755 0.1245007686
756 0.1245007686
757 0.1245007686
758 0.1245007686
759 0.1245007686
760 0.1245007686
761 0.1245007686
762 0.1245007686
763 0.1245007686
764 0.1245007686
765 0.1245007686
766 0.1245007686
767 0.1245007686
768 0.1245007686
769 0.1245007686
770 0.1245007686
771 0.1245007686
772 0.1245007686
773 0.1245007686
774 0.1245007686
775 0.1245007686
776 0.1245007686
777 0.1245007686
778 0.1245007686
779 0.1245007686
780 0.1245007686
781 0.1245007686
782 0.1245007686
783 0.1245007686
784 0.1245007686
785 0.1245007686
786 0.1245007686
787 0.1245007686
788 0.1245007686
789 0.1245007686
790 0.1245007686
791 0.1245007686
792 0.1245007686
793 0.1245007686
794 0.1245007686
795 0.1245007686
796 0.1245007686
797 0.1245007686
798 0.1245007686
799 0.1245007686
800 0.1245007686
801 0.1245007686
802 0.1245007686
803 0.1245007686
804 0.1245007686
805 0.1245007686
806 0.1245007686
807 0.1245007686
808 0.1245007686
809 0.1245007686
810 0.1245007686
811 0.1245007686
812 0.1245007686
813 0.1245007686
814 0.1245007686
815 0.1245007686
816 0.1245007686
817 0.1245007686
818 0.1245007686
819 0.1245007686
820 0.1245007686
821 0.1245007686
822 0.1245007686
823 0.1245007686
824 0.1245007686
825 0.1245007686
826 0.1245007686
827 0.1245007686
828 0.1245007686
829 0.1245007686
830 0.1245007686
831 0.1245007686
832 0.1245007686
833 0.1245007686
834 0.1245007686
835 0.1245007686
836 0.1245007686
837 0.1245007686
838 0.1245007686
839 0.1245007686
840 0.1245007686
841 0.1245007686
842 0.1245007686
843 0.1245007686
844 0.1245007686
845 0.1245007686
846 0.1245007686
847 0.1245007686
848 0.1245007686
849 0.1245007686
850 0.1245007686
851 0.1245007686
852 0.1245007686
853 0.1245007686
854 0.1245007686
855 0.1245007686
856 0.1245007686
857 0.1245007686
858 0.1245007686
859 0.1245007686
860 0.1245007686
861 0.1245007686
862 0.1245007686
863 0.1245007686
864 0.1245007686
865 0.1245007686
866 0.1245007686
867 0.1245007686
868 0.1245007686
869 0.1245007686
870 0.1245007686
871 0.1245007686
872 0.1245007686
873 0.1245007686
874 0.1245007686
875 0.1245007686
876 0.1245007686
877 0.1245007686
878 0.1245007686
879 0.1245007686
880 0.1245007686
881 0.1245007686
882 0.1245007686
883 0.1245007686
884 0.1245007686
885 0.1245007686
886 0.1245007686
887 0.1245007686
888 0.1245007686
889 0.1245007686
890 0.1245007686
891 0.1245007686
892 0.1245007686
893 0.1245007686
894 0.1245007686
895 0.1245007686
896 0.1245007686
897 0.1245007686
898 0.1245007686
899 0.1245007686
900 0.1245007686
901 0.1245007686
902 0.1245007686
903 0.1245007686
904 0.1245007686
905 0.1245007686
906 0.1245007686
907 0.1245007686
908 0.1245007686
909 0.1245007686
910 0.1245007686
911 0.1245007686
912 0.1245007686
913 0.1245007686
914 0.1245007686
915 0.1245007686
916 0.1245007686
917 0.1245007686
918 0.1245007686
919 0.1245007686
920 0.1245007686
921 0.1245007686
922 0.1245007686
923 0.1245007686
924 0.1245007686
925 0.1245007686
926 0.1245007686
927 0.1245007686
928 0.1245007686
929 0.1245007686
930 0.1245007686
931 0.1245007686
932 0.1245007686
933 0.1245007686
934 0.1245007686
935 0.1245007686
936 0.1245007686
937 0.1245007686
938 0.1245007686
939 0.1245007686
940 0.1245007686
941 0.1245007686
942 0.1245007686
943 0.1245007686
944 0.1245007686
945 0.1245007686
946 0.1245007686
947 0.1245007686
948 0.1245007686
949 0.1245007686
950 0.1245007686
951 0.1245007686
952 0.1245007686
953 0.1245007686
954 0.1245007686
955 0.1245007686
956 0.1245007686
957 0.1245007686
958 0.1245007686
959 0.1245007686
960 0.1245007686
961 0.1245007686
962 0.1245007686
963 0.1245007686
964 0.1245007686
965 0.1245007686
966 0.1245007686
967 0.1245007686
968 0.1245007686
969 0.1245007686
970 0.1245007686
971 0.1245007686
972 0.1245007686
973 0.1245007686
974 0.1245007686
975 0.1245007686
976 0.1245007686
977 0.1245007686
978 0.1245007686
979 0.1245007686
980 0.1245007686
981 0.1245007686
982 0.1245007686
983 0.1245007686
984 0.1245007686
985 0.1245007686
986 0.1245007686
987 0.1245007686
988 0.1245007686
989 0.1245007686
990 0.1245007686
991 0.1245007686
992 0.1245007686
993 0.1245007686
994 0.1245007686
995 0.1245007686
996 0.1245007686
997 0.1245007686
998 0.1245007686
999 0.1245007686
1000 0.1245007686
1001 0.1245007686
1002 0.1245007686
1003 0.1245007686
1004 0.1245007686
1005 0.1245007686
1006 0.1245007686
1007 0.1245007686
1008 0.1245007686
1009 0.1245007686
1010 0.1245007686
1011 0.1245007686
1012 0.1245007686
1013 0.1245007686
1014 0.1245007686
1015 0.1245007686
1016 0.1245007686
1017 0.1245007686
1018 0.1245007686
1019 0.1245007686
1020 0.1245007686
1021 0.1245007686
1022 0.1245007686
1023 0.1245007686
