#54920 2909.9989172175168641 0.0045697790655399956813 1 1357 16.000049430220818044 1024 7 1 J1713+0747 0.0000000 
0 -0.1973042182
1 -0.1973042182
2 -0.1973042182
3 -0.1973042182
4 -0.1973042182
5 -0.1973042182
6 -0.1973042182
7 -0.1973042181
8 -0.1973042181
9 -0.1973042181
10 -0.1973042181
11 -0.1973042181
12 -0.1973042181
13 -0.1973042181
14 -0.1973042181
15 -0.1973042181
16 -0.197304218
17 -0.197304218
18 -0.197304218
19 -0.1973042179
20 -0.1973042179
21 -0.1973042178
22 -0.1973042177
23 -0.1973042176
24 -0.1973042174
25 -0.1973042172
26 -0.197304217
27 -0.1973042167
28 -0.1973042164
29 -0.1973042159
30 -0.1973042154
31 -0.1973042147
32 -0.1973042139
33 -0.1973042128
34 -0.1973042115
35 -0.19730421
36 -0.197304208
37 -0.1973042056
38 -0.1973042026
39 -0.197304199
40 -0.1973041945
41 -0.197304189
42 -0.1973041823
43 -0.1973041741
44 -0.197304164
45 -0.1973041518
46 -0.1973041368
47 -0.1973041185
48 -0.1973040963
49 -0.1973040692
50 -0.1973040364
51 -0.1973039965
52 -0.1973039481
53 -0.1973038895
54 -0.1973038186
55 -0.1973037329
56 -0.1973036295
57 -0.1973035047
58 -0.1973033544
59 -0.1973031734
60 -0.1973029559
61 -0.1973026946
62 -0.197302381
63 -0.1973020053
64 -0.1973015553
65 -0.1973010172
66 -0.1973003743
67 -0.1972996069
68 -0.197298692
69 -0.1972976024
70 -0.197296306
71 -0.1972947653
72 -0.197292936
73 -0.1972907665
74 -0.1972881963
75 -0.1972851544
76 -0.1972815582
77 -0.1972773111
78 -0.1972723007
79 -0.1972663959
80 -0.1972594445
81 -0.1972512698
82 -0.1972416664
83 -0.1972303969
84 -0.1972171859
85 -0.1972017157
86 -0.1971836189
87 -0.1971624721
88 -0.1971377875
89 -0.197109004
90 -0.1970754764
91 -0.1970364644
92 -0.1969911192
93 -0.1969384688
94 -0.1968774013
95 -0.1968066467
96 -0.1967247557
97 -0.1966300767
98 -0.1965207293
99 -0.1963945762
100 -0.1962491897
101 -0.196081817
102 -0.1958893391
103 -0.1956682275
104 -0.1954144946
105 -0.1951236398
106 -0.1947905898
107 -0.1944096326
108 -0.1939743452
109 -0.193477514
110 -0.1929110475
111 -0.1922658813
112 -0.191531873
113 -0.1906976894
114 -0.1897506819
115 -0.188676752
116 -0.1874602055
117 -0.1860835941
118 -0.184527544
119 -0.1827705723
120 -0.180788887
121 -0.1785561748
122 -0.176043371
123 -0.1732184149
124 -0.1700459878
125 -0.1664872342
126 -0.1624994648
127 -0.158035842
128 -0.1530450469
129 -0.1474709276
130 -0.1412521288
131 -0.134321703
132 -0.1266067035
133 -0.1180277586
134 -0.108498629
135 -0.09792574817
136 -0.08620774671
137 -0.07323496217
138 -0.05888893567
139 -0.04304189693
140 -0.02555623976
141 -0.006283990338
142 0.0149337292
143 0.0382672388
144 0.06389883701
145 0.09202333217
146 0.1228485644
147 0.1565959141
148 0.1935007915
149 0.2338131039
150 0.2777976925
151 0.3257347355
152 0.3779201097
153 0.4346657049
154 0.4962996837
155 0.5631666803
156 0.6356279298
157 0.7140613225
158 0.7988613732
159 0.8904390989
160 0.9892217976
161 1.095652719
162 1.21019062
163 1.333309197
164 1.465496392
165 1.607253554
166 1.75909446
167 1.921544193
168 2.095137851
169 2.280419105
170 2.47793859
171 2.688252129
172 2.911918783
173 3.149498733
174 3.401550994
175 3.668630952
176 3.951287737
177 4.250061437
178 4.565480148
179 4.898056876
180 5.248286303
181 5.616641413
182 6.003570007
183 6.409491111
184 6.834791293
185 7.279820914
186 7.744890322
187 8.230266018
188 8.73616681
189 9.262759984
190 9.810157515
191 10.37841235
192 10.96751475
193 11.57738885
194 12.20788922
195 12.85879776
196 13.5298207
197 14.2205859
198 14.93064039
199 15.65944824
200 16.40638875
201 17.17075496
202 17.95175263
203 18.74849954
204 19.56002531
205 20.38527158
206 21.2230928
207 22.07225734
208 22.9314493
209 23.79927068
210 24.67424412
211 25.55481627
212 26.43936153
213 27.32618643
214 28.21353451
215 29.09959168
216 29.98249211
217 30.8603246
218 31.73113938
219 32.59295534
220 33.44376774
221 34.28155613
222 35.10429279
223 35.90995132
224 36.69651551
225 37.46198849
226 38.20440191
227 38.92182535
228 39.61237569
229 40.27422654
230 40.90561763
231 41.50486398
232 42.07036511
233 42.60061386
234 43.09420502
235 43.54984368
236 43.96635314
237 44.34268243
238 44.67791346
239 44.9712675
240 45.22211126
241 45.42996238
242 45.59449418
243 45.71553997
244 45.79309652
245 45.82732694
246 45.81856279
247 45.76730559
248 45.67422741
249 45.54017094
250 45.36614866
251 45.15334135
252 44.90309587
253 44.61692222
254 44.29648992
255 43.94362362
256 43.56029813
257 43.1486328
258 42.71088518
259 42.24944421
260 41.76682277
261 41.26564965
262 40.7486611
263 40.21869184
264 39.67866558
265 39.13158524
266 38.58052264
267 38.02860792
268 37.47901861
269 36.93496838
270 36.39969556
271 35.8764514
272 35.36848815
273 34.8790469
274 34.41134535
275 33.96856542
276 33.55384081
277 33.17024443
278 32.82077589
279 32.50834895
280 32.23577903
281 32.00577075
282 31.82090569
283 31.68363014
284 31.59624317
285 31.5608849
286 31.579525
287 31.65395153
288 31.78576021
289 31.97634403
290 32.2268834
291 32.53833677
292 32.91143192
293 33.34665784
294 33.84425736
295 34.40422054
296 35.02627893
297 35.70990068
298 36.45428668
299 37.25836772
300 38.1208027
301 39.03997804
302 40.01400827
303 41.04073786
304 42.1177444
305 43.24234306
306 44.41159244
307 45.62230183
308 46.87103985
309 48.15414454
310 49.46773482
311 50.80772338
312 52.16983093
313 53.54960182
314 54.94242086
315 56.34353149
316 57.74805505
317 59.15101107
318 60.54733867
319 61.93191873
320 63.29959684
321 64.64520694
322 65.96359538
323 67.24964538
324 68.49830171
325 69.70459534
326 70.86366808
327 71.97079685
328 73.02141756
329 74.01114837
330 74.93581215
331 75.79145802
332 76.57438182
333 77.28114525
334 77.90859371
335 78.45387255
336 78.91444174
337 79.28808864
338 79.57293908
339 79.76746637
340 79.87049831
341 79.88122219
342 79.79918758
343 79.6243071
344 79.35685498
345 78.99746348
346 78.54711733
347 78.00714603
348 77.37921419
349 76.66531004
350 75.86773206
351 74.98907395
352 74.03220809
353 73.00026745
354 71.89662634
355 70.72487995
356 69.48882292
357 68.19242715
358 66.83981893
359 65.43525563
360 63.98310206
361 62.48780683
362 60.95387859
363 59.38586265
364 57.78831788
365 56.16579418
366 54.52281064
367 52.86383449
368 51.19326099
369 49.51539441
370 47.83443013
371 46.15443796
372 44.47934689
373 42.81293106
374 41.15879734
375 39.52037422
376 37.90090231
377 36.30342624
378 34.73078819
379 33.18562271
380 31.67035319
381 30.18718962
382 28.73812774
383 27.32494954
384 25.94922497
385 24.61231481
386 23.31537468
387 22.05936003
388 20.84503206
389 19.67296446
390 18.54355093
391 17.45701327
392 16.41341014
393 15.41264614
394 14.45448141
395 13.53854137
396 12.66432672
397 11.83122359
398 11.03851365
399 10.28538422
400 9.570938245
401 8.894204153
402 8.254145421
403 7.649669904
404 7.07963882
405 6.542875372
406 6.038172975
407 5.564303049
408 5.120022366
409 4.704079928
410 4.315223357
411 3.952204811
412 3.613786393
413 3.298745083
414 3.005877179
415 2.734002265
416 2.481966706
417 2.248646713
418 2.032950949
419 1.833822748
420 1.650241919
421 1.481226194
422 1.325832322
423 1.183156837
424 1.052336536
425 0.9325486684
426 0.8230108872
427 0.7229809652
428 0.6317563122
429 0.5486733112
430 0.4731064967
431 0.4044675967
432 0.3422044583
433 0.2857998762
434 0.2347703423
435 0.1886647323
436 0.1470629461
437 0.109574515
438 0.07583718987
439 0.04551552062
440 0.0182994392
441 -0.006097145774
442 -0.02793773397
443 -0.04746459074
444 -0.06490007096
445 -0.08044790396
446 -0.09429443546
447 -0.1066098229
448 -0.1175491815
449 -0.1272536793
450 -0.1358515799
451 -0.1434592313
452 -0.1501820017
453 -0.1561151625
454 -0.1613447177
455 -0.165948182
456 -0.1699953089
457 -0.1735487692
458 -0.1766647823
459 -0.1793937025
460 -0.1817805607
461 -0.1838655664
462 -0.1856845683
463 -0.1872694793
464 -0.1886486656
465 -0.1898473029
466 -0.1908877017
467 -0.1917896043
468 -0.1925704543
469 -0.1932456414
470 -0.1938287235
471 -0.194331627
472 -0.194764828
473 -0.1951375153
474 -0.1954577365
475 -0.1957325303
476 -0.1959680433
477 -0.1961696358
478 -0.196341976
479 -0.1964891227
480 -0.1966146007
481 -0.1967214663
482 -0.1968123657
483 -0.1968895872
484 -0.1969551066
485 -0.1970106274
486 -0.1970576163
487 -0.1970973346
488 -0.1971308652
489 -0.1971591366
490 -0.1971829438
491 -0.1972029667
492 -0.1972197857
493 -0.1972338959
494 -0.1972457186
495 -0.1972556124
496 -0.1972638816
497 -0.1972707844
498 -0.1972765394
499 -0.1972813314
500 -0.1972853166
501 -0.1972886267
502 -0.1972913726
503 -0.1972936477
504 -0.1972955304
505 -0.1972970863
506 -0.1972983707
507 -0.1972994295
508 -0.1973003014
509 -0.1973010183
510 -0.1973016072
511 -0.1973020903
512 -0.1973024861
513 -0.19730281
514 -0.1973030747
515 -0.1973032907
516 -0.1973034669
517 -0.1973036103
518 -0.1973037269
519 -0.1973038217
520 -0.1973038985
521 -0.1973039608
522 -0.1973040112
523 -0.1973040519
524 -0.1973040848
525 -0.1973041113
526 -0.1973041326
527 -0.1973041498
528 -0.1973041636
529 -0.1973041746
530 -0.1973041835
531 -0.1973041906
532 -0.1973041962
533 -0.1973042008
534 -0.1973042044
535 -0.1973042072
536 -0.1973042095
537 -0.1973042113
538 -0.1973042128
539 -0.1973042139
540 -0.1973042148
541 -0.1973042155
542 -0.1973042161
543 -0.1973042165
544 -0.1973042169
545 -0.1973042172
546 -0.1973042174
547 -0.1973042176
548 -0.1973042177
549 -0.1973042178
550 -0.1973042179
551 -0.1973042179
552 -0.197304218
553 -0.197304218
554 -0.1973042181
555 -0.1973042181
556 -0.1973042181
557 -0.1973042181
558 -0.1973042181
559 -0.1973042181
560 -0.1973042181
561 -0.1973042181
562 -0.1973042182
563 -0.1973042182
564 -0.1973042182
565 -0.1973042182
566 -0.1973042182
567 -0.1973042182
568 -0.1973042182
569 -0.1973042182
570 -0.1973042182
571 -0.1973042182
572 -0.1973042182
573 -0.1973042182
574 -0.1973042182
575 -0.1973042182
576 -0.1973042182
577 -0.1973042182
578 -0.1973042182
579 -0.1973042182
580 -0.1973042182
581 -0.1973042182
582 -0.1973042182
583 -0.1973042182
584 -0.1973042182
585 -0.1973042182
586 -0.1973042182
587 -0.1973042182
588 -0.1973042182
589 -0.1973042182
590 -0.1973042182
591 -0.1973042182
592 -0.1973042182
593 -0.1973042182
594 -0.1973042182
595 -0.1973042182
596 -0.1973042182
597 -0.1973042182
598 -0.1973042182
599 -0.1973042182
600 -0.1973042182
601 -0.1973042182
602 -0.1973042182
603 -0.1973042182
604 -0.1973042182
605 -0.1973042182
606 -0.1973042182
607 -0.1973042182
608 -0.1973042182
609 -0.1973042182
610 -0.1973042182
611 -0.1973042182
612 -0.1973042182
613 -0.1973042182
614 -0.1973042182
615 -0.1973042182
616 -0.1973042182
617 -0.1973042182
618 -0.1973042182
619 -0.1973042182
620 -0.1973042182
621 -0.1973042182
622 -0.1973042182
623 -0.1973042182
624 -0.1973042182
625 -0.1973042182
626 -0.1973042182
627 -0.1973042182
628 -0.1973042182
629 -0.1973042182
630 -0.1973042182
631 -0.1973042182
632 -0.1973042182
633 -0.1973042182
634 -0.1973042182
635 -0.1973042182
636 -0.1973042182
637 -0.1973042182
638 -0.1973042182
639 -0.1973042182
640 -0.1973042182
641 -0.1973042182
642 -0.1973042182
643 -0.1973042182
644 -0.1973042182
645 -0.1973042182
646 -0.1973042182
647 -0.1973042182
648 -0.1973042182
649 -0.1973042182
650 -0.1973042182
651 -0.1973042182
652 -0.1973042182
653 -0.1973042182
654 -0.1973042182
655 -0.1973042182
656 -0.1973042182
657 -0.1973042182
658 -0.1973042182
659 -0.1973042182
660 -0.1973042182
661 -0.1973042182
662 -0.1973042182
663 -0.1973042182
664 -0.1973042182
665 -0.1973042182
666 -0.1973042182
667 -0.1973042182
668 -0.1973042182
669 -0.1973042182
670 -0.1973042182
671 -0.1973042182
672 -0.1973042182
673 -0.1973042182
674 -0.1973042182
675 -0.1973042182
676 -0.1973042182
677 -0.1973042182
678 -0.1973042182
679 -0.1973042182
680 -0.1973042182
681 -0.1973042182
682 -0.1973042182
683 -0.1973042182
684 -0.1973042182
685 -0.1973042182
686 -0.1973042182
687 -0.1973042182
688 -0.1973042182
689 -0.1973042182
690 -0.1973042182
691 -0.1973042182
692 -0.1973042182
693 -0.1973042182
694 -0.1973042182
695 -0.1973042182
696 -0.1973042182
697 -0.1973042182
698 -0.1973042182
699 -0.1973042182
700 -0.1973042182
701 -0.1973042182
702 -0.1973042182
703 -0.1973042182
704 -0.1973042182
705 -0.1973042182
706 -0.1973042182
707 -0.1973042182
708 -0.1973042182
709 -0.1973042182
710 -0.1973042182
711 -0.1973042182
712 -0.1973042182
713 -0.1973042182
714 -0.1973042182
715 -0.1973042182
716 -0.1973042182
717 -0.1973042182
718 -0.1973042182
719 -0.1973042182
720 -0.1973042182
721 -0.1973042182
722 -0.1973042182
723 -0.1973042182
724 -0.1973042182
725 -0.1973042182
726 -0.1973042182
727 -0.1973042182
728 -0.1973042182
729 -0.1973042182
730 -0.1973042182
731 -0.1973042182
732 -0.1973042182
733 -0.1973042182
734 -0.1973042182
735 -0.1973042182
736 -0.1973042182
737 -0.1973042182
738 -0.1973042182
739 -0.1973042182
740 -0.1973042182
741 -0.1973042182
742 -0.1973042182
743 -0.1973042182
744 -0.1973042182
745 -0.1973042182
746 -0.1973042182
747 -0.1973042182
748 -0.1973042182
749 -0.1973042182
750 -0.1973042182
751 -0.1973042182
752 -0.1973042182
753 -0.1973042182
754 -0.1973042182
755 -0.1973042182
756 -0.1973042182
757 -0.1973042182
758 -0.1973042182
759 -0.1973042182
760 -0.1973042182
761 -0.1973042182
762 -0.1973042182
763 -0.1973042182
764 -0.1973042182
765 -0.1973042182
766 -0.1973042182
767 -0.1973042182
768 -0.1973042182
769 -0.1973042182
770 -0.1973042182
771 -0.1973042182
772 -0.1973042182
773 -0.1973042182
774 -0.1973042182
775 -0.1973042182
776 -0.1973042182
777 -0.1973042182
778 -0.1973042182
779 -0.1973042182
780 -0.1973042182
781 -0.1973042182
782 -0.1973042182
783 -0.1973042182
784 -0.1973042182
785 -0.1973042182
786 -0.1973042182
787 -0.1973042182
788 -0.1973042182
789 -0.1973042182
790 -0.1973042182
791 -0.1973042182
792 -0.1973042182
793 -0.1973042182
794 -0.1973042182
795 -0.1973042182
796 -0.1973042182
797 -0.1973042182
798 -0.1973042182
799 -0.1973042182
800 -0.1973042182
801 -0.1973042182
802 -0.1973042182
803 -0.1973042182
804 -0.1973042182
805 -0.1973042182
806 -0.1973042182
807 -0.1973042182
808 -0.1973042182
809 -0.1973042182
810 -0.1973042182
811 -0.1973042182
812 -0.1973042182
813 -0.1973042182
814 -0.1973042182
815 -0.1973042182
816 -0.1973042182
817 -0.1973042182
818 -0.1973042182
819 -0.1973042182
820 -0.1973042182
821 -0.1973042182
822 -0.1973042182
823 -0.1973042182
824 -0.1973042182
825 -0.1973042182
826 -0.1973042182
827 -0.1973042182
828 -0.1973042182
829 -0.1973042182
830 -0.1973042182
831 -0.1973042182
832 -0.1973042182
833 -0.1973042182
834 -0.1973042182
835 -0.1973042182
836 -0.1973042182
837 -0.1973042182
838 -0.1973042182
839 -0.1973042182
840 -0.1973042182
841 -0.1973042182
842 -0.1973042182
843 -0.1973042182
844 -0.1973042182
845 -0.1973042182
846 -0.1973042182
847 -0.1973042182
848 -0.1973042182
849 -0.1973042182
850 -0.1973042182
851 -0.1973042182
852 -0.1973042182
853 -0.1973042182
854 -0.1973042182
855 -0.1973042182
856 -0.1973042182
857 -0.1973042182
858 -0.1973042182
859 -0.1973042182
860 -0.1973042182
861 -0.1973042182
862 -0.1973042182
863 -0.1973042182
864 -0.1973042182
865 -0.1973042182
866 -0.1973042182
867 -0.1973042182
868 -0.1973042182
869 -0.1973042182
870 -0.1973042182
871 -0.1973042182
872 -0.1973042182
873 -0.1973042182
874 -0.1973042182
875 -0.1973042182
876 -0.1973042182
877 -0.1973042182
878 -0.1973042182
879 -0.1973042182
880 -0.1973042182
881 -0.1973042182
882 -0.1973042182
883 -0.1973042182
884 -0.1973042182
885 -0.1973042182
886 -0.1973042182
887 -0.1973042182
888 -0.1973042182
889 -0.1973042182
890 -0.1973042182
891 -0.1973042182
892 -0.1973042182
893 -0.1973042182
894 -0.1973042182
895 -0.1973042182
896 -0.1973042182
897 -0.1973042182
898 -0.1973042182
899 -0.1973042182
900 -0.1973042182
901 -0.1973042182
902 -0.1973042182
903 -0.1973042182
904 -0.1973042182
905 -0.1973042182
906 -0.1973042182
907 -0.1973042182
908 -0.1973042182
909 -0.1973042182
910 -0.1973042182
911 -0.1973042182
912 -0.1973042182
913 -0.1973042182
914 -0.1973042182
915 -0.1973042182
916 -0.1973042182
917 -0.1973042182
918 -0.1973042182
919 -0.1973042182
920 -0.1973042182
921 -0.1973042182
922 -0.1973042182
923 -0.1973042182
924 -0.1973042182
925 -0.1973042182
926 -0.1973042182
927 -0.1973042182
928 -0.1973042182
929 -0.1973042182
930 -0.1973042182
931 -0.1973042182
932 -0.1973042182
933 -0.1973042182
934 -0.1973042182
935 -0.1973042182
936 -0.1973042182
937 -0.1973042182
938 -0.1973042182
939 -0.1973042182
940 -0.1973042182
941 -0.1973042182
942 -0.1973042182
943 -0.1973042182
944 -0.1973042182
945 -0.1973042182
946 -0.1973042182
947 -0.1973042182
948 -0.1973042182
949 -0.1973042182
950 -0.1973042182
951 -0.1973042182
952 -0.1973042182
953 -0.1973042182
954 -0.1973042182
955 -0.1973042182
956 -0.1973042182
957 -0.1973042182
958 -0.1973042182
959 -0.1973042182
960 -0.1973042182
961 -0.1973042182
962 -0.1973042182
963 -0.1973042182
964 -0.1973042182
965 -0.1973042182
966 -0.1973042182
967 -0.1973042182
968 -0.1973042182
969 -0.1973042182
970 -0.1973042182
971 -0.1973042182
972 -0.1973042182
973 -0.1973042182
974 -0.1973042182
975 -0.1973042182
976 -0.1973042182
977 -0.1973042182
978 -0.1973042182
979 -0.1973042182
980 -0.1973042182
981 -0.1973042182
982 -0.1973042182
983 -0.1973042182
984 -0.1973042182
985 -0.1973042182
986 -0.1973042182
987 -0.1973042182
988 -0.1973042182
989 -0.1973042182
990 -0.1973042182
991 -0.1973042182
992 -0.1973042182
993 -0.1973042182
994 -0.1973042182
995 -0.1973042182
996 -0.1973042182
997 -0.1973042182
998 -0.1973042182
999 -0.1973042182
1000 -0.1973042182
1001 -0.1973042182
1002 -0.1973042182
1003 -0.1973042182
1004 -0.1973042182
1005 -0.1973042182
1006 -0.1973042182
1007 -0.1973042182
1008 -0.1973042182
1009 -0.1973042182
1010 -0.1973042182
1011 -0.1973042182
1012 -0.1973042182
1013 -0.1973042182
1014 -0.1973042182
1015 -0.1973042182
1016 -0.1973042182
1017 -0.1973042182
1018 -0.1973042182
1019 -0.1973042182
1020 -0.1973042182
1021 -0.1973042182
1022 -0.1973042182
1023 -0.1973042182
