#53584 2910.0006044709986972 0.0045704429484469287145 1 1293 16.000049430220818044 1024 7 1 J1713+0747 0.0000000 
0 0.1597674043
1 0.1597674043
2 0.1597674043
3 0.1597674043
4 0.1597674043
5 0.1597674043
6 0.1597674043
7 0.1597674043
8 0.1597674043
9 0.1597674043
10 0.1597674043
11 0.1597674043
12 0.1597674043
13 0.1597674043
14 0.1597674043
15 0.1597674043
16 0.1597674043
17 0.1597674043
18 0.1597674043
19 0.1597674043
20 0.1597674043
21 0.1597674043
22 0.1597674043
23 0.1597674043
24 0.1597674043
25 0.1597674043
26 0.1597674043
27 0.1597674043
28 0.1597674043
29 0.1597674043
30 0.1597674043
31 0.1597674043
32 0.1597674043
33 0.1597674043
34 0.1597674043
35 0.1597674043
36 0.1597674043
37 0.1597674043
38 0.1597674043
39 0.1597674043
40 0.1597674043
41 0.1597674043
42 0.1597674043
43 0.1597674043
44 0.1597674043
45 0.1597674043
46 0.1597674043
47 0.1597674043
48 0.1597674043
49 0.1597674043
50 0.1597674043
51 0.1597674043
52 0.1597674043
53 0.1597674043
54 0.1597674043
55 0.1597674043
56 0.1597674043
57 0.1597674043
58 0.1597674043
59 0.1597674043
60 0.1597674043
61 0.1597674043
62 0.1597674043
63 0.1597674043
64 0.1597674043
65 0.1597674043
66 0.1597674043
67 0.1597674043
68 0.1597674043
69 0.1597674043
70 0.1597674043
71 0.1597674043
72 0.1597674043
73 0.1597674043
74 0.1597674043
75 0.1597674043
76 0.1597674043
77 0.1597674043
78 0.1597674043
79 0.1597674043
80 0.1597674043
81 0.1597674043
82 0.1597674043
83 0.1597674043
84 0.1597674043
85 0.1597674043
86 0.1597674043
87 0.1597674043
88 0.1597674043
89 0.1597674043
90 0.1597674043
91 0.1597674043
92 0.1597674043
93 0.1597674043
94 0.1597674043
95 0.1597674043
96 0.1597674043
97 0.1597674043
98 0.1597674043
99 0.1597674043
100 0.1597674043
101 0.1597674043
102 0.1597674043
103 0.1597674043
104 0.1597674043
105 0.1597674043
106 0.1597674043
107 0.1597674043
108 0.1597674043
109 0.1597674043
110 0.1597674043
111 0.1597674043
112 0.1597674043
113 0.1597674043
114 0.1597674043
115 0.1597674043
116 0.1597674043
117 0.1597674043
118 0.1597674043
119 0.1597674043
120 0.1597674043
121 0.1597674043
122 0.1597674043
123 0.1597674043
124 0.1597674043
125 0.1597674043
126 0.1597674043
127 0.1597674043
128 0.1597674043
129 0.1597674043
130 0.1597674043
131 0.1597674043
132 0.1597674043
133 0.1597674043
134 0.1597674043
135 0.1597674043
136 0.1597674043
137 0.1597674043
138 0.1597674043
139 0.1597674043
140 0.1597674043
141 0.1597674043
142 0.1597674043
143 0.1597674043
144 0.1597674043
145 0.1597674043
146 0.1597674043
147 0.1597674043
148 0.1597674043
149 0.1597674043
150 0.1597674043
151 0.1597674043
152 0.1597674043
153 0.1597674043
154 0.1597674043
155 0.1597674043
156 0.1597674043
157 0.1597674043
158 0.1597674043
159 0.1597674043
160 0.1597674043
161 0.1597674043
162 0.1597674043
163 0.1597674043
164 0.1597674043
165 0.1597674043
166 0.1597674043
167 0.1597674043
168 0.1597674043
169 0.1597674043
170 0.1597674043
171 0.1597674043
172 0.1597674043
173 0.1597674043
174 0.1597674043
175 0.1597674043
176 0.1597674043
177 0.1597674043
178 0.1597674043
179 0.1597674043
180 0.1597674043
181 0.1597674043
182 0.1597674043
183 0.1597674043
184 0.1597674043
185 0.1597674043
186 0.1597674043
187 0.1597674043
188 0.1597674043
189 0.1597674043
190 0.1597674043
191 0.1597674043
192 0.1597674043
193 0.1597674043
194 0.1597674043
195 0.1597674043
196 0.1597674043
197 0.1597674043
198 0.1597674043
199 0.1597674043
200 0.1597674043
201 0.1597674043
202 0.1597674043
203 0.1597674043
204 0.1597674043
205 0.1597674043
206 0.1597674043
207 0.1597674043
208 0.1597674043
209 0.1597674043
210 0.1597674043
211 0.1597674043
212 0.1597674043
213 0.1597674043
214 0.1597674043
215 0.1597674043
216 0.1597674043
217 0.1597674043
218 0.1597674043
219 0.1597674043
220 0.1597674043
221 0.1597674043
222 0.1597674043
223 0.1597674043
224 0.1597674043
225 0.1597674043
226 0.1597674043
227 0.1597674043
228 0.1597674043
229 0.1597674043
230 0.1597674043
231 0.1597674043
232 0.1597674043
233 0.1597674043
234 0.1597674043
235 0.1597674043
236 0.1597674043
237 0.1597674043
238 0.1597674043
239 0.1597674043
240 0.1597674043
241 0.1597674043
242 0.1597674043
243 0.1597674043
244 0.1597674043
245 0.1597674043
246 0.1597674043
247 0.1597674043
248 0.1597674043
249 0.1597674043
250 0.1597674043
251 0.1597674043
252 0.1597674043
253 0.1597674043
254 0.1597674043
255 0.1597674043
256 0.1597674043
257 0.1597674043
258 0.1597674043
259 0.1597674043
260 0.1597674043
261 0.1597674043
262 0.1597674043
263 0.1597674043
264 0.1597674043
265 0.1597674043
266 0.1597674043
267 0.1597674043
268 0.1597674043
269 0.1597674043
270 0.1597674043
271 0.1597674043
272 0.1597674043
273 0.1597674043
274 0.1597674043
275 0.1597674043
276 0.1597674043
277 0.1597674043
278 0.1597674043
279 0.1597674043
280 0.1597674043
281 0.1597674043
282 0.1597674043
283 0.1597674043
284 0.1597674043
285 0.1597674043
286 0.1597674043
287 0.1597674043
288 0.1597674043
289 0.1597674043
290 0.1597674043
291 0.1597674043
292 0.1597674043
293 0.1597674043
294 0.1597674043
295 0.1597674043
296 0.1597674043
297 0.1597674043
298 0.1597674043
299 0.1597674043
300 0.1597674043
301 0.1597674043
302 0.1597674043
303 0.1597674043
304 0.1597674043
305 0.1597674043
306 0.1597674043
307 0.1597674043
308 0.1597674043
309 0.1597674043
310 0.1597674043
311 0.1597674043
312 0.1597674043
313 0.1597674043
314 0.1597674043
315 0.1597674043
316 0.1597674043
317 0.1597674043
318 0.1597674043
319 0.1597674043
320 0.1597674043
321 0.1597674043
322 0.1597674043
323 0.1597674043
324 0.1597674043
325 0.1597674043
326 0.1597674043
327 0.1597674043
328 0.1597674044
329 0.1597674044
330 0.1597674044
331 0.1597674044
332 0.1597674045
333 0.1597674045
334 0.1597674046
335 0.1597674047
336 0.1597674048
337 0.1597674049
338 0.159767405
339 0.1597674052
340 0.1597674055
341 0.1597674058
342 0.1597674061
343 0.1597674066
344 0.1597674071
345 0.1597674078
346 0.1597674087
347 0.1597674098
348 0.1597674111
349 0.1597674127
350 0.1597674147
351 0.1597674172
352 0.1597674203
353 0.159767424
354 0.1597674286
355 0.1597674343
356 0.1597674412
357 0.1597674497
358 0.1597674601
359 0.1597674727
360 0.1597674882
361 0.159767507
362 0.15976753
363 0.1597675579
364 0.1597675918
365 0.159767633
366 0.159767683
367 0.1597677435
368 0.1597678167
369 0.1597679052
370 0.1597680121
371 0.1597681411
372 0.1597682965
373 0.1597684835
374 0.1597687085
375 0.1597689788
376 0.1597693031
377 0.1597696918
378 0.1597701573
379 0.1597707142
380 0.1597713797
381 0.1597721741
382 0.1597731214
383 0.1597742498
384 0.1597755925
385 0.1597771886
386 0.1597790839
387 0.159781332
388 0.1597839959
389 0.1597871492
390 0.1597908777
391 0.1597952817
392 0.1598004782
393 0.1598066033
394 0.1598138151
395 0.1598222977
396 0.1598322643
397 0.1598439621
398 0.1598576774
399 0.1598737409
400 0.1598925349
401 0.1599145
402 0.1599401441
403 0.1599700516
404 0.1600048942
405 0.1600454432
406 0.1600925828
407 0.1601473259
408 0.1602108313
409 0.160284423
410 0.160369612
411 0.1604681208
412 0.1605819103
413 0.1607132107
414 0.1608645546
415 0.1610388152
416 0.1612392481
417 0.1614695372
418 0.1617338463
419 0.1620368761
420 0.1623839263
421 0.162780965
422 0.1632347045
423 0.1637526848
424 0.1643433652
425 0.1650162241
426 0.165781869
427 0.1666521554
428 0.1676403175
429 0.1687611093
430 0.1700309581
431 0.1714681312
432 0.1730929154
433 0.1749278113
434 0.1769977423
435 0.1793302797
436 0.1819558833
437 0.1849081601
438 0.18822414
439 0.1919445698
440 0.196114226
441 0.200782247
442 0.2060024842
443 0.2118338736
444 0.2183408263
445 0.2255936397
446 0.2336689282
447 0.2426500721
448 0.2526276872
449 0.2637001107
450 0.2759739051
451 0.2895643772
452 0.3045961126
453 0.3212035216
454 0.3395313962
455 0.3597354749
456 0.3819830136
457 0.4064533579
458 0.4333385149
459 0.4628437198
460 0.4951879936
461 0.5306046864
462 0.5693420032
463 0.6116635042
464 0.657848576
465 0.7081928669
466 0.7630086789
467 0.8226253111
468 0.8873893458
469 0.9576648708
470 1.03383363
471 1.116295093
472 1.205466438
473 1.301782439
474 1.405695245
475 1.51767405
476 1.638204638
477 1.767788803
478 1.906943628
479 2.056200621
480 2.216104696
481 2.387212999
482 2.570093569
483 2.765323824
484 2.973488879
485 3.195179681
486 3.430990967
487 3.681519033
488 3.947359331
489 4.229103877
490 4.527338481
491 4.842639809
492 5.175572265
493 5.526684727
494 5.896507115
495 6.285546832
496 6.694285065
497 7.123172981
498 7.572627822
499 8.043028919
500 8.534713655
501 9.047973382
502 9.583049327
503 10.14012852
504 10.71933973
505 11.32074952
506 11.94435834
507 12.59009679
508 13.25782201
509 13.94731427
510 14.65827379
511 15.39031778
512 16.14297782
513 16.91569751
514 17.70783047
515 18.51863874
516 19.34729158
517 20.19286468
518 21.05433988
519 21.93060532
520 22.82045612
521 23.72259559
522 24.63563693
523 25.55810558
524 26.48844201
525 27.42500517
526 28.36607642
527 29.30986413
528 30.25450873
529 31.19808837
530 32.13862511
531 33.07409159
532 34.0024182
533 34.92150078
534 35.82920861
535 36.72339295
536 37.60189586
537 38.46255932
538 39.30323469
539 40.12179232
540 40.9161314
541 41.68418988
542 42.42395452
543 43.13347086
544 43.81085322
545 44.45429462
546 45.0620764
547 45.63257784
548 46.16428529
549 46.65580113
550 47.1058523
551 47.51329833
552 47.87713903
553 48.19652151
554 48.47074674
555 48.69927546
556 48.88173339
557 49.01791587
558 49.10779172
559 49.15150639
560 49.14938438
561 49.10193086
562 49.00983256
563 48.87395785
564 48.69535601
565 48.47525585
566 48.21506336
567 47.91635874
568 47.58089268
569 47.21058177
570 46.80750337
571 46.37388966
572 45.91212108
573 45.42471911
574 44.91433845
575 44.3837586
576 43.83587491
577 43.27368908
578 42.70029919
579 42.1188893
580 41.5327186
581 40.94511014
582 40.3594393
583 39.77912184
584 39.20760173
585 38.64833868
586 38.10479546
587 37.58042506
588 37.07865761
589 36.60288727
590 36.15645893
591 35.74265492
592 35.36468163
593 35.02565618
594 34.7285931
595 34.47639106
596 34.27181979
597 34.11750707
598 34.01592596
599 33.96938224
600 33.98000217
601 34.04972055
602 34.1802692
603 34.37316582
604 34.62970346
605 34.95094043
606 35.33769089
607 35.79051613
608 36.30971659
609 36.89532468
610 37.5470985
611 38.26451655
612 39.04677338
613 39.8927764
614 40.80114385
615 41.77020387
616 42.79799502
617 43.88226797
618 45.02048863
619 46.20984275
620 47.44724184
621 48.72933071
622 50.05249642
623 51.41287873
624 52.80638217
625 54.22868943
626 55.67527635
627 57.14142828
628 58.62225786
629 60.11272408
630 61.60765258
631 63.10175721
632 64.5896625
633 66.06592721
634 67.52506861
635 68.96158757
636 70.36999407
637 71.74483322
638 73.08071147
639 74.3723229
640 75.61447543
641 76.80211679
642 77.93035993
643 78.99450797
644 79.99007823
645 80.91282533
646 81.75876313
647 82.52418543
648 83.20568511
649 83.80017175
650 84.30488745
651 84.71742089
652 85.03571927
653 85.25809832
654 85.38325013
655 85.41024875
656 85.3385536
657 85.16801057
658 84.89885089
659 84.5316877
660 84.06751041
661 83.50767689
662 82.85390352
663 82.10825323
664 81.27312159
665 80.3512211
666 79.34556381
667 78.25944232
668 77.09640944
669 75.86025667
670 74.55499147
671 73.1848138
672 71.75409185
673 70.2673373
674 68.72918021
675 67.1443438
676 65.51761922
677 63.85384054
678 62.15786014
679 60.43452458
680 58.68865126
681 56.92500583
682 55.14828069
683 53.36307444
684 51.57387273
685 49.78503026
686 48.00075425
687 46.2250894
688 44.46190428
689 42.71487937
690 40.98749662
691 39.28303064
692 37.60454146
693 35.9548689
694 34.33662846
695 32.75220877
696 31.20377041
697 29.69324625
698 28.22234308
699 26.79254444
700 25.40511474
701 24.06110438
702 22.76135593
703 21.50651115
704 20.29701888
705 19.13314359
706 18.01497454
707 16.94243545
708 15.91529462
709 14.93317526
710 13.99556615
711 13.10183239
712 12.25122615
713 11.44289748
714 10.67590495
715 9.949226164
716 9.261767974
717 8.612376482
718 7.999846654
719 7.422931565
720 6.880351223
721 6.370800943
722 5.892959241
723 5.445495238
724 5.027075544
725 4.636370638
726 4.272060708
727 3.932840985
728 3.61742655
729 3.324556635
730 3.052998432
731 2.801550411
732 2.569045187
733 2.354351933
734 2.156378377
735 1.974072396
736 1.806423242
737 1.652462413
738 1.511264206
739 1.381945968
740 1.263668081
741 1.155633699
742 1.057088266
743 0.9673188359
744 0.8856532257
745 0.8114590154
746 0.7441424232
747 0.6831470732
748 0.6279526765
749 0.5780736425
750 0.5330576382
751 0.4924841103
752 0.4559627843
753 0.4231321536
754 0.3936579692
755 0.3672317413
756 0.3435692611
757 0.3224091503
758 0.3035114465
759 0.2866562278
760 0.2716422835
761 0.2582858336
762 0.2464193004
763 0.235890134
764 0.2265596932
765 0.2183021844
766 0.2110036556
767 0.2045610483
768 0.1988813052
769 0.1938805335
770 0.1894832215
771 0.1856215081
772 0.1822345028
773 0.1792676543
774 0.1766721663
775 0.1744044569
776 0.172425661
777 0.1707011722
778 0.1692002231
779 0.1678955004
780 0.166762793
781 0.1657806724
782 0.1649302004
783 0.1641946647
784 0.163559339
785 0.163011266
786 0.1625390614
787 0.1621327376
788 0.1617835453
789 0.1614838305
790 0.1612269076
791 0.1610069447
792 0.1608188625
793 0.1606582428
794 0.1605212486
795 0.1604045519
796 0.1603052703
797 0.1602209112
798 0.1601493216
799 0.1600886449
800 0.1600372822
801 0.1599938582
802 0.159957192
803 0.1599262706
804 0.1599002267
805 0.1598783184
806 0.159859912
807 0.159844467
808 0.1598315233
809 0.1598206893
810 0.1598116324
811 0.1598040707
812 0.1597977651
813 0.1597925135
814 0.1597881453
815 0.1597845164
816 0.1597815053
817 0.1597790101
818 0.1597769448
819 0.1597752376
820 0.1597738282
821 0.159772666
822 0.1597717088
823 0.1597709215
824 0.1597702748
825 0.1597697441
826 0.1597693093
827 0.1597689534
828 0.1597686624
829 0.1597684249
830 0.1597682312
831 0.1597680735
832 0.1597679452
833 0.1597678409
834 0.1597677564
835 0.1597676878
836 0.1597676324
837 0.1597675875
838 0.1597675513
839 0.1597675221
840 0.1597674986
841 0.1597674797
842 0.1597674645
843 0.1597674523
844 0.1597674426
845 0.1597674347
846 0.1597674285
847 0.1597674235
848 0.1597674195
849 0.1597674163
850 0.1597674138
851 0.1597674118
852 0.1597674102
853 0.159767409
854 0.159767408
855 0.1597674072
856 0.1597674066
857 0.1597674061
858 0.1597674057
859 0.1597674054
860 0.1597674051
861 0.1597674049
862 0.1597674048
863 0.1597674047
864 0.1597674046
865 0.1597674045
866 0.1597674045
867 0.1597674044
868 0.1597674044
869 0.1597674044
870 0.1597674043
871 0.1597674043
872 0.1597674043
873 0.1597674043
874 0.1597674043
875 0.1597674043
876 0.1597674043
877 0.1597674043
878 0.1597674043
879 0.1597674043
880 0.1597674043
881 0.1597674043
882 0.1597674043
883 0.1597674043
884 0.1597674043
885 0.1597674043
886 0.1597674043
887 0.1597674043
888 0.1597674043
889 0.1597674043
890 0.1597674043
891 0.1597674043
892 0.1597674043
893 0.1597674043
894 0.1597674043
895 0.1597674043
896 0.1597674043
897 0.1597674043
898 0.1597674043
899 0.1597674043
900 0.1597674043
901 0.1597674043
902 0.1597674043
903 0.1597674043
904 0.1597674043
905 0.1597674043
906 0.1597674043
907 0.1597674043
908 0.1597674043
909 0.1597674043
910 0.1597674043
911 0.1597674043
912 0.1597674043
913 0.1597674043
914 0.1597674043
915 0.1597674043
916 0.1597674043
917 0.1597674043
918 0.1597674043
919 0.1597674043
920 0.1597674043
921 0.1597674043
922 0.1597674043
923 0.1597674043
924 0.1597674043
925 0.1597674043
926 0.1597674043
927 0.1597674043
928 0.1597674043
929 0.1597674043
930 0.1597674043
931 0.1597674043
932 0.1597674043
933 0.1597674043
934 0.1597674043
935 0.1597674043
936 0.1597674043
937 0.1597674043
938 0.1597674043
939 0.1597674043
940 0.1597674043
941 0.1597674043
942 0.1597674043
943 0.1597674043
944 0.1597674043
945 0.1597674043
946 0.1597674043
947 0.1597674043
948 0.1597674043
949 0.1597674043
950 0.1597674043
951 0.1597674043
952 0.1597674043
953 0.1597674043
954 0.1597674043
955 0.1597674043
956 0.1597674043
957 0.1597674043
958 0.1597674043
959 0.1597674043
960 0.1597674043
961 0.1597674043
962 0.1597674043
963 0.1597674043
964 0.1597674043
965 0.1597674043
966 0.1597674043
967 0.1597674043
968 0.1597674043
969 0.1597674043
970 0.1597674043
971 0.1597674043
972 0.1597674043
973 0.1597674043
974 0.1597674043
975 0.1597674043
976 0.1597674043
977 0.1597674043
978 0.1597674043
979 0.1597674043
980 0.1597674043
981 0.1597674043
982 0.1597674043
983 0.1597674043
984 0.1597674043
985 0.1597674043
986 0.1597674043
987 0.1597674043
988 0.1597674043
989 0.1597674043
990 0.1597674043
991 0.1597674043
992 0.1597674043
993 0.1597674043
994 0.1597674043
995 0.1597674043
996 0.1597674043
997 0.1597674043
998 0.1597674043
999 0.1597674043
1000 0.1597674043
1001 0.1597674043
1002 0.1597674043
1003 0.1597674043
1004 0.1597674043
1005 0.1597674043
1006 0.1597674043
1007 0.1597674043
1008 0.1597674043
1009 0.1597674043
1010 0.1597674043
1011 0.1597674043
1012 0.1597674043
1013 0.1597674043
1014 0.1597674043
1015 0.1597674043
1016 0.1597674043
1017 0.1597674043
1018 0.1597674043
1019 0.1597674043
1020 0.1597674043
1021 0.1597674043
1022 0.1597674043
1023 0.1597674043
