#53584 2910.0014863167591148 0.0045704429484469287145 1 1453 16.000049430220818044 1024 7 1 J1713+0747 0.0000000 
0 -0.03879141085
1 -0.03879164421
2 -0.03879183464
3 -0.03879198983
4 -0.03879211615
5 -0.03879221884
6 -0.03879230222
7 -0.03879236983
8 -0.0387924246
9 -0.0387924689
10 -0.03879250469
11 -0.03879253357
12 -0.03879255684
13 -0.03879257558
14 -0.03879259064
15 -0.03879260274
16 -0.03879261244
17 -0.03879262021
18 -0.03879262642
19 -0.03879263139
20 -0.03879263535
21 -0.03879263851
22 -0.03879264102
23 -0.03879264302
24 -0.03879264461
25 -0.03879264587
26 -0.03879264686
27 -0.03879264765
28 -0.03879264828
29 -0.03879264877
30 -0.03879264916
31 -0.03879264946
32 -0.0387926497
33 -0.03879264989
34 -0.03879265004
35 -0.03879265015
36 -0.03879265024
37 -0.03879265032
38 -0.03879265037
39 -0.03879265041
40 -0.03879265045
41 -0.03879265047
42 -0.03879265049
43 -0.03879265051
44 -0.03879265052
45 -0.03879265053
46 -0.03879265054
47 -0.03879265054
48 -0.03879265055
49 -0.03879265055
50 -0.03879265055
51 -0.03879265056
52 -0.03879265056
53 -0.03879265056
54 -0.03879265056
55 -0.03879265056
56 -0.03879265056
57 -0.03879265056
58 -0.03879265056
59 -0.03879265056
60 -0.03879265056
61 -0.03879265056
62 -0.03879265056
63 -0.03879265056
64 -0.03879265056
65 -0.03879265056
66 -0.03879265056
67 -0.03879265056
68 -0.03879265056
69 -0.03879265056
70 -0.03879265056
71 -0.03879265056
72 -0.03879265056
73 -0.03879265056
74 -0.03879265056
75 -0.03879265056
76 -0.03879265056
77 -0.03879265056
78 -0.03879265056
79 -0.03879265056
80 -0.03879265056
81 -0.03879265056
82 -0.03879265056
83 -0.03879265056
84 -0.03879265056
85 -0.03879265056
86 -0.03879265056
87 -0.03879265056
88 -0.03879265056
89 -0.03879265056
90 -0.03879265056
91 -0.03879265056
92 -0.03879265056
93 -0.03879265056
94 -0.03879265056
95 -0.03879265056
96 -0.03879265056
97 -0.03879265056
98 -0.03879265056
99 -0.03879265056
100 -0.03879265056
101 -0.03879265056
102 -0.03879265056
103 -0.03879265056
104 -0.03879265056
105 -0.03879265056
106 -0.03879265056
107 -0.03879265056
108 -0.03879265056
109 -0.03879265056
110 -0.03879265056
111 -0.03879265056
112 -0.03879265056
113 -0.03879265056
114 -0.03879265056
115 -0.03879265056
116 -0.03879265056
117 -0.03879265056
118 -0.03879265056
119 -0.03879265056
120 -0.03879265056
121 -0.03879265056
122 -0.03879265056
123 -0.03879265056
124 -0.03879265056
125 -0.03879265056
126 -0.03879265056
127 -0.03879265056
128 -0.03879265056
129 -0.03879265056
130 -0.03879265056
131 -0.03879265056
132 -0.03879265056
133 -0.03879265056
134 -0.03879265056
135 -0.03879265056
136 -0.03879265056
137 -0.03879265056
138 -0.03879265056
139 -0.03879265056
140 -0.03879265056
141 -0.03879265056
142 -0.03879265056
143 -0.03879265056
144 -0.03879265056
145 -0.03879265056
146 -0.03879265056
147 -0.03879265056
148 -0.03879265056
149 -0.03879265056
150 -0.03879265056
151 -0.03879265056
152 -0.03879265056
153 -0.03879265056
154 -0.03879265056
155 -0.03879265056
156 -0.03879265056
157 -0.03879265056
158 -0.03879265056
159 -0.03879265056
160 -0.03879265056
161 -0.03879265056
162 -0.03879265056
163 -0.03879265056
164 -0.03879265056
165 -0.03879265056
166 -0.03879265056
167 -0.03879265056
168 -0.03879265056
169 -0.03879265056
170 -0.03879265056
171 -0.03879265056
172 -0.03879265056
173 -0.03879265056
174 -0.03879265056
175 -0.03879265056
176 -0.03879265056
177 -0.03879265056
178 -0.03879265056
179 -0.03879265056
180 -0.03879265056
181 -0.03879265056
182 -0.03879265056
183 -0.03879265056
184 -0.03879265056
185 -0.03879265056
186 -0.03879265056
187 -0.03879265056
188 -0.03879265056
189 -0.03879265056
190 -0.03879265056
191 -0.03879265056
192 -0.03879265056
193 -0.03879265056
194 -0.03879265056
195 -0.03879265056
196 -0.03879265056
197 -0.03879265056
198 -0.03879265056
199 -0.03879265056
200 -0.03879265056
201 -0.03879265056
202 -0.03879265056
203 -0.03879265056
204 -0.03879265056
205 -0.03879265056
206 -0.03879265056
207 -0.03879265056
208 -0.03879265056
209 -0.03879265056
210 -0.03879265056
211 -0.03879265056
212 -0.03879265056
213 -0.03879265056
214 -0.03879265056
215 -0.03879265056
216 -0.03879265056
217 -0.03879265056
218 -0.03879265056
219 -0.03879265056
220 -0.03879265056
221 -0.03879265056
222 -0.03879265056
223 -0.03879265056
224 -0.03879265056
225 -0.03879265056
226 -0.03879265056
227 -0.03879265056
228 -0.03879265056
229 -0.03879265056
230 -0.03879265056
231 -0.03879265056
232 -0.03879265056
233 -0.03879265056
234 -0.03879265056
235 -0.03879265056
236 -0.03879265056
237 -0.03879265056
238 -0.03879265056
239 -0.03879265056
240 -0.03879265056
241 -0.03879265056
242 -0.03879265056
243 -0.03879265056
244 -0.03879265056
245 -0.03879265056
246 -0.03879265056
247 -0.03879265056
248 -0.03879265056
249 -0.03879265056
250 -0.03879265056
251 -0.03879265056
252 -0.03879265056
253 -0.03879265056
254 -0.03879265056
255 -0.03879265056
256 -0.03879265056
257 -0.03879265056
258 -0.03879265056
259 -0.03879265056
260 -0.03879265056
261 -0.03879265056
262 -0.03879265056
263 -0.03879265056
264 -0.03879265056
265 -0.03879265056
266 -0.03879265056
267 -0.03879265056
268 -0.03879265056
269 -0.03879265056
270 -0.03879265056
271 -0.03879265056
272 -0.03879265056
273 -0.03879265056
274 -0.03879265056
275 -0.03879265056
276 -0.03879265056
277 -0.03879265056
278 -0.03879265056
279 -0.03879265056
280 -0.03879265056
281 -0.03879265056
282 -0.03879265056
283 -0.03879265056
284 -0.03879265056
285 -0.03879265056
286 -0.03879265056
287 -0.03879265056
288 -0.03879265056
289 -0.03879265056
290 -0.03879265056
291 -0.03879265056
292 -0.03879265056
293 -0.03879265056
294 -0.03879265056
295 -0.03879265056
296 -0.03879265056
297 -0.03879265056
298 -0.03879265056
299 -0.03879265056
300 -0.03879265056
301 -0.03879265056
302 -0.03879265056
303 -0.03879265056
304 -0.03879265056
305 -0.03879265056
306 -0.03879265056
307 -0.03879265056
308 -0.03879265056
309 -0.03879265056
310 -0.03879265056
311 -0.03879265056
312 -0.03879265056
313 -0.03879265056
314 -0.03879265056
315 -0.03879265056
316 -0.03879265056
317 -0.03879265056
318 -0.03879265056
319 -0.03879265056
320 -0.03879265056
321 -0.03879265056
322 -0.03879265056
323 -0.03879265056
324 -0.03879265056
325 -0.03879265056
326 -0.03879265056
327 -0.03879265056
328 -0.03879265056
329 -0.03879265056
330 -0.03879265056
331 -0.03879265056
332 -0.03879265056
333 -0.03879265056
334 -0.03879265056
335 -0.03879265056
336 -0.03879265056
337 -0.03879265056
338 -0.03879265056
339 -0.03879265056
340 -0.03879265056
341 -0.03879265056
342 -0.03879265056
343 -0.03879265056
344 -0.03879265056
345 -0.03879265056
346 -0.03879265056
347 -0.03879265056
348 -0.03879265056
349 -0.03879265056
350 -0.03879265056
351 -0.03879265056
352 -0.03879265056
353 -0.03879265056
354 -0.03879265056
355 -0.03879265056
356 -0.03879265056
357 -0.03879265056
358 -0.03879265056
359 -0.03879265056
360 -0.03879265056
361 -0.03879265056
362 -0.03879265056
363 -0.03879265056
364 -0.03879265056
365 -0.03879265056
366 -0.03879265056
367 -0.03879265056
368 -0.03879265056
369 -0.03879265056
370 -0.03879265056
371 -0.03879265056
372 -0.03879265056
373 -0.03879265056
374 -0.03879265056
375 -0.03879265056
376 -0.03879265056
377 -0.03879265056
378 -0.03879265056
379 -0.03879265056
380 -0.03879265056
381 -0.03879265056
382 -0.03879265056
383 -0.03879265056
384 -0.03879265056
385 -0.03879265056
386 -0.03879265056
387 -0.03879265056
388 -0.03879265056
389 -0.03879265056
390 -0.03879265056
391 -0.03879265056
392 -0.03879265056
393 -0.03879265056
394 -0.03879265056
395 -0.03879265056
396 -0.03879265056
397 -0.03879265056
398 -0.03879265056
399 -0.03879265056
400 -0.03879265056
401 -0.03879265056
402 -0.03879265056
403 -0.03879265056
404 -0.03879265056
405 -0.03879265056
406 -0.03879265056
407 -0.03879265056
408 -0.03879265056
409 -0.03879265056
410 -0.03879265056
411 -0.03879265056
412 -0.03879265056
413 -0.03879265056
414 -0.03879265056
415 -0.03879265056
416 -0.03879265056
417 -0.03879265056
418 -0.03879265056
419 -0.03879265056
420 -0.03879265056
421 -0.03879265056
422 -0.03879265056
423 -0.03879265056
424 -0.03879265056
425 -0.03879265056
426 -0.03879265056
427 -0.03879265056
428 -0.03879265056
429 -0.03879265056
430 -0.03879265056
431 -0.03879265056
432 -0.03879265056
433 -0.03879265056
434 -0.03879265056
435 -0.03879265056
436 -0.03879265056
437 -0.03879265056
438 -0.03879265056
439 -0.03879265056
440 -0.03879265056
441 -0.03879265056
442 -0.03879265056
443 -0.03879265056
444 -0.03879265056
445 -0.03879265056
446 -0.03879265056
447 -0.03879265056
448 -0.03879265056
449 -0.03879265056
450 -0.03879265056
451 -0.03879265056
452 -0.03879265056
453 -0.03879265056
454 -0.03879265056
455 -0.03879265056
456 -0.03879265056
457 -0.03879265056
458 -0.03879265056
459 -0.03879265056
460 -0.03879265056
461 -0.03879265056
462 -0.03879265056
463 -0.03879265056
464 -0.03879265056
465 -0.03879265056
466 -0.03879265056
467 -0.03879265056
468 -0.03879265056
469 -0.03879265056
470 -0.03879265056
471 -0.03879265056
472 -0.03879265056
473 -0.03879265056
474 -0.03879265056
475 -0.03879265056
476 -0.03879265056
477 -0.03879265056
478 -0.03879265056
479 -0.03879265056
480 -0.03879265056
481 -0.03879265056
482 -0.03879265056
483 -0.03879265056
484 -0.03879265056
485 -0.03879265056
486 -0.03879265056
487 -0.03879265056
488 -0.03879265056
489 -0.03879265056
490 -0.03879265056
491 -0.03879265056
492 -0.03879265056
493 -0.03879265056
494 -0.03879265056
495 -0.03879265056
496 -0.03879265056
497 -0.03879265056
498 -0.03879265056
499 -0.03879265056
500 -0.03879265056
501 -0.03879265056
502 -0.03879265056
503 -0.03879265056
504 -0.03879265056
505 -0.03879265056
506 -0.03879265056
507 -0.03879265056
508 -0.03879265056
509 -0.03879265056
510 -0.03879265056
511 -0.03879265056
512 -0.03879265056
513 -0.03879265056
514 -0.03879265056
515 -0.03879265056
516 -0.03879265055
517 -0.03879265055
518 -0.03879265055
519 -0.03879265055
520 -0.03879265054
521 -0.03879265053
522 -0.03879265053
523 -0.03879265052
524 -0.03879265051
525 -0.03879265049
526 -0.03879265047
527 -0.03879265045
528 -0.03879265042
529 -0.03879265038
530 -0.03879265033
531 -0.03879265027
532 -0.03879265019
533 -0.0387926501
534 -0.03879264998
535 -0.03879264984
536 -0.03879264965
537 -0.03879264942
538 -0.03879264914
539 -0.03879264879
540 -0.03879264835
541 -0.03879264781
542 -0.03879264713
543 -0.0387926463
544 -0.03879264527
545 -0.038792644
546 -0.03879264243
547 -0.03879264049
548 -0.03879263811
549 -0.03879263518
550 -0.03879263158
551 -0.03879262716
552 -0.03879262173
553 -0.03879261509
554 -0.03879260697
555 -0.03879259704
556 -0.03879258491
557 -0.03879257012
558 -0.0387925521
559 -0.03879253016
560 -0.03879250348
561 -0.03879247107
562 -0.03879243175
563 -0.03879238409
564 -0.03879232638
565 -0.03879225658
566 -0.03879217223
567 -0.03879207042
568 -0.03879194765
569 -0.03879179978
570 -0.03879162185
571 -0.03879140798
572 -0.03879115119
573 -0.03879084317
574 -0.0387904741
575 -0.03879003235
576 -0.03878950416
577 -0.03878887327
578 -0.03878812051
579 -0.0387872233
580 -0.03878615503
581 -0.03878488443
582 -0.03878337477
583 -0.03878158298
584 -0.03877945857
585 -0.03877694244
586 -0.03877396553
587 -0.03877044716
588 -0.03876629325
589 -0.03876139418
590 -0.0387556224
591 -0.03874882963
592 -0.03874084373
593 -0.03873146508
594 -0.03872046244
595 -0.03870756831
596 -0.03869247352
597 -0.03867482124
598 -0.03865420007
599 -0.03863013627
600 -0.03860208492
601 -0.03856942004
602 -0.03853142329
603 -0.0384872714
604 -0.0384360219
605 -0.0383765972
606 -0.03830776664
607 -0.03822812646
608 -0.03813607738
609 -0.03802979952
610 -0.03790722449
611 -0.03776600433
612 -0.0376034769
613 -0.03741662754
614 -0.03720204655
615 -0.03695588217
616 -0.03667378855
617 -0.03635086846
618 -0.03598161015
619 -0.0355598179
620 -0.03507853583
621 -0.03452996441
622 -0.03390536906
623 -0.03319498041
624 -0.03238788547
625 -0.03147190925
626 -0.03043348612
627 -0.02925752031
628 -0.02792723492
629 -0.02642400879
630 -0.02472720054
631 -0.02281395931
632 -0.02065902134
633 -0.01823449202
634 -0.01550961274
635 -0.01245051204
636 -0.009019940523
637 -0.005176989247
638 -0.0008767911541
639 0.003929794704
640 0.009296516287
641 0.01528207909
642 0.02195051402
643 0.0293715623
644 0.03762107727
645 0.04678144218
646 0.0569420036
647 0.06819951926
648 0.08065861923
649 0.09443227903
650 0.1096423031
651 0.1264198164
652 0.1449057623
653 0.1652514042
654 0.1876188274
655 0.2121814389
656 0.2391244613
657 0.2686454172
658 0.3009545987
659 0.3362755197
660 0.3748453438
661 0.4169152846
662 0.462750971
663 0.5126327733
664 0.5668560828
665 0.6257315391
666 0.6895851977
667 0.7587586324
668 0.8336089636
669 0.9145088067
670 1.001846133
671 1.096024033
672 1.197460386
673 1.306587404
674 1.423851078
675 1.549710486
676 1.684636981
677 1.829113232
678 1.98363214
679 2.148695589
680 2.324813059
681 2.512500077
682 2.712276518
683 2.924664738
684 3.150187553
685 3.38936606
686 3.642717291
687 3.910751721
688 4.193970626
689 4.492863283
690 4.807904049
691 5.139549298
692 5.488234247
693 5.854369668
694 6.238338512
695 6.640492453
696 7.06114837
697 7.500584786
698 7.959038281
699 8.436699911
700 8.933711633
701 9.450162791
702 9.986086657
703 10.54145708
704 11.11618523
705 11.71011655
706 12.32302782
707 12.95462445
708 13.60453801
709 14.27232407
710 14.95746021
711 15.65934446
712 16.37729405
713 17.11054449
714 17.85824909
715 18.61947887
716 19.39322288
717 20.17838903
718 20.97380531
719 21.77822156
720 22.59031167
721 23.40867628
722 24.23184602
723 25.0582852
724 25.88639601
725 26.71452318
726 27.54095918
727 28.3639498
728 29.18170022
729 29.99238149
730 30.79413739
731 31.5850917
732 32.36335572
733 33.1270362
734 33.87424343
735 34.60309961
736 35.31174739
737 35.9983585
738 36.66114255
739 37.29835579
740 37.90830989
741 38.48938064
742 39.04001662
743 39.55874754
744 40.04419259
745 40.49506831
746 40.91019633
747 41.28851065
748 41.62906455
749 41.93103708
750 42.19373907
751 42.41661859
752 42.59926588
753 42.74141774
754 42.84296125
755 42.90393692
756 42.92454113
757 42.905128
758 42.84621047
759 42.74846083
760 42.61271043
761 42.43994881
762 42.23132211
763 41.98813077
764 41.71182663
765 41.40400933
766 41.0664221
767 40.7009469
768 40.309599
769 39.89452096
770 39.45797604
771 39.00234115
772 38.53009922
773 38.04383117
774 37.54620739
775 37.03997878
776 36.52796752
777 36.01305736
778 35.49818363
779 34.98632295
780 34.48048273
781 33.98369027
782 33.49898186
783 33.0293915
784 32.57793961
785 32.1476215
786 31.74139582
787 31.36217291
788 31.01280307
789 30.69606489
790 30.41465352
791 30.17116902
792 29.96810482
793 29.80783622
794 29.69260913
795 29.62452888
796 29.6055494
797 29.63746253
798 29.72188775
799 29.86026221
800 30.05383119
801 30.30363899
802 30.61052042
803 30.97509273
804 31.39774829
805 31.87864787
806 32.41771469
807 33.0146293
808 33.66882527
809 34.37948585
810 35.14554158
811 35.96566895
812 36.83829014
813 37.76157388
814 38.73343757
815 39.75155049
816 40.81333838
817 41.91598929
818 43.05646068
819 44.23148785
820 45.43759378
821 46.67110017
822 47.92813981
823 49.2046703
824 50.4964889
825 51.79924863
826 53.10847551
827 54.41958681
828 55.72791032
829 57.02870453
830 58.31717951
831 59.58851858
832 60.83790046
833 62.06052188
834 63.25162043
835 64.40649767
836 65.52054211
837 66.58925214
838 67.60825861
839 68.57334695
840 69.4804787
841 70.32581225
842 71.10572268
843 71.81682052
844 72.45596931
845 73.02030183
846 73.50723486
847 73.91448237
848 74.24006709
849 74.4823302
850 74.63993926
851 74.7118943
852 74.69753178
853 74.5965268
854 74.40889313
855 74.13498132
856 73.77547493
857 73.33138462
858 72.80404057
859 72.1950829
860 71.50645044
861 70.74036787
862 69.8993312
863 68.98609194
864 68.00363994
865 66.95518499
866 65.84413756
867 64.6740885
868 63.44878815
869 62.1721249
870 60.84810328
871 59.4808219
872 58.07445133
873 56.633212
874 55.16135245
875 53.66312789
876 52.14277935
877 50.60451346
878 49.05248308
879 47.49076879
880 45.92336138
881 44.35414551
882 42.78688449
883 41.22520635
884 39.67259118
885 38.13235986
886 36.60766412
887 35.10147805
888 33.61659097
889 32.15560168
890 30.72091417
891 29.31473454
892 27.93906936
893 26.59572525
894 25.28630959
895 24.01223252
896 22.77470987
897 21.57476718
898 20.41324463
899 19.29080275
900 18.20792897
901 17.16494478
902 16.16201347
903 15.19914837
904 14.27622155
905 13.3929727
906 12.54901842
907 11.74386157
908 10.97690068
909 10.24743944
910 9.554696148
911 8.897812916
912 8.275864852
913 7.687868919
914 7.13279255
915 6.609561955
916 6.117070057
917 5.65418407
918 5.219752648
919 4.81261263
920 4.431595325
921 4.07553236
922 3.743261062
923 3.433629388
924 3.145500394
925 2.877756256
926 2.629301849
927 2.399067897
928 2.186013706
929 1.9891295
930 1.807438374
931 1.639997887
932 1.485901316
933 1.344278592
934 1.214296934
935 1.09516122
936 0.9861140998
937 0.8864358804
938 0.795444212
939 0.7124935848
940 0.6369746663
941 0.5683134966
942 0.5059705614
943 0.449439762
944 0.3982472995
945 0.351950489
946 0.3101365206
947 0.2724211802
948 0.2384475426
949 0.2078846509
950 0.1804261905
951 0.1557891681
952 0.1337126052
953 0.1139562512
954 0.09629932515
955 0.08053928965
956 0.06649066229
957 0.05398386844
958 0.04286413816
959 0.03299044964
960 0.02423452077
961 0.01647985002
962 0.009620807069
963 0.003561773357
964 -0.001783667765
965 -0.006493491974
966 -0.01063794694
967 -0.01428021857
968 -0.01747705191
969 -0.02027932845
970 -0.02273260137
971 -0.0248775908
972 -0.02675064092
973 -0.02838414074
974 -0.0298069109
975 -0.03104455803
976 -0.03211979913
977 -0.03305275748
978 -0.03386123228
979 -0.03456094377
980 -0.03516575552
981 -0.03568787582
982 -0.03613803953
983 -0.03652567215
984 -0.03685903753
985 -0.03714537053
986 -0.037390996
987 -0.03760143531
988 -0.03778150149
989 -0.03793538413
990 -0.03806672491
991 -0.0381786848
992 -0.03827400358
993 -0.03835505264
994 -0.03842388163
995 -0.03848225957
996 -0.03853171122
997 -0.03857354888
998 -0.03860890047
999 -0.03863873409
1000 -0.03866387949
1001 -0.03868504686
1002 -0.03870284322
1003 -0.03871778672
1004 -0.03873031899
1005 -0.03874081596
1006 -0.03874959719
1007 -0.03875693395
1008 -0.0387630562
1009 -0.03876815861
1010 -0.03877240576
1011 -0.0387759366
1012 -0.03877886829
1013 -0.03878129946
1014 -0.03878331306
1015 -0.03878497872
1016 -0.03878635487
1017 -0.0387874904
1018 -0.03878842622
1019 -0.0387891965
1020 -0.03878982973
1021 -0.03879034965
1022 -0.038790776
1023 -0.0387911252
