#54789 2910.001715521971565 0.004570261722785994192 1 1269 16.000049430220818044 1024 7 1 J1713+0747 0.0000000 
0 -0.1791583945
1 -0.1791583945
2 -0.1791583945
3 -0.1791583945
4 -0.1791583945
5 -0.1791583945
6 -0.1791583945
7 -0.1791583945
8 -0.1791583945
9 -0.1791583945
10 -0.1791583945
11 -0.1791583945
12 -0.1791583945
13 -0.1791583945
14 -0.1791583945
15 -0.1791583945
16 -0.1791583945
17 -0.1791583945
18 -0.1791583945
19 -0.1791583945
20 -0.1791583945
21 -0.1791583945
22 -0.1791583945
23 -0.1791583945
24 -0.1791583945
25 -0.1791583945
26 -0.1791583945
27 -0.1791583945
28 -0.1791583945
29 -0.1791583945
30 -0.1791583945
31 -0.1791583945
32 -0.1791583945
33 -0.1791583945
34 -0.1791583945
35 -0.1791583945
36 -0.1791583945
37 -0.1791583945
38 -0.1791583945
39 -0.1791583945
40 -0.1791583945
41 -0.1791583945
42 -0.1791583945
43 -0.1791583945
44 -0.1791583945
45 -0.1791583945
46 -0.1791583945
47 -0.1791583945
48 -0.1791583945
49 -0.1791583945
50 -0.1791583945
51 -0.1791583945
52 -0.1791583945
53 -0.1791583945
54 -0.1791583945
55 -0.1791583945
56 -0.1791583945
57 -0.1791583945
58 -0.1791583945
59 -0.1791583945
60 -0.1791583945
61 -0.1791583945
62 -0.1791583945
63 -0.1791583945
64 -0.1791583945
65 -0.1791583945
66 -0.1791583945
67 -0.1791583945
68 -0.1791583945
69 -0.1791583945
70 -0.1791583945
71 -0.1791583945
72 -0.1791583945
73 -0.1791583945
74 -0.1791583945
75 -0.1791583945
76 -0.1791583945
77 -0.1791583945
78 -0.1791583945
79 -0.1791583945
80 -0.1791583945
81 -0.1791583945
82 -0.1791583945
83 -0.1791583945
84 -0.1791583945
85 -0.1791583945
86 -0.1791583945
87 -0.1791583945
88 -0.1791583945
89 -0.1791583945
90 -0.1791583945
91 -0.1791583945
92 -0.1791583945
93 -0.1791583945
94 -0.1791583945
95 -0.1791583945
96 -0.1791583945
97 -0.1791583945
98 -0.1791583945
99 -0.1791583945
100 -0.1791583945
101 -0.1791583945
102 -0.1791583945
103 -0.1791583945
104 -0.1791583945
105 -0.1791583945
106 -0.1791583945
107 -0.1791583945
108 -0.1791583945
109 -0.1791583945
110 -0.1791583945
111 -0.1791583945
112 -0.1791583945
113 -0.1791583945
114 -0.1791583945
115 -0.1791583945
116 -0.1791583945
117 -0.1791583945
118 -0.1791583945
119 -0.1791583945
120 -0.1791583945
121 -0.1791583945
122 -0.1791583945
123 -0.1791583945
124 -0.1791583945
125 -0.1791583945
126 -0.1791583945
127 -0.1791583945
128 -0.1791583945
129 -0.1791583945
130 -0.1791583945
131 -0.1791583945
132 -0.1791583945
133 -0.1791583945
134 -0.1791583945
135 -0.1791583945
136 -0.1791583945
137 -0.1791583945
138 -0.1791583945
139 -0.1791583945
140 -0.1791583945
141 -0.1791583945
142 -0.1791583945
143 -0.1791583945
144 -0.1791583945
145 -0.1791583945
146 -0.1791583945
147 -0.1791583945
148 -0.1791583945
149 -0.1791583945
150 -0.1791583945
151 -0.1791583945
152 -0.1791583945
153 -0.1791583945
154 -0.1791583945
155 -0.1791583945
156 -0.1791583945
157 -0.1791583945
158 -0.1791583945
159 -0.1791583945
160 -0.1791583945
161 -0.1791583945
162 -0.1791583945
163 -0.1791583945
164 -0.1791583945
165 -0.1791583945
166 -0.1791583945
167 -0.1791583945
168 -0.1791583945
169 -0.1791583945
170 -0.1791583945
171 -0.1791583945
172 -0.1791583945
173 -0.1791583945
174 -0.1791583945
175 -0.1791583945
176 -0.1791583945
177 -0.1791583945
178 -0.1791583945
179 -0.1791583945
180 -0.1791583945
181 -0.1791583945
182 -0.1791583945
183 -0.1791583945
184 -0.1791583945
185 -0.1791583945
186 -0.1791583945
187 -0.1791583945
188 -0.1791583945
189 -0.1791583945
190 -0.1791583945
191 -0.1791583945
192 -0.1791583945
193 -0.1791583945
194 -0.1791583945
195 -0.1791583945
196 -0.1791583945
197 -0.1791583945
198 -0.1791583945
199 -0.1791583945
200 -0.1791583945
201 -0.1791583945
202 -0.1791583945
203 -0.1791583945
204 -0.1791583945
205 -0.1791583945
206 -0.1791583945
207 -0.1791583945
208 -0.1791583945
209 -0.1791583945
210 -0.1791583945
211 -0.1791583945
212 -0.1791583945
213 -0.1791583945
214 -0.1791583945
215 -0.1791583945
216 -0.1791583945
217 -0.1791583945
218 -0.1791583945
219 -0.1791583945
220 -0.1791583945
221 -0.1791583945
222 -0.1791583945
223 -0.1791583945
224 -0.1791583945
225 -0.1791583945
226 -0.1791583945
227 -0.1791583945
228 -0.1791583945
229 -0.1791583945
230 -0.1791583945
231 -0.1791583945
232 -0.1791583945
233 -0.1791583945
234 -0.1791583945
235 -0.1791583945
236 -0.1791583945
237 -0.1791583945
238 -0.1791583945
239 -0.1791583945
240 -0.1791583945
241 -0.1791583945
242 -0.1791583945
243 -0.1791583945
244 -0.1791583945
245 -0.1791583945
246 -0.1791583945
247 -0.1791583945
248 -0.1791583945
249 -0.1791583945
250 -0.1791583945
251 -0.1791583945
252 -0.1791583945
253 -0.1791583945
254 -0.1791583945
255 -0.1791583945
256 -0.1791583945
257 -0.1791583945
258 -0.1791583945
259 -0.1791583945
260 -0.1791583945
261 -0.1791583945
262 -0.1791583945
263 -0.1791583945
264 -0.1791583945
265 -0.1791583945
266 -0.1791583945
267 -0.1791583945
268 -0.1791583945
269 -0.1791583945
270 -0.1791583944
271 -0.1791583944
272 -0.1791583944
273 -0.1791583944
274 -0.1791583944
275 -0.1791583944
276 -0.1791583944
277 -0.1791583944
278 -0.1791583944
279 -0.1791583943
280 -0.1791583943
281 -0.1791583943
282 -0.1791583942
283 -0.1791583941
284 -0.1791583941
285 -0.179158394
286 -0.1791583938
287 -0.1791583937
288 -0.1791583935
289 -0.1791583932
290 -0.1791583929
291 -0.1791583925
292 -0.179158392
293 -0.1791583914
294 -0.1791583907
295 -0.1791583898
296 -0.1791583886
297 -0.1791583872
298 -0.1791583855
299 -0.1791583833
300 -0.1791583807
301 -0.1791583775
302 -0.1791583735
303 -0.1791583686
304 -0.1791583626
305 -0.1791583552
306 -0.1791583462
307 -0.1791583352
308 -0.1791583218
309 -0.1791583054
310 -0.1791582854
311 -0.179158261
312 -0.1791582314
313 -0.1791581954
314 -0.1791581518
315 -0.1791580989
316 -0.1791580347
317 -0.1791579572
318 -0.1791578634
319 -0.1791577503
320 -0.1791576137
321 -0.1791574493
322 -0.1791572513
323 -0.1791570133
324 -0.1791567275
325 -0.1791563845
326 -0.1791559735
327 -0.1791554814
328 -0.1791548929
329 -0.1791541898
330 -0.1791533506
331 -0.1791523501
332 -0.1791511586
333 -0.1791497411
334 -0.1791480565
335 -0.1791460565
336 -0.1791436846
337 -0.1791408747
338 -0.1791375493
339 -0.1791336182
340 -0.1791289757
341 -0.1791234991
342 -0.1791170452
343 -0.1791094478
344 -0.1791005136
345 -0.1790900186
346 -0.1790777033
347 -0.1790632671
348 -0.1790463627
349 -0.1790265893
350 -0.1790034843
351 -0.1789765152
352 -0.1789450691
353 -0.1789084419
354 -0.1788658251
355 -0.1788162922
356 -0.178758782
357 -0.1786920809
358 -0.1786148025
359 -0.1785253649
360 -0.1784219654
361 -0.1783025522
362 -0.1781647923
363 -0.1780060368
364 -0.1778232816
365 -0.1776131235
366 -0.1773717125
367 -0.1770946981
368 -0.1767771701
369 -0.1764135939
370 -0.1759977386
371 -0.1755225978
372 -0.1749803033
373 -0.1743620298
374 -0.1736578912
375 -0.1728568267
376 -0.171946477
377 -0.1709130493
378 -0.1697411707
379 -0.1684137293
380 -0.1669117013
381 -0.1652139653
382 -0.163297101
383 -0.1611351734
384 -0.1586994995
385 -0.1559583996
386 -0.1528769301
387 -0.1494165991
388 -0.1455350618
389 -0.1411857987
390 -0.1363177724
391 -0.1308750658
392 -0.124796499
393 -0.1180152272
394 -0.1104583171
395 -0.1020463047
396 -0.09269273201
397 -0.08230366632
398 -0.07077720005
399 -0.05800293406
400 -0.04386144495
401 -0.02822373803
402 -0.01095068795
403 0.008107531015
404 0.0291120224
405 0.05223574988
406 0.07766412129
407 0.1055955708
408 0.1362421351
409 0.1698300196
410 0.2066001492
411 0.2468086994
412 0.2907276014
413 0.3386450154
414 0.390865766
415 0.447711733
416 0.5095221898
417 0.5766540831
418 0.6494822455
419 0.7283995328
420 0.8138168786
421 0.9061632573
422 1.005885547
423 1.113448285
424 1.229333304
425 1.354039245
426 1.488080937
427 1.631988632
428 1.786307093
429 1.951594529
430 2.128421358
431 2.317368808
432 2.519027342
433 2.733994902
434 2.962874976
435 3.206274472
436 3.464801412
437 3.739062442
438 4.029660152
439 4.337190216
440 4.66223836
441 5.005377157
442 5.367162652
443 5.748130848
444 6.148794041
445 6.569637027
446 7.0111132
447 7.473640557
448 7.957597617
449 8.463319292
450 8.991092726
451 9.541153117
452 10.11367957
453 10.70879098
454 11.32654198
455 11.96691906
456 12.6298367
457 13.31513377
458 14.02257011
459 14.7518233
460 15.50248574
461 16.27406198
462 17.06596645
463 17.87752147
464 18.70795569
465 19.55640299
466 20.42190173
467 21.30339457
468 22.19972874
469 23.10965681
470 24.03183807
471 24.96484035
472 25.90714252
473 26.85713749
474 27.81313579
475 28.77336976
476 29.73599828
477 30.69911208
478 31.66073962
479 32.61885348
480 33.57137729
481 34.51619314
482 35.45114948
483 36.37406942
484 37.28275945
485 38.17501853
486 39.04864746
487 39.90145854
488 40.73128545
489 41.53599328
490 42.31348873
491 43.06173025
492 43.77873833
493 44.46260561
494 45.11150694
495 45.72370924
496 46.29758115
497 46.83160238
498 47.3243727
499 47.77462055
500 48.18121123
501 48.54315448
502 48.85961168
503 49.12990233
504 49.35350992
505 49.5300872
506 49.65946072
507 49.74163459
508 49.7767936
509 49.76530546
510 49.70772236
511 49.60478171
512 49.45740599
513 49.26670198
514 49.03395904
515 48.76064666
516 48.44841128
517 48.09907223
518 47.71461709
519 47.29719612
520 46.8491162
521 46.37283392
522 45.87094816
523 45.34619192
524 44.80142369
525 44.23961814
526 43.66385642
527 43.07731584
528 42.48325918
529 41.88502355
530 41.28600885
531 40.68966592
532 40.09948429
533 39.51897972
534 38.95168145
535 38.40111923
536 37.87081017
537 37.36424539
538 36.88487663
539 36.43610268
540 36.02125578
541 35.64358806
542 35.30625784
543 35.01231616
544 34.76469323
545 34.5661851
546 34.41944048
547 34.32694769
548 34.29102202
549 34.31379319
550 34.39719335
551 34.54294536
552 34.75255156
553 35.02728313
554 35.3681699
555 35.77599096
556 36.25126584
557 36.79424658
558 37.40491057
559 38.08295435
560 38.82778839
561 39.63853291
562 40.51401485
563 41.45276599
564 42.45302234
565 43.51272489
566 44.62952161
567 45.80077096
568 47.02354682
569 48.29464488
570 49.61059062
571 50.9676487
572 52.36183402
573 53.78892422
574 55.2444737
575 56.7238292
576 58.22214677
577 59.73441013
578 61.2554504
579 62.77996707
580 64.30255015
581 65.81770332
582 67.31986811
583 68.80344885
584 70.26283828
585 71.69244377
586 73.08671385
587 74.44016494
588 75.74740824
589 77.00317632
590 78.20234957
591 79.33998199
592 80.41132648
593 81.41185914
594 82.33730263
595 83.18364827
596 83.94717685
597 84.62447786
598 85.21246707
599 85.70840236
600 86.10989754
601 86.41493424
602 86.62187161
603 86.72945386
604 86.73681555
605 86.64348456
606 86.44938281
607 86.15482456
608 85.76051251
609 85.26753161
610 84.6773406
611 83.9917615
612 83.21296697
613 82.34346577
614 81.3860864
615 80.34395897
616 79.22049563
617 78.01936955
618 76.74449264
619 75.39999234
620 73.99018739
621 72.51956308
622 70.99274585
623 69.41447772
624 67.78959051
625 66.12298016
626 64.4195813
627 62.68434223
628 60.92220051
629 59.13805923
630 57.33676427
631 55.52308248
632 53.7016811
633 51.87710837
634 50.05377552
635 48.23594022
636 46.42769151
637 44.63293629
638 42.85538737
639 41.09855325
640 39.36572939
641 37.65999118
642 35.98418852
643 34.34094194
644 32.73264028
645 31.16143985
646 29.62926498
647 28.13780996
648 26.68854222
649 25.28270673
650 23.9213314
651 22.60523364
652 21.33502765
653 20.11113262
654 18.93378157
655 17.80303083
656 16.71876999
657 15.68073225
658 14.68850504
659 13.74154092
660 12.83916855
661 11.98060365
662 11.16496
663 10.39126031
664 9.658446798
665 8.965391645
666 8.31090708
667 7.693755119
668 7.112656903
669 6.566301614
670 6.053354908
671 5.572466871
672 5.122279459
673 4.701433418
674 4.308574675
675 3.942360192
676 3.601463295
677 3.284578468
678 2.990425644
679 2.717753977
680 2.465345142
681 2.232016154
682 2.016621747
683 1.818056324
684 1.635255505
685 1.467197304
686 1.312902945
687 1.171437369
688 1.041909427
689 0.9234718167
690 0.815320763
691 0.7166954869
692 0.6268774765
693 0.5451895882
694 0.4709950012
695 0.4036960465
696 0.3427329314
697 0.2875823788
698 0.2377561994
699 0.1927998138
700 0.1522907402
701 0.1158370604
702 0.08307587902
703 0.05367178484
704 0.02731532671
705 0.003721511297
706 -0.01737166884
707 -0.03620467045
708 -0.05299779237
709 -0.0679525214
710 -0.08125282756
711 -0.09306640573
712 -0.1035458618
713 -0.1128298417
714 -0.1210441029
715 -0.128302527
716 -0.1347080761
717 -0.1403536904
718 -0.1453231307
719 -0.149691766
720 -0.1535273078
721 -0.1568904934
722 -0.1598357201
723 -0.1624116313
724 -0.164661659
725 -0.1666245229
726 -0.1683346893
727 -0.1698227918
728 -0.1711160169
729 -0.1722384558
730 -0.1732114248
731 -0.1740537572
732 -0.1747820676
733 -0.1754109924
734 -0.1759534055
735 -0.176420615
736 -0.1768225384
737 -0.1771678614
738 -0.17746418
739 -0.1777181272
740 -0.1779354874
741 -0.1781212971
742 -0.1782799359
743 -0.1784152064
744 -0.1785304057
745 -0.1786283885
746 -0.1787116232
747 -0.1787822407
748 -0.1788420783
749 -0.1788927181
750 -0.17893552
751 -0.1789716519
752 -0.179002115
753 -0.1790277665
754 -0.1790493393
755 -0.1790674593
756 -0.17908266
757 -0.1790953959
758 -0.1791060533
759 -0.1791149603
760 -0.179122395
761 -0.1791285931
762 -0.1791337539
763 -0.1791380455
764 -0.1791416099
765 -0.1791445667
766 -0.1791470163
767 -0.1791490433
768 -0.1791507185
769 -0.1791521011
770 -0.179153241
771 -0.1791541795
772 -0.1791549512
773 -0.179155585
774 -0.179156105
775 -0.1791565309
776 -0.1791568794
777 -0.1791571643
778 -0.1791573968
779 -0.1791575863
780 -0.1791577406
781 -0.1791578661
782 -0.179157968
783 -0.1791580507
784 -0.1791581177
785 -0.1791581719
786 -0.1791582157
787 -0.179158251
788 -0.1791582795
789 -0.1791583025
790 -0.1791583209
791 -0.1791583358
792 -0.1791583477
793 -0.1791583572
794 -0.1791583648
795 -0.1791583709
796 -0.1791583758
797 -0.1791583796
798 -0.1791583827
799 -0.1791583852
800 -0.1791583871
801 -0.1791583887
802 -0.1791583899
803 -0.1791583909
804 -0.1791583916
805 -0.1791583923
806 -0.1791583927
807 -0.1791583931
808 -0.1791583934
809 -0.1791583936
810 -0.1791583938
811 -0.179158394
812 -0.1791583941
813 -0.1791583942
814 -0.1791583942
815 -0.1791583943
816 -0.1791583943
817 -0.1791583944
818 -0.1791583944
819 -0.1791583944
820 -0.1791583944
821 -0.1791583944
822 -0.1791583944
823 -0.1791583944
824 -0.1791583944
825 -0.1791583945
826 -0.1791583945
827 -0.1791583945
828 -0.1791583945
829 -0.1791583945
830 -0.1791583945
831 -0.1791583945
832 -0.1791583945
833 -0.1791583945
834 -0.1791583945
835 -0.1791583945
836 -0.1791583945
837 -0.1791583945
838 -0.1791583945
839 -0.1791583945
840 -0.1791583945
841 -0.1791583945
842 -0.1791583945
843 -0.1791583945
844 -0.1791583945
845 -0.1791583945
846 -0.1791583945
847 -0.1791583945
848 -0.1791583945
849 -0.1791583945
850 -0.1791583945
851 -0.1791583945
852 -0.1791583945
853 -0.1791583945
854 -0.1791583945
855 -0.1791583945
856 -0.1791583945
857 -0.1791583945
858 -0.1791583945
859 -0.1791583945
860 -0.1791583945
861 -0.1791583945
862 -0.1791583945
863 -0.1791583945
864 -0.1791583945
865 -0.1791583945
866 -0.1791583945
867 -0.1791583945
868 -0.1791583945
869 -0.1791583945
870 -0.1791583945
871 -0.1791583945
872 -0.1791583945
873 -0.1791583945
874 -0.1791583945
875 -0.1791583945
876 -0.1791583945
877 -0.1791583945
878 -0.1791583945
879 -0.1791583945
880 -0.1791583945
881 -0.1791583945
882 -0.1791583945
883 -0.1791583945
884 -0.1791583945
885 -0.1791583945
886 -0.1791583945
887 -0.1791583945
888 -0.1791583945
889 -0.1791583945
890 -0.1791583945
891 -0.1791583945
892 -0.1791583945
893 -0.1791583945
894 -0.1791583945
895 -0.1791583945
896 -0.1791583945
897 -0.1791583945
898 -0.1791583945
899 -0.1791583945
900 -0.1791583945
901 -0.1791583945
902 -0.1791583945
903 -0.1791583945
904 -0.1791583945
905 -0.1791583945
906 -0.1791583945
907 -0.1791583945
908 -0.1791583945
909 -0.1791583945
910 -0.1791583945
911 -0.1791583945
912 -0.1791583945
913 -0.1791583945
914 -0.1791583945
915 -0.1791583945
916 -0.1791583945
917 -0.1791583945
918 -0.1791583945
919 -0.1791583945
920 -0.1791583945
921 -0.1791583945
922 -0.1791583945
923 -0.1791583945
924 -0.1791583945
925 -0.1791583945
926 -0.1791583945
927 -0.1791583945
928 -0.1791583945
929 -0.1791583945
930 -0.1791583945
931 -0.1791583945
932 -0.1791583945
933 -0.1791583945
934 -0.1791583945
935 -0.1791583945
936 -0.1791583945
937 -0.1791583945
938 -0.1791583945
939 -0.1791583945
940 -0.1791583945
941 -0.1791583945
942 -0.1791583945
943 -0.1791583945
944 -0.1791583945
945 -0.1791583945
946 -0.1791583945
947 -0.1791583945
948 -0.1791583945
949 -0.1791583945
950 -0.1791583945
951 -0.1791583945
952 -0.1791583945
953 -0.1791583945
954 -0.1791583945
955 -0.1791583945
956 -0.1791583945
957 -0.1791583945
958 -0.1791583945
959 -0.1791583945
960 -0.1791583945
961 -0.1791583945
962 -0.1791583945
963 -0.1791583945
964 -0.1791583945
965 -0.1791583945
966 -0.1791583945
967 -0.1791583945
968 -0.1791583945
969 -0.1791583945
970 -0.1791583945
971 -0.1791583945
972 -0.1791583945
973 -0.1791583945
974 -0.1791583945
975 -0.1791583945
976 -0.1791583945
977 -0.1791583945
978 -0.1791583945
979 -0.1791583945
980 -0.1791583945
981 -0.1791583945
982 -0.1791583945
983 -0.1791583945
984 -0.1791583945
985 -0.1791583945
986 -0.1791583945
987 -0.1791583945
988 -0.1791583945
989 -0.1791583945
990 -0.1791583945
991 -0.1791583945
992 -0.1791583945
993 -0.1791583945
994 -0.1791583945
995 -0.1791583945
996 -0.1791583945
997 -0.1791583945
998 -0.1791583945
999 -0.1791583945
1000 -0.1791583945
1001 -0.1791583945
1002 -0.1791583945
1003 -0.1791583945
1004 -0.1791583945
1005 -0.1791583945
1006 -0.1791583945
1007 -0.1791583945
1008 -0.1791583945
1009 -0.1791583945
1010 -0.1791583945
1011 -0.1791583945
1012 -0.1791583945
1013 -0.1791583945
1014 -0.1791583945
1015 -0.1791583945
1016 -0.1791583945
1017 -0.1791583945
1018 -0.1791583945
1019 -0.1791583945
1020 -0.1791583945
1021 -0.1791583945
1022 -0.1791583945
1023 -0.1791583945
