#54832 2910.0033715577810336 0.004569975217427318763 1 1381 16.000049430220818044 1024 7 1 J1713+0747 0.0000000 
0 0.4272523504
1 0.4272523518
2 0.4272523535
3 0.4272523557
4 0.4272523583
5 0.4272523616
6 0.4272523656
7 0.4272523705
8 0.4272523765
9 0.4272523838
10 0.4272523928
11 0.4272524038
12 0.4272524173
13 0.4272524337
14 0.4272524536
15 0.4272524779
16 0.4272525074
17 0.4272525433
18 0.4272525868
19 0.4272526395
20 0.4272527034
21 0.4272527806
22 0.4272528738
23 0.4272529863
24 0.427253122
25 0.4272532854
26 0.4272534819
27 0.4272537181
28 0.4272540017
29 0.4272543417
30 0.427254749
31 0.4272552365
32 0.4272558192
33 0.4272565151
34 0.4272573452
35 0.4272583345
36 0.427259512
37 0.4272609123
38 0.4272625758
39 0.4272645496
40 0.4272668895
41 0.4272696601
42 0.4272729375
43 0.4272768102
44 0.4272813815
45 0.4272867716
46 0.4272931206
47 0.4273005912
48 0.4273093721
49 0.4273196822
50 0.427331775
51 0.4273459438
52 0.4273625272
53 0.4273819163
54 0.4274045617
55 0.427430982
56 0.4274617738
57 0.4274976223
58 0.4275393136
59 0.4275877482
60 0.427643957
61 0.4277091184
62 0.4277845776
63 0.4278718689
64 0.42797274
65 0.4280891788
66 0.4282234443
67 0.4283781005
68 0.4285560533
69 0.4287605929
70 0.4289954397
71 0.4292647955
72 0.4295733996
73 0.4299265917
74 0.4303303799
75 0.430791516
76 0.4313175787
77 0.4319170634
78 0.4325994818
79 0.4333754699
80 0.4342569055
81 0.4352570369
82 0.4363906216
83 0.4376740777
84 0.439125647
85 0.4407655713
86 0.4426162828
87 0.4447026082
88 0.4470519888
89 0.4496947153
90 0.4526641799
91 0.4559971442
92 0.4597340251
93 0.4639191986
94 0.4686013209
95 0.4738336684
96 0.4796744965
97 0.4861874162
98 0.4934417896
99 0.5015131435
100 0.5104836004
101 0.5204423272
102 0.5314859997
103 0.5437192823
104 0.5572553221
105 0.5722162548
106 0.5887337215
107 0.6069493938
108 0.6270155053
109 0.6490953852
110 0.6733639937
111 0.7000084528
112 0.7292285705
113 0.7612373538
114 0.7962615059
115 0.8345419028
116 0.8763340436
117 0.92190847
118 0.9715511475
119 1.025563803
120 1.084264214
121 1.147986433
122 1.217080963
123 1.291914839
124 1.372871652
125 1.460351472
126 1.554770678
127 1.656561693
128 1.766172597
129 1.884066631
130 2.010721571
131 2.146628971
132 2.292293265
133 2.448230721
134 2.614968253
135 2.793042058
136 2.982996112
137 3.185380484
138 3.400749489
139 3.629659675
140 3.872667629
141 4.130327626
142 4.4031891
143 4.691793955
144 4.996673718
145 5.318346534
146 5.657314022
147 6.014057989
148 6.389037024
149 6.782682978
150 7.195397352
151 7.627547598
152 8.079463366
153 8.551432702
154 9.043698228
155 9.556453327
156 10.08983835
157 10.64393688
158 11.21877207
159 11.81430309
160 12.43042172
161 13.06694908
162 13.72363258
163 14.40014313
164 15.09607247
165 15.81093098
166 16.54414565
167 17.29505842
168 18.06292499
169 18.84691389
170 19.64610605
171 20.4594948
172 21.28598632
173 22.1244006
174 22.97347286
175 23.83185549
176 24.69812056
177 25.57076278
178 26.44820301
179 27.32879235
180 28.21081669
181 29.09250179
182 29.97201889
183 30.84749078
184 31.71699832
185 32.57858745
186 33.43027658
187 34.27006438
188 35.09593789
189 35.90588097
190 36.69788302
191 37.46994791
192 38.22010311
193 38.94640891
194 39.64696778
195 40.31993372
196 40.9635216
197 41.57601641
198 42.15578244
199 42.70127217
200 43.21103503
201 43.68372581
202 44.11811277
203 44.51308533
204 44.86766137
205 45.18099398
206 45.45237782
207 45.68125476
208 45.86721908
209 46.01002195
210 46.1095753
211 46.16595502
212 46.17940347
213 46.15033124
214 46.07931826
215 45.96711411
216 45.81463767
217 45.62297598
218 45.39338242
219 45.12727415
220 44.82622883
221 44.4919807
222 44.12641592
223 43.7315673
224 43.3096084
225 42.86284697
226 42.39371786
227 41.90477538
228 41.3986851
229 40.87821513
230 40.34622705
231 39.80566624
232 39.25955195
233 38.71096694
234 38.16304672
235 37.61896861
236 37.08194038
237 36.55518877
238 36.04194765
239 35.54544612
240 35.06889637
241 34.61548144
242 34.18834286
243 33.79056822
244 33.42517874
245 33.09511676
246 32.80323331
247 32.55227571
248 32.34487529
249 32.18353516
250 32.07061829
251 32.00833562
252 31.99873456
253 32.04368775
254 32.14488209
255 32.30380829
256 32.52175075
257 32.79977801
258 33.13873376
259 33.5392284
260 34.00163136
261 34.52606411
262 35.11239401
263 35.760229
264 36.46891321
265 37.23752362
266 38.0648677
267 38.94948226
268 39.88963333
269 40.88331742
270 41.92826392
271 43.0219389
272 44.16155018
273 45.34405383
274 46.56616205
275 47.82435243
276 49.11487866
277 50.43378258
278 51.77690769
279 53.1399139
280 54.51829371
281 55.90738957
282 57.30241242
283 58.69846143
284 60.09054463
285 61.47360062
286 62.84252097
287 64.19217339
288 65.51742545
289 66.81316867
290 68.07434303
291 69.29596143
292 70.47313427
293 71.60109374
294 72.67521783
295 73.69105375
296 74.64434071
297 75.53103183
298 76.34731503
299 77.08963281
300 77.75470063
301 78.33952394
302 78.84141356
303 79.25799937
304 79.58724225
305 79.82744406
306 79.97725569
307 80.03568304
308 80.00209098
309 79.87620515
310 79.65811161
311 79.34825448
312 78.94743136
313 78.45678681
314 77.87780372
315 77.21229287
316 76.46238055
317 75.63049448
318 74.71934814
319 73.73192357
320 72.67145281
321 71.54139817
322 70.34543139
323 69.08741198
324 67.77136482
325 66.40145715
326 64.98197528
327 63.51730101
328 62.01188811
329 60.47023882
330 58.89688073
331 57.29634408
332 55.67313968
333 54.03173755
334 52.37654643
335 50.71189432
336 49.04201005
337 47.3710061
338 45.70286266
339 44.04141308
340 42.39033068
341 40.75311699
342 39.1330915
343 37.53338292
344 35.95692184
345 34.40643494
346 32.88444067
347 31.39324632
348 29.93494646
349 28.51142279
350 27.12434518
351 25.77517395
352 24.4651633
353 23.19536573
354 21.96663747
355 20.77964479
356 19.63487106
357 18.53262454
358 17.4730467
359 16.45612114
360 15.48168287
361 14.54942789
362 13.65892306
363 12.80961609
364 12.00084563
365 11.23185133
366 10.50178382
367 9.809714591
368 9.154645675
369 8.535519012
370 7.951225592
371 7.400614205
372 6.882499834
373 6.395671625
374 5.938900427
375 5.510945868
376 5.110562964
377 4.736508245
378 4.387545393
379 4.062450391
380 3.760016192
381 3.479056903
382 3.218411504
383 2.976947116
384 2.753561825
385 2.547187087
386 2.356789728
387 2.181373572
388 2.019980701
389 1.87169239
390 1.735629726
391 1.610953942
392 1.496866489
393 1.392608874
394 1.297462277
395 1.210746985
396 1.13182165
397 1.060082409
398 0.9949618717
399 0.9359280031
400 0.8824829198
401 0.8341616153
402 0.7905306301
403 0.7511866825
404 0.7157552741
405 0.6838892801
406 0.655267538
407 0.6295934436
408 0.6065935624
409 0.5860162658
410 0.5676303963
411 0.5512239702
412 0.5366029201
413 0.5235898822
414 0.5120230314
415 0.5017549658
416 0.4926516438
417 0.4845913728
418 0.4774638512
419 0.4711692639
420 0.4656174304
421 0.4607270043
422 0.4564247244
423 0.4526447146
424 0.4493278323
425 0.4464210625
426 0.4438769565
427 0.4416531127
428 0.4397116975
429 0.4380190049
430 0.4365450511
431 0.4352632043
432 0.4341498447
433 0.4331840558
434 0.4323473421
435 0.4316233731
436 0.4309977513
437 0.4304578022
438 0.4299923837
439 0.4295917161
440 0.429247227
441 0.4289514139
442 0.4286977198
443 0.4284804221
444 0.428294534
445 0.4281357157
446 0.4280001962
447 0.4278847031
448 0.4277864009
449 0.4277028358
450 0.4276318879
451 0.4275717278
452 0.4275207791
453 0.4274776857
454 0.4274412821
455 0.4274105683
456 0.4273846875
457 0.4273629065
458 0.4273445987
459 0.4273292297
460 0.4273163437
461 0.4273055531
462 0.4272965285
463 0.4272889903
464 0.4272827015
465 0.4272774616
466 0.4272731011
467 0.4272694768
468 0.4272664684
469 0.4272639742
470 0.4272619089
471 0.4272602008
472 0.4272587901
473 0.4272576262
474 0.4272566673
475 0.4272558782
476 0.4272552297
477 0.4272546973
478 0.4272542609
479 0.4272539035
480 0.4272536113
481 0.4272533726
482 0.4272531778
483 0.4272530192
484 0.42725289
485 0.4272527851
486 0.4272526999
487 0.4272526309
488 0.4272525749
489 0.4272525297
490 0.4272524932
491 0.4272524637
492 0.42725244
493 0.4272524209
494 0.4272524055
495 0.4272523932
496 0.4272523833
497 0.4272523754
498 0.427252369
499 0.427252364
500 0.4272523599
501 0.4272523567
502 0.4272523542
503 0.4272523521
504 0.4272523505
505 0.4272523492
506 0.4272523482
507 0.4272523474
508 0.4272523468
509 0.4272523463
510 0.4272523459
511 0.4272523456
512 0.4272523454
513 0.4272523452
514 0.427252345
515 0.4272523449
516 0.4272523448
517 0.4272523447
518 0.4272523447
519 0.4272523446
520 0.4272523446
521 0.4272523446
522 0.4272523445
523 0.4272523445
524 0.4272523445
525 0.4272523445
526 0.4272523445
527 0.4272523445
528 0.4272523445
529 0.4272523445
530 0.4272523445
531 0.4272523445
532 0.4272523445
533 0.4272523445
534 0.4272523445
535 0.4272523445
536 0.4272523445
537 0.4272523445
538 0.4272523445
539 0.4272523445
540 0.4272523445
541 0.4272523445
542 0.4272523445
543 0.4272523445
544 0.4272523445
545 0.4272523445
546 0.4272523445
547 0.4272523445
548 0.4272523445
549 0.4272523445
550 0.4272523445
551 0.4272523445
552 0.4272523445
553 0.4272523445
554 0.4272523445
555 0.4272523445
556 0.4272523445
557 0.4272523445
558 0.4272523445
559 0.4272523445
560 0.4272523445
561 0.4272523445
562 0.4272523445
563 0.4272523445
564 0.4272523445
565 0.4272523445
566 0.4272523445
567 0.4272523445
568 0.4272523445
569 0.4272523445
570 0.4272523445
571 0.4272523445
572 0.4272523445
573 0.4272523445
574 0.4272523445
575 0.4272523445
576 0.4272523445
577 0.4272523445
578 0.4272523445
579 0.4272523445
580 0.4272523445
581 0.4272523445
582 0.4272523445
583 0.4272523445
584 0.4272523445
585 0.4272523445
586 0.4272523445
587 0.4272523445
588 0.4272523445
589 0.4272523445
590 0.4272523445
591 0.4272523445
592 0.4272523445
593 0.4272523445
594 0.4272523445
595 0.4272523445
596 0.4272523445
597 0.4272523445
598 0.4272523445
599 0.4272523445
600 0.4272523445
601 0.4272523445
602 0.4272523445
603 0.4272523445
604 0.4272523445
605 0.4272523445
606 0.4272523445
607 0.4272523445
608 0.4272523445
609 0.4272523445
610 0.4272523445
611 0.4272523445
612 0.4272523445
613 0.4272523445
614 0.4272523445
615 0.4272523445
616 0.4272523445
617 0.4272523445
618 0.4272523445
619 0.4272523445
620 0.4272523445
621 0.4272523445
622 0.4272523445
623 0.4272523445
624 0.4272523445
625 0.4272523445
626 0.4272523445
627 0.4272523445
628 0.4272523445
629 0.4272523445
630 0.4272523445
631 0.4272523445
632 0.4272523445
633 0.4272523445
634 0.4272523445
635 0.4272523445
636 0.4272523445
637 0.4272523445
638 0.4272523445
639 0.4272523445
640 0.4272523445
641 0.4272523445
642 0.4272523445
643 0.4272523445
644 0.4272523445
645 0.4272523445
646 0.4272523445
647 0.4272523445
648 0.4272523445
649 0.4272523445
650 0.4272523445
651 0.4272523445
652 0.4272523445
653 0.4272523445
654 0.4272523445
655 0.4272523445
656 0.4272523445
657 0.4272523445
658 0.4272523445
659 0.4272523445
660 0.4272523445
661 0.4272523445
662 0.4272523445
663 0.4272523445
664 0.4272523445
665 0.4272523445
666 0.4272523445
667 0.4272523445
668 0.4272523445
669 0.4272523445
670 0.4272523445
671 0.4272523445
672 0.4272523445
673 0.4272523445
674 0.4272523445
675 0.4272523445
676 0.4272523445
677 0.4272523445
678 0.4272523445
679 0.4272523445
680 0.4272523445
681 0.4272523445
682 0.4272523445
683 0.4272523445
684 0.4272523445
685 0.4272523445
686 0.4272523445
687 0.4272523445
688 0.4272523445
689 0.4272523445
690 0.4272523445
691 0.4272523445
692 0.4272523445
693 0.4272523445
694 0.4272523445
695 0.4272523445
696 0.4272523445
697 0.4272523445
698 0.4272523445
699 0.4272523445
700 0.4272523445
701 0.4272523445
702 0.4272523445
703 0.4272523445
704 0.4272523445
705 0.4272523445
706 0.4272523445
707 0.4272523445
708 0.4272523445
709 0.4272523445
710 0.4272523445
711 0.4272523445
712 0.4272523445
713 0.4272523445
714 0.4272523445
715 0.4272523445
716 0.4272523445
717 0.4272523445
718 0.4272523445
719 0.4272523445
720 0.4272523445
721 0.4272523445
722 0.4272523445
723 0.4272523445
724 0.4272523445
725 0.4272523445
726 0.4272523445
727 0.4272523445
728 0.4272523445
729 0.4272523445
730 0.4272523445
731 0.4272523445
732 0.4272523445
733 0.4272523445
734 0.4272523445
735 0.4272523445
736 0.4272523445
737 0.4272523445
738 0.4272523445
739 0.4272523445
740 0.4272523445
741 0.4272523445
742 0.4272523445
743 0.4272523445
744 0.4272523445
745 0.4272523445
746 0.4272523445
747 0.4272523445
748 0.4272523445
749 0.4272523445
750 0.4272523445
751 0.4272523445
752 0.4272523445
753 0.4272523445
754 0.4272523445
755 0.4272523445
756 0.4272523445
757 0.4272523445
758 0.4272523445
759 0.4272523445
760 0.4272523445
761 0.4272523445
762 0.4272523445
763 0.4272523445
764 0.4272523445
765 0.4272523445
766 0.4272523445
767 0.4272523445
768 0.4272523445
769 0.4272523445
770 0.4272523445
771 0.4272523445
772 0.4272523445
773 0.4272523445
774 0.4272523445
775 0.4272523445
776 0.4272523445
777 0.4272523445
778 0.4272523445
779 0.4272523445
780 0.4272523445
781 0.4272523445
782 0.4272523445
783 0.4272523445
784 0.4272523445
785 0.4272523445
786 0.4272523445
787 0.4272523445
788 0.4272523445
789 0.4272523445
790 0.4272523445
791 0.4272523445
792 0.4272523445
793 0.4272523445
794 0.4272523445
795 0.4272523445
796 0.4272523445
797 0.4272523445
798 0.4272523445
799 0.4272523445
800 0.4272523445
801 0.4272523445
802 0.4272523445
803 0.4272523445
804 0.4272523445
805 0.4272523445
806 0.4272523445
807 0.4272523445
808 0.4272523445
809 0.4272523445
810 0.4272523445
811 0.4272523445
812 0.4272523445
813 0.4272523445
814 0.4272523445
815 0.4272523445
816 0.4272523445
817 0.4272523445
818 0.4272523445
819 0.4272523445
820 0.4272523445
821 0.4272523445
822 0.4272523445
823 0.4272523445
824 0.4272523445
825 0.4272523445
826 0.4272523445
827 0.4272523445
828 0.4272523445
829 0.4272523445
830 0.4272523445
831 0.4272523445
832 0.4272523445
833 0.4272523445
834 0.4272523445
835 0.4272523445
836 0.4272523445
837 0.4272523445
838 0.4272523445
839 0.4272523445
840 0.4272523445
841 0.4272523445
842 0.4272523445
843 0.4272523445
844 0.4272523445
845 0.4272523445
846 0.4272523445
847 0.4272523445
848 0.4272523445
849 0.4272523445
850 0.4272523445
851 0.4272523445
852 0.4272523445
853 0.4272523445
854 0.4272523445
855 0.4272523445
856 0.4272523445
857 0.4272523445
858 0.4272523445
859 0.4272523445
860 0.4272523445
861 0.4272523445
862 0.4272523445
863 0.4272523445
864 0.4272523445
865 0.4272523445
866 0.4272523445
867 0.4272523445
868 0.4272523445
869 0.4272523445
870 0.4272523445
871 0.4272523445
872 0.4272523445
873 0.4272523445
874 0.4272523445
875 0.4272523445
876 0.4272523445
877 0.4272523445
878 0.4272523445
879 0.4272523445
880 0.4272523445
881 0.4272523445
882 0.4272523445
883 0.4272523445
884 0.4272523445
885 0.4272523445
886 0.4272523445
887 0.4272523445
888 0.4272523445
889 0.4272523445
890 0.4272523445
891 0.4272523445
892 0.4272523445
893 0.4272523445
894 0.4272523445
895 0.4272523445
896 0.4272523445
897 0.4272523445
898 0.4272523445
899 0.4272523445
900 0.4272523445
901 0.4272523445
902 0.4272523445
903 0.4272523445
904 0.4272523445
905 0.4272523445
906 0.4272523445
907 0.4272523445
908 0.4272523445
909 0.4272523445
910 0.4272523445
911 0.4272523445
912 0.4272523445
913 0.4272523445
914 0.4272523445
915 0.4272523445
916 0.4272523445
917 0.4272523445
918 0.4272523445
919 0.4272523445
920 0.4272523445
921 0.4272523445
922 0.4272523445
923 0.4272523445
924 0.4272523445
925 0.4272523445
926 0.4272523445
927 0.4272523445
928 0.4272523445
929 0.4272523445
930 0.4272523445
931 0.4272523445
932 0.4272523445
933 0.4272523445
934 0.4272523445
935 0.4272523445
936 0.4272523445
937 0.4272523445
938 0.4272523445
939 0.4272523445
940 0.4272523445
941 0.4272523445
942 0.4272523445
943 0.4272523445
944 0.4272523445
945 0.4272523445
946 0.4272523445
947 0.4272523445
948 0.4272523445
949 0.4272523445
950 0.4272523445
951 0.4272523445
952 0.4272523445
953 0.4272523445
954 0.4272523445
955 0.4272523445
956 0.4272523445
957 0.4272523445
958 0.4272523445
959 0.4272523445
960 0.4272523445
961 0.4272523445
962 0.4272523445
963 0.4272523445
964 0.4272523445
965 0.4272523445
966 0.4272523445
967 0.4272523445
968 0.4272523445
969 0.4272523445
970 0.4272523445
971 0.4272523445
972 0.4272523445
973 0.4272523445
974 0.4272523445
975 0.4272523445
976 0.4272523445
977 0.4272523445
978 0.4272523445
979 0.4272523445
980 0.4272523445
981 0.4272523445
982 0.4272523445
983 0.4272523445
984 0.4272523445
985 0.4272523445
986 0.4272523445
987 0.4272523445
988 0.4272523445
989 0.4272523445
990 0.4272523445
991 0.4272523445
992 0.4272523445
993 0.4272523445
994 0.4272523445
995 0.4272523445
996 0.4272523445
997 0.4272523445
998 0.4272523445
999 0.4272523445
1000 0.4272523445
1001 0.4272523445
1002 0.4272523445
1003 0.4272523445
1004 0.4272523445
1005 0.4272523446
1006 0.4272523446
1007 0.4272523446
1008 0.4272523446
1009 0.4272523447
1010 0.4272523447
1011 0.4272523448
1012 0.4272523449
1013 0.427252345
1014 0.4272523451
1015 0.4272523453
1016 0.4272523455
1017 0.4272523457
1018 0.4272523461
1019 0.4272523465
1020 0.4272523469
1021 0.4272523475
1022 0.4272523483
1023 0.4272523492
