#54964 2910.0001356170999638 0.0045699766019620087845 1 1421 16.000049430220818044 1024 7 1 J1713+0747 0.0000000 
0 0.07945892414
1 0.07945892414
2 0.07945892414
3 0.07945892414
4 0.07945892414
5 0.07945892414
6 0.07945892414
7 0.07945892414
8 0.07945892414
9 0.07945892414
10 0.07945892414
11 0.07945892414
12 0.07945892414
13 0.07945892414
14 0.07945892414
15 0.07945892414
16 0.07945892414
17 0.07945892414
18 0.07945892414
19 0.07945892414
20 0.07945892414
21 0.07945892414
22 0.07945892414
23 0.07945892414
24 0.07945892414
25 0.07945892414
26 0.07945892414
27 0.07945892414
28 0.07945892414
29 0.07945892414
30 0.07945892414
31 0.07945892414
32 0.07945892414
33 0.07945892414
34 0.07945892414
35 0.07945892414
36 0.07945892414
37 0.07945892414
38 0.07945892414
39 0.07945892414
40 0.07945892414
41 0.07945892414
42 0.07945892414
43 0.07945892414
44 0.07945892414
45 0.07945892414
46 0.07945892414
47 0.07945892414
48 0.07945892414
49 0.07945892414
50 0.07945892414
51 0.07945892414
52 0.07945892414
53 0.07945892414
54 0.07945892414
55 0.07945892414
56 0.07945892414
57 0.07945892414
58 0.07945892414
59 0.07945892414
60 0.07945892414
61 0.07945892414
62 0.07945892414
63 0.07945892414
64 0.07945892414
65 0.07945892414
66 0.07945892414
67 0.07945892414
68 0.07945892414
69 0.07945892414
70 0.07945892414
71 0.07945892414
72 0.07945892414
73 0.07945892414
74 0.07945892414
75 0.07945892414
76 0.07945892414
77 0.07945892414
78 0.07945892414
79 0.07945892414
80 0.07945892414
81 0.07945892414
82 0.07945892414
83 0.07945892414
84 0.07945892414
85 0.07945892414
86 0.07945892414
87 0.07945892414
88 0.07945892414
89 0.07945892415
90 0.07945892415
91 0.07945892415
92 0.07945892415
93 0.07945892416
94 0.07945892416
95 0.07945892417
96 0.07945892418
97 0.07945892419
98 0.0794589242
99 0.07945892421
100 0.07945892423
101 0.07945892426
102 0.07945892429
103 0.07945892433
104 0.07945892438
105 0.07945892444
106 0.07945892452
107 0.07945892461
108 0.07945892474
109 0.07945892489
110 0.07945892508
111 0.07945892531
112 0.0794589256
113 0.07945892597
114 0.07945892642
115 0.07945892698
116 0.07945892767
117 0.07945892853
118 0.07945892959
119 0.0794589309
120 0.07945893252
121 0.07945893451
122 0.07945893697
123 0.07945893999
124 0.0794589437
125 0.07945894825
126 0.07945895384
127 0.07945896068
128 0.07945896905
129 0.07945897928
130 0.07945899177
131 0.07945900701
132 0.07945902558
133 0.07945904819
134 0.07945907567
135 0.07945910906
136 0.07945914957
137 0.07945919867
138 0.07945925813
139 0.07945933005
140 0.07945941696
141 0.07945952186
142 0.07945964834
143 0.0794598007
144 0.07945998402
145 0.07946020438
146 0.07946046897
147 0.07946078633
148 0.0794611666
149 0.07946162176
150 0.07946216599
151 0.07946281604
152 0.07946359166
153 0.07946451613
154 0.07946561685
155 0.07946692606
156 0.0794684816
157 0.07947032786
158 0.07947251686
159 0.0794751095
160 0.07947817696
161 0.07948180235
162 0.07948608265
163 0.0794911308
164 0.07949707825
165 0.0795040778
166 0.07951230684
167 0.07952197109
168 0.07953330884
169 0.07954659577
170 0.07956215047
171 0.07958034067
172 0.07960159036
173 0.07962638773
174 0.07965529436
175 0.07968895537
176 0.07972811104
177 0.07977360983
178 0.07982642302
179 0.07988766118
180 0.07995859261
181 0.08004066401
182 0.08013552364
183 0.08024504708
184 0.08037136603
185 0.08051690039
186 0.08068439382
187 0.08087695336
188 0.08109809317
189 0.08135178309
190 0.08164250218
191 0.08197529784
192 0.08235585086
193 0.08279054701
194 0.08328655558
195 0.08385191545
196 0.0844956293
197 0.08522776643
198 0.08605957493
199 0.08700360372
200 0.08807383517
201 0.08928582888
202 0.09065687736
203 0.09220617417
204 0.09395499533
205 0.09592689444
206 0.09814791234
207 0.1006468019
208 0.1034552681
209 0.1066082251
210 0.1101440691
211 0.1141049687
212 0.1185371729
213 0.1234913365
214 0.1290228637
215 0.1351922693
216 0.1420655583
217 0.1497146224
218 0.1582176545
219 0.1676595793
220 0.1781325004
221 0.189736162
222 0.2025784242
223 0.2167757514
224 0.2324537102
225 0.2497474767
226 0.2688023499
227 0.2897742688
228 0.3128303302
229 0.3381493041
230 0.3659221432
231 0.3963524819
232 0.4296571213
233 0.4660664954
234 0.5058251127
235 0.5491919688
236 0.5964409237
237 0.6478610381
238 0.7037568621
239 0.7644486697
240 0.8302726325
241 0.9015809247
242 0.9787417536
243 1.062139306
244 1.152173607
245 1.249260274
246 1.353830175
247 1.466328968
248 1.587216518
249 1.716966192
250 1.85606402
251 2.005007709
252 2.16430552
253 2.334474988
254 2.516041486
255 2.709536636
256 2.915496547
257 3.134459901
258 3.366965864
259 3.613551838
260 3.874751048
261 4.151089972
262 4.44308561
263 4.751242605
264 5.076050231
265 5.417979229
266 5.777478538
267 6.154971907
268 6.550854412
269 6.965488888
270 7.399202309
271 7.85228211
272 8.32497249
273 8.817470718
274 9.329923449
275 9.862423097
276 10.41500427
277 10.9876403
278 11.58023992
279 12.19264407
280 12.82462292
281 13.47587302
282 14.14601482
283 14.83459037
284 15.54106133
285 16.26480731
286 17.00512461
287 17.76122525
288 18.53223649
289 19.31720071
290 20.11507579
291 20.92473587
292 21.74497273
293 22.5744975
294 23.41194299
295 24.25586645
296 25.10475292
297 25.95701902
298 26.81101728
299 27.66504096
300 28.5173294
301 29.36607376
302 30.20942329
303 31.04549201
304 31.8723658
305 32.68810985
306 33.49077645
307 34.27841316
308 35.04907114
309 35.80081381
310 36.5317256
311 37.23992094
312 37.92355323
313 38.58082393
314 39.20999163
315 39.809381
316 40.37739169
317 40.91250704
318 41.41330257
319 41.87845419
320 42.30674613
321 42.69707847
322 43.04847426
323 43.36008625
324 43.63120301
325 43.86125466
326 44.04981789
327 44.19662052
328 44.30154532
329 44.36463327
330 44.38608612
331 44.36626824
332 44.3057078
333 44.2050973
334 44.06529328
335 43.88731542
336 43.67234489
337 43.42172203
338 43.1369433
339 42.81965762
340 42.47166201
341 42.09489658
342 41.69143893
343 41.26349799
344 40.81340719
345 40.3436172
346 39.85668806
347 39.35528091
348 38.84214918
349 38.32012942
350 37.79213171
351 37.26112966
352 36.73015014
353 36.20226267
354 35.68056854
355 35.16818966
356 34.6682572
357 34.18390009
358 33.71823326
359 33.27434585
360 32.85528922
361 32.46406498
362 32.10361288
363 31.77679879
364 31.48640257
365 31.2351061
366 31.02548133
367 30.85997846
368 30.74091429
369 30.67046075
370 30.65063363
371 30.68328166
372 30.77007585
373 30.91249923
374 31.11183702
375 31.36916722
376 31.68535182
377 32.0610285
378 32.49660305
379 32.99224246
380 33.54786878
381 34.16315381
382 34.83751467
383 35.57011036
384 36.35983927
385 37.20533779
386 38.10498008
387 39.05687889
388 40.05888776
389 41.10860436
390 42.20337518
391 43.34030152
392 44.51624686
393 45.72784557
394 46.97151293
395 48.24345663
396 49.53968949
397 50.85604357
398 52.1881855
399 53.53163308
400 54.88177303
401 56.23387986
402 57.58313567
403 58.924651
404 60.25348637
405 61.56467456
406 62.85324353
407 64.11423967
408 65.3427514
409 66.533933
410 67.6830283
411 68.78539432
412 69.83652458
413 70.83207188
414 71.76787057
415 72.63995786
416 73.44459434
417 74.17828334
418 74.83778899
419 75.42015301
420 75.92270996
421 76.34310078
422 76.67928478
423 76.92954964
424 77.09251959
425 77.16716167
426 77.1527899
427 77.04906749
428 76.85600692
429 76.57396801
430 76.20365399
431 75.7461055
432 75.20269269
433 74.57510541
434 73.86534165
435 73.07569419
436 72.20873577
437 71.26730266
438 70.25447703
439 69.17356796
440 68.02809157
441 66.82175013
442 65.55841049
443 64.24208195
444 62.87689372
445 61.46707213
446 60.01691784
447 58.53078304
448 57.01304902
449 55.46810405
450 53.90032188
451 52.3140409
452 50.71354414
453 49.10304015
454 47.48664501
455 45.86836542
456 44.25208301
457 42.64153995
458 41.04032594
459 39.4518665
460 37.87941282
461 36.32603288
462 34.79460416
463 33.28780771
464 31.80812366
465 30.35782812
466 28.93899142
467 27.55347765
468 26.20294548
469 24.88885013
470 23.61244641
471 22.3747929
472 21.17675696
473 20.01902068
474 18.9020876
475 17.82629007
476 16.79179726
477 15.79862369
478 14.8466381
479 13.9355727
480 13.0650327
481 12.23450597
482 11.44337275
483 10.69091542
484 9.976328223
485 9.298726834
486 8.657157756
487 8.050607487
488 7.47801141
489 6.938262347
490 6.43021876
491 5.952712555
492 5.504556467
493 5.084551008
494 4.691490963
495 4.324171411
496 3.981393285
497 3.661968458
498 3.364724348
499 3.088508077
500 2.832190154
501 2.594667734
502 2.374867432
503 2.171747738
504 1.984301031
505 1.811555226
506 1.652575067
507 1.50646309
508 1.372360289
509 1.249446488
510 1.136940465
511 1.034099835
512 0.9402207251
513 0.8546372573
514 0.7767208655
515 0.7058794669
516 0.641556506
517 0.5832298934
518 0.5304108551
519 0.4826427101
520 0.439499593
521 0.4005851345
522 0.3655311147
523 0.3339961002
524 0.3056640772
525 0.2802430892
526 0.2574638891
527 0.2370786127
528 0.2188594801
529 0.2025975317
530 0.1881014021
531 0.1751961366
532 0.1637220537
533 0.1535336552
534 0.1444985857
535 0.1364966437
536 0.129418843
537 0.1231665269
538 0.1176505318
539 0.1127904032
540 0.1085136592
541 0.1047551043
542 0.1014561879
543 0.09856440925
544 0.0960327651
545 0.09381923878
546 0.09188632864
547 0.09020061387
548 0.08873235555
549 0.08745513088
550 0.08634549872
551 0.08538269412
552 0.08454835019
553 0.0838262452
554 0.08320207321
555 0.08266323628
556 0.08219865687
557 0.0817986085
558 0.08145456339
559 0.08115905555
560 0.08090555803
561 0.080688373
562 0.08050253357
563 0.08034371619
564 0.08020816269
565 0.08009261101
566 0.0799942337
567 0.07991058346
568 0.07983954505
569 0.07977929278
570 0.07972825309
571 0.07968507163
572 0.07964858434
573 0.0796177921
574 0.07959183857
575 0.07956999078
576 0.07955162224
577 0.07953619819
578 0.07952326284
579 0.07951242817
580 0.07950336439
581 0.07949579151
582 0.07948947219
583 0.0794842055
584 0.07947982158
585 0.07947617702
586 0.07947315089
587 0.07947064138
588 0.07946856289
589 0.07946684353
590 0.07946542302
591 0.07946425088
592 0.07946328487
593 0.07946248975
594 0.07946183608
595 0.07946129938
596 0.07946085927
597 0.0794604988
598 0.07946020393
599 0.07945996302
600 0.07945976645
601 0.07945960624
602 0.07945947584
603 0.07945936983
604 0.07945928376
605 0.07945921396
606 0.07945915742
607 0.07945911169
608 0.07945907474
609 0.07945904492
610 0.07945902089
611 0.07945900155
612 0.079458986
613 0.07945897351
614 0.0794589635
615 0.07945895548
616 0.07945894906
617 0.07945894394
618 0.07945893985
619 0.07945893658
620 0.07945893399
621 0.07945893192
622 0.07945893029
623 0.07945892899
624 0.07945892796
625 0.07945892714
626 0.0794589265
627 0.07945892599
628 0.07945892559
629 0.07945892528
630 0.07945892503
631 0.07945892483
632 0.07945892468
633 0.07945892456
634 0.07945892447
635 0.07945892439
636 0.07945892434
637 0.07945892429
638 0.07945892426
639 0.07945892423
640 0.07945892421
641 0.07945892419
642 0.07945892418
643 0.07945892417
644 0.07945892416
645 0.07945892416
646 0.07945892415
647 0.07945892415
648 0.07945892415
649 0.07945892415
650 0.07945892414
651 0.07945892414
652 0.07945892414
653 0.07945892414
654 0.07945892414
655 0.07945892414
656 0.07945892414
657 0.07945892414
658 0.07945892414
659 0.07945892414
660 0.07945892414
661 0.07945892414
662 0.07945892414
663 0.07945892414
664 0.07945892414
665 0.07945892414
666 0.07945892414
667 0.07945892414
668 0.07945892414
669 0.07945892414
670 0.07945892414
671 0.07945892414
672 0.07945892414
673 0.07945892414
674 0.07945892414
675 0.07945892414
676 0.07945892414
677 0.07945892414
678 0.07945892414
679 0.07945892414
680 0.07945892414
681 0.07945892414
682 0.07945892414
683 0.07945892414
684 0.07945892414
685 0.07945892414
686 0.07945892414
687 0.07945892414
688 0.07945892414
689 0.07945892414
690 0.07945892414
691 0.07945892414
692 0.07945892414
693 0.07945892414
694 0.07945892414
695 0.07945892414
696 0.07945892414
697 0.07945892414
698 0.07945892414
699 0.07945892414
700 0.07945892414
701 0.07945892414
702 0.07945892414
703 0.07945892414
704 0.07945892414
705 0.07945892414
706 0.07945892414
707 0.07945892414
708 0.07945892414
709 0.07945892414
710 0.07945892414
711 0.07945892414
712 0.07945892414
713 0.07945892414
714 0.07945892414
715 0.07945892414
716 0.07945892414
717 0.07945892414
718 0.07945892414
719 0.07945892414
720 0.07945892414
721 0.07945892414
722 0.07945892414
723 0.07945892414
724 0.07945892414
725 0.07945892414
726 0.07945892414
727 0.07945892414
728 0.07945892414
729 0.07945892414
730 0.07945892414
731 0.07945892414
732 0.07945892414
733 0.07945892414
734 0.07945892414
735 0.07945892414
736 0.07945892414
737 0.07945892414
738 0.07945892414
739 0.07945892414
740 0.07945892414
741 0.07945892414
742 0.07945892414
743 0.07945892414
744 0.07945892414
745 0.07945892414
746 0.07945892414
747 0.07945892414
748 0.07945892414
749 0.07945892414
750 0.07945892414
751 0.07945892414
752 0.07945892414
753 0.07945892414
754 0.07945892414
755 0.07945892414
756 0.07945892414
757 0.07945892414
758 0.07945892414
759 0.07945892414
760 0.07945892414
761 0.07945892414
762 0.07945892414
763 0.07945892414
764 0.07945892414
765 0.07945892414
766 0.07945892414
767 0.07945892414
768 0.07945892414
769 0.07945892414
770 0.07945892414
771 0.07945892414
772 0.07945892414
773 0.07945892414
774 0.07945892414
775 0.07945892414
776 0.07945892414
777 0.07945892414
778 0.07945892414
779 0.07945892414
780 0.07945892414
781 0.07945892414
782 0.07945892414
783 0.07945892414
784 0.07945892414
785 0.07945892414
786 0.07945892414
787 0.07945892414
788 0.07945892414
789 0.07945892414
790 0.07945892414
791 0.07945892414
792 0.07945892414
793 0.07945892414
794 0.07945892414
795 0.07945892414
796 0.07945892414
797 0.07945892414
798 0.07945892414
799 0.07945892414
800 0.07945892414
801 0.07945892414
802 0.07945892414
803 0.07945892414
804 0.07945892414
805 0.07945892414
806 0.07945892414
807 0.07945892414
808 0.07945892414
809 0.07945892414
810 0.07945892414
811 0.07945892414
812 0.07945892414
813 0.07945892414
814 0.07945892414
815 0.07945892414
816 0.07945892414
817 0.07945892414
818 0.07945892414
819 0.07945892414
820 0.07945892414
821 0.07945892414
822 0.07945892414
823 0.07945892414
824 0.07945892414
825 0.07945892414
826 0.07945892414
827 0.07945892414
828 0.07945892414
829 0.07945892414
830 0.07945892414
831 0.07945892414
832 0.07945892414
833 0.07945892414
834 0.07945892414
835 0.07945892414
836 0.07945892414
837 0.07945892414
838 0.07945892414
839 0.07945892414
840 0.07945892414
841 0.07945892414
842 0.07945892414
843 0.07945892414
844 0.07945892414
845 0.07945892414
846 0.07945892414
847 0.07945892414
848 0.07945892414
849 0.07945892414
850 0.07945892414
851 0.07945892414
852 0.07945892414
853 0.07945892414
854 0.07945892414
855 0.07945892414
856 0.07945892414
857 0.07945892414
858 0.07945892414
859 0.07945892414
860 0.07945892414
861 0.07945892414
862 0.07945892414
863 0.07945892414
864 0.07945892414
865 0.07945892414
866 0.07945892414
867 0.07945892414
868 0.07945892414
869 0.07945892414
870 0.07945892414
871 0.07945892414
872 0.07945892414
873 0.07945892414
874 0.07945892414
875 0.07945892414
876 0.07945892414
877 0.07945892414
878 0.07945892414
879 0.07945892414
880 0.07945892414
881 0.07945892414
882 0.07945892414
883 0.07945892414
884 0.07945892414
885 0.07945892414
886 0.07945892414
887 0.07945892414
888 0.07945892414
889 0.07945892414
890 0.07945892414
891 0.07945892414
892 0.07945892414
893 0.07945892414
894 0.07945892414
895 0.07945892414
896 0.07945892414
897 0.07945892414
898 0.07945892414
899 0.07945892414
900 0.07945892414
901 0.07945892414
902 0.07945892414
903 0.07945892414
904 0.07945892414
905 0.07945892414
906 0.07945892414
907 0.07945892414
908 0.07945892414
909 0.07945892414
910 0.07945892414
911 0.07945892414
912 0.07945892414
913 0.07945892414
914 0.07945892414
915 0.07945892414
916 0.07945892414
917 0.07945892414
918 0.07945892414
919 0.07945892414
920 0.07945892414
921 0.07945892414
922 0.07945892414
923 0.07945892414
924 0.07945892414
925 0.07945892414
926 0.07945892414
927 0.07945892414
928 0.07945892414
929 0.07945892414
930 0.07945892414
931 0.07945892414
932 0.07945892414
933 0.07945892414
934 0.07945892414
935 0.07945892414
936 0.07945892414
937 0.07945892414
938 0.07945892414
939 0.07945892414
940 0.07945892414
941 0.07945892414
942 0.07945892414
943 0.07945892414
944 0.07945892414
945 0.07945892414
946 0.07945892414
947 0.07945892414
948 0.07945892414
949 0.07945892414
950 0.07945892414
951 0.07945892414
952 0.07945892414
953 0.07945892414
954 0.07945892414
955 0.07945892414
956 0.07945892414
957 0.07945892414
958 0.07945892414
959 0.07945892414
960 0.07945892414
961 0.07945892414
962 0.07945892414
963 0.07945892414
964 0.07945892414
965 0.07945892414
966 0.07945892414
967 0.07945892414
968 0.07945892414
969 0.07945892414
970 0.07945892414
971 0.07945892414
972 0.07945892414
973 0.07945892414
974 0.07945892414
975 0.07945892414
976 0.07945892414
977 0.07945892414
978 0.07945892414
979 0.07945892414
980 0.07945892414
981 0.07945892414
982 0.07945892414
983 0.07945892414
984 0.07945892414
985 0.07945892414
986 0.07945892414
987 0.07945892414
988 0.07945892414
989 0.07945892414
990 0.07945892414
991 0.07945892414
992 0.07945892414
993 0.07945892414
994 0.07945892414
995 0.07945892414
996 0.07945892414
997 0.07945892414
998 0.07945892414
999 0.07945892414
1000 0.07945892414
1001 0.07945892414
1002 0.07945892414
1003 0.07945892414
1004 0.07945892414
1005 0.07945892414
1006 0.07945892414
1007 0.07945892414
1008 0.07945892414
1009 0.07945892414
1010 0.07945892414
1011 0.07945892414
1012 0.07945892414
1013 0.07945892414
1014 0.07945892414
1015 0.07945892414
1016 0.07945892414
1017 0.07945892414
1018 0.07945892414
1019 0.07945892414
1020 0.07945892414
1021 0.07945892414
1022 0.07945892414
1023 0.07945892414
