#54876 2910.0048848252941676 0.004569774223024599194 1 1461 16.000049430220818044 1024 7 1 J1713+0747 0.0000000 
0 41.34050658
1 41.70120148
2 42.02361761
3 42.30699644
4 42.55071432
5 42.75428773
6 42.91737789
7 43.03979489
8 43.12150111
9 43.16261405
10 43.16340848
11 43.12431794
12 43.04593552
13 42.92901403
14 42.77446538
15 42.58335938
16 42.35692178
17 42.09653167
18 41.80371822
19 41.48015679
20 41.12766433
21 40.74819428
22 40.34383083
23 39.91678258
24 39.4693757
25 39.00404661
26 38.52333407
27 38.02987093
28 37.52637535
29 37.01564171
30 36.50053103
31 35.98396119
32 35.46889673
33 34.95833839
34 34.45531243
35 33.96285968
36 33.48402442
37 33.02184305
38 32.57933267
39 32.15947953
40 31.76522731
41 31.39946551
42 31.06501763
43 30.76462947
44 30.50095742
45 30.27655679
46 30.09387032
47 29.95521667
48 29.86277926
49 29.81859518
50 29.82454439
51 29.88233924
52 29.9935143
53 30.15941656
54 30.38119608
55 30.65979716
56 30.99595002
57 31.39016303
58 31.84271572
59 32.35365238
60 32.92277652
61 33.54964609
62 34.23356969
63 34.97360365
64 35.76855014
65 36.61695638
66 37.5171149
67 38.46706506
68 39.46459565
69 40.50724884
70 41.59232539
71 42.71689108
72 43.87778455
73 45.07162641
74 46.2948297
75 47.54361166
76 48.81400676
77 50.10188101
78 51.40294754
79 52.71278324
80 54.02684658
81 55.34049645
82 56.64901188
83 57.94761271
84 59.23148085
85 60.49578233
86 61.73568966
87 62.94640475
88 64.12318185
89 65.26135077
90 66.35633984
91 67.40369878
92 68.39912113
93 69.33846613
94 70.21777998
95 71.03331614
96 71.78155475
97 72.45922086
98 73.06330136
99 73.59106058
100 74.0400543
101 74.40814217
102 74.69349842
103 74.8946207
104 75.01033712
105 75.03981132
106 74.98254554
107 74.8383818
108 74.60750098
109 74.29041995
110 73.88798676
111 73.40137387
112 72.83206955
113 72.18186746
114 71.45285456
115 70.64739737
116 69.76812679
117 68.8179215
118 67.79989019
119 66.71735261
120 65.57381973
121 64.37297315
122 63.11864377
123 61.81479008
124 60.46547613
125 59.07484933
126 57.64711826
127 56.18653068
128 54.69735189
129 53.18384344
130 51.65024259
131 50.10074241
132 48.53947278
133 46.97048232
134 45.3977214
135 43.8250263
136 42.25610458
137 40.69452177
138 39.14368931
139 37.60685393
140 36.08708843
141 34.58728379
142 33.11014273
143 31.65817469
144 30.23369209
145 28.83880802
146 27.47543514
147 26.14528586
148 24.84987371
149 23.59051578
150 22.36833624
151 21.18427082
152 20.03907214
153 18.93331586
154 17.86740758
155 16.84159029
156 15.85595241
157 14.91043627
158 14.00484696
159 13.13886142
160 12.31203778
161 11.52382481
162 10.7735714
163 10.06053603
164 9.383896145
165 8.742757383
166 8.136162628
167 7.563100769
168 7.022515197
169 6.513311945
170 6.034367479
171 5.584536078
172 5.162656809
173 4.76756006
174 4.398073628
175 4.053028349
176 3.731263272
177 3.43163037
178 3.152998801
179 2.894258719
180 2.654324644
181 2.432138417
182 2.226671738
183 2.036928314
184 1.861945644
185 1.700796437
186 1.552589712
187 1.416471587
188 1.291625778
189 1.17727384
190 1.072675168
191 0.9771267782
192 0.8899628968
193 0.8105543749
194 0.7383079509
195 0.6726653808
196 0.6131024558
197 0.5591279246
198 0.5102823387
199 0.4661368351
200 0.4262918727
201 0.3903759344
202 0.3580442088
203 0.3289772624
204 0.3028797114
205 0.2794789036
206 0.2585236176
207 0.2397827859
208 0.2230442485
209 0.2081135423
210 0.1948127291
211 0.1829792672
212 0.1724649283
213 0.1631347617
214 0.154866108
215 0.1475476618
216 0.1410785848
217 0.1353676689
218 0.1303325485
219 0.1258989616
220 0.1220000583
221 0.1185757554
222 0.1155721358
223 0.1129408909
224 0.1106388036
225 0.1086272715
226 0.1068718665
227 0.1053419299
228 0.1040102013
229 0.1028524782
230 0.1018473053
231 0.1009756906
232 0.1002208482
233 0.09956796333
234 0.09900398065
235 0.0985174118
236 0.09809816229
237 0.09773737521
238 0.09742729081
239 0.09716112041
240 0.09693293341
241 0.09673755631
242 0.09657048247
243 0.09642779181
244 0.09630607926
245 0.09620239134
246 0.09611416986
247 0.09603920216
248 0.09597557714
249 0.09592164644
250 0.09587599035
251 0.09583738778
252 0.09580478993
253 0.09577729726
254 0.09575413927
255 0.09573465695
256 0.0957182874
257 0.09570455049
258 0.09569303722
259 0.09568339971
260 0.09567534243
261 0.09566861469
262 0.0956630041
263 0.095658331
264 0.0956544436
265 0.09565121381
266 0.09564853375
267 0.09564631261
268 0.0956444741
269 0.0956429542
270 0.09564169926
271 0.09564066438
272 0.09563981203
273 0.09563911088
274 0.09563853484
275 0.09563806216
276 0.09563767479
277 0.09563735771
278 0.0956370985
279 0.09563688686
280 0.09563671426
281 0.09563657369
282 0.09563645935
283 0.09563636644
284 0.09563629106
285 0.09563622996
286 0.09563618051
287 0.09563614053
288 0.09563610825
289 0.09563608221
290 0.09563606125
291 0.09563604438
292 0.09563603083
293 0.09563601995
294 0.09563601123
295 0.09563600426
296 0.09563599868
297 0.09563599423
298 0.09563599067
299 0.09563598784
300 0.09563598559
301 0.0956359838
302 0.09563598238
303 0.09563598126
304 0.09563598037
305 0.09563597966
306 0.09563597911
307 0.09563597867
308 0.09563597832
309 0.09563597805
310 0.09563597784
311 0.09563597767
312 0.09563597754
313 0.09563597744
314 0.09563597736
315 0.09563597729
316 0.09563597724
317 0.09563597721
318 0.09563597718
319 0.09563597715
320 0.09563597714
321 0.09563597712
322 0.09563597711
323 0.0956359771
324 0.0956359771
325 0.09563597709
326 0.09563597709
327 0.09563597708
328 0.09563597708
329 0.09563597708
330 0.09563597708
331 0.09563597708
332 0.09563597708
333 0.09563597708
334 0.09563597708
335 0.09563597708
336 0.09563597708
337 0.09563597708
338 0.09563597708
339 0.09563597707
340 0.09563597707
341 0.09563597707
342 0.09563597707
343 0.09563597707
344 0.09563597707
345 0.09563597707
346 0.09563597707
347 0.09563597707
348 0.09563597707
349 0.09563597707
350 0.09563597707
351 0.09563597707
352 0.09563597707
353 0.09563597707
354 0.09563597707
355 0.09563597707
356 0.09563597707
357 0.09563597707
358 0.09563597707
359 0.09563597707
360 0.09563597707
361 0.09563597707
362 0.09563597707
363 0.09563597707
364 0.09563597707
365 0.09563597707
366 0.09563597707
367 0.09563597707
368 0.09563597707
369 0.09563597707
370 0.09563597707
371 0.09563597707
372 0.09563597707
373 0.09563597707
374 0.09563597707
375 0.09563597707
376 0.09563597707
377 0.09563597707
378 0.09563597707
379 0.09563597707
380 0.09563597707
381 0.09563597707
382 0.09563597707
383 0.09563597707
384 0.09563597707
385 0.09563597707
386 0.09563597707
387 0.09563597707
388 0.09563597707
389 0.09563597707
390 0.09563597707
391 0.09563597707
392 0.09563597707
393 0.09563597707
394 0.09563597707
395 0.09563597707
396 0.09563597707
397 0.09563597707
398 0.09563597707
399 0.09563597707
400 0.09563597707
401 0.09563597707
402 0.09563597707
403 0.09563597707
404 0.09563597707
405 0.09563597707
406 0.09563597707
407 0.09563597707
408 0.09563597707
409 0.09563597707
410 0.09563597707
411 0.09563597707
412 0.09563597707
413 0.09563597707
414 0.09563597707
415 0.09563597707
416 0.09563597707
417 0.09563597707
418 0.09563597707
419 0.09563597707
420 0.09563597707
421 0.09563597707
422 0.09563597707
423 0.09563597707
424 0.09563597707
425 0.09563597707
426 0.09563597707
427 0.09563597707
428 0.09563597707
429 0.09563597707
430 0.09563597707
431 0.09563597707
432 0.09563597707
433 0.09563597707
434 0.09563597707
435 0.09563597707
436 0.09563597707
437 0.09563597707
438 0.09563597707
439 0.09563597707
440 0.09563597707
441 0.09563597707
442 0.09563597707
443 0.09563597707
444 0.09563597707
445 0.09563597707
446 0.09563597707
447 0.09563597707
448 0.09563597707
449 0.09563597707
450 0.09563597707
451 0.09563597707
452 0.09563597707
453 0.09563597707
454 0.09563597707
455 0.09563597707
456 0.09563597707
457 0.09563597707
458 0.09563597707
459 0.09563597707
460 0.09563597707
461 0.09563597707
462 0.09563597707
463 0.09563597707
464 0.09563597707
465 0.09563597707
466 0.09563597707
467 0.09563597707
468 0.09563597707
469 0.09563597707
470 0.09563597707
471 0.09563597707
472 0.09563597707
473 0.09563597707
474 0.09563597707
475 0.09563597707
476 0.09563597707
477 0.09563597707
478 0.09563597707
479 0.09563597707
480 0.09563597707
481 0.09563597707
482 0.09563597707
483 0.09563597707
484 0.09563597707
485 0.09563597707
486 0.09563597707
487 0.09563597707
488 0.09563597707
489 0.09563597707
490 0.09563597707
491 0.09563597707
492 0.09563597707
493 0.09563597707
494 0.09563597707
495 0.09563597707
496 0.09563597707
497 0.09563597707
498 0.09563597707
499 0.09563597707
500 0.09563597707
501 0.09563597707
502 0.09563597707
503 0.09563597707
504 0.09563597707
505 0.09563597707
506 0.09563597707
507 0.09563597707
508 0.09563597707
509 0.09563597707
510 0.09563597707
511 0.09563597707
512 0.09563597707
513 0.09563597707
514 0.09563597707
515 0.09563597707
516 0.09563597707
517 0.09563597707
518 0.09563597707
519 0.09563597707
520 0.09563597707
521 0.09563597707
522 0.09563597707
523 0.09563597707
524 0.09563597707
525 0.09563597707
526 0.09563597707
527 0.09563597707
528 0.09563597707
529 0.09563597707
530 0.09563597707
531 0.09563597707
532 0.09563597707
533 0.09563597707
534 0.09563597707
535 0.09563597707
536 0.09563597707
537 0.09563597707
538 0.09563597707
539 0.09563597707
540 0.09563597707
541 0.09563597707
542 0.09563597707
543 0.09563597707
544 0.09563597707
545 0.09563597707
546 0.09563597707
547 0.09563597707
548 0.09563597707
549 0.09563597707
550 0.09563597707
551 0.09563597707
552 0.09563597707
553 0.09563597707
554 0.09563597707
555 0.09563597707
556 0.09563597707
557 0.09563597707
558 0.09563597707
559 0.09563597707
560 0.09563597707
561 0.09563597707
562 0.09563597707
563 0.09563597707
564 0.09563597707
565 0.09563597707
566 0.09563597707
567 0.09563597707
568 0.09563597707
569 0.09563597707
570 0.09563597707
571 0.09563597707
572 0.09563597707
573 0.09563597707
574 0.09563597707
575 0.09563597707
576 0.09563597707
577 0.09563597707
578 0.09563597707
579 0.09563597707
580 0.09563597707
581 0.09563597707
582 0.09563597707
583 0.09563597707
584 0.09563597707
585 0.09563597707
586 0.09563597707
587 0.09563597707
588 0.09563597707
589 0.09563597707
590 0.09563597707
591 0.09563597707
592 0.09563597707
593 0.09563597707
594 0.09563597707
595 0.09563597707
596 0.09563597707
597 0.09563597707
598 0.09563597707
599 0.09563597707
600 0.09563597707
601 0.09563597707
602 0.09563597707
603 0.09563597707
604 0.09563597707
605 0.09563597707
606 0.09563597707
607 0.09563597707
608 0.09563597707
609 0.09563597707
610 0.09563597707
611 0.09563597707
612 0.09563597707
613 0.09563597707
614 0.09563597707
615 0.09563597707
616 0.09563597707
617 0.09563597707
618 0.09563597707
619 0.09563597707
620 0.09563597707
621 0.09563597707
622 0.09563597707
623 0.09563597707
624 0.09563597707
625 0.09563597707
626 0.09563597707
627 0.09563597707
628 0.09563597707
629 0.09563597707
630 0.09563597707
631 0.09563597707
632 0.09563597707
633 0.09563597707
634 0.09563597707
635 0.09563597707
636 0.09563597707
637 0.09563597707
638 0.09563597707
639 0.09563597707
640 0.09563597707
641 0.09563597707
642 0.09563597707
643 0.09563597707
644 0.09563597707
645 0.09563597707
646 0.09563597707
647 0.09563597707
648 0.09563597707
649 0.09563597707
650 0.09563597707
651 0.09563597707
652 0.09563597707
653 0.09563597707
654 0.09563597707
655 0.09563597707
656 0.09563597707
657 0.09563597707
658 0.09563597707
659 0.09563597707
660 0.09563597707
661 0.09563597707
662 0.09563597707
663 0.09563597707
664 0.09563597707
665 0.09563597707
666 0.09563597707
667 0.09563597707
668 0.09563597707
669 0.09563597707
670 0.09563597707
671 0.09563597707
672 0.09563597707
673 0.09563597707
674 0.09563597707
675 0.09563597707
676 0.09563597707
677 0.09563597707
678 0.09563597707
679 0.09563597707
680 0.09563597707
681 0.09563597707
682 0.09563597707
683 0.09563597707
684 0.09563597707
685 0.09563597707
686 0.09563597707
687 0.09563597707
688 0.09563597707
689 0.09563597707
690 0.09563597707
691 0.09563597707
692 0.09563597707
693 0.09563597707
694 0.09563597707
695 0.09563597707
696 0.09563597707
697 0.09563597707
698 0.09563597707
699 0.09563597707
700 0.09563597707
701 0.09563597707
702 0.09563597707
703 0.09563597707
704 0.09563597707
705 0.09563597707
706 0.09563597707
707 0.09563597707
708 0.09563597707
709 0.09563597707
710 0.09563597707
711 0.09563597707
712 0.09563597707
713 0.09563597707
714 0.09563597707
715 0.09563597707
716 0.09563597707
717 0.09563597707
718 0.09563597707
719 0.09563597707
720 0.09563597707
721 0.09563597707
722 0.09563597707
723 0.09563597707
724 0.09563597707
725 0.09563597707
726 0.09563597707
727 0.09563597707
728 0.09563597707
729 0.09563597707
730 0.09563597707
731 0.09563597707
732 0.09563597707
733 0.09563597707
734 0.09563597707
735 0.09563597707
736 0.09563597707
737 0.09563597707
738 0.09563597707
739 0.09563597707
740 0.09563597707
741 0.09563597707
742 0.09563597707
743 0.09563597707
744 0.09563597707
745 0.09563597707
746 0.09563597707
747 0.09563597707
748 0.09563597707
749 0.09563597707
750 0.09563597707
751 0.09563597707
752 0.09563597707
753 0.09563597707
754 0.09563597707
755 0.09563597707
756 0.09563597707
757 0.09563597707
758 0.09563597707
759 0.09563597707
760 0.09563597707
761 0.09563597707
762 0.09563597707
763 0.09563597707
764 0.09563597707
765 0.09563597707
766 0.09563597707
767 0.09563597707
768 0.09563597707
769 0.09563597707
770 0.09563597707
771 0.09563597707
772 0.09563597707
773 0.09563597707
774 0.09563597707
775 0.09563597707
776 0.09563597707
777 0.09563597707
778 0.09563597707
779 0.09563597707
780 0.09563597707
781 0.09563597707
782 0.09563597708
783 0.09563597708
784 0.09563597708
785 0.09563597708
786 0.09563597708
787 0.09563597708
788 0.09563597708
789 0.09563597708
790 0.09563597708
791 0.09563597708
792 0.09563597708
793 0.09563597708
794 0.09563597708
795 0.09563597709
796 0.09563597709
797 0.09563597709
798 0.0956359771
799 0.09563597711
800 0.09563597711
801 0.09563597713
802 0.09563597714
803 0.09563597716
804 0.09563597718
805 0.09563597721
806 0.09563597724
807 0.09563597728
808 0.09563597734
809 0.0956359774
810 0.09563597749
811 0.09563597759
812 0.09563597772
813 0.09563597789
814 0.09563597809
815 0.09563597835
816 0.09563597867
817 0.09563597906
818 0.09563597955
819 0.09563598015
820 0.0956359809
821 0.09563598183
822 0.09563598298
823 0.09563598439
824 0.09563598614
825 0.09563598829
826 0.09563599093
827 0.09563599419
828 0.09563599818
829 0.09563600309
830 0.09563600909
831 0.09563601645
832 0.09563602545
833 0.09563603644
834 0.09563604985
835 0.0956360662
836 0.09563608611
837 0.09563611034
838 0.09563613979
839 0.09563617553
840 0.09563621889
841 0.09563627141
842 0.09563633497
843 0.09563641182
844 0.09563650463
845 0.09563661659
846 0.09563675153
847 0.09563691398
848 0.09563710935
849 0.09563734405
850 0.09563762573
851 0.09563796341
852 0.09563836781
853 0.0956388516
854 0.09563942976
855 0.09564011997
856 0.09564094307
857 0.09564192363
858 0.09564309052
859 0.09564447769
860 0.095646125
861 0.09564807915
862 0.09565039485
863 0.09565313611
864 0.09565637769
865 0.09566020687
866 0.09566472537
867 0.09567005165
868 0.09567632346
869 0.09568370086
870 0.09569236953
871 0.09570254471
872 0.09571447555
873 0.09572845014
874 0.09574480121
875 0.0957639126
876 0.09578622658
877 0.09581225214
878 0.09584257439
879 0.09587786513
880 0.09591889477
881 0.0959665458
882 0.09602182784
883 0.09608589461
884 0.09616006292
885 0.0962458339
886 0.09634491679
887 0.09645925539
888 0.09659105761
889 0.09674282835
890 0.09691740592
891 0.09711800258
892 0.09734824929
893 0.09761224534
894 0.09791461298
895 0.09826055776
896 0.09865593488
897 0.09910732203
898 0.09962209942
899 0.1002085372
900 0.1008758914
901 0.1016345079
902 0.1024959367
903 0.1034730552
904 0.1045802027
905 0.1058333258
906 0.1072501355
907 0.1088502775
908 0.1106555145
909 0.1126899235
910 0.1149801062
911 0.1175554155
912 0.1204481967
913 0.1236940451
914 0.1273320797
915 0.131405234
916 0.1359605638
917 0.1410495723
918 0.1467285528
919 0.1530589486
920 0.1601077305
921 0.1679477906
922 0.1766583537
923 0.1863254038
924 0.1970421254
925 0.2089093602
926 0.2220360746
927 0.23653984
928 0.2525473214
929 0.2701947739
930 0.289628544
931 0.3110055728
932 0.3344938986
933 0.360273156
934 0.3885350661
935 0.4194839156
936 0.4533370196
937 0.490325164
938 0.5306930206
939 0.5746995326
940 0.6226182618
941 0.6747376934
942 0.7313614913
943 0.792808697
944 0.8594138667
945 0.9315271378
946 1.009514219
947 1.093756295
948 1.184649842
949 1.282606342
950 1.388051893
951 1.501426703
952 1.623184466
953 1.753791613
954 1.893726422
955 2.043477998
956 2.203545104
957 2.374434842
958 2.556661182
959 2.750743337
960 2.95720397
961 3.176567256
962 3.409356771
963 3.656093224
964 3.917292037
965 4.193460768
966 4.485096385
967 4.792682397
968 5.116685855
969 5.457554224
970 5.815712144
971 6.191558086
972 6.585460931
973 6.997756467
974 7.428743837
975 7.878681964
976 8.34778594
977 8.83622345
978 9.344111205
979 9.871511449
980 10.41842854
981 10.98480563
982 11.57052151
983 12.1753876
984 12.79914509
985 13.44146241
986 14.10193283
987 14.7800724
988 15.47531819
989 16.18702683
990 16.91447347
991 17.65685102
992 18.4132699
993 19.18275811
994 19.96426186
995 20.75664654
996 21.55869823
997 22.36912569
998 23.18656282
999 24.00957163
1000 24.83664569
1001 25.66621411
1002 26.49664596
1003 27.32625522
1004 28.1533062
1005 28.97601935
1006 29.79257756
1007 30.60113285
1008 31.39981347
1009 32.18673128
1010 32.95998954
1011 33.7176909
1012 34.4579457
1013 35.17888041
1014 35.87864627
1015 36.55542803
1016 37.20745273
1017 37.83299852
1018 38.43040344
1019 38.99807413
1020 39.53449433
1021 40.0382333
1022 40.50795392
1023 40.94242056
