#54789 2910.0024194649926594 0.004570261722785994192 1 1333 16.000049430220818044 1024 7 1 J1713+0747 0.0000000 
0 0.610575922
1 0.610575922
2 0.610575922
3 0.610575922
4 0.610575922
5 0.610575922
6 0.610575922
7 0.610575922
8 0.610575922
9 0.610575922
10 0.610575922
11 0.610575922
12 0.610575922
13 0.610575922
14 0.610575922
15 0.610575922
16 0.610575922
17 0.610575922
18 0.610575922
19 0.610575922
20 0.610575922
21 0.610575922
22 0.610575922
23 0.610575922
24 0.610575922
25 0.610575922
26 0.610575922
27 0.610575922
28 0.610575922
29 0.610575922
30 0.610575922
31 0.610575922
32 0.610575922
33 0.610575922
34 0.610575922
35 0.610575922
36 0.610575922
37 0.610575922
38 0.610575922
39 0.610575922
40 0.610575922
41 0.610575922
42 0.610575922
43 0.610575922
44 0.610575922
45 0.610575922
46 0.610575922
47 0.610575922
48 0.610575922
49 0.610575922
50 0.610575922
51 0.610575922
52 0.610575922
53 0.610575922
54 0.610575922
55 0.610575922
56 0.610575922
57 0.610575922
58 0.610575922
59 0.610575922
60 0.610575922
61 0.610575922
62 0.610575922
63 0.610575922
64 0.610575922
65 0.610575922
66 0.610575922
67 0.610575922
68 0.610575922
69 0.610575922
70 0.610575922
71 0.610575922
72 0.610575922
73 0.610575922
74 0.610575922
75 0.610575922
76 0.610575922
77 0.610575922
78 0.610575922
79 0.610575922
80 0.610575922
81 0.610575922
82 0.610575922
83 0.610575922
84 0.610575922
85 0.610575922
86 0.610575922
87 0.610575922
88 0.610575922
89 0.610575922
90 0.610575922
91 0.610575922
92 0.610575922
93 0.610575922
94 0.610575922
95 0.610575922
96 0.610575922
97 0.610575922
98 0.610575922
99 0.610575922
100 0.610575922
101 0.610575922
102 0.610575922
103 0.610575922
104 0.610575922
105 0.610575922
106 0.610575922
107 0.610575922
108 0.610575922
109 0.610575922
110 0.610575922
111 0.610575922
112 0.610575922
113 0.610575922
114 0.610575922
115 0.610575922
116 0.610575922
117 0.610575922
118 0.610575922
119 0.610575922
120 0.610575922
121 0.610575922
122 0.610575922
123 0.610575922
124 0.610575922
125 0.610575922
126 0.610575922
127 0.610575922
128 0.610575922
129 0.610575922
130 0.610575922
131 0.610575922
132 0.610575922
133 0.610575922
134 0.610575922
135 0.610575922
136 0.610575922
137 0.610575922
138 0.610575922
139 0.610575922
140 0.610575922
141 0.610575922
142 0.610575922
143 0.610575922
144 0.610575922
145 0.610575922
146 0.610575922
147 0.610575922
148 0.610575922
149 0.610575922
150 0.610575922
151 0.610575922
152 0.610575922
153 0.610575922
154 0.610575922
155 0.610575922
156 0.610575922
157 0.610575922
158 0.610575922
159 0.610575922
160 0.610575922
161 0.610575922
162 0.610575922
163 0.610575922
164 0.610575922
165 0.610575922
166 0.610575922
167 0.610575922
168 0.610575922
169 0.610575922
170 0.610575922
171 0.610575922
172 0.610575922
173 0.610575922
174 0.610575922
175 0.610575922
176 0.610575922
177 0.610575922
178 0.610575922
179 0.610575922
180 0.610575922
181 0.610575922
182 0.610575922
183 0.610575922
184 0.610575922
185 0.610575922
186 0.610575922
187 0.610575922
188 0.610575922
189 0.610575922
190 0.610575922
191 0.610575922
192 0.610575922
193 0.610575922
194 0.610575922
195 0.610575922
196 0.610575922
197 0.610575922
198 0.610575922
199 0.610575922
200 0.610575922
201 0.610575922
202 0.610575922
203 0.610575922
204 0.610575922
205 0.610575922
206 0.610575922
207 0.610575922
208 0.610575922
209 0.610575922
210 0.610575922
211 0.610575922
212 0.610575922
213 0.610575922
214 0.610575922
215 0.610575922
216 0.610575922
217 0.610575922
218 0.610575922
219 0.610575922
220 0.610575922
221 0.610575922
222 0.610575922
223 0.610575922
224 0.610575922
225 0.610575922
226 0.610575922
227 0.610575922
228 0.610575922
229 0.610575922
230 0.610575922
231 0.610575922
232 0.610575922
233 0.610575922
234 0.610575922
235 0.610575922
236 0.610575922
237 0.610575922
238 0.610575922
239 0.610575922
240 0.610575922
241 0.610575922
242 0.610575922
243 0.610575922
244 0.610575922
245 0.610575922
246 0.610575922
247 0.610575922
248 0.610575922
249 0.610575922
250 0.610575922
251 0.610575922
252 0.610575922
253 0.610575922
254 0.610575922
255 0.610575922
256 0.610575922
257 0.610575922
258 0.610575922
259 0.610575922
260 0.610575922
261 0.610575922
262 0.610575922
263 0.610575922
264 0.610575922
265 0.610575922
266 0.610575922
267 0.610575922
268 0.610575922
269 0.610575922
270 0.610575922
271 0.610575922
272 0.610575922
273 0.610575922
274 0.610575922
275 0.610575922
276 0.610575922
277 0.610575922
278 0.610575922
279 0.610575922
280 0.610575922
281 0.610575922
282 0.610575922
283 0.610575922
284 0.610575922
285 0.610575922
286 0.610575922
287 0.610575922
288 0.610575922
289 0.610575922
290 0.610575922
291 0.610575922
292 0.610575922
293 0.610575922
294 0.610575922
295 0.610575922
296 0.610575922
297 0.610575922
298 0.610575922
299 0.610575922
300 0.610575922
301 0.610575922
302 0.610575922
303 0.610575922
304 0.610575922
305 0.610575922
306 0.610575922
307 0.610575922
308 0.610575922
309 0.610575922
310 0.610575922
311 0.610575922
312 0.610575922
313 0.610575922
314 0.610575922
315 0.610575922
316 0.610575922
317 0.610575922
318 0.610575922
319 0.610575922
320 0.610575922
321 0.610575922
322 0.610575922
323 0.610575922
324 0.610575922
325 0.610575922
326 0.610575922
327 0.610575922
328 0.610575922
329 0.610575922
330 0.610575922
331 0.610575922
332 0.610575922
333 0.610575922
334 0.610575922
335 0.610575922
336 0.610575922
337 0.610575922
338 0.610575922
339 0.610575922
340 0.610575922
341 0.610575922
342 0.610575922
343 0.610575922
344 0.610575922
345 0.610575922
346 0.610575922
347 0.610575922
348 0.610575922
349 0.610575922
350 0.610575922
351 0.610575922
352 0.610575922
353 0.610575922
354 0.610575922
355 0.610575922
356 0.610575922
357 0.610575922
358 0.610575922
359 0.610575922
360 0.610575922
361 0.610575922
362 0.610575922
363 0.610575922
364 0.610575922
365 0.610575922
366 0.610575922
367 0.610575922
368 0.610575922
369 0.610575922
370 0.610575922
371 0.610575922
372 0.610575922
373 0.610575922
374 0.610575922
375 0.610575922
376 0.610575922
377 0.610575922
378 0.610575922
379 0.610575922
380 0.610575922
381 0.610575922
382 0.610575922
383 0.610575922
384 0.610575922
385 0.610575922
386 0.610575922
387 0.610575922
388 0.610575922
389 0.610575922
390 0.610575922
391 0.610575922
392 0.610575922
393 0.610575922
394 0.610575922
395 0.610575922
396 0.610575922
397 0.610575922
398 0.610575922
399 0.610575922
400 0.610575922
401 0.610575922
402 0.610575922
403 0.610575922
404 0.610575922
405 0.610575922
406 0.610575922
407 0.610575922
408 0.610575922
409 0.610575922
410 0.610575922
411 0.610575922
412 0.610575922
413 0.610575922
414 0.610575922
415 0.610575922
416 0.610575922
417 0.610575922
418 0.610575922
419 0.610575922
420 0.610575922
421 0.610575922
422 0.610575922
423 0.610575922
424 0.610575922
425 0.610575922
426 0.610575922
427 0.610575922
428 0.610575922
429 0.610575922
430 0.610575922
431 0.610575922
432 0.610575922
433 0.610575922
434 0.610575922
435 0.610575922
436 0.610575922
437 0.6105759221
438 0.6105759221
439 0.6105759221
440 0.6105759222
441 0.6105759222
442 0.6105759223
443 0.6105759224
444 0.6105759225
445 0.6105759227
446 0.6105759228
447 0.6105759231
448 0.6105759233
449 0.6105759237
450 0.6105759241
451 0.6105759246
452 0.6105759253
453 0.6105759261
454 0.6105759271
455 0.6105759283
456 0.6105759299
457 0.6105759317
458 0.6105759341
459 0.6105759369
460 0.6105759405
461 0.6105759448
462 0.6105759501
463 0.6105759566
464 0.6105759645
465 0.6105759743
466 0.6105759861
467 0.6105760007
468 0.6105760183
469 0.6105760399
470 0.6105760661
471 0.610576098
472 0.6105761366
473 0.6105761835
474 0.6105762404
475 0.6105763092
476 0.6105763923
477 0.6105764928
478 0.610576614
479 0.61057676
480 0.6105769359
481 0.6105771474
482 0.6105774015
483 0.6105777065
484 0.6105780721
485 0.61057851
486 0.6105790339
487 0.61057966
488 0.6105804075
489 0.6105812989
490 0.610582361
491 0.6105836249
492 0.6105851276
493 0.6105869121
494 0.6105890291
495 0.610591538
496 0.6105945081
497 0.6105980204
498 0.6106021697
499 0.6106070662
500 0.6106128384
501 0.6106196357
502 0.6106276316
503 0.6106370275
504 0.610648057
505 0.6106609903
506 0.6106761399
507 0.6106938668
508 0.6107145875
509 0.6107387817
510 0.6107670019
511 0.610799883
512 0.6108381539
513 0.6108826509
514 0.6109343318
515 0.6109942924
516 0.6110637851
517 0.6111442394
518 0.611237285
519 0.6113447776
520 0.6114688278
521 0.611611833
522 0.6117765133
523 0.6119659512
524 0.6121836352
525 0.6124335091
526 0.6127200255
527 0.6130482054
528 0.6134237039
529 0.6138528821
530 0.6143428865
531 0.6149017361
532 0.6155384176
533 0.6162629893
534 0.617086695
535 0.6180220877
536 0.619083164
537 0.6202855107
538 0.6216464627
539 0.6231852745
540 0.6249233049
541 0.6268842166
542 0.6290941897
543 0.6315821523
544 0.634380026
545 0.6375229894
546 0.6410497584
547 0.6450028846
548 0.6494290722
549 0.6543795134
550 0.6599102429
551 0.6660825114
552 0.672963178
553 0.6806251218
554 0.689147672
555 0.6986170558
556 0.7091268641
557 0.7207785337
558 0.7336818445
559 0.747955431
560 0.7637273061
561 0.7811353949
562 0.8003280773
563 0.8214647353
564 0.8447163035
565 0.8702658186
566 0.8983089648
567 0.9290546108
568 0.9627253344
569 0.999557929
570 1.039803889
571 1.083729864
572 1.131618084
573 1.183766741
574 1.240490322
575 1.302119897
576 1.369003333
577 1.441505452
578 1.520008107
579 1.604910174
580 1.696627458
581 1.795592491
582 1.902254227
583 2.017077625
584 2.1405431
585 2.27314585
586 2.41539504
587 2.567812844
588 2.730933334
589 2.905301211
590 3.091470371
591 3.290002309
592 3.501464347
593 3.72642769
594 3.965465309
595 4.219149647
596 4.48805015
597 4.772730628
598 5.073746448
599 5.391641559
600 5.726945371
601 6.080169477
602 6.451804244
603 6.842315279
604 7.252139777
605 7.681682785
606 8.131313381
607 8.601360791
608 9.092110477
609 9.603800204
610 10.13661611
611 10.69068882
612 11.26608963
613 11.86282672
614 12.48084159
615 13.12000554
616 13.78011638
617 14.46089535
618 15.16198425
619 15.88294287
620 16.62324668
621 17.38228493
622 18.159359
623 18.95368125
624 19.76437416
625 20.59047007
626 21.43091117
627 22.28455023
628 23.15015156
629 24.02639271
630 24.91186655
631 25.80508399
632 26.70447714
633 27.60840309
634 28.51514822
635 29.42293303
636 30.32991749
637 31.23420692
638 32.13385836
639 33.02688744
640 33.91127563
641 34.78497798
642 35.64593121
643 36.49206218
644 37.3212966
645 38.13156811
646 38.92082748
647 39.68705207
648 40.42825536
649 41.14249653
650 41.82789017
651 42.48261579
652 43.10492739
653 43.6931628
654 44.24575281
655 44.76123014
656 45.23823798
657 45.67553823
658 46.07201936
659 46.42670376
660 46.73875462
661 47.00748225
662 47.23234985
663 47.4129786
664 47.54915221
665 47.64082066
666 47.68810336
667 47.69129156
668 47.65084996
669 47.56741767
670 47.44180841
671 47.27500988
672 47.06818244
673 46.8226571
674 46.53993263
675 46.22167208
676 45.86969853
677 45.48599014
678 45.0726746
679 44.63202284
680 44.16644219
681 43.67846893
682 43.17076026
683 42.64608575
684 42.1073183
685 41.55742461
686 40.99945518
687 40.43653399
688 39.87184771
689 39.30863462
690 38.75017319
691 38.1997704
692 37.66074981
693 37.13643939
694 36.63015916
695 36.14520871
696 35.68485454
697 35.25231736
698 34.85075926
699 34.4832709
700 34.15285868
701 33.86243192
702 33.61479014
703 33.41261041
704 33.2584349
705 33.15465853
706 33.10351689
707 33.10707446
708 33.16721305
709 33.28562073
710 33.46378107
711 33.70296289
712 34.00421059
713 34.36833498
714 34.79590482
715 35.28723908
716 35.84239993
717 36.46118663
718 37.14313027
719 37.88748953
720 38.69324748
721 39.55910943
722 40.48350199
723 41.46457335
724 42.50019478
725 43.58796349
726 44.72520682
727 45.90898786
728 47.13611244
729 48.40313761
730 49.7063815
731 51.0419347
732 52.40567305
733 53.7932718
734 55.20022119
735 56.62184339
736 58.05331068
737 59.4896648
738 60.92583753
739 62.3566722
740 63.77694619
741 65.1813942
742 66.56473224
743 67.92168217
744 69.24699658
745 70.53548402
746 71.78203421
747 72.98164333
748 74.1294389
749 75.22070438
750 76.25090313
751 77.21570165
752 78.11099191
753 78.93291253
754 79.67786887
755 80.34255156
756 80.92395366
757 81.41938607
758 81.82649119
759 82.14325473
760 82.3680155
761 82.49947317
762 82.53669398
763 82.47911419
764 82.32654148
765 82.07915405
766 81.7374976
767 81.30248023
768 80.77536507
769 80.15776104
770 79.45161157
771 78.65918141
772 77.7830418
773 76.82605387
774 75.79135062
775 74.68231752
776 73.50257191
777 72.25594134
778 70.94644106
779 69.57825079
780 68.15569101
781 66.68319884
782 65.16530383
783 63.60660367
784 62.01174015
785 60.38537545
786 58.7321689
787 57.05675443
788 55.36371879
789 53.65758072
790 51.94277114
791 50.22361455
792 48.50431159
793 46.78892302
794 45.08135505
795 43.3853461
796 41.70445516
797 40.04205153
798 38.40130619
799 36.78518466
800 35.19644144
801 33.6376158
802 32.11102925
803 30.6187842
804 29.16276413
805 27.74463499
806 26.36584783
807 25.02764258
808 23.73105288
809 22.47691188
810 21.26585891
811 20.09834699
812 18.97465093
813 17.89487608
814 16.8589676
815 15.86672012
816 14.91778763
817 14.01169371
818 13.14784184
819 12.32552578
820 11.54393989
821 10.80218942
822 10.0993006
823 9.43423054
824 8.805876828
825 8.213086828
826 7.654666611
827 7.129389484
828 6.636004086
829 6.173242038
830 5.739825103
831 5.334471876
832 4.95590396
833 4.60285165
834 4.274059109
835 3.968289053
836 3.684326938
837 3.420984679
838 3.177103891
839 2.951558697
840 2.743258097
841 2.551147931
842 2.374212463
843 2.211475591
844 2.06200173
845 1.924896376
846 1.79930638
847 1.684419964
848 1.579466495
849 1.483716045
850 1.396478759
851 1.317104061
852 1.244979706
853 1.179530715
854 1.120218203
855 1.066538117
856 1.018019909
857 0.9742251623
858 0.9347461668
859 0.8992044843
860 0.8672494948
861 0.838556945
862 0.8128275064
863 0.7897853522
864 0.7691767599
865 0.7507687472
866 0.7343477456
867 0.7197183178
868 0.7067019213
869 0.6951357214
870 0.6848714565
871 0.6757743568
872 0.6677221171
873 0.6606039242
874 0.6543195391
875 0.6487784334
876 0.6438989783
877 0.6396076864
878 0.6358385034
879 0.6325321489
880 0.6296355046
881 0.627101047
882 0.6248863232
883 0.6229534682
884 0.6212687602
885 0.6198022125
886 0.6185272001
887 0.6174201182
888 0.6164600709
889 0.6156285874
890 0.6149093653
891 0.6142880367
892 0.6137519575
893 0.6132900167
894 0.6128924649
895 0.6125507596
896 0.6122574267
897 0.6120059367
898 0.6117905929
899 0.6116064325
900 0.6114491384
901 0.6113149605
902 0.6112006456
903 0.6111033758
904 0.6110207137
905 0.6109505538
906 0.6108910799
907 0.6108407278
908 0.6107981519
909 0.6107621964
910 0.6107318699
911 0.6107063232
912 0.6106848299
913 0.6106667695
914 0.6106516126
915 0.6106389084
916 0.6106282733
917 0.6106193814
918 0.6106119562
919 0.6106057636
920 0.6106006054
921 0.6105963142
922 0.6105927487
923 0.6105897898
924 0.6105873375
925 0.6105853075
926 0.6105836291
927 0.6105822433
928 0.6105811004
929 0.610580159
930 0.6105793846
931 0.6105787483
932 0.6105782261
933 0.6105777981
934 0.6105774478
935 0.6105771614
936 0.6105769276
937 0.6105767369
938 0.6105765815
939 0.6105764551
940 0.6105763524
941 0.6105762691
942 0.6105762016
943 0.6105761469
944 0.6105761027
945 0.610576067
946 0.6105760382
947 0.6105760151
948 0.6105759964
949 0.6105759814
950 0.6105759694
951 0.6105759597
952 0.610575952
953 0.6105759459
954 0.6105759409
955 0.610575937
956 0.6105759339
957 0.6105759314
958 0.6105759294
959 0.6105759278
960 0.6105759266
961 0.6105759256
962 0.6105759248
963 0.6105759242
964 0.6105759237
965 0.6105759233
966 0.610575923
967 0.6105759228
968 0.6105759226
969 0.6105759225
970 0.6105759224
971 0.6105759223
972 0.6105759222
973 0.6105759221
974 0.6105759221
975 0.6105759221
976 0.610575922
977 0.610575922
978 0.610575922
979 0.610575922
980 0.610575922
981 0.610575922
982 0.610575922
983 0.610575922
984 0.610575922
985 0.610575922
986 0.610575922
987 0.610575922
988 0.610575922
989 0.610575922
990 0.610575922
991 0.610575922
992 0.610575922
993 0.610575922
994 0.610575922
995 0.610575922
996 0.610575922
997 0.610575922
998 0.610575922
999 0.610575922
1000 0.610575922
1001 0.610575922
1002 0.610575922
1003 0.610575922
1004 0.610575922
1005 0.610575922
1006 0.610575922
1007 0.610575922
1008 0.610575922
1009 0.610575922
1010 0.610575922
1011 0.610575922
1012 0.610575922
1013 0.610575922
1014 0.610575922
1015 0.610575922
1016 0.610575922
1017 0.610575922
1018 0.610575922
1019 0.610575922
1020 0.610575922
1021 0.610575922
1022 0.610575922
1023 0.610575922
