#54832 2910.0035625960247954 0.004569975217427318763 1 1477 16.000049430220818044 1024 7 1 J1713+0747 0.0000000 
0 0.3508700953
1 0.3508700953
2 0.3508700953
3 0.3508700953
4 0.3508700953
5 0.3508700953
6 0.3508700953
7 0.3508700953
8 0.3508700953
9 0.3508700953
10 0.3508700953
11 0.3508700953
12 0.3508700953
13 0.3508700953
14 0.3508700954
15 0.3508700954
16 0.3508700954
17 0.3508700954
18 0.3508700954
19 0.3508700954
20 0.3508700954
21 0.3508700954
22 0.3508700954
23 0.3508700954
24 0.3508700954
25 0.3508700954
26 0.3508700955
27 0.3508700955
28 0.3508700955
29 0.3508700956
30 0.3508700957
31 0.3508700957
32 0.3508700958
33 0.350870096
34 0.3508700961
35 0.3508700963
36 0.3508700965
37 0.3508700968
38 0.3508700972
39 0.3508700977
40 0.3508700982
41 0.3508700989
42 0.3508700998
43 0.3508701009
44 0.3508701022
45 0.3508701038
46 0.3508701058
47 0.3508701083
48 0.3508701114
49 0.3508701151
50 0.3508701197
51 0.3508701254
52 0.3508701323
53 0.3508701407
54 0.3508701511
55 0.3508701637
56 0.350870179
57 0.3508701978
58 0.3508702206
59 0.3508702483
60 0.3508702819
61 0.3508703227
62 0.3508703722
63 0.350870432
64 0.3508705044
65 0.3508705919
66 0.3508706974
67 0.3508708246
68 0.3508709778
69 0.350871162
70 0.3508713835
71 0.3508716493
72 0.350871968
73 0.3508723498
74 0.3508728067
75 0.3508733529
76 0.350874005
77 0.350874783
78 0.3508757099
79 0.3508768134
80 0.3508781254
81 0.3508796839
82 0.3508815331
83 0.3508837251
84 0.3508863205
85 0.3508893904
86 0.3508930177
87 0.3508972991
88 0.3509023472
89 0.3509082929
90 0.3509152885
91 0.3509235107
92 0.3509331642
93 0.3509444863
94 0.3509577513
95 0.350973276
96 0.3509914262
97 0.3510126234
98 0.3510373527
99 0.351066172
100 0.3510997223
101 0.3511387383
102 0.3511840625
103 0.3512366585
104 0.3512976281
105 0.3513682291
106 0.3514498957
107 0.3515442614
108 0.3516531847
109 0.3517787768
110 0.3519234338
111 0.3520898717
112 0.3522811649
113 0.3525007898
114 0.3527526722
115 0.3530412402
116 0.3533714819
117 0.35374901
118 0.3541801314
119 0.3546719246
120 0.3552323242
121 0.3558702132
122 0.3565955237
123 0.357419347
124 0.3583540531
125 0.3594134204
126 0.3606127764
127 0.3619691502
128 0.3635014363
129 0.3652305726
130 0.3671797303
131 0.3693745189
132 0.3718432054
133 0.3746169483
134 0.377730048
135 0.3812202128
136 0.3851288414
137 0.3895013223
138 0.3943873505
139 0.3998412608
140 0.4059223789
141 0.4126953893
142 0.4202307198
143 0.4286049431
144 0.4379011935
145 0.448209599
146 0.4596277276
147 0.4722610465
148 0.4862233919
149 0.5016374497
150 0.518635243
151 0.5373586256
152 0.5579597777
153 0.5806017026
154 0.605458719
155 0.6327169474
156 0.6625747856
157 0.695243369
158 0.730947012
159 0.7699236248
160 0.8124251004
161 0.8587176669
162 0.9090821988
163 0.9638144807
164 1.023225418
165 1.087641186
166 1.157403316
167 1.232868699
168 1.314409519
169 1.402413089
170 1.497281595
171 1.599431735
172 1.709294254
173 1.82731335
174 1.953945971
175 2.089660971
176 2.234938134
177 2.390267057
178 2.556145887
179 2.733079907
180 2.921579969
181 3.122160768
182 3.335338966
183 3.561631147
184 3.801551625
185 4.055610088
186 4.324309099
187 4.608141436
188 4.907587304
189 5.223111404
190 5.555159878
191 5.904157144
192 6.27050262
193 6.654567368
194 7.056690655
195 7.477176472
196 7.916289997
197 8.374254053
198 8.851245566
199 9.347392046
200 9.862768123
201 10.39739215
202 10.95122292
203 11.5241565
204 12.1160232
205 12.7265848
206 13.35553186
207 14.00248142
208 14.66697482
209 15.34847593
210 16.04636963
211 16.75996063
212 17.48847276
213 18.23104848
214 18.98674897
215 19.75455455
216 20.53336559
217 21.32200386
218 22.11921436
219 22.92366767
220 23.73396271
221 24.54863008
222 25.36613582
223 26.18488567
224 27.00322986
225 27.81946827
226 28.63185615
227 29.43861017
228 30.23791493
229 31.02792988
230 31.80679653
231 32.57264603
232 33.32360699
233 34.05781363
234 34.77341404
235 35.46857867
236 36.14150894
237 36.79044586
238 37.41367875
239 38.00955391
240 38.57648318
241 39.11295246
242 39.61752996
243 40.08887434
244 40.52574243
245 40.92699682
246 41.29161292
247 41.61868574
248 41.90743614
249 42.15721665
250 42.36751677
251 42.53796769
252 42.66834642
253 42.75857942
254 42.80874544
255 42.81907787
256 42.78996635
257 42.72195772
258 42.6157563
259 42.4722235
260 42.2923768
261 42.07738792
262 41.82858046
263 41.54742687
264 41.23554466
265 40.89469215
266 40.52676349
267 40.13378316
268 39.71789986
269 39.2813799
270 38.82660007
271 38.35604
272 37.8722741
273 37.37796299
274 36.87584465
275 36.3687251
276 35.85946875
277 35.35098847
278 34.84623535
279 34.34818819
280 33.85984278
281 33.38420096
282 32.92425953
283 32.48299898
284 32.06337211
285 31.66829257
286 31.30062333
287 30.96316511
288 30.65864479
289 30.38970387
290 30.15888695
291 29.96863035
292 29.8212508
293 29.71893428
294 29.66372512
295 29.65751527
296 29.70203387
297 29.79883714
298 29.94929865
299 30.15460001
300 30.41572195
301 30.73343606
302 31.10829699
303 31.54063534
304 32.03055123
305 32.57790859
306 33.18233031
307 33.84319423
308 34.55963006
309 35.33051724
310 36.15448396
311 37.0299071
312 37.95491342
313 38.92738194
314 39.94494743
315 41.00500528
316 42.10471754
317 43.24102032
318 44.41063247
319 45.61006559
320 46.83563526
321 48.08347368
322 49.34954342
323 50.62965249
324 51.91947054
325 53.2145461
326 54.51032495
327 55.80216939
328 57.08537834
329 58.35520823
330 59.60689452
331 60.83567375
332 62.03680592
333 63.20559723
334 64.33742281
335 65.42774952
336 66.47215851
337 67.46636743
338 68.40625217
339 69.28786798
340 70.10746974
341 70.8615313
342 71.54676378
343 72.16013257
344 72.69887303
345 73.16050472
346 73.54284402
347 73.84401506
348 74.06245899
349 74.19694123
350 74.24655704
351 74.21073499
352 74.08923855
353 73.88216573
354 73.58994667
355 73.21333937
356 72.75342349
357 72.21159226
358 71.5895427
359 70.88926401
360 70.11302445
361 69.26335671
362 68.34304183
363 67.35509197
364 66.302732
365 65.18938014
366 64.01862776
367 62.7942186
368 61.52002739
369 60.20003818
370 58.8383225
371 57.43901746
372 56.00630402
373 54.54438552
374 53.0574666
375 51.54973281
376 50.02533077
377 48.4883492
378 46.94280093
379 45.39260584
380 43.84157499
381 42.29339587
382 40.75161897
383 39.21964561
384 37.70071709
385 36.19790529
386 34.71410455
387 33.252025
388 31.81418728
389 30.4029185
390 29.0203497
391 27.6684144
392 26.34884858
393 25.06319164
394 23.81278865
395 22.59879352
396 21.42217321
397 20.28371279
398 19.18402134
399 18.12353852
400 17.10254188
401 16.12115459
402 15.17935371
403 14.27697887
404 13.41374114
405 12.58923225
406 11.80293382
407 11.05422672
408 10.34240047
409 9.666662426
410 9.026147012
411 8.419924619
412 7.847010349
413 7.306372452
414 6.796940439
415 6.317612852
416 5.86726464
417 5.444754136
418 5.048929598
419 4.678635326
420 4.332717321
421 4.010028491
422 3.70943341
423 3.429812626
424 3.17006652
425 2.929118737
426 2.705919198
427 2.499446693
428 2.308711099
429 2.132755218
430 1.970656262
431 1.821527015
432 1.684516676
433 1.558811422
434 1.443634708
435 1.338247315
436 1.241947192
437 1.154069089
438 1.073984022
439 1.001098582
440 0.9348541013
441 0.8747257168
442 0.8202213236
443 0.7708804553
444 0.7262730968
445 0.685998448
446 0.6496836515
447 0.6169824962
448 0.5875741095
449 0.5611616469
450 0.5374709892
451 0.5162494551
452 0.4972645361
453 0.4803026596
454 0.4651679865
455 0.4516812458
456 0.439678612
457 0.4290106253
458 0.4195411599
459 0.4111464388
460 0.4037140984
461 0.3971423019
462 0.3913389023
463 0.3862206542
464 0.3817124735
465 0.3777467445
466 0.3742626729
467 0.3712056828
468 0.3685268572
469 0.3661824185
470 0.3641332491
471 0.3623444485
472 0.3607849262
473 0.3594270277
474 0.3582461917
475 0.3572206367
476 0.3563310757
477 0.3555604552
478 0.3548937195
479 0.3543175958
480 0.3538204006
481 0.3533918642
482 0.3530229726
483 0.352705826
484 0.3524335106
485 0.3521999844
486 0.351999975
487 0.3518288879
488 0.3516827252
489 0.3515580133
490 0.3514517379
491 0.3513612874
492 0.3512844023
493 0.3512191302
494 0.3511637867
495 0.3511169203
496 0.3510772825
497 0.3510438003
498 0.3510155532
499 0.3509917526
500 0.3509717236
501 0.3509548896
502 0.3509407587
503 0.3509289117
504 0.3509189918
505 0.3509106959
506 0.3509037668
507 0.3508979866
508 0.3508931708
509 0.3508891635
510 0.3508858331
511 0.3508830686
512 0.3508807769
513 0.3508788794
514 0.3508773103
515 0.3508760143
516 0.3508749452
517 0.3508740645
518 0.3508733397
519 0.3508727441
520 0.3508722553
521 0.3508718545
522 0.3508715264
523 0.350871258
524 0.3508710389
525 0.3508708601
526 0.3508707145
527 0.3508705959
528 0.3508704996
529 0.3508704214
530 0.3508703581
531 0.3508703068
532 0.3508702653
533 0.3508702317
534 0.3508702047
535 0.3508701829
536 0.3508701654
537 0.3508701513
538 0.35087014
539 0.3508701309
540 0.3508701237
541 0.3508701179
542 0.3508701132
543 0.3508701095
544 0.3508701066
545 0.3508701042
546 0.3508701024
547 0.3508701009
548 0.3508700997
549 0.3508700988
550 0.350870098
551 0.3508700975
552 0.350870097
553 0.3508700967
554 0.3508700964
555 0.3508700961
556 0.350870096
557 0.3508700958
558 0.3508700957
559 0.3508700956
560 0.3508700956
561 0.3508700955
562 0.3508700955
563 0.3508700955
564 0.3508700954
565 0.3508700954
566 0.3508700954
567 0.3508700954
568 0.3508700954
569 0.3508700954
570 0.3508700954
571 0.3508700954
572 0.3508700954
573 0.3508700954
574 0.3508700953
575 0.3508700953
576 0.3508700953
577 0.3508700953
578 0.3508700953
579 0.3508700953
580 0.3508700953
581 0.3508700953
582 0.3508700953
583 0.3508700953
584 0.3508700953
585 0.3508700953
586 0.3508700953
587 0.3508700953
588 0.3508700953
589 0.3508700953
590 0.3508700953
591 0.3508700953
592 0.3508700953
593 0.3508700953
594 0.3508700953
595 0.3508700953
596 0.3508700953
597 0.3508700953
598 0.3508700953
599 0.3508700953
600 0.3508700953
601 0.3508700953
602 0.3508700953
603 0.3508700953
604 0.3508700953
605 0.3508700953
606 0.3508700953
607 0.3508700953
608 0.3508700953
609 0.3508700953
610 0.3508700953
611 0.3508700953
612 0.3508700953
613 0.3508700953
614 0.3508700953
615 0.3508700953
616 0.3508700953
617 0.3508700953
618 0.3508700953
619 0.3508700953
620 0.3508700953
621 0.3508700953
622 0.3508700953
623 0.3508700953
624 0.3508700953
625 0.3508700953
626 0.3508700953
627 0.3508700953
628 0.3508700953
629 0.3508700953
630 0.3508700953
631 0.3508700953
632 0.3508700953
633 0.3508700953
634 0.3508700953
635 0.3508700953
636 0.3508700953
637 0.3508700953
638 0.3508700953
639 0.3508700953
640 0.3508700953
641 0.3508700953
642 0.3508700953
643 0.3508700953
644 0.3508700953
645 0.3508700953
646 0.3508700953
647 0.3508700953
648 0.3508700953
649 0.3508700953
650 0.3508700953
651 0.3508700953
652 0.3508700953
653 0.3508700953
654 0.3508700953
655 0.3508700953
656 0.3508700953
657 0.3508700953
658 0.3508700953
659 0.3508700953
660 0.3508700953
661 0.3508700953
662 0.3508700953
663 0.3508700953
664 0.3508700953
665 0.3508700953
666 0.3508700953
667 0.3508700953
668 0.3508700953
669 0.3508700953
670 0.3508700953
671 0.3508700953
672 0.3508700953
673 0.3508700953
674 0.3508700953
675 0.3508700953
676 0.3508700953
677 0.3508700953
678 0.3508700953
679 0.3508700953
680 0.3508700953
681 0.3508700953
682 0.3508700953
683 0.3508700953
684 0.3508700953
685 0.3508700953
686 0.3508700953
687 0.3508700953
688 0.3508700953
689 0.3508700953
690 0.3508700953
691 0.3508700953
692 0.3508700953
693 0.3508700953
694 0.3508700953
695 0.3508700953
696 0.3508700953
697 0.3508700953
698 0.3508700953
699 0.3508700953
700 0.3508700953
701 0.3508700953
702 0.3508700953
703 0.3508700953
704 0.3508700953
705 0.3508700953
706 0.3508700953
707 0.3508700953
708 0.3508700953
709 0.3508700953
710 0.3508700953
711 0.3508700953
712 0.3508700953
713 0.3508700953
714 0.3508700953
715 0.3508700953
716 0.3508700953
717 0.3508700953
718 0.3508700953
719 0.3508700953
720 0.3508700953
721 0.3508700953
722 0.3508700953
723 0.3508700953
724 0.3508700953
725 0.3508700953
726 0.3508700953
727 0.3508700953
728 0.3508700953
729 0.3508700953
730 0.3508700953
731 0.3508700953
732 0.3508700953
733 0.3508700953
734 0.3508700953
735 0.3508700953
736 0.3508700953
737 0.3508700953
738 0.3508700953
739 0.3508700953
740 0.3508700953
741 0.3508700953
742 0.3508700953
743 0.3508700953
744 0.3508700953
745 0.3508700953
746 0.3508700953
747 0.3508700953
748 0.3508700953
749 0.3508700953
750 0.3508700953
751 0.3508700953
752 0.3508700953
753 0.3508700953
754 0.3508700953
755 0.3508700953
756 0.3508700953
757 0.3508700953
758 0.3508700953
759 0.3508700953
760 0.3508700953
761 0.3508700953
762 0.3508700953
763 0.3508700953
764 0.3508700953
765 0.3508700953
766 0.3508700953
767 0.3508700953
768 0.3508700953
769 0.3508700953
770 0.3508700953
771 0.3508700953
772 0.3508700953
773 0.3508700953
774 0.3508700953
775 0.3508700953
776 0.3508700953
777 0.3508700953
778 0.3508700953
779 0.3508700953
780 0.3508700953
781 0.3508700953
782 0.3508700953
783 0.3508700953
784 0.3508700953
785 0.3508700953
786 0.3508700953
787 0.3508700953
788 0.3508700953
789 0.3508700953
790 0.3508700953
791 0.3508700953
792 0.3508700953
793 0.3508700953
794 0.3508700953
795 0.3508700953
796 0.3508700953
797 0.3508700953
798 0.3508700953
799 0.3508700953
800 0.3508700953
801 0.3508700953
802 0.3508700953
803 0.3508700953
804 0.3508700953
805 0.3508700953
806 0.3508700953
807 0.3508700953
808 0.3508700953
809 0.3508700953
810 0.3508700953
811 0.3508700953
812 0.3508700953
813 0.3508700953
814 0.3508700953
815 0.3508700953
816 0.3508700953
817 0.3508700953
818 0.3508700953
819 0.3508700953
820 0.3508700953
821 0.3508700953
822 0.3508700953
823 0.3508700953
824 0.3508700953
825 0.3508700953
826 0.3508700953
827 0.3508700953
828 0.3508700953
829 0.3508700953
830 0.3508700953
831 0.3508700953
832 0.3508700953
833 0.3508700953
834 0.3508700953
835 0.3508700953
836 0.3508700953
837 0.3508700953
838 0.3508700953
839 0.3508700953
840 0.3508700953
841 0.3508700953
842 0.3508700953
843 0.3508700953
844 0.3508700953
845 0.3508700953
846 0.3508700953
847 0.3508700953
848 0.3508700953
849 0.3508700953
850 0.3508700953
851 0.3508700953
852 0.3508700953
853 0.3508700953
854 0.3508700953
855 0.3508700953
856 0.3508700953
857 0.3508700953
858 0.3508700953
859 0.3508700953
860 0.3508700953
861 0.3508700953
862 0.3508700953
863 0.3508700953
864 0.3508700953
865 0.3508700953
866 0.3508700953
867 0.3508700953
868 0.3508700953
869 0.3508700953
870 0.3508700953
871 0.3508700953
872 0.3508700953
873 0.3508700953
874 0.3508700953
875 0.3508700953
876 0.3508700953
877 0.3508700953
878 0.3508700953
879 0.3508700953
880 0.3508700953
881 0.3508700953
882 0.3508700953
883 0.3508700953
884 0.3508700953
885 0.3508700953
886 0.3508700953
887 0.3508700953
888 0.3508700953
889 0.3508700953
890 0.3508700953
891 0.3508700953
892 0.3508700953
893 0.3508700953
894 0.3508700953
895 0.3508700953
896 0.3508700953
897 0.3508700953
898 0.3508700953
899 0.3508700953
900 0.3508700953
901 0.3508700953
902 0.3508700953
903 0.3508700953
904 0.3508700953
905 0.3508700953
906 0.3508700953
907 0.3508700953
908 0.3508700953
909 0.3508700953
910 0.3508700953
911 0.3508700953
912 0.3508700953
913 0.3508700953
914 0.3508700953
915 0.3508700953
916 0.3508700953
917 0.3508700953
918 0.3508700953
919 0.3508700953
920 0.3508700953
921 0.3508700953
922 0.3508700953
923 0.3508700953
924 0.3508700953
925 0.3508700953
926 0.3508700953
927 0.3508700953
928 0.3508700953
929 0.3508700953
930 0.3508700953
931 0.3508700953
932 0.3508700953
933 0.3508700953
934 0.3508700953
935 0.3508700953
936 0.3508700953
937 0.3508700953
938 0.3508700953
939 0.3508700953
940 0.3508700953
941 0.3508700953
942 0.3508700953
943 0.3508700953
944 0.3508700953
945 0.3508700953
946 0.3508700953
947 0.3508700953
948 0.3508700953
949 0.3508700953
950 0.3508700953
951 0.3508700953
952 0.3508700953
953 0.3508700953
954 0.3508700953
955 0.3508700953
956 0.3508700953
957 0.3508700953
958 0.3508700953
959 0.3508700953
960 0.3508700953
961 0.3508700953
962 0.3508700953
963 0.3508700953
964 0.3508700953
965 0.3508700953
966 0.3508700953
967 0.3508700953
968 0.3508700953
969 0.3508700953
970 0.3508700953
971 0.3508700953
972 0.3508700953
973 0.3508700953
974 0.3508700953
975 0.3508700953
976 0.3508700953
977 0.3508700953
978 0.3508700953
979 0.3508700953
980 0.3508700953
981 0.3508700953
982 0.3508700953
983 0.3508700953
984 0.3508700953
985 0.3508700953
986 0.3508700953
987 0.3508700953
988 0.3508700953
989 0.3508700953
990 0.3508700953
991 0.3508700953
992 0.3508700953
993 0.3508700953
994 0.3508700953
995 0.3508700953
996 0.3508700953
997 0.3508700953
998 0.3508700953
999 0.3508700953
1000 0.3508700953
1001 0.3508700953
1002 0.3508700953
1003 0.3508700953
1004 0.3508700953
1005 0.3508700953
1006 0.3508700953
1007 0.3508700953
1008 0.3508700953
1009 0.3508700953
1010 0.3508700953
1011 0.3508700953
1012 0.3508700953
1013 0.3508700953
1014 0.3508700953
1015 0.3508700953
1016 0.3508700953
1017 0.3508700953
1018 0.3508700953
1019 0.3508700953
1020 0.3508700953
1021 0.3508700953
1022 0.3508700953
1023 0.3508700953
