#54876 2910.0015549645001824 0.004569774223024599194 1 1341 16.000049430220818044 1024 7 1 J1713+0747 0.0000000 
0 0.2736996364
1 0.2736996364
2 0.2736996364
3 0.2736996364
4 0.2736996364
5 0.2736996364
6 0.2736996364
7 0.2736996364
8 0.2736996364
9 0.2736996364
10 0.2736996364
11 0.2736996364
12 0.2736996364
13 0.2736996364
14 0.2736996364
15 0.2736996364
16 0.2736996364
17 0.2736996364
18 0.2736996364
19 0.2736996364
20 0.2736996364
21 0.2736996364
22 0.2736996364
23 0.2736996364
24 0.2736996364
25 0.2736996364
26 0.2736996364
27 0.2736996364
28 0.2736996364
29 0.2736996364
30 0.2736996364
31 0.2736996364
32 0.2736996364
33 0.2736996364
34 0.2736996364
35 0.2736996364
36 0.2736996364
37 0.2736996364
38 0.2736996364
39 0.2736996364
40 0.2736996364
41 0.2736996364
42 0.2736996364
43 0.2736996364
44 0.2736996364
45 0.2736996364
46 0.2736996364
47 0.2736996364
48 0.2736996364
49 0.2736996364
50 0.2736996364
51 0.2736996364
52 0.2736996364
53 0.2736996364
54 0.2736996364
55 0.2736996364
56 0.2736996364
57 0.2736996364
58 0.2736996365
59 0.2736996365
60 0.2736996365
61 0.2736996365
62 0.2736996366
63 0.2736996366
64 0.2736996367
65 0.2736996368
66 0.2736996369
67 0.273699637
68 0.2736996372
69 0.2736996374
70 0.2736996377
71 0.273699638
72 0.2736996384
73 0.2736996389
74 0.2736996395
75 0.2736996403
76 0.2736996412
77 0.2736996424
78 0.2736996439
79 0.2736996457
80 0.2736996479
81 0.2736996506
82 0.2736996539
83 0.273699658
84 0.2736996631
85 0.2736996693
86 0.2736996768
87 0.2736996861
88 0.2736996974
89 0.2736997112
90 0.273699728
91 0.2736997485
92 0.2736997735
93 0.2736998038
94 0.2736998407
95 0.2736998854
96 0.2736999395
97 0.2737000051
98 0.2737000844
99 0.2737001802
100 0.2737002958
101 0.2737004352
102 0.273700603
103 0.2737008049
104 0.2737010475
105 0.2737013388
106 0.2737016881
107 0.2737021065
108 0.2737026072
109 0.2737032057
110 0.2737039204
111 0.273704773
112 0.273705789
113 0.2737069984
114 0.2737084366
115 0.2737101449
116 0.273712172
117 0.2737145749
118 0.2737174202
119 0.2737207858
120 0.2737247626
121 0.2737294567
122 0.2737349915
123 0.2737415109
124 0.2737491817
125 0.2737581977
126 0.2737687838
127 0.2737812
128 0.2737957474
129 0.2738127736
130 0.27383268
131 0.273855929
132 0.2738830531
133 0.2739146645
134 0.2739514664
135 0.2739942655
136 0.2740439863
137 0.2741016864
138 0.2741685752
139 0.2742460333
140 0.2743356351
141 0.2744391739
142 0.2745586898
143 0.2746965006
144 0.2748552372
145 0.2750378814
146 0.2752478089
147 0.275488837
148 0.2757652766
149 0.2760819903
150 0.276444456
151 0.2768588378
152 0.2773320623
153 0.2778719041
154 0.2784870783
155 0.2791873423
156 0.2799836062
157 0.280888054
158 0.2819142751
159 0.2830774067
160 0.2843942885
161 0.2858836308
162 0.2875661943
163 0.2894649859
164 0.2916054677
165 0.2940157825
166 0.2967269947
167 0.2997733484
168 0.303192542
169 0.3070260218
170 0.3113192921
171 0.3161222453
172 0.3214895102
173 0.3274808189
174 0.3341613934
175 0.3416023504
176 0.3498811251
177 0.3590819131
178 0.3692961292
179 0.380622884
180 0.3931694747
181 0.4070518914
182 0.4223953348
183 0.4393347459
184 0.4580153434
185 0.4785931674
186 0.5012356266
187 0.5261220454
188 0.5534442075
189 0.5834068923
190 0.6162283998
191 0.652141059
192 0.6913917152
193 0.734242191
194 0.780969714
195 0.8318673071
196 0.8872441331
197 0.9474257874
198 1.012754533
199 1.083589468
200 1.160306619
201 1.243298956
202 1.332976316
203 1.429765225
204 1.534108625
205 1.646465476
206 1.767310246
207 1.897132268
208 2.03643496
209 2.185734906
210 2.345560784
211 2.516452138
212 2.698957992
213 2.893635297
214 3.101047207
215 3.321761185
216 3.556346938
217 3.805374168
218 4.069410161
219 4.349017198
220 4.644749796
221 4.957151795
222 5.286753274
223 5.634067332
224 5.999586724
225 6.38378037
226 6.787089752
227 7.209925211
228 7.652662163
229 8.115637255
230 8.599144473
231 9.103431232
232 9.62869447
233 10.17507677
234 10.74266252
235 11.33147421
236 11.94146873
237 12.57253395
238 13.22448536
239 13.89706291
240 14.58992819
241 15.30266176
242 16.03476079
243 16.78563708
244 17.55461536
245 18.34093205
246 19.14373433
247 19.9620797
248 20.794936
249 21.64118191
250 22.49960786
251 23.36891756
252 24.24773
253 25.13458198
254 26.02793118
255 26.92615979
256 27.82757865
257 28.73043196
258 29.63290246
259 30.53311723
260 31.42915383
261 32.3190471
262 33.20079622
263 34.07237238
264 34.93172669
265 35.77679853
266 36.6055242
267 37.41584586
268 38.20572063
269 38.97312997
270 39.71608914
271 40.43265675
272 41.12094433
273 41.77912592
274 42.40544751
275 42.99823642
276 43.55591043
277 44.07698675
278 44.56009056
279 45.00396338
280 45.40747088
281 45.76961035
282 46.08951763
283 46.36647358
284 46.59990986
285 46.78941421
286 46.93473507
287 47.03578551
288 47.09264646
289 47.1055693
290 47.07497765
291 47.00146847
292 46.88581237
293 46.72895325
294 46.53200712
295 46.29626018
296 46.02316625
297 45.71434337
298 45.37156972
299 44.99677896
300 44.5920547
301 44.1596245
302 43.70185317
303 43.22123547
304 42.72038827
305 42.20204214
306 41.66903249
307 41.12429016
308 40.57083163
309 40.01174875
310 39.45019819
311 38.8893904
312 38.3325784
313 37.78304618
314 37.24409686
315 36.71904069
316 36.21118276
317 35.72381062
318 35.26018174
319 34.82351085
320 34.41695725
321 34.04361201
322 33.70648525
323 33.40849336
324 33.15244634
325 32.94103521
326 32.77681954
327 32.66221514
328 32.59948206
329 32.59071268
330 32.63782028
331 32.74252781
332 32.9063572
333 33.13061898
334 33.4164026
335 33.7645671
336 34.17573262
337 34.65027249
338 35.1883061
339 35.7896926
340 36.45402551
341 37.18062826
342 37.96855073
343 38.81656692
344 39.72317376
345 40.68659102
346 41.70476263
347 42.77535916
348 43.89578171
349 45.06316717
350 46.27439489
351 47.52609473
352 48.81465663
353 50.13624154
354 51.48679385
355 52.86205517
356 54.25757952
357 55.66874988
358 57.09079599
359 58.51881335
360 59.94778346
361 61.37259495
362 62.78806579
363 64.18896631
364 65.57004282
365 66.926042
366 68.25173553
367 69.54194513
368 70.79156769
369 71.99560037
370 73.14916548
371 74.24753501
372 75.28615465
373 76.26066705
374 77.16693425
375 78.00105902
376 78.7594051
377 79.43861599
378 80.03563235
379 80.54770766
380 80.97242231
381 81.30769567
382 81.55179633
383 81.70335029
384 81.76134704
385 81.72514355
386 81.5944661
387 81.36940989
388 81.05043653
389 80.63836937
390 80.13438672
391 79.54001308
392 78.8571083
393 78.08785493
394 77.23474379
395 76.30055789
396 75.28835475
397 74.20144745
398 73.04338432
399 71.81792771
400 70.5290317
401 69.18081919
402 67.77755835
403 66.32363879
404 64.82354738
405 63.28184417
406 61.7031384
407 60.09206479
408 58.45326034
409 56.79134174
410 55.11088348
411 53.41639698
412 51.71231058
413 50.0029508
414 48.29252472
415 46.58510374
416 44.88460865
417 43.19479617
418 41.51924699
419 39.86135528
420 38.22431974
421 36.61113617
422 35.02459153
423 33.46725958
424 31.94149787
425 30.44944623
426 28.99302657
427 27.57394402
428 26.19368926
429 24.85354206
430 23.55457585
431 22.29766327
432 21.08348262
433 19.91252516
434 18.78510304
435 17.70135788
436 16.66126987
437 15.66466729
438 14.71123632
439 13.80053115
440 12.93198421
441 12.10491649
442 11.31854783
443 10.57200717
444 9.864342631
445 9.194531397
446 8.561489353
447 7.964080392
448 7.40112539
449 6.871410772
450 6.373696675
451 5.906724647
452 5.469224885
453 5.059922994
454 4.677546241
455 4.320829323
456 3.988519623
457 3.679381984
458 3.392202976
459 3.125794702
460 2.878998129
461 2.65068597
462 2.43976514
463 2.245178793
464 2.065907985
465 1.900972954
466 1.749434069
467 1.610392463
468 1.482990363
469 1.366411166
470 1.259879262
471 1.162659642
472 1.074057314
473 0.9934165416
474 0.9201199378
475 0.853587428
476 0.7932751053
477 0.7386739959
478 0.6893087527
479 0.6447362938
480 0.6045444003
481 0.5683502877
482 0.5357991637
483 0.5065627835
484 0.4803380122
485 0.4568454049
486 0.4358278099
487 0.4170490046
488 0.400292367
489 0.3853595902
490 0.3720694417
491 0.3602565716
492 0.3497703729
493 0.3404738931
494 0.332242801
495 0.324964407
496 0.3185367382
497 0.3128676672
498 0.3078740943
499 0.3034811812
500 0.299621636
501 0.2962350466
502 0.2932672618
503 0.2906698175
504 0.2883994056
505 0.2864173853
506 0.2846893321
507 0.2831846243
508 0.2818760637
509 0.2807395297
510 0.2797536621
511 0.278899574
512 0.2781605899
513 0.2775220084
514 0.2769708876
515 0.2764958512
516 0.2760869136
517 0.2757353228
518 0.2754334187
519 0.2751745072
520 0.274952746
521 0.2747630442
522 0.2746009715
523 0.2744626784
524 0.2743448244
525 0.2742445151
526 0.274159246
527 0.274086853
528 0.274025469
529 0.2739734852
530 0.2739295173
531 0.2738923758
532 0.2738610402
533 0.2738346361
534 0.2738124153
535 0.2737937382
536 0.2737780595
537 0.2737649143
538 0.2737539069
539 0.2737447011
540 0.2737370118
541 0.273730597
542 0.2737252523
543 0.2737208047
544 0.2737171082
545 0.2737140398
546 0.2737114959
547 0.2737093896
548 0.2737076477
549 0.2737062089
550 0.273705022
551 0.2737040442
552 0.2737032395
553 0.2737025782
554 0.2737020353
555 0.2737015903
556 0.2737012259
557 0.2737009279
558 0.2737006845
559 0.2737004859
560 0.2737003242
561 0.2737001925
562 0.2737000855
563 0.2736999987
564 0.2736999283
565 0.2736998713
566 0.2736998252
567 0.273699788
568 0.2736997579
569 0.2736997337
570 0.2736997142
571 0.2736996986
572 0.273699686
573 0.2736996759
574 0.2736996679
575 0.2736996614
576 0.2736996563
577 0.2736996521
578 0.2736996489
579 0.2736996463
580 0.2736996442
581 0.2736996425
582 0.2736996412
583 0.2736996402
584 0.2736996394
585 0.2736996387
586 0.2736996382
587 0.2736996378
588 0.2736996375
589 0.2736996373
590 0.2736996371
591 0.2736996369
592 0.2736996368
593 0.2736996367
594 0.2736996366
595 0.2736996366
596 0.2736996365
597 0.2736996365
598 0.2736996365
599 0.2736996364
600 0.2736996364
601 0.2736996364
602 0.2736996364
603 0.2736996364
604 0.2736996364
605 0.2736996364
606 0.2736996364
607 0.2736996364
608 0.2736996364
609 0.2736996364
610 0.2736996364
611 0.2736996364
612 0.2736996364
613 0.2736996364
614 0.2736996364
615 0.2736996364
616 0.2736996364
617 0.2736996364
618 0.2736996364
619 0.2736996364
620 0.2736996364
621 0.2736996364
622 0.2736996364
623 0.2736996364
624 0.2736996364
625 0.2736996364
626 0.2736996364
627 0.2736996364
628 0.2736996364
629 0.2736996364
630 0.2736996364
631 0.2736996364
632 0.2736996364
633 0.2736996364
634 0.2736996364
635 0.2736996364
636 0.2736996364
637 0.2736996364
638 0.2736996364
639 0.2736996364
640 0.2736996364
641 0.2736996364
642 0.2736996364
643 0.2736996364
644 0.2736996364
645 0.2736996364
646 0.2736996364
647 0.2736996364
648 0.2736996364
649 0.2736996364
650 0.2736996364
651 0.2736996364
652 0.2736996364
653 0.2736996364
654 0.2736996364
655 0.2736996364
656 0.2736996364
657 0.2736996364
658 0.2736996364
659 0.2736996364
660 0.2736996364
661 0.2736996364
662 0.2736996364
663 0.2736996364
664 0.2736996364
665 0.2736996364
666 0.2736996364
667 0.2736996364
668 0.2736996364
669 0.2736996364
670 0.2736996364
671 0.2736996364
672 0.2736996364
673 0.2736996364
674 0.2736996364
675 0.2736996364
676 0.2736996364
677 0.2736996364
678 0.2736996364
679 0.2736996364
680 0.2736996364
681 0.2736996364
682 0.2736996364
683 0.2736996364
684 0.2736996364
685 0.2736996364
686 0.2736996364
687 0.2736996364
688 0.2736996364
689 0.2736996364
690 0.2736996364
691 0.2736996364
692 0.2736996364
693 0.2736996364
694 0.2736996364
695 0.2736996364
696 0.2736996364
697 0.2736996364
698 0.2736996364
699 0.2736996364
700 0.2736996364
701 0.2736996364
702 0.2736996364
703 0.2736996364
704 0.2736996364
705 0.2736996364
706 0.2736996364
707 0.2736996364
708 0.2736996364
709 0.2736996364
710 0.2736996364
711 0.2736996364
712 0.2736996364
713 0.2736996364
714 0.2736996364
715 0.2736996364
716 0.2736996364
717 0.2736996364
718 0.2736996364
719 0.2736996364
720 0.2736996364
721 0.2736996364
722 0.2736996364
723 0.2736996364
724 0.2736996364
725 0.2736996364
726 0.2736996364
727 0.2736996364
728 0.2736996364
729 0.2736996364
730 0.2736996364
731 0.2736996364
732 0.2736996364
733 0.2736996364
734 0.2736996364
735 0.2736996364
736 0.2736996364
737 0.2736996364
738 0.2736996364
739 0.2736996364
740 0.2736996364
741 0.2736996364
742 0.2736996364
743 0.2736996364
744 0.2736996364
745 0.2736996364
746 0.2736996364
747 0.2736996364
748 0.2736996364
749 0.2736996364
750 0.2736996364
751 0.2736996364
752 0.2736996364
753 0.2736996364
754 0.2736996364
755 0.2736996364
756 0.2736996364
757 0.2736996364
758 0.2736996364
759 0.2736996364
760 0.2736996364
761 0.2736996364
762 0.2736996364
763 0.2736996364
764 0.2736996364
765 0.2736996364
766 0.2736996364
767 0.2736996364
768 0.2736996364
769 0.2736996364
770 0.2736996364
771 0.2736996364
772 0.2736996364
773 0.2736996364
774 0.2736996364
775 0.2736996364
776 0.2736996364
777 0.2736996364
778 0.2736996364
779 0.2736996364
780 0.2736996364
781 0.2736996364
782 0.2736996364
783 0.2736996364
784 0.2736996364
785 0.2736996364
786 0.2736996364
787 0.2736996364
788 0.2736996364
789 0.2736996364
790 0.2736996364
791 0.2736996364
792 0.2736996364
793 0.2736996364
794 0.2736996364
795 0.2736996364
796 0.2736996364
797 0.2736996364
798 0.2736996364
799 0.2736996364
800 0.2736996364
801 0.2736996364
802 0.2736996364
803 0.2736996364
804 0.2736996364
805 0.2736996364
806 0.2736996364
807 0.2736996364
808 0.2736996364
809 0.2736996364
810 0.2736996364
811 0.2736996364
812 0.2736996364
813 0.2736996364
814 0.2736996364
815 0.2736996364
816 0.2736996364
817 0.2736996364
818 0.2736996364
819 0.2736996364
820 0.2736996364
821 0.2736996364
822 0.2736996364
823 0.2736996364
824 0.2736996364
825 0.2736996364
826 0.2736996364
827 0.2736996364
828 0.2736996364
829 0.2736996364
830 0.2736996364
831 0.2736996364
832 0.2736996364
833 0.2736996364
834 0.2736996364
835 0.2736996364
836 0.2736996364
837 0.2736996364
838 0.2736996364
839 0.2736996364
840 0.2736996364
841 0.2736996364
842 0.2736996364
843 0.2736996364
844 0.2736996364
845 0.2736996364
846 0.2736996364
847 0.2736996364
848 0.2736996364
849 0.2736996364
850 0.2736996364
851 0.2736996364
852 0.2736996364
853 0.2736996364
854 0.2736996364
855 0.2736996364
856 0.2736996364
857 0.2736996364
858 0.2736996364
859 0.2736996364
860 0.2736996364
861 0.2736996364
862 0.2736996364
863 0.2736996364
864 0.2736996364
865 0.2736996364
866 0.2736996364
867 0.2736996364
868 0.2736996364
869 0.2736996364
870 0.2736996364
871 0.2736996364
872 0.2736996364
873 0.2736996364
874 0.2736996364
875 0.2736996364
876 0.2736996364
877 0.2736996364
878 0.2736996364
879 0.2736996364
880 0.2736996364
881 0.2736996364
882 0.2736996364
883 0.2736996364
884 0.2736996364
885 0.2736996364
886 0.2736996364
887 0.2736996364
888 0.2736996364
889 0.2736996364
890 0.2736996364
891 0.2736996364
892 0.2736996364
893 0.2736996364
894 0.2736996364
895 0.2736996364
896 0.2736996364
897 0.2736996364
898 0.2736996364
899 0.2736996364
900 0.2736996364
901 0.2736996364
902 0.2736996364
903 0.2736996364
904 0.2736996364
905 0.2736996364
906 0.2736996364
907 0.2736996364
908 0.2736996364
909 0.2736996364
910 0.2736996364
911 0.2736996364
912 0.2736996364
913 0.2736996364
914 0.2736996364
915 0.2736996364
916 0.2736996364
917 0.2736996364
918 0.2736996364
919 0.2736996364
920 0.2736996364
921 0.2736996364
922 0.2736996364
923 0.2736996364
924 0.2736996364
925 0.2736996364
926 0.2736996364
927 0.2736996364
928 0.2736996364
929 0.2736996364
930 0.2736996364
931 0.2736996364
932 0.2736996364
933 0.2736996364
934 0.2736996364
935 0.2736996364
936 0.2736996364
937 0.2736996364
938 0.2736996364
939 0.2736996364
940 0.2736996364
941 0.2736996364
942 0.2736996364
943 0.2736996364
944 0.2736996364
945 0.2736996364
946 0.2736996364
947 0.2736996364
948 0.2736996364
949 0.2736996364
950 0.2736996364
951 0.2736996364
952 0.2736996364
953 0.2736996364
954 0.2736996364
955 0.2736996364
956 0.2736996364
957 0.2736996364
958 0.2736996364
959 0.2736996364
960 0.2736996364
961 0.2736996364
962 0.2736996364
963 0.2736996364
964 0.2736996364
965 0.2736996364
966 0.2736996364
967 0.2736996364
968 0.2736996364
969 0.2736996364
970 0.2736996364
971 0.2736996364
972 0.2736996364
973 0.2736996364
974 0.2736996364
975 0.2736996364
976 0.2736996364
977 0.2736996364
978 0.2736996364
979 0.2736996364
980 0.2736996364
981 0.2736996364
982 0.2736996364
983 0.2736996364
984 0.2736996364
985 0.2736996364
986 0.2736996364
987 0.2736996364
988 0.2736996364
989 0.2736996364
990 0.2736996364
991 0.2736996364
992 0.2736996364
993 0.2736996364
994 0.2736996364
995 0.2736996364
996 0.2736996364
997 0.2736996364
998 0.2736996364
999 0.2736996364
1000 0.2736996364
1001 0.2736996364
1002 0.2736996364
1003 0.2736996364
1004 0.2736996364
1005 0.2736996364
1006 0.2736996364
1007 0.2736996364
1008 0.2736996364
1009 0.2736996364
1010 0.2736996364
1011 0.2736996364
1012 0.2736996364
1013 0.2736996364
1014 0.2736996364
1015 0.2736996364
1016 0.2736996364
1017 0.2736996364
1018 0.2736996364
1019 0.2736996364
1020 0.2736996364
1021 0.2736996364
1022 0.2736996364
1023 0.2736996364
