#54832 2910.0073044449445014 0.004569975217427318763 1 1309 16.000049430220818044 1024 7 1 J1713+0747 0.0000000 
0 4.640349328
1 4.949765911
2 5.276513793
3 5.621134964
4 5.984152988
5 6.3660695
6 6.767360574
7 7.188472979
8 7.629820342
9 8.091779223
10 8.574685141
11 9.078828554
12 9.604450827
13 10.15174021
14 10.72082786
15 11.31178389
16 11.92461358
17 12.55925364
18 13.21556863
19 13.89334766
20 14.59230115
21 15.31205796
22 16.05216274
23 16.81207363
24 17.59116023
25 18.38870204
26 19.20388719
27 20.03581168
28 20.88347905
29 21.74580049
30 22.62159547
31 23.50959292
32 24.40843284
33 25.31666857
34 26.23276954
35 27.15512458
36 28.08204579
37 29.01177301
38 29.94247874
39 30.87227374
40 31.79921303
41 32.72130243
42 33.63650566
43 34.54275177
44 35.43794313
45 36.31996369
46 37.18668771
47 38.03598872
48 38.8657488
49 39.67386805
50 40.45827431
51 41.21693286
52 41.94785637
53 42.64911472
54 43.31884485
55 43.95526051
56 44.55666183
57 45.12144473
58 45.64811
59 46.13527211
60 46.58166765
61 46.98616332
62 47.34776347
63 47.6656171
64 47.93902439
65 48.16744246
66 48.35049069
67 48.48795525
68 48.57979298
69 48.62613454
70 48.62728685
71 48.58373476
72 48.49614193
73 48.36535103
74 48.19238304
75 47.97843594
76 47.72488247
77 47.43326725
78 47.10530314
79 46.74286684
80 46.3479938
81 45.92287247
82 45.46983786
83 44.99136445
84 44.49005859
85 43.96865017
86 43.42998387
87 42.87700988
88 42.31277403
89 41.74040766
90 41.16311686
91 40.5841715
92 40.0068938
93 39.43464666
94 38.87082162
95 38.31882662
96 37.78207355
97 37.26396555
98 36.7678842
99 36.29717655
100 35.85514208
101 35.44501956
102 35.06997391
103 34.73308302
104 34.43732465
105 34.1855634
106 33.98053768
107 33.82484703
108 33.7209394
109 33.67109886
110 33.67743344
111 33.74186338
112 33.86610972
113 34.05168338
114 34.29987459
115 34.61174306
116 34.98810858
117 35.42954241
118 35.93635932
119 36.50861051
120 37.14607736
121 37.84826605
122 38.61440335
123 39.44343327
124 40.33401502
125 41.28452206
126 42.29304241
127 43.35738032
128 44.4750592
129 45.64332605
130 46.85915724
131 48.11926575
132 49.42010995
133 50.75790379
134 52.1286285
135 53.52804578
136 54.95171242
137 56.39499632
138 57.85309389
139 59.32104878
140 60.79377179
141 62.26606197
142 63.73262877
143 65.18811514
144 66.62712138
145 68.04422985
146 69.43403005
147 70.79114422
148 72.11025319
149 73.38612224
150 74.61362699
151 75.7877789
152 76.9037505
153 77.95689991
154 78.94279459
155 79.85723421
156 80.69627236
157 81.45623695
158 82.13374932
159 82.72574157
160 83.22947243
161 83.64254107
162 83.96289918
163 84.18886087
164 84.31911055
165 84.35270868
166 84.28909519
167 84.12809079
168 83.869896
169 83.51508794
170 83.06461489
171 82.51978882
172 81.88227565
173 81.1540837
174 80.33755002
175 79.43532514
176 78.45035595
177 77.38586719
178 76.24534144
179 75.03249802
180 73.75127068
181 72.40578449
182 71.00033204
183 69.53934906
184 68.02738969
185 66.46910167
186 64.86920144
187 63.23244951
188 61.56362612
189 59.86750753
190 58.14884286
191 56.41233185
192 54.66260351
193 52.90419593
194 51.14153717
195 49.37892754
196 47.62052318
197 45.8703211
198 44.13214572
199 42.40963693
200 40.70623972
201 39.02519536
202 37.36953418
203 35.74206989
204 34.14539545
205 32.58188039
206 31.05366964
207 29.5626837
208 28.11062013
209 26.69895634
210 25.32895349
211 24.0016615
212 22.71792504
213 21.47839045
214 20.28351335
215 19.13356713
216 18.02865187
217 16.96870386
218 15.9535055
219 14.98269555
220 14.05577953
221 13.17214033
222 12.33104883
223 11.53167454
224 10.77309607
225 10.05431152
226 9.374248577
227 8.731774361
228 8.125704949
229 7.554814498
230 7.017843974
231 6.513509435
232 6.040509844
233 5.597534394
234 5.183269339
235 4.7964043
236 4.435638073
237 4.09968391
238 3.787274296
239 3.497165221
240 3.228139967
241 2.979012415
242 2.748629896
243 2.535875601
244 2.339670581
245 2.158975342
246 1.992791078
247 1.840160557
248 1.700168682
249 1.571942765
250 1.454652527
251 1.347509854
252 1.249768339
253 1.160722629
254 1.079707593
255 1.006097355
256 0.9393041883
257 0.8787773129
258 0.8240015982
259 0.7744962007
260 0.7298131476
261 0.6895358826
262 0.6532777889
263 0.6206807
264 0.5914134121
265 0.5651702063
266 0.5416693905
267 0.5206518685
268 0.5018797428
269 0.4851349573
270 0.4702179837
271 0.4569465565
272 0.4451544589
273 0.4346903617
274 0.4254167173
275 0.4172087089
276 0.4099532566
277 0.4035480787
278 0.3979008088
279 0.3929281672
280 0.3885551856
281 0.3847144837
282 0.3813455954
283 0.3783943441
284 0.3758122627
285 0.3735560588
286 0.3715871212
287 0.3698710659
288 0.3683773198
289 0.367078739
290 0.3659512604
291 0.3649735838
292 0.3641268824
293 0.3633945408
294 0.3627619161
295 0.3622161233
296 0.3617458402
297 0.361341133
298 0.3609932982
299 0.3606947213
300 0.3604387505
301 0.3602195829
302 0.3600321636
303 0.3598720955
304 0.3597355593
305 0.3596192422
306 0.3595202746
307 0.3594361746
308 0.3593647985
309 0.3593042972
310 0.3592530784
311 0.3592097721
312 0.359173202
313 0.3591423589
314 0.3591163785
315 0.3590945216
316 0.3590761568
317 0.3590607454
318 0.3590478286
319 0.3590370161
320 0.3590279765
321 0.3590204284
322 0.3590141337
323 0.3590088907
324 0.3590045292
325 0.3590009055
326 0.3589978985
327 0.3589954065
328 0.3589933437
329 0.3589916383
330 0.3589902303
331 0.3589890691
332 0.3589881128
333 0.3589873261
334 0.3589866797
335 0.3589861494
336 0.3589857147
337 0.3589853589
338 0.3589850681
339 0.3589848306
340 0.3589846369
341 0.3589844792
342 0.3589843509
343 0.3589842467
344 0.3589841621
345 0.3589840935
346 0.358984038
347 0.3589839932
348 0.3589839569
349 0.3589839277
350 0.3589839042
351 0.3589838853
352 0.35898387
353 0.3589838578
354 0.3589838481
355 0.3589838402
356 0.358983834
357 0.358983829
358 0.358983825
359 0.3589838218
360 0.3589838193
361 0.3589838173
362 0.3589838157
363 0.3589838144
364 0.3589838134
365 0.3589838126
366 0.358983812
367 0.3589838115
368 0.3589838111
369 0.3589838108
370 0.3589838106
371 0.3589838104
372 0.3589838102
373 0.3589838101
374 0.35898381
375 0.35898381
376 0.3589838099
377 0.3589838099
378 0.3589838098
379 0.3589838098
380 0.3589838098
381 0.3589838098
382 0.3589838098
383 0.3589838098
384 0.3589838098
385 0.3589838097
386 0.3589838097
387 0.3589838097
388 0.3589838097
389 0.3589838097
390 0.3589838097
391 0.3589838097
392 0.3589838097
393 0.3589838097
394 0.3589838097
395 0.3589838097
396 0.3589838097
397 0.3589838097
398 0.3589838097
399 0.3589838097
400 0.3589838097
401 0.3589838097
402 0.3589838097
403 0.3589838097
404 0.3589838097
405 0.3589838097
406 0.3589838097
407 0.3589838097
408 0.3589838097
409 0.3589838097
410 0.3589838097
411 0.3589838097
412 0.3589838097
413 0.3589838097
414 0.3589838097
415 0.3589838097
416 0.3589838097
417 0.3589838097
418 0.3589838097
419 0.3589838097
420 0.3589838097
421 0.3589838097
422 0.3589838097
423 0.3589838097
424 0.3589838097
425 0.3589838097
426 0.3589838097
427 0.3589838097
428 0.3589838097
429 0.3589838097
430 0.3589838097
431 0.3589838097
432 0.3589838097
433 0.3589838097
434 0.3589838097
435 0.3589838097
436 0.3589838097
437 0.3589838097
438 0.3589838097
439 0.3589838097
440 0.3589838097
441 0.3589838097
442 0.3589838097
443 0.3589838097
444 0.3589838097
445 0.3589838097
446 0.3589838097
447 0.3589838097
448 0.3589838097
449 0.3589838097
450 0.3589838097
451 0.3589838097
452 0.3589838097
453 0.3589838097
454 0.3589838097
455 0.3589838097
456 0.3589838097
457 0.3589838097
458 0.3589838097
459 0.3589838097
460 0.3589838097
461 0.3589838097
462 0.3589838097
463 0.3589838097
464 0.3589838097
465 0.3589838097
466 0.3589838097
467 0.3589838097
468 0.3589838097
469 0.3589838097
470 0.3589838097
471 0.3589838097
472 0.3589838097
473 0.3589838097
474 0.3589838097
475 0.3589838097
476 0.3589838097
477 0.3589838097
478 0.3589838097
479 0.3589838097
480 0.3589838097
481 0.3589838097
482 0.3589838097
483 0.3589838097
484 0.3589838097
485 0.3589838097
486 0.3589838097
487 0.3589838097
488 0.3589838097
489 0.3589838097
490 0.3589838097
491 0.3589838097
492 0.3589838097
493 0.3589838097
494 0.3589838097
495 0.3589838097
496 0.3589838097
497 0.3589838097
498 0.3589838097
499 0.3589838097
500 0.3589838097
501 0.3589838097
502 0.3589838097
503 0.3589838097
504 0.3589838097
505 0.3589838097
506 0.3589838097
507 0.3589838097
508 0.3589838097
509 0.3589838097
510 0.3589838097
511 0.3589838097
512 0.3589838097
513 0.3589838097
514 0.3589838097
515 0.3589838097
516 0.3589838097
517 0.3589838097
518 0.3589838097
519 0.3589838097
520 0.3589838097
521 0.3589838097
522 0.3589838097
523 0.3589838097
524 0.3589838097
525 0.3589838097
526 0.3589838097
527 0.3589838097
528 0.3589838097
529 0.3589838097
530 0.3589838097
531 0.3589838097
532 0.3589838097
533 0.3589838097
534 0.3589838097
535 0.3589838097
536 0.3589838097
537 0.3589838097
538 0.3589838097
539 0.3589838097
540 0.3589838097
541 0.3589838097
542 0.3589838097
543 0.3589838097
544 0.3589838097
545 0.3589838097
546 0.3589838097
547 0.3589838097
548 0.3589838097
549 0.3589838097
550 0.3589838097
551 0.3589838097
552 0.3589838097
553 0.3589838097
554 0.3589838097
555 0.3589838097
556 0.3589838097
557 0.3589838097
558 0.3589838097
559 0.3589838097
560 0.3589838097
561 0.3589838097
562 0.3589838097
563 0.3589838097
564 0.3589838097
565 0.3589838097
566 0.3589838097
567 0.3589838097
568 0.3589838097
569 0.3589838097
570 0.3589838097
571 0.3589838097
572 0.3589838097
573 0.3589838097
574 0.3589838097
575 0.3589838097
576 0.3589838097
577 0.3589838097
578 0.3589838097
579 0.3589838097
580 0.3589838097
581 0.3589838097
582 0.3589838097
583 0.3589838097
584 0.3589838097
585 0.3589838097
586 0.3589838097
587 0.3589838097
588 0.3589838097
589 0.3589838097
590 0.3589838097
591 0.3589838097
592 0.3589838097
593 0.3589838097
594 0.3589838097
595 0.3589838097
596 0.3589838097
597 0.3589838097
598 0.3589838097
599 0.3589838097
600 0.3589838097
601 0.3589838097
602 0.3589838097
603 0.3589838097
604 0.3589838097
605 0.3589838097
606 0.3589838097
607 0.3589838097
608 0.3589838097
609 0.3589838097
610 0.3589838097
611 0.3589838097
612 0.3589838097
613 0.3589838097
614 0.3589838097
615 0.3589838097
616 0.3589838097
617 0.3589838097
618 0.3589838097
619 0.3589838097
620 0.3589838097
621 0.3589838097
622 0.3589838097
623 0.3589838097
624 0.3589838097
625 0.3589838097
626 0.3589838097
627 0.3589838097
628 0.3589838097
629 0.3589838097
630 0.3589838097
631 0.3589838097
632 0.3589838097
633 0.3589838097
634 0.3589838097
635 0.3589838097
636 0.3589838097
637 0.3589838097
638 0.3589838097
639 0.3589838097
640 0.3589838097
641 0.3589838097
642 0.3589838097
643 0.3589838097
644 0.3589838097
645 0.3589838097
646 0.3589838097
647 0.3589838097
648 0.3589838097
649 0.3589838097
650 0.3589838097
651 0.3589838097
652 0.3589838097
653 0.3589838097
654 0.3589838097
655 0.3589838097
656 0.3589838097
657 0.3589838097
658 0.3589838097
659 0.3589838097
660 0.3589838097
661 0.3589838097
662 0.3589838097
663 0.3589838097
664 0.3589838097
665 0.3589838097
666 0.3589838097
667 0.3589838097
668 0.3589838097
669 0.3589838097
670 0.3589838097
671 0.3589838097
672 0.3589838097
673 0.3589838097
674 0.3589838097
675 0.3589838097
676 0.3589838097
677 0.3589838097
678 0.3589838097
679 0.3589838097
680 0.3589838097
681 0.3589838097
682 0.3589838097
683 0.3589838097
684 0.3589838097
685 0.3589838097
686 0.3589838097
687 0.3589838097
688 0.3589838097
689 0.3589838097
690 0.3589838097
691 0.3589838097
692 0.3589838097
693 0.3589838097
694 0.3589838097
695 0.3589838097
696 0.3589838097
697 0.3589838097
698 0.3589838097
699 0.3589838097
700 0.3589838097
701 0.3589838097
702 0.3589838097
703 0.3589838097
704 0.3589838097
705 0.3589838097
706 0.3589838097
707 0.3589838097
708 0.3589838097
709 0.3589838097
710 0.3589838097
711 0.3589838097
712 0.3589838097
713 0.3589838097
714 0.3589838097
715 0.3589838097
716 0.3589838097
717 0.3589838097
718 0.3589838097
719 0.3589838097
720 0.3589838097
721 0.3589838097
722 0.3589838097
723 0.3589838097
724 0.3589838097
725 0.3589838097
726 0.3589838097
727 0.3589838097
728 0.3589838097
729 0.3589838097
730 0.3589838097
731 0.3589838097
732 0.3589838097
733 0.3589838097
734 0.3589838097
735 0.3589838097
736 0.3589838097
737 0.3589838097
738 0.3589838097
739 0.3589838097
740 0.3589838097
741 0.3589838097
742 0.3589838097
743 0.3589838097
744 0.3589838097
745 0.3589838097
746 0.3589838097
747 0.3589838097
748 0.3589838097
749 0.3589838097
750 0.3589838097
751 0.3589838097
752 0.3589838097
753 0.3589838097
754 0.3589838097
755 0.3589838097
756 0.3589838097
757 0.3589838097
758 0.3589838097
759 0.3589838097
760 0.3589838097
761 0.3589838097
762 0.3589838097
763 0.3589838097
764 0.3589838097
765 0.3589838097
766 0.3589838097
767 0.3589838097
768 0.3589838097
769 0.3589838097
770 0.3589838097
771 0.3589838097
772 0.3589838097
773 0.3589838097
774 0.3589838097
775 0.3589838097
776 0.3589838097
777 0.3589838097
778 0.3589838097
779 0.3589838097
780 0.3589838097
781 0.3589838097
782 0.3589838097
783 0.3589838097
784 0.3589838097
785 0.3589838097
786 0.3589838097
787 0.3589838097
788 0.3589838097
789 0.3589838097
790 0.3589838097
791 0.3589838097
792 0.3589838097
793 0.3589838097
794 0.3589838097
795 0.3589838097
796 0.3589838097
797 0.3589838097
798 0.3589838097
799 0.3589838097
800 0.3589838097
801 0.3589838097
802 0.3589838097
803 0.3589838097
804 0.3589838097
805 0.3589838097
806 0.3589838097
807 0.3589838097
808 0.3589838097
809 0.3589838097
810 0.3589838097
811 0.3589838097
812 0.3589838097
813 0.3589838097
814 0.3589838097
815 0.3589838097
816 0.3589838097
817 0.3589838097
818 0.3589838097
819 0.3589838097
820 0.3589838097
821 0.3589838097
822 0.3589838097
823 0.3589838097
824 0.3589838097
825 0.3589838097
826 0.3589838097
827 0.3589838097
828 0.3589838097
829 0.3589838097
830 0.3589838097
831 0.3589838097
832 0.3589838097
833 0.3589838097
834 0.3589838097
835 0.3589838097
836 0.3589838097
837 0.3589838097
838 0.3589838097
839 0.3589838097
840 0.3589838097
841 0.3589838097
842 0.3589838097
843 0.3589838097
844 0.3589838097
845 0.3589838097
846 0.3589838097
847 0.3589838097
848 0.3589838097
849 0.3589838097
850 0.3589838097
851 0.3589838097
852 0.3589838097
853 0.3589838097
854 0.3589838097
855 0.3589838097
856 0.3589838097
857 0.3589838098
858 0.3589838098
859 0.3589838098
860 0.3589838098
861 0.3589838098
862 0.3589838098
863 0.3589838098
864 0.3589838098
865 0.3589838099
866 0.3589838099
867 0.35898381
868 0.35898381
869 0.3589838101
870 0.3589838102
871 0.3589838103
872 0.3589838105
873 0.3589838106
874 0.3589838109
875 0.3589838112
876 0.3589838115
877 0.3589838119
878 0.3589838125
879 0.3589838132
880 0.358983814
881 0.3589838151
882 0.3589838163
883 0.3589838179
884 0.3589838199
885 0.3589838223
886 0.3589838252
887 0.3589838289
888 0.3589838334
889 0.3589838388
890 0.3589838456
891 0.3589838538
892 0.3589838639
893 0.3589838762
894 0.3589838912
895 0.3589839095
896 0.3589839318
897 0.3589839589
898 0.3589839919
899 0.3589840319
900 0.3589840804
901 0.3589841392
902 0.3589842104
903 0.3589842964
904 0.3589844003
905 0.3589845257
906 0.3589846767
907 0.3589848586
908 0.3589850773
909 0.3589853401
910 0.3589856554
911 0.3589860335
912 0.3589864863
913 0.3589870279
914 0.3589876752
915 0.358988448
916 0.3589893695
917 0.3589904674
918 0.3589917738
919 0.3589933269
920 0.3589951713
921 0.3589973593
922 0.358999952
923 0.3590030213
924 0.3590066507
925 0.3590109381
926 0.3590159974
927 0.3590219611
928 0.3590289836
929 0.359037244
930 0.3590469503
931 0.3590583435
932 0.3590717027
933 0.3590873503
934 0.3591056591
935 0.3591270588
936 0.3591520447
937 0.3591811867
938 0.3592151403
939 0.3592546575
940 0.3593006013
941 0.3593539598
942 0.3594158637
943 0.3594876051
944 0.3595706585
945 0.3596667053
946 0.3597776594
947 0.3599056979
948 0.3600532934
949 0.3602232511
950 0.36041875
951 0.3606433874
952 0.36090123
953 0.3611968687
954 0.3615354803
955 0.361922895
956 0.3623656704
957 0.3628711736
958 0.3634476705
959 0.3641044236
960 0.3648517998
961 0.365701387
962 0.3666661213
963 0.3677604262
964 0.3690003624
965 0.3704037909
966 0.3719905495
967 0.3737826426
968 0.3758044466
969 0.3780829296
970 0.3806478887
971 0.3835322022
972 0.3867721007
973 0.3904074556
974 0.3944820855
975 0.3990440822
976 0.4041461555
977 0.4098459975
978 0.4162066666
979 0.4232969903
980 0.4311919888
981 0.439973316
982 0.4497297202
983 0.4605575224
984 0.4725611108
985 0.4858534518
986 0.5005566152
987 0.5168023111
988 0.5347324384
989 0.5544996406
990 0.576267868
991 0.6002129413
992 0.6265231156
993 0.6553996386
994 0.6870573012
995 0.7217249741
996 0.7596461267
997 0.8010793225
998 0.8462986856
999 0.8955943321
1000 0.9492727596
1001 1.00765719
1002 1.071087853
1003 1.139922215
1004 1.214535127
1005 1.295318905
1006 1.382683313
1007 1.477055465
1008 1.578879611
1009 1.688616824
1010 1.806744558
1011 1.933756086
1012 2.0701598
1013 2.216478369
1014 2.373247752
1015 2.541016046
1016 2.720342178
1017 2.911794434
1018 3.115948806
1019 3.333387171
1020 3.56469529
1021 3.810460627
1022 4.071269989
1023 4.347706989
