#54832 2910.0057438320054028 0.004569975217427318763 1 1261 16.000049430220818044 1024 7 1 J1713+0747 0.0000000 
0 0.02051788671
1 0.02051786894
2 0.02051785467
3 0.02051784323
4 0.02051783407
5 0.02051782673
6 0.02051782087
7 0.0205178162
8 0.02051781247
9 0.0205178095
10 0.02051780714
11 0.02051780527
12 0.02051780378
13 0.02051780261
14 0.02051780167
15 0.02051780094
16 0.02051780036
17 0.0205177999
18 0.02051779954
19 0.02051779926
20 0.02051779903
21 0.02051779886
22 0.02051779872
23 0.02051779861
24 0.02051779853
25 0.02051779847
26 0.02051779841
27 0.02051779837
28 0.02051779834
29 0.02051779832
30 0.0205177983
31 0.02051779829
32 0.02051779828
33 0.02051779827
34 0.02051779826
35 0.02051779826
36 0.02051779825
37 0.02051779825
38 0.02051779825
39 0.02051779824
40 0.02051779824
41 0.02051779824
42 0.02051779824
43 0.02051779824
44 0.02051779824
45 0.02051779824
46 0.02051779824
47 0.02051779824
48 0.02051779824
49 0.02051779824
50 0.02051779824
51 0.02051779824
52 0.02051779824
53 0.02051779824
54 0.02051779824
55 0.02051779824
56 0.02051779824
57 0.02051779824
58 0.02051779824
59 0.02051779824
60 0.02051779824
61 0.02051779824
62 0.02051779824
63 0.02051779824
64 0.02051779824
65 0.02051779824
66 0.02051779824
67 0.02051779824
68 0.02051779824
69 0.02051779824
70 0.02051779824
71 0.02051779824
72 0.02051779824
73 0.02051779824
74 0.02051779824
75 0.02051779824
76 0.02051779824
77 0.02051779824
78 0.02051779824
79 0.02051779824
80 0.02051779824
81 0.02051779824
82 0.02051779824
83 0.02051779824
84 0.02051779824
85 0.02051779824
86 0.02051779824
87 0.02051779824
88 0.02051779824
89 0.02051779824
90 0.02051779824
91 0.02051779824
92 0.02051779824
93 0.02051779824
94 0.02051779824
95 0.02051779824
96 0.02051779824
97 0.02051779824
98 0.02051779824
99 0.02051779824
100 0.02051779824
101 0.02051779824
102 0.02051779824
103 0.02051779824
104 0.02051779824
105 0.02051779824
106 0.02051779824
107 0.02051779824
108 0.02051779824
109 0.02051779824
110 0.02051779824
111 0.02051779824
112 0.02051779824
113 0.02051779824
114 0.02051779824
115 0.02051779824
116 0.02051779824
117 0.02051779824
118 0.02051779824
119 0.02051779824
120 0.02051779824
121 0.02051779824
122 0.02051779824
123 0.02051779824
124 0.02051779824
125 0.02051779824
126 0.02051779824
127 0.02051779824
128 0.02051779824
129 0.02051779824
130 0.02051779824
131 0.02051779824
132 0.02051779824
133 0.02051779824
134 0.02051779824
135 0.02051779824
136 0.02051779824
137 0.02051779824
138 0.02051779824
139 0.02051779824
140 0.02051779824
141 0.02051779824
142 0.02051779824
143 0.02051779824
144 0.02051779824
145 0.02051779824
146 0.02051779824
147 0.02051779824
148 0.02051779824
149 0.02051779824
150 0.02051779824
151 0.02051779824
152 0.02051779824
153 0.02051779824
154 0.02051779824
155 0.02051779824
156 0.02051779824
157 0.02051779824
158 0.02051779824
159 0.02051779824
160 0.02051779824
161 0.02051779824
162 0.02051779824
163 0.02051779824
164 0.02051779824
165 0.02051779824
166 0.02051779824
167 0.02051779824
168 0.02051779824
169 0.02051779824
170 0.02051779824
171 0.02051779824
172 0.02051779824
173 0.02051779824
174 0.02051779824
175 0.02051779824
176 0.02051779824
177 0.02051779824
178 0.02051779824
179 0.02051779824
180 0.02051779824
181 0.02051779824
182 0.02051779824
183 0.02051779824
184 0.02051779824
185 0.02051779824
186 0.02051779824
187 0.02051779824
188 0.02051779824
189 0.02051779824
190 0.02051779824
191 0.02051779824
192 0.02051779824
193 0.02051779824
194 0.02051779824
195 0.02051779824
196 0.02051779824
197 0.02051779824
198 0.02051779824
199 0.02051779824
200 0.02051779824
201 0.02051779824
202 0.02051779824
203 0.02051779824
204 0.02051779824
205 0.02051779824
206 0.02051779824
207 0.02051779824
208 0.02051779824
209 0.02051779824
210 0.02051779824
211 0.02051779824
212 0.02051779824
213 0.02051779824
214 0.02051779824
215 0.02051779824
216 0.02051779824
217 0.02051779824
218 0.02051779824
219 0.02051779824
220 0.02051779824
221 0.02051779824
222 0.02051779824
223 0.02051779824
224 0.02051779824
225 0.02051779824
226 0.02051779824
227 0.02051779824
228 0.02051779824
229 0.02051779824
230 0.02051779824
231 0.02051779824
232 0.02051779824
233 0.02051779824
234 0.02051779824
235 0.02051779824
236 0.02051779824
237 0.02051779824
238 0.02051779824
239 0.02051779824
240 0.02051779824
241 0.02051779824
242 0.02051779824
243 0.02051779824
244 0.02051779824
245 0.02051779824
246 0.02051779824
247 0.02051779824
248 0.02051779824
249 0.02051779824
250 0.02051779824
251 0.02051779824
252 0.02051779824
253 0.02051779824
254 0.02051779824
255 0.02051779824
256 0.02051779824
257 0.02051779824
258 0.02051779824
259 0.02051779824
260 0.02051779824
261 0.02051779824
262 0.02051779824
263 0.02051779824
264 0.02051779824
265 0.02051779824
266 0.02051779824
267 0.02051779824
268 0.02051779824
269 0.02051779824
270 0.02051779824
271 0.02051779824
272 0.02051779824
273 0.02051779824
274 0.02051779824
275 0.02051779824
276 0.02051779824
277 0.02051779824
278 0.02051779824
279 0.02051779824
280 0.02051779824
281 0.02051779824
282 0.02051779824
283 0.02051779824
284 0.02051779824
285 0.02051779824
286 0.02051779824
287 0.02051779824
288 0.02051779824
289 0.02051779824
290 0.02051779824
291 0.02051779824
292 0.02051779824
293 0.02051779824
294 0.02051779824
295 0.02051779824
296 0.02051779824
297 0.02051779824
298 0.02051779824
299 0.02051779824
300 0.02051779824
301 0.02051779824
302 0.02051779824
303 0.02051779824
304 0.02051779824
305 0.02051779824
306 0.02051779824
307 0.02051779824
308 0.02051779824
309 0.02051779824
310 0.02051779824
311 0.02051779824
312 0.02051779824
313 0.02051779824
314 0.02051779824
315 0.02051779824
316 0.02051779824
317 0.02051779824
318 0.02051779824
319 0.02051779824
320 0.02051779824
321 0.02051779824
322 0.02051779824
323 0.02051779824
324 0.02051779824
325 0.02051779824
326 0.02051779824
327 0.02051779824
328 0.02051779824
329 0.02051779824
330 0.02051779824
331 0.02051779824
332 0.02051779824
333 0.02051779824
334 0.02051779824
335 0.02051779824
336 0.02051779824
337 0.02051779824
338 0.02051779824
339 0.02051779824
340 0.02051779824
341 0.02051779824
342 0.02051779824
343 0.02051779824
344 0.02051779824
345 0.02051779824
346 0.02051779824
347 0.02051779824
348 0.02051779824
349 0.02051779824
350 0.02051779824
351 0.02051779824
352 0.02051779824
353 0.02051779824
354 0.02051779824
355 0.02051779824
356 0.02051779824
357 0.02051779824
358 0.02051779824
359 0.02051779824
360 0.02051779824
361 0.02051779824
362 0.02051779824
363 0.02051779824
364 0.02051779824
365 0.02051779824
366 0.02051779824
367 0.02051779824
368 0.02051779824
369 0.02051779824
370 0.02051779824
371 0.02051779824
372 0.02051779824
373 0.02051779824
374 0.02051779824
375 0.02051779824
376 0.02051779824
377 0.02051779824
378 0.02051779824
379 0.02051779824
380 0.02051779824
381 0.02051779824
382 0.02051779824
383 0.02051779824
384 0.02051779824
385 0.02051779824
386 0.02051779824
387 0.02051779824
388 0.02051779824
389 0.02051779824
390 0.02051779824
391 0.02051779824
392 0.02051779824
393 0.02051779824
394 0.02051779824
395 0.02051779824
396 0.02051779824
397 0.02051779824
398 0.02051779824
399 0.02051779824
400 0.02051779824
401 0.02051779824
402 0.02051779824
403 0.02051779824
404 0.02051779824
405 0.02051779824
406 0.02051779824
407 0.02051779824
408 0.02051779824
409 0.02051779824
410 0.02051779824
411 0.02051779824
412 0.02051779824
413 0.02051779824
414 0.02051779824
415 0.02051779824
416 0.02051779824
417 0.02051779824
418 0.02051779824
419 0.02051779824
420 0.02051779824
421 0.02051779824
422 0.02051779824
423 0.02051779824
424 0.02051779824
425 0.02051779824
426 0.02051779824
427 0.02051779824
428 0.02051779824
429 0.02051779824
430 0.02051779824
431 0.02051779824
432 0.02051779824
433 0.02051779824
434 0.02051779824
435 0.02051779824
436 0.02051779824
437 0.02051779824
438 0.02051779824
439 0.02051779824
440 0.02051779824
441 0.02051779824
442 0.02051779824
443 0.02051779824
444 0.02051779824
445 0.02051779824
446 0.02051779824
447 0.02051779824
448 0.02051779824
449 0.02051779824
450 0.02051779824
451 0.02051779824
452 0.02051779824
453 0.02051779824
454 0.02051779824
455 0.02051779824
456 0.02051779824
457 0.02051779824
458 0.02051779824
459 0.02051779824
460 0.02051779824
461 0.02051779824
462 0.02051779824
463 0.02051779824
464 0.02051779824
465 0.02051779824
466 0.02051779824
467 0.02051779824
468 0.02051779824
469 0.02051779824
470 0.02051779824
471 0.02051779824
472 0.02051779824
473 0.02051779824
474 0.02051779824
475 0.02051779824
476 0.02051779824
477 0.02051779824
478 0.02051779824
479 0.02051779824
480 0.02051779824
481 0.02051779824
482 0.02051779824
483 0.02051779824
484 0.02051779824
485 0.02051779824
486 0.02051779824
487 0.02051779824
488 0.02051779824
489 0.02051779824
490 0.02051779824
491 0.02051779824
492 0.02051779824
493 0.02051779824
494 0.02051779824
495 0.02051779824
496 0.02051779824
497 0.02051779824
498 0.02051779824
499 0.02051779824
500 0.02051779824
501 0.02051779824
502 0.02051779825
503 0.02051779825
504 0.02051779825
505 0.02051779825
506 0.02051779826
507 0.02051779826
508 0.02051779827
509 0.02051779828
510 0.02051779829
511 0.0205177983
512 0.02051779832
513 0.02051779834
514 0.02051779837
515 0.02051779841
516 0.02051779845
517 0.0205177985
518 0.02051779857
519 0.02051779866
520 0.02051779877
521 0.0205177989
522 0.02051779907
523 0.02051779928
524 0.02051779954
525 0.02051779987
526 0.02051780027
527 0.02051780077
528 0.0205178014
529 0.02051780217
530 0.02051780312
531 0.0205178043
532 0.02051780576
533 0.02051780756
534 0.02051780978
535 0.02051781251
536 0.02051781587
537 0.02051782
538 0.02051782507
539 0.02051783129
540 0.0205178389
541 0.02051784822
542 0.02051785961
543 0.02051787352
544 0.02051789049
545 0.02051791117
546 0.02051793634
547 0.02051796694
548 0.02051800413
549 0.02051804925
550 0.02051810394
551 0.02051817018
552 0.0205182503
553 0.02051834711
554 0.02051846399
555 0.02051860492
556 0.02051877469
557 0.02051897898
558 0.02051922455
559 0.02051951943
560 0.02051987316
561 0.02052029703
562 0.02052080441
563 0.02052141112
564 0.02052213584
565 0.02052300061
566 0.02052403141
567 0.02052525882
568 0.0205267188
569 0.02052845359
570 0.02053051273
571 0.0205329543
572 0.02053584627
573 0.0205392681
574 0.02054331259
575 0.02054808799
576 0.02055372044
577 0.02056035671
578 0.02056816745
579 0.02057735077
580 0.02058813643
581 0.02060079061
582 0.02061562126
583 0.0206329843
584 0.02065329057
585 0.02067701379
586 0.02070469949
587 0.02073697519
588 0.02077456187
589 0.0208182869
590 0.02086909862
591 0.02092808273
592 0.02099648073
593 0.02107571053
594 0.02116738965
595 0.02127336105
596 0.02139572204
597 0.02153685652
598 0.02169947087
599 0.02188663382
600 0.02210182075
601 0.02234896275
602 0.02263250099
603 0.0229574467
604 0.02332944738
605 0.02375485975
606 0.02424082991
607 0.02479538142
608 0.02542751173
609 0.02614729779
610 0.02696601132
611 0.02789624462
612 0.02895204734
613 0.03014907526
614 0.03150475154
615 0.03303844133
616 0.03477164042
617 0.03672817874
618 0.03893443937
619 0.04141959376
620 0.04421585401
621 0.04735874265
622 0.05088738071
623 0.0548447945
624 0.05927824171
625 0.06423955713
626 0.06978551837
627 0.07597823169
628 0.08288553816
629 0.09058143984
630 0.09914654603
631 0.1086685388
632 0.1192426578
633 0.1309722023
634 0.1439690512
635 0.1583541979
636 0.1742582993
637 0.1918222372
638 0.2111976891
639 0.2325477066
640 0.256047298
641 0.2818840123
642 0.3102585199
643 0.3413851879
644 0.3754926431
645 0.4128243203
646 0.4536389883
647 0.4982112505
648 0.5468320117
649 0.5998089062
650 0.6574666795
651 0.7201475179
652 0.7882113164
653 0.8620358788
654 0.9420170417
655 1.028568714
656 1.122122821
657 1.223129156
658 1.332055105
659 1.449385273
660 1.575620969
661 1.711279563
662 1.856893698
663 2.013010347
664 2.180189725
665 2.359004024
666 2.55003598
667 2.753877275
668 2.971126744
669 3.202388415
670 3.448269347
671 3.709377302
672 3.986318211
673 4.279693475
674 4.59009707
675 4.918112486
676 5.264309492
677 5.629240743
678 6.013438235
679 6.417409619
680 6.841634392
681 7.286559977
682 7.75259771
683 8.240118759
684 8.749449981
685 9.280869762
686 9.834603843
687 10.41082117
688 11.00962982
689 11.63107292
690 12.27512481
691 12.94168722
692 13.6305857
693 14.3415662
694 15.07429192
695 15.82834044
696 16.60320109
697 17.39827275
698 18.21286192
699 19.04618126
700 19.89734848
701 20.7653858
702 21.64921973
703 22.54768153
704 23.45950798
705 24.38334291
706 25.31773914
707 26.26116098
708 27.21198744
709 28.16851581
710 29.12896603
711 30.09148546
712 31.05415431
713 32.01499163
714 32.97196174
715 33.92298127
716 34.86592666
717 35.79864214
718 36.71894806
719 37.62464972
720 38.51354646
721 39.38344113
722 40.23214975
723 41.05751145
724 41.85739851
725 42.62972653
726 43.37246464
727 44.08364571
728 44.76137652
729 45.40384771
730 46.00934366
731 46.57625207
732 47.10307324
733 47.58842901
734 48.03107128
735 48.4298901
736 48.78392124
737 49.09235317
738 49.35453348
739 49.56997469
740 49.73835934
741 49.85954439
742 49.9335649
743 49.96063701
744 49.94116003
745 49.87571786
746 49.7650796
747 49.61019927
748 49.4122149
749 49.17244666
750 48.8923943
751 48.57373381
752 48.21831327
753 47.82814802
754 47.40541507
755 46.95244682
756 46.4717241
757 45.96586861
758 45.43763469
759 44.88990056
760 44.32565895
761 43.74800726
762 43.16013723
763 42.56532414
764 41.96691561
765 41.36832003
766 40.77299457
767 40.18443301
768 39.60615314
769 39.041684
770 38.4945529
771 37.96827219
772 37.46632599
773 36.99215667
774 36.54915136
775 36.14062832
776 35.76982333
777 35.43987612
778 35.15381679
779 34.91455236
780 34.72485346
781 34.58734114
782 34.50447394
783 34.47853522
784 34.51162078
785 34.60562681
786 34.76223835
787 34.98291812
788 35.26889593
789 35.62115871
790 36.0404411
791 36.52721689
792 37.08169116
793 37.70379328
794 38.39317093
795 39.14918498
796 39.97090559
797 40.8571093
798 41.80627739
799 42.81659553
800 43.88595471
801 45.01195348
802 46.19190176
803 47.42282596
804 48.70147567
805 50.02433188
806 51.38761664
807 52.78730436
808 54.2191346
809 55.67862634
810 57.16109378
811 58.66166356
812 60.17529338
813 61.6967919
814 63.22083996
815 64.74201284
816 66.25480366
817 67.75364764
818 69.23294719
819 70.68709761
820 72.1105134
821 73.49765478
822 74.8430545
823 76.14134463
824 77.38728318
825 78.57578039
826 79.70192449
827 80.76100679
828 81.74854582
829 82.66031048
830 83.49234197
831 84.24097423
832 84.902853
833 85.47495302
834 85.95459353
835 86.33945182
836 86.62757467
837 86.81738771
838 86.90770258
839 86.89772182
840 86.78704142
841 86.57565116
842 86.26393253
843 85.85265439
844 85.34296644
845 84.73639037
846 84.03480898
847 83.24045324
848 82.3558874
849 81.38399233
850 80.32794713
851 79.19120933
852 77.97749361
853 76.6907494
854 75.33513744
855 73.91500551
856 72.4348635
857 70.89935803
858 69.31324681
859 67.68137288
860 66.00863898
861 64.29998217
862 62.56034892
863 60.79467082
864 59.00784101
865 57.20469159
866 55.38997205
867 53.56832884
868 51.74428626
869 49.92222869
870 48.10638429
871 46.3008102
872 44.50937932
873 42.73576866
874 40.98344933
875 39.25567818
876 37.555491
877 35.88569739
878 34.24887716
879 32.64737825
880 31.08331615
881 29.55857469
882 28.07480819
883 26.63344488
884 25.23569145
885 23.88253869
886 22.57476812
887 21.3129595
888 20.09749913
889 18.92858879
890 17.80625533
891 16.73036066
892 15.70061215
893 14.71657336
894 13.77767488
895 12.88322532
896 12.03242235
897 11.22436357
898 10.45805738
899 9.732433553
900 9.046353618
901 8.398620867
902 7.787990035
903 7.213176573
904 6.672865464
905 6.165719587
906 5.690387573
907 5.245511157
908 4.829732004
909 4.441698006
910 4.080069044
911 3.743522219
912 3.430756563
913 3.140497228
914 2.871499187
915 2.622550436
916 2.392474746
917 2.180133954
918 1.984429853
919 1.804305664
920 1.638747153
921 1.486783394
922 1.347487212
923 1.219975338
924 1.103408294
925 0.9969900407
926 0.8999674045
927 0.8116293224
928 0.7313059148
929 0.6583674174
930 0.5922229915
931 0.5323194321
932 0.4781397958
933 0.4292019631
934 0.385057154
935 0.3452884119
936 0.3095090677
937 0.2773611994
938 0.2485140955
939 0.222662735
940 0.1995262901
941 0.1788466607
942 0.1603870466
943 0.1439305631
944 0.129278904
945 0.1162510561
946 0.1046820668
947 0.09442186887
948 0.08533416114
949 0.07729534792
950 0.07019353596
951 0.06392758933
952 0.0584062411
953 0.05354726095
954 0.04927667712
955 0.04552805125
956 0.04224180401
957 0.03936458966
958 0.03684871742
959 0.03465161724
960 0.03273534787
961 0.03106614477
962 0.02961400568
963 0.02835231139
964 0.02725747957
965 0.02630864938
966 0.02548739476
967 0.02477746426
968 0.02416454545
969 0.02363605203
970 0.02318093182
971 0.02278949381
972 0.0224532529
973 0.02216479052
974 0.02191762991
975 0.02170612467
976 0.02152535933
977 0.02137106084
978 0.02123951988
979 0.02112752103
980 0.02103228099
981 0.02095139388
982 0.02088278296
983 0.02082465814
984 0.02077547859
985 0.02073391982
986 0.02069884497
987 0.0206692795
988 0.02064438923
989 0.02062346111
990 0.02060588644
991 0.02059114631
992 0.02057879902
993 0.02056846904
994 0.02055983757
995 0.02055263434
996 0.02054663052
997 0.02054163263
998 0.02053747732
999 0.02053402685
1000 0.02053116523
1001 0.02052879492
1002 0.02052683401
1003 0.02052521381
1004 0.02052387678
1005 0.02052277481
1006 0.02052186769
1007 0.02052112191
1008 0.02052050953
1009 0.02052000731
1010 0.02051959594
1011 0.02051925942
1012 0.02051898445
1013 0.02051876007
1014 0.02051857719
1015 0.02051842832
1016 0.02051830729
1017 0.02051820901
1018 0.02051812931
1019 0.02051806474
1020 0.02051801251
1021 0.02051797031
1022 0.02051793626
1023 0.02051790881
