#54964 2910.003629189565922 0.0045699766019620087845 1 1445 16.000049430220818044 1024 7 1 J1713+0747 0.0000000 
0 1.267020826
1 1.352169827
2 1.444020496
3 1.542985356
4 1.649491389
5 1.763979504
6 1.886903897
7 2.01873127
8 2.159939927
9 2.311018725
10 2.472465881
11 2.644787632
12 2.828496737
13 3.024110827
14 3.232150593
15 3.453137819
16 3.687593254
17 3.936034319
18 4.198972671
19 4.476911602
20 4.770343305
21 5.079745982
22 5.405580841
23 5.748288951
24 6.108288005
25 6.485968968
26 6.881692657
27 7.295786241
28 7.728539707
29 8.180202278
30 8.650978841
31 9.141026373
32 9.650450416
33 10.1793016
34 10.72757227
35 11.29519321
36 11.88203052
37 12.48788264
38 13.11247762
39 13.75547056
40 14.41644131
41 15.09489251
42 15.79024783
43 16.50185069
44 17.22896316
45 17.97076543
46 18.72635553
47 19.49474957
48 20.27488238
49 21.06560862
50 21.86570438
51 22.67386924
52 23.48872882
53 24.30883782
54 25.13268362
55 25.95869023
56 26.7852229
57 27.61059309
58 28.43306392
59 29.25085609
60 30.06215424
61 30.86511368
62 31.65786748
63 32.43853396
64 33.20522445
65 33.95605132
66 34.68913625
67 35.40261872
68 36.0946646
69 36.76347485
70 37.40729431
71 38.02442045
72 38.61321211
73 39.1720981
74 39.6995857
75 40.19426894
76 40.65483663
77 41.08008014
78 41.46890078
79 41.82031682
80 42.13347014
81 42.40763229
82 42.64221019
83 42.83675119
84 42.99094761
85 43.10464065
86 43.17782372
87 43.21064511
88 43.20341001
89 43.15658184
90 43.07078291
91 42.94679445
92 42.78555586
93 42.58816335
94 42.3558679
95 42.09007251
96 41.79232882
97 41.46433309
98 41.1079216
99 40.72506533
100 40.31786417
101 39.88854053
102 39.43943244
103 38.97298608
104 38.4917479
105 37.99835627
106 37.49553268
107 36.98607259
108 36.47283589
109 35.95873702
110 35.44673477
111 34.93982189
112 34.44101432
113 33.95334031
114 33.47982927
115 33.02350051
116 32.58735182
117 32.17434793
118 31.7874089
119 31.42939847
120 31.10311237
121 30.81126663
122 30.55648594
123 30.3412921
124 30.1680925
125 30.03916883
126 29.9566659
127 29.9225807
128 29.93875169
129 30.00684845
130 30.12836159
131 30.30459314
132 30.5366473
133 30.82542174
134 31.17159944
135 31.57564115
136 32.03777846
137 32.55800767
138 33.13608438
139 33.77151896
140 34.46357292
141 35.21125622
142 36.01332559
143 36.86828397
144 37.774381
145 38.72961474
146 39.73173459
147 40.77824536
148 41.86641278
149 42.99327017
150 44.15562648
151 45.35007563
152 46.57300719
153 47.82061836
154 49.08892717
155 50.37378703
156 51.67090238
157 52.97584556
158 54.28407475
159 55.59095286
160 56.89176742
161 58.18175121
162 59.45610366
163 60.71001281
164 61.93867774
165 63.13733133
166 64.30126327
167 65.425843
168 66.50654266
169 67.53895973
170 68.51883927
171 69.4420956
172 70.30483322
173 71.10336695
174 71.83424095
175 72.49424665
176 73.08043934
177 73.59015338
178 74.02101585
179 74.37095857
180 74.63822839
181 74.82139562
182 74.91936069
183 74.93135872
184 74.85696231
185 74.69608218
186 74.44896594
187 74.11619481
188 73.69867845
189 73.19764783
190 72.61464631
191 71.95151895
192 71.21040009
193 70.39369943
194 69.50408658
195 68.54447432
196 67.51800065
197 66.42800975
198 65.27803206
199 64.07176362
200 62.81304479
201 61.5058385
202 60.15420833
203 58.76229637
204 57.33430118
205 55.87445596
206 54.38700704
207 52.87619288
208 51.34622371
209 49.80126188
210 48.24540316
211 46.68265895
212 45.1169396
213 43.55203885
214 41.99161959
215 40.43920075
216 38.89814573
217 37.371652
218 35.86274218
219 34.37425658
220 32.90884697
221 31.46897189
222 30.05689323
223 28.67467413
224 27.32417819
225 26.00706988
226 24.72481611
227 23.47868888
228 22.26976901
229 21.09895074
230 19.96694724
231 18.87429688
232 17.82137016
233 16.80837736
234 15.83537654
235 14.90228209
236 14.00887362
237 13.15480504
238 12.33961388
239 11.56273073
240 10.82348866
241 10.12113261
242 9.454828767
243 8.823673659
244 8.226703123
245 7.662900985
246 7.131207439
247 6.630527088
248 6.159736615
249 5.71769205
250 5.303235625
251 4.91520219
252 4.552425178
253 4.21374212
254 3.897999703
255 3.604058367
256 3.330796453
257 3.077113912
258 2.841935572
259 2.624213993
260 2.422931919
261 2.237104336
262 2.065780176
263 1.908043664
264 1.763015347
265 1.62985282
266 1.507751168
267 1.39594316
268 1.293699198
269 1.200327067
270 1.11517148
271 1.037613471
272 0.9670696285
273 0.9029912069
274 0.8448631289
275 0.7922028958
276 0.7445594237
277 0.7015118222
278 0.6626681281
279 0.6276640095
280 0.5961614499
281 0.5678474262
282 0.542432588
283 0.5196499485
284 0.4992535937
285 0.4810174177
286 0.4647338886
287 0.4502128508
288 0.4372803672
289 0.4257776048
290 0.415559766
291 0.4064950677
292 0.3984637688
293 0.391357248
294 0.3850771305
295 0.3795344654
296 0.3746489512
297 0.3703482098
298 0.366567108
299 0.3632471241
300 0.3603357583
301 0.3577859868
302 0.355555755
303 0.3536075101
304 0.3519077705
305 0.3504267297
306 0.3491378928
307 0.3480177441
308 0.3470454433
309 0.3462025487
310 0.3454727651
311 0.3448417155
312 0.3442967339
313 0.3438266778
314 0.3434217597
315 0.3430733942
316 0.3427740619
317 0.3425171862
318 0.3422970234
319 0.3421085647
320 0.3419474479
321 0.3418098797
322 0.3416925663
323 0.3415926514
324 0.3415076616
325 0.3414354584
326 0.341374195
327 0.3413222793
328 0.3412783401
329 0.3412411986
330 0.3412098424
331 0.3411834036
332 0.341161139
333 0.3411424129
334 0.3411266828
335 0.3411134857
336 0.3411024277
337 0.3410931737
338 0.3410854389
339 0.341078982
340 0.3410735987
341 0.3410691161
342 0.341065388
343 0.3410622914
344 0.3410597225
345 0.341057594
346 0.3410558326
347 0.3410543768
348 0.3410531751
349 0.3410521844
350 0.3410513686
351 0.3410506977
352 0.3410501467
353 0.3410496946
354 0.3410493242
355 0.3410490211
356 0.3410487734
357 0.3410485712
358 0.3410484064
359 0.3410482721
360 0.341048163
361 0.3410480743
362 0.3410480023
363 0.3410479441
364 0.3410478969
365 0.3410478588
366 0.341047828
367 0.3410478032
368 0.3410477832
369 0.3410477671
370 0.3410477542
371 0.3410477439
372 0.3410477356
373 0.3410477289
374 0.3410477236
375 0.3410477194
376 0.341047716
377 0.3410477133
378 0.3410477112
379 0.3410477095
380 0.3410477081
381 0.3410477071
382 0.3410477062
383 0.3410477056
384 0.341047705
385 0.3410477046
386 0.3410477043
387 0.341047704
388 0.3410477038
389 0.3410477037
390 0.3410477036
391 0.3410477035
392 0.3410477034
393 0.3410477033
394 0.3410477033
395 0.3410477032
396 0.3410477032
397 0.3410477032
398 0.3410477032
399 0.3410477032
400 0.3410477031
401 0.3410477031
402 0.3410477031
403 0.3410477031
404 0.3410477031
405 0.3410477031
406 0.3410477031
407 0.3410477031
408 0.3410477031
409 0.3410477031
410 0.3410477031
411 0.3410477031
412 0.3410477031
413 0.3410477031
414 0.3410477031
415 0.3410477031
416 0.3410477031
417 0.3410477031
418 0.3410477031
419 0.3410477031
420 0.3410477031
421 0.3410477031
422 0.3410477031
423 0.3410477031
424 0.3410477031
425 0.3410477031
426 0.3410477031
427 0.3410477031
428 0.3410477031
429 0.3410477031
430 0.3410477031
431 0.3410477031
432 0.3410477031
433 0.3410477031
434 0.3410477031
435 0.3410477031
436 0.3410477031
437 0.3410477031
438 0.3410477031
439 0.3410477031
440 0.3410477031
441 0.3410477031
442 0.3410477031
443 0.3410477031
444 0.3410477031
445 0.3410477031
446 0.3410477031
447 0.3410477031
448 0.3410477031
449 0.3410477031
450 0.3410477031
451 0.3410477031
452 0.3410477031
453 0.3410477031
454 0.3410477031
455 0.3410477031
456 0.3410477031
457 0.3410477031
458 0.3410477031
459 0.3410477031
460 0.3410477031
461 0.3410477031
462 0.3410477031
463 0.3410477031
464 0.3410477031
465 0.3410477031
466 0.3410477031
467 0.3410477031
468 0.3410477031
469 0.3410477031
470 0.3410477031
471 0.3410477031
472 0.3410477031
473 0.3410477031
474 0.3410477031
475 0.3410477031
476 0.3410477031
477 0.3410477031
478 0.3410477031
479 0.3410477031
480 0.3410477031
481 0.3410477031
482 0.3410477031
483 0.3410477031
484 0.3410477031
485 0.3410477031
486 0.3410477031
487 0.3410477031
488 0.3410477031
489 0.3410477031
490 0.3410477031
491 0.3410477031
492 0.3410477031
493 0.3410477031
494 0.3410477031
495 0.3410477031
496 0.3410477031
497 0.3410477031
498 0.3410477031
499 0.3410477031
500 0.3410477031
501 0.3410477031
502 0.3410477031
503 0.3410477031
504 0.3410477031
505 0.3410477031
506 0.3410477031
507 0.3410477031
508 0.3410477031
509 0.3410477031
510 0.3410477031
511 0.3410477031
512 0.3410477031
513 0.3410477031
514 0.3410477031
515 0.3410477031
516 0.3410477031
517 0.3410477031
518 0.3410477031
519 0.3410477031
520 0.3410477031
521 0.3410477031
522 0.3410477031
523 0.3410477031
524 0.3410477031
525 0.3410477031
526 0.3410477031
527 0.3410477031
528 0.3410477031
529 0.3410477031
530 0.3410477031
531 0.3410477031
532 0.3410477031
533 0.3410477031
534 0.3410477031
535 0.3410477031
536 0.3410477031
537 0.3410477031
538 0.3410477031
539 0.3410477031
540 0.3410477031
541 0.3410477031
542 0.3410477031
543 0.3410477031
544 0.3410477031
545 0.3410477031
546 0.3410477031
547 0.3410477031
548 0.3410477031
549 0.3410477031
550 0.3410477031
551 0.3410477031
552 0.3410477031
553 0.3410477031
554 0.3410477031
555 0.3410477031
556 0.3410477031
557 0.3410477031
558 0.3410477031
559 0.3410477031
560 0.3410477031
561 0.3410477031
562 0.3410477031
563 0.3410477031
564 0.3410477031
565 0.3410477031
566 0.3410477031
567 0.3410477031
568 0.3410477031
569 0.3410477031
570 0.3410477031
571 0.3410477031
572 0.3410477031
573 0.3410477031
574 0.3410477031
575 0.3410477031
576 0.3410477031
577 0.3410477031
578 0.3410477031
579 0.3410477031
580 0.3410477031
581 0.3410477031
582 0.3410477031
583 0.3410477031
584 0.3410477031
585 0.3410477031
586 0.3410477031
587 0.3410477031
588 0.3410477031
589 0.3410477031
590 0.3410477031
591 0.3410477031
592 0.3410477031
593 0.3410477031
594 0.3410477031
595 0.3410477031
596 0.3410477031
597 0.3410477031
598 0.3410477031
599 0.3410477031
600 0.3410477031
601 0.3410477031
602 0.3410477031
603 0.3410477031
604 0.3410477031
605 0.3410477031
606 0.3410477031
607 0.3410477031
608 0.3410477031
609 0.3410477031
610 0.3410477031
611 0.3410477031
612 0.3410477031
613 0.3410477031
614 0.3410477031
615 0.3410477031
616 0.3410477031
617 0.3410477031
618 0.3410477031
619 0.3410477031
620 0.3410477031
621 0.3410477031
622 0.3410477031
623 0.3410477031
624 0.3410477031
625 0.3410477031
626 0.3410477031
627 0.3410477031
628 0.3410477031
629 0.3410477031
630 0.3410477031
631 0.3410477031
632 0.3410477031
633 0.3410477031
634 0.3410477031
635 0.3410477031
636 0.3410477031
637 0.3410477031
638 0.3410477031
639 0.3410477031
640 0.3410477031
641 0.3410477031
642 0.3410477031
643 0.3410477031
644 0.3410477031
645 0.3410477031
646 0.3410477031
647 0.3410477031
648 0.3410477031
649 0.3410477031
650 0.3410477031
651 0.3410477031
652 0.3410477031
653 0.3410477031
654 0.3410477031
655 0.3410477031
656 0.3410477031
657 0.3410477031
658 0.3410477031
659 0.3410477031
660 0.3410477031
661 0.3410477031
662 0.3410477031
663 0.3410477031
664 0.3410477031
665 0.3410477031
666 0.3410477031
667 0.3410477031
668 0.3410477031
669 0.3410477031
670 0.3410477031
671 0.3410477031
672 0.3410477031
673 0.3410477031
674 0.3410477031
675 0.3410477031
676 0.3410477031
677 0.3410477031
678 0.3410477031
679 0.3410477031
680 0.3410477031
681 0.3410477031
682 0.3410477031
683 0.3410477031
684 0.3410477031
685 0.3410477031
686 0.3410477031
687 0.3410477031
688 0.3410477031
689 0.3410477031
690 0.3410477031
691 0.3410477031
692 0.3410477031
693 0.3410477031
694 0.3410477031
695 0.3410477031
696 0.3410477031
697 0.3410477031
698 0.3410477031
699 0.3410477031
700 0.3410477031
701 0.3410477031
702 0.3410477031
703 0.3410477031
704 0.3410477031
705 0.3410477031
706 0.3410477031
707 0.3410477031
708 0.3410477031
709 0.3410477031
710 0.3410477031
711 0.3410477031
712 0.3410477031
713 0.3410477031
714 0.3410477031
715 0.3410477031
716 0.3410477031
717 0.3410477031
718 0.3410477031
719 0.3410477031
720 0.3410477031
721 0.3410477031
722 0.3410477031
723 0.3410477031
724 0.3410477031
725 0.3410477031
726 0.3410477031
727 0.3410477031
728 0.3410477031
729 0.3410477031
730 0.3410477031
731 0.3410477031
732 0.3410477031
733 0.3410477031
734 0.3410477031
735 0.3410477031
736 0.3410477031
737 0.3410477031
738 0.3410477031
739 0.3410477031
740 0.3410477031
741 0.3410477031
742 0.3410477031
743 0.3410477031
744 0.3410477031
745 0.3410477031
746 0.3410477031
747 0.3410477031
748 0.3410477031
749 0.3410477031
750 0.3410477031
751 0.3410477031
752 0.3410477031
753 0.3410477031
754 0.3410477031
755 0.3410477031
756 0.3410477031
757 0.3410477031
758 0.3410477031
759 0.3410477031
760 0.3410477031
761 0.3410477031
762 0.3410477031
763 0.3410477031
764 0.3410477031
765 0.3410477031
766 0.3410477031
767 0.3410477031
768 0.3410477031
769 0.3410477031
770 0.3410477031
771 0.3410477031
772 0.3410477031
773 0.3410477031
774 0.3410477031
775 0.3410477031
776 0.3410477031
777 0.3410477031
778 0.3410477031
779 0.3410477031
780 0.3410477031
781 0.3410477031
782 0.3410477031
783 0.3410477031
784 0.3410477031
785 0.3410477031
786 0.3410477031
787 0.3410477031
788 0.3410477031
789 0.3410477031
790 0.3410477031
791 0.3410477031
792 0.3410477031
793 0.3410477031
794 0.3410477031
795 0.3410477031
796 0.3410477031
797 0.3410477031
798 0.3410477031
799 0.3410477031
800 0.3410477031
801 0.3410477031
802 0.3410477031
803 0.3410477031
804 0.3410477031
805 0.3410477031
806 0.3410477031
807 0.3410477031
808 0.3410477031
809 0.3410477031
810 0.3410477031
811 0.3410477031
812 0.3410477031
813 0.3410477031
814 0.3410477031
815 0.3410477031
816 0.3410477031
817 0.3410477031
818 0.3410477031
819 0.3410477031
820 0.3410477031
821 0.3410477031
822 0.3410477031
823 0.3410477031
824 0.3410477031
825 0.3410477031
826 0.3410477031
827 0.3410477031
828 0.3410477031
829 0.3410477031
830 0.3410477031
831 0.3410477031
832 0.3410477031
833 0.3410477031
834 0.3410477031
835 0.3410477031
836 0.3410477031
837 0.3410477031
838 0.3410477031
839 0.3410477031
840 0.3410477031
841 0.3410477031
842 0.3410477031
843 0.3410477031
844 0.3410477031
845 0.3410477031
846 0.3410477031
847 0.3410477031
848 0.3410477031
849 0.3410477031
850 0.3410477031
851 0.3410477031
852 0.3410477031
853 0.3410477031
854 0.3410477031
855 0.3410477031
856 0.3410477031
857 0.3410477031
858 0.3410477031
859 0.3410477031
860 0.3410477031
861 0.3410477031
862 0.3410477031
863 0.3410477031
864 0.3410477031
865 0.3410477031
866 0.3410477031
867 0.3410477031
868 0.3410477031
869 0.3410477031
870 0.3410477031
871 0.3410477031
872 0.3410477031
873 0.3410477031
874 0.3410477031
875 0.3410477031
876 0.3410477031
877 0.3410477031
878 0.3410477032
879 0.3410477032
880 0.3410477032
881 0.3410477032
882 0.3410477032
883 0.3410477032
884 0.3410477033
885 0.3410477033
886 0.3410477034
887 0.3410477035
888 0.3410477035
889 0.3410477037
890 0.3410477038
891 0.341047704
892 0.3410477042
893 0.3410477044
894 0.3410477048
895 0.3410477052
896 0.3410477057
897 0.3410477063
898 0.3410477071
899 0.3410477081
900 0.3410477092
901 0.3410477107
902 0.3410477125
903 0.3410477148
904 0.3410477175
905 0.3410477209
906 0.341047725
907 0.3410477301
908 0.3410477363
909 0.341047744
910 0.3410477533
911 0.3410477647
912 0.3410477786
913 0.3410477955
914 0.3410478161
915 0.3410478412
916 0.3410478717
917 0.3410479087
918 0.3410479535
919 0.3410480079
920 0.3410480736
921 0.341048153
922 0.341048249
923 0.3410483647
924 0.3410485041
925 0.3410486719
926 0.3410488737
927 0.3410491161
928 0.3410494069
929 0.3410497554
930 0.3410501728
931 0.3410506719
932 0.3410512683
933 0.3410519801
934 0.3410528288
935 0.3410538397
936 0.3410550423
937 0.3410564717
938 0.3410581688
939 0.3410601816
940 0.3410625663
941 0.3410653886
942 0.3410687253
943 0.341072666
944 0.3410773151
945 0.3410827942
946 0.3410892446
947 0.3410968304
948 0.3411057421
949 0.3411162003
950 0.3411284603
951 0.3411428175
952 0.3411596126
953 0.3411792387
954 0.3412021489
955 0.341228864
956 0.341259983
957 0.3412961934
958 0.3413382831
959 0.3413871548
960 0.3414438409
961 0.3415095208
962 0.3415855402
963 0.3416734329
964 0.3417749451
965 0.3418920618
966 0.3420270375
967 0.3421824289
968 0.3423611328
969 0.3425664265
970 0.3428020137
971 0.3430720748
972 0.3433813222
973 0.3437350618
974 0.34413926
975 0.3446006181
976 0.3451266528
977 0.345725785
978 0.3464074373
979 0.3471821391
980 0.348061642
981 0.349059045
982 0.3501889304
983 0.3514675109
984 0.3529127881
985 0.3545447252
986 0.3563854305
987 0.3584593568
988 0.3607935144
989 0.3634176987
990 0.3663647336
991 0.3696707318
992 0.3733753698
993 0.3775221812
994 0.3821588665
995 0.3873376198
996 0.393115474
997 0.399554662
998 0.4067229958
999 0.4146942624
1000 0.4235486361
1001 0.433373106
1002 0.4442619186
1003 0.4563170344
1004 0.4696485961
1005 0.4843754085
1006 0.5006254266
1007 0.5185362505
1008 0.5382556258
1009 0.5599419437
1010 0.5837647416
1011 0.6099051976
1012 0.6385566175
1013 0.6699249077
1014 0.7042290333
1015 0.741701452
1016 0.7825885233
1017 0.8271508836
1018 0.8756637849
1019 0.9284173881
1020 0.9857170065
1021 1.047883292
1022 1.115252359
1023 1.188175832
