#54854 2910.0042773264770608 0.004569853415717637854 1 1333 16.000049430220818044 1024 7 1 J1713+0747 0.0000000 
0 0.3023617166
1 0.3023617166
2 0.3023617166
3 0.3023617166
4 0.3023617166
5 0.3023617166
6 0.3023617166
7 0.3023617166
8 0.3023617166
9 0.3023617166
10 0.3023617166
11 0.3023617166
12 0.3023617166
13 0.3023617166
14 0.3023617166
15 0.3023617166
16 0.3023617166
17 0.3023617166
18 0.3023617166
19 0.3023617166
20 0.3023617166
21 0.3023617166
22 0.3023617166
23 0.3023617166
24 0.3023617166
25 0.3023617166
26 0.3023617166
27 0.3023617166
28 0.3023617166
29 0.3023617166
30 0.3023617166
31 0.3023617166
32 0.3023617166
33 0.3023617166
34 0.3023617166
35 0.3023617166
36 0.3023617166
37 0.3023617166
38 0.3023617166
39 0.3023617166
40 0.3023617166
41 0.3023617166
42 0.3023617166
43 0.3023617166
44 0.3023617166
45 0.3023617166
46 0.3023617166
47 0.3023617166
48 0.3023617166
49 0.3023617166
50 0.3023617166
51 0.3023617166
52 0.3023617166
53 0.3023617166
54 0.3023617166
55 0.3023617166
56 0.3023617166
57 0.3023617166
58 0.3023617166
59 0.3023617166
60 0.3023617166
61 0.3023617166
62 0.3023617166
63 0.3023617166
64 0.3023617166
65 0.3023617166
66 0.3023617166
67 0.3023617166
68 0.3023617166
69 0.3023617166
70 0.3023617166
71 0.3023617166
72 0.3023617166
73 0.3023617166
74 0.3023617166
75 0.3023617166
76 0.3023617166
77 0.3023617166
78 0.3023617166
79 0.3023617166
80 0.3023617166
81 0.3023617166
82 0.3023617166
83 0.3023617166
84 0.3023617166
85 0.3023617166
86 0.3023617166
87 0.3023617166
88 0.3023617166
89 0.3023617166
90 0.3023617166
91 0.3023617166
92 0.3023617166
93 0.3023617166
94 0.3023617166
95 0.3023617166
96 0.3023617166
97 0.3023617166
98 0.3023617166
99 0.3023617166
100 0.3023617166
101 0.3023617166
102 0.3023617166
103 0.3023617166
104 0.3023617166
105 0.3023617166
106 0.3023617166
107 0.3023617166
108 0.3023617166
109 0.3023617166
110 0.3023617166
111 0.3023617166
112 0.3023617166
113 0.3023617166
114 0.3023617166
115 0.3023617166
116 0.3023617166
117 0.3023617166
118 0.3023617166
119 0.3023617166
120 0.3023617166
121 0.3023617166
122 0.3023617166
123 0.3023617166
124 0.3023617166
125 0.3023617166
126 0.3023617166
127 0.3023617166
128 0.3023617166
129 0.3023617166
130 0.3023617166
131 0.3023617166
132 0.3023617166
133 0.3023617166
134 0.3023617166
135 0.3023617166
136 0.3023617166
137 0.3023617166
138 0.3023617166
139 0.3023617166
140 0.3023617166
141 0.3023617166
142 0.3023617166
143 0.3023617166
144 0.3023617166
145 0.3023617166
146 0.3023617166
147 0.3023617166
148 0.3023617166
149 0.3023617166
150 0.3023617166
151 0.3023617166
152 0.3023617166
153 0.3023617166
154 0.3023617166
155 0.3023617166
156 0.3023617166
157 0.3023617166
158 0.3023617166
159 0.3023617166
160 0.3023617166
161 0.3023617166
162 0.3023617166
163 0.3023617166
164 0.3023617166
165 0.3023617166
166 0.3023617166
167 0.3023617166
168 0.3023617166
169 0.3023617166
170 0.3023617166
171 0.3023617166
172 0.3023617166
173 0.3023617166
174 0.3023617166
175 0.3023617166
176 0.3023617166
177 0.3023617166
178 0.3023617166
179 0.3023617166
180 0.3023617166
181 0.3023617166
182 0.3023617166
183 0.3023617166
184 0.3023617166
185 0.3023617166
186 0.3023617166
187 0.3023617166
188 0.3023617166
189 0.3023617166
190 0.3023617166
191 0.3023617166
192 0.3023617166
193 0.3023617166
194 0.3023617166
195 0.3023617166
196 0.3023617166
197 0.3023617166
198 0.3023617166
199 0.3023617166
200 0.3023617166
201 0.3023617166
202 0.3023617166
203 0.3023617166
204 0.3023617166
205 0.3023617166
206 0.3023617166
207 0.3023617166
208 0.3023617166
209 0.3023617166
210 0.3023617166
211 0.3023617166
212 0.3023617166
213 0.3023617166
214 0.3023617166
215 0.3023617166
216 0.3023617166
217 0.3023617166
218 0.3023617166
219 0.3023617166
220 0.3023617166
221 0.3023617166
222 0.3023617166
223 0.3023617166
224 0.3023617166
225 0.3023617166
226 0.3023617166
227 0.3023617166
228 0.3023617166
229 0.3023617166
230 0.3023617166
231 0.3023617166
232 0.3023617166
233 0.3023617166
234 0.3023617166
235 0.3023617166
236 0.3023617166
237 0.3023617166
238 0.3023617166
239 0.3023617166
240 0.3023617166
241 0.3023617166
242 0.3023617166
243 0.3023617166
244 0.3023617166
245 0.3023617166
246 0.3023617166
247 0.3023617166
248 0.3023617166
249 0.3023617166
250 0.3023617166
251 0.3023617166
252 0.3023617166
253 0.3023617166
254 0.3023617166
255 0.3023617166
256 0.3023617166
257 0.3023617166
258 0.3023617166
259 0.3023617166
260 0.3023617166
261 0.3023617166
262 0.3023617166
263 0.3023617166
264 0.3023617166
265 0.3023617166
266 0.3023617166
267 0.3023617166
268 0.3023617166
269 0.3023617166
270 0.3023617166
271 0.3023617166
272 0.3023617166
273 0.3023617166
274 0.3023617166
275 0.3023617166
276 0.3023617166
277 0.3023617166
278 0.3023617166
279 0.3023617166
280 0.3023617166
281 0.3023617166
282 0.3023617166
283 0.3023617166
284 0.3023617166
285 0.3023617166
286 0.3023617166
287 0.3023617166
288 0.3023617166
289 0.3023617166
290 0.3023617166
291 0.3023617166
292 0.3023617166
293 0.3023617166
294 0.3023617166
295 0.3023617166
296 0.3023617166
297 0.3023617166
298 0.3023617166
299 0.3023617166
300 0.3023617166
301 0.3023617166
302 0.3023617166
303 0.3023617166
304 0.3023617166
305 0.3023617166
306 0.3023617166
307 0.3023617166
308 0.3023617166
309 0.3023617166
310 0.3023617166
311 0.3023617166
312 0.3023617166
313 0.3023617166
314 0.3023617166
315 0.3023617166
316 0.3023617166
317 0.3023617166
318 0.3023617166
319 0.3023617166
320 0.3023617166
321 0.3023617166
322 0.3023617166
323 0.3023617166
324 0.3023617166
325 0.3023617166
326 0.3023617166
327 0.3023617166
328 0.3023617166
329 0.3023617166
330 0.3023617166
331 0.3023617166
332 0.3023617166
333 0.3023617166
334 0.3023617166
335 0.3023617166
336 0.3023617166
337 0.3023617166
338 0.3023617166
339 0.3023617166
340 0.3023617166
341 0.3023617166
342 0.3023617166
343 0.3023617166
344 0.3023617166
345 0.3023617166
346 0.3023617166
347 0.3023617166
348 0.3023617166
349 0.3023617166
350 0.3023617166
351 0.3023617166
352 0.3023617166
353 0.3023617166
354 0.3023617166
355 0.3023617166
356 0.3023617166
357 0.3023617166
358 0.3023617166
359 0.3023617166
360 0.3023617166
361 0.3023617166
362 0.3023617166
363 0.3023617166
364 0.3023617166
365 0.3023617166
366 0.3023617166
367 0.3023617166
368 0.3023617166
369 0.3023617166
370 0.3023617166
371 0.3023617166
372 0.3023617166
373 0.3023617166
374 0.3023617166
375 0.3023617166
376 0.3023617166
377 0.3023617166
378 0.3023617166
379 0.3023617166
380 0.3023617166
381 0.3023617166
382 0.3023617167
383 0.3023617167
384 0.3023617167
385 0.3023617167
386 0.3023617167
387 0.3023617167
388 0.3023617168
389 0.3023617168
390 0.3023617169
391 0.3023617169
392 0.302361717
393 0.3023617171
394 0.3023617172
395 0.3023617174
396 0.3023617176
397 0.3023617178
398 0.3023617181
399 0.3023617184
400 0.3023617189
401 0.3023617195
402 0.3023617202
403 0.302361721
404 0.3023617221
405 0.3023617234
406 0.302361725
407 0.302361727
408 0.3023617295
409 0.3023617326
410 0.3023617363
411 0.3023617409
412 0.3023617465
413 0.3023617534
414 0.3023617619
415 0.3023617722
416 0.3023617848
417 0.3023618002
418 0.3023618189
419 0.3023618417
420 0.3023618695
421 0.3023619032
422 0.3023619442
423 0.3023619938
424 0.3023620539
425 0.3023621267
426 0.3023622146
427 0.3023623207
428 0.3023624488
429 0.302362603
430 0.3023627887
431 0.3023630119
432 0.30236328
433 0.3023636017
434 0.3023639872
435 0.3023644488
436 0.3023650008
437 0.3023656604
438 0.3023664476
439 0.3023673861
440 0.3023685038
441 0.3023698336
442 0.3023714139
443 0.3023732902
444 0.3023755153
445 0.3023781515
446 0.3023812712
447 0.3023849594
448 0.302389315
449 0.3023944533
450 0.3024005086
451 0.3024076369
452 0.3024160196
453 0.3024258669
454 0.3024374225
455 0.3024509683
456 0.3024668303
457 0.3024853848
458 0.3025070659
459 0.3025323734
460 0.3025618825
461 0.3025962544
462 0.3026362475
463 0.3026827319
464 0.3027367036
465 0.3027993018
466 0.3028718279
467 0.3029557669
468 0.3030528112
469 0.303164887
470 0.3032941844
471 0.3034431903
472 0.3036147251
473 0.3038119839
474 0.3040385813
475 0.304298602
476 0.3045966563
477 0.3049379407
478 0.3053283059
479 0.3057743305
480 0.3062834028
481 0.3068638098
482 0.3075248349
483 0.3082768647
484 0.3091315054
485 0.3101017097
486 0.3112019144
487 0.3124481898
488 0.3138584022
489 0.3154523879
490 0.3172521431
491 0.3192820263
492 0.3215689774
493 0.3241427514
494 0.32703617
495 0.3302853883
496 0.3339301813
497 0.3380142463
498 0.3425855255
499 0.3476965463
500 0.3534047808
501 0.3597730244
502 0.3668697935
503 0.3747697418
504 0.3835540951
505 0.393311104
506 0.4041365138
507 0.4161340502
508 0.4294159206
509 0.4441033282
510 0.4603269982
511 0.4782277138
512 0.4979568591
513 0.5196769668
514 0.5435622682
515 0.5697992402
516 0.5985871482
517 0.6301385784
518 0.6646799567
519 0.7024520483
520 0.7437104337
521 0.7887259541
522 0.8377851224
523 0.8911904906
524 0.9492609699
525 1.012332094
526 1.080756222
527 1.154902666
528 1.235157745
529 1.321924754
530 1.415623834
531 1.516691742
532 1.625581514
533 1.742762011
534 1.868717329
535 2.003946089
536 2.148960583
537 2.304285763
538 2.470458094
539 2.648024232
540 2.837539546
541 3.039566472
542 3.254672693
543 3.483429145
544 3.726407852
545 3.984179579
546 4.257311321
547 4.546363613
548 4.85188768
549 5.174422419
550 5.514491239
551 5.872598746
552 6.249227298
553 6.644833446
554 7.059844259
555 7.494653566
556 7.94961812
557 8.425053717
558 8.921231273
559 9.438372904
560 9.976648014
561 10.53616943
562 11.11698959
563 11.71909686
564 12.34241194
565 12.98678446
566 13.65198972
567 14.33772572
568 15.04361031
569 15.7691788
570 16.51388169
571 17.27708288
572 18.05805818
573 18.85599422
574 19.66998779
575 20.49904567
576 21.3420848
577 22.1979331
578 23.06533068
579 23.94293158
580 24.82930611
581 25.72294364
582 26.62225601
583 27.52558138
584 28.43118877
585 29.33728298
586 30.24201012
587 31.14346365
588 32.03969083
589 32.92869977
590 33.80846675
591 34.67694412
592 35.53206845
593 36.37176905
594 37.19397685
595 37.99663343
596 38.77770032
597 39.53516847
598 40.26706778
599 40.97147671
600 41.64653191
601 42.29043775
602 42.9014758
603 43.47801408
604 44.01851616
605 44.52154998
606 44.98579627
607 45.4100567
608 45.79326154
609 46.13447689
610 46.43291134
611 46.68792217
612 46.89902088
613 47.06587808
614 47.18832786
615 47.26637129
616 47.30017937
617 47.29009519
618 47.23663535
619 47.1404907
620 47.00252623
621 46.82378032
622 46.60546315
623 46.34895442
624 46.05580034
625 45.72770987
626 45.3665503
627 44.9743421
628 44.55325315
629 44.10559231
630 43.63380242
631 43.14045263
632 42.62823027
633 42.09993217
634 41.55845543
635 41.00678783
636 40.4479977
637 39.88522349
638 39.32166289
639 38.76056171
640 38.20520237
641 37.65889212
642 37.12495115
643 36.60670028
644 36.10744866
645 35.63048123
646 35.17904604
647 34.75634159
648 34.36550394
649 34.00959401
650 33.6915847
651 33.41434815
652 33.18064306
653 32.99310213
654 32.85421962
655 32.76633912
656 32.73164162
657 32.75213374
658 32.82963638
659 32.96577373
660 33.16196273
661 33.41940295
662 33.73906709
663 34.12169209
664 34.56777082
665 35.07754464
666 35.6509966
667 36.28784564
668 36.98754163
669 37.74926143
670 38.57190603
671 39.45409876
672 40.39418469
673 41.39023132
674 42.44003041
675 43.54110134
676 44.69069561
677 45.88580296
678 47.1231587
679 48.3992527
680 49.71033959
681 51.05245062
682 52.4214068
683 53.8128335
684 55.22217642
685 56.64471883
686 58.07560015
687 59.50983559
688 60.94233701
689 62.36793473
690 63.78140015
691 65.17746933
692 66.550867
693 67.89633124
694 69.20863844
695 70.48262846
696 71.71322987
697 72.89548506
698 74.02457502
699 75.09584373
700 76.10482187
701 77.04724975
702 77.91909927
703 78.71659475
704 79.43623255
705 80.07479913
706 80.62938768
707 81.09741299
708 81.4766245
709 81.76511755
710 81.96134248
711 82.06411182
712 82.07260525
713 81.98637247
714 81.80533387
715 81.529779
716 81.16036297
717 80.69810055
718 80.14435838
719 79.500845
720 78.76959908
721 77.95297571
722 77.05363104
723 76.07450531
724 75.01880439
725 73.88998004
726 72.69170901
727 71.42787115
728 70.10252672
729 68.719893
730 67.2843205
731 65.80026885
732 64.27228258
733 62.70496691
734 61.1029639
735 59.47092882
736 57.81350722
737 56.1353126
738 54.44090496
739 52.7347703
740 51.0213012
741 49.30477861
742 47.58935482
743 45.87903793
744 44.17767759
745 42.4889523
746 40.81635815
747 39.16319915
748 37.53257902
749 35.92739451
750 34.35033035
751 32.80385549
752 31.29022096
753 29.811459
754 28.36938362
755 26.96559235
756 25.60146924
757 24.27818897
758 22.99672194
759 21.75784037
760 20.56212521
761 19.40997379
762 18.30160819
763 17.23708407
764 16.21630009
765 15.23900759
766 14.30482063
767 13.41322621
768 12.56359456
769 11.75518954
770 10.98717892
771 10.25864458
772 9.568592572
773 8.915962863
774 8.299638871
775 7.718456623
776 7.171213553
777 6.656676888
778 6.173591598
779 5.720687883
780 5.296688182
781 4.900313693
782 4.530290391
783 4.185354548
784 3.864257749
785 3.565771416
786 3.288690848
787 3.031838781
788 2.794068499
789 2.574266491
790 2.3713547
791 2.18429236
792 2.012077463
793 1.853747866
794 1.708382071
795 1.575099698
796 1.45306168
797 1.341470203
798 1.239568409
799 1.146639899
800 1.062008054
801 0.9850351854
802 0.91512156
803 0.8517042964
804 0.7942561672
805 0.7422843203
806 0.6953289369
807 0.6529618409
808 0.6147850772
809 0.5804294689
810 0.5495531669
811 0.5218402034
812 0.4969990567
813 0.4747612384
814 0.4548799073
815 0.437128519
816 0.4212995149
817 0.4072030553
818 0.3946657995
819 0.3835297375
820 0.3736510729
821 0.3648991597
822 0.3571554938
823 0.3503127586
824 0.3442739255
825 0.3389514075
826 0.3342662666
827 0.3301474712
828 0.3265312051
829 0.3233602234
830 0.3205832558
831 0.3181544533
832 0.3160328783
833 0.314182034
834 0.3125694318
835 0.3111661952
836 0.3099466964
837 0.3088882251
838 0.3079706861
839 0.3071763247
840 0.3064894771
841 0.3058963447
842 0.3053847898
843 0.3049441509
844 0.3045650773
845 0.3042393794
846 0.3039598951
847 0.30372037
848 0.3035153498
849 0.3033400852
850 0.3031904464
851 0.3030628475
852 0.3029541792
853 0.3028617494
854 0.3027832303
855 0.3027166122
856 0.3026601622
857 0.3026123884
858 0.302572008
859 0.3025379195
860 0.3025091787
861 0.302484977
862 0.302464623
863 0.3024475264
864 0.3024331838
865 0.3024211667
866 0.3024111106
867 0.302402706
868 0.3023956904
869 0.3023898416
870 0.3023849716
871 0.3023809217
872 0.302377558
873 0.3023747676
874 0.3023724558
875 0.3023705428
876 0.3023689618
877 0.3023676569
878 0.3023665811
879 0.3023656953
880 0.3023649669
881 0.3023643686
882 0.3023638779
883 0.3023634758
884 0.3023631468
885 0.302362878
886 0.3023626585
887 0.3023624796
888 0.3023623339
889 0.3023622155
890 0.3023621192
891 0.3023620412
892 0.302361978
893 0.3023619268
894 0.3023618854
895 0.302361852
896 0.3023618251
897 0.3023618035
898 0.302361786
899 0.302361772
900 0.3023617608
901 0.3023617518
902 0.3023617446
903 0.3023617389
904 0.3023617343
905 0.3023617306
906 0.3023617277
907 0.3023617254
908 0.3023617235
909 0.3023617221
910 0.3023617209
911 0.30236172
912 0.3023617193
913 0.3023617187
914 0.3023617183
915 0.3023617179
916 0.3023617176
917 0.3023617174
918 0.3023617172
919 0.3023617171
920 0.302361717
921 0.3023617169
922 0.3023617168
923 0.3023617168
924 0.3023617167
925 0.3023617167
926 0.3023617167
927 0.3023617167
928 0.3023617167
929 0.3023617167
930 0.3023617166
931 0.3023617166
932 0.3023617166
933 0.3023617166
934 0.3023617166
935 0.3023617166
936 0.3023617166
937 0.3023617166
938 0.3023617166
939 0.3023617166
940 0.3023617166
941 0.3023617166
942 0.3023617166
943 0.3023617166
944 0.3023617166
945 0.3023617166
946 0.3023617166
947 0.3023617166
948 0.3023617166
949 0.3023617166
950 0.3023617166
951 0.3023617166
952 0.3023617166
953 0.3023617166
954 0.3023617166
955 0.3023617166
956 0.3023617166
957 0.3023617166
958 0.3023617166
959 0.3023617166
960 0.3023617166
961 0.3023617166
962 0.3023617166
963 0.3023617166
964 0.3023617166
965 0.3023617166
966 0.3023617166
967 0.3023617166
968 0.3023617166
969 0.3023617166
970 0.3023617166
971 0.3023617166
972 0.3023617166
973 0.3023617166
974 0.3023617166
975 0.3023617166
976 0.3023617166
977 0.3023617166
978 0.3023617166
979 0.3023617166
980 0.3023617166
981 0.3023617166
982 0.3023617166
983 0.3023617166
984 0.3023617166
985 0.3023617166
986 0.3023617166
987 0.3023617166
988 0.3023617166
989 0.3023617166
990 0.3023617166
991 0.3023617166
992 0.3023617166
993 0.3023617166
994 0.3023617166
995 0.3023617166
996 0.3023617166
997 0.3023617166
998 0.3023617166
999 0.3023617166
1000 0.3023617166
1001 0.3023617166
1002 0.3023617166
1003 0.3023617166
1004 0.3023617166
1005 0.3023617166
1006 0.3023617166
1007 0.3023617166
1008 0.3023617166
1009 0.3023617166
1010 0.3023617166
1011 0.3023617166
1012 0.3023617166
1013 0.3023617166
1014 0.3023617166
1015 0.3023617166
1016 0.3023617166
1017 0.3023617166
1018 0.3023617166
1019 0.3023617166
1020 0.3023617166
1021 0.3023617166
1022 0.3023617166
1023 0.3023617166
