#54789 2910.0003936480730165 0.004570261722785994192 1 1469 16.000049430220818044 1024 7 1 J1713+0747 0.0000000 
0 0.1231996969
1 0.123199698
2 0.1231996995
3 0.1231997013
4 0.1231997036
5 0.1231997063
6 0.1231997097
7 0.1231997139
8 0.123199719
9 0.1231997253
10 0.1231997329
11 0.1231997423
12 0.1231997537
13 0.1231997677
14 0.1231997847
15 0.1231998054
16 0.1231998305
17 0.1231998611
18 0.1231998983
19 0.1231999433
20 0.1231999978
21 0.1232000638
22 0.1232001436
23 0.1232002399
24 0.123200356
25 0.123200496
26 0.1232006644
27 0.1232008669
28 0.1232011102
29 0.123201402
30 0.1232017518
31 0.1232021706
32 0.1232026716
33 0.12320327
34 0.1232039843
35 0.1232048359
36 0.1232058502
37 0.123207057
38 0.1232084912
39 0.1232101939
40 0.1232122134
41 0.1232146059
42 0.1232174373
43 0.1232207848
44 0.1232247381
45 0.1232294019
46 0.1232348982
47 0.1232413687
48 0.1232489779
49 0.1232579168
50 0.1232684067
51 0.1232807035
52 0.1232951034
53 0.1233119479
54 0.1233316314
55 0.1233546077
56 0.1233813994
57 0.1234126066
58 0.1234489186
59 0.1234911253
60 0.1235401316
61 0.1235969721
62 0.123662829
63 0.1237390513
64 0.1238271762
65 0.1239289536
66 0.1240463731
67 0.1241816939
68 0.1243374784
69 0.1245166293
70 0.1247224308
71 0.1249585942
72 0.1252293082
73 0.1255392946
74 0.1258938696
75 0.1262990112
76 0.1267614331
77 0.1272886658
78 0.1278891459
79 0.1285723125
80 0.1293487135
81 0.1302301208
82 0.1312296554
83 0.1323619237
84 0.1336431645
85 0.1350914083
86 0.1367266488
87 0.1385710281
88 0.1406490354
89 0.1429877199
90 0.145616919
91 0.1485695022
92 0.1518816305
93 0.1555930324
94 0.1597472971
95 0.1643921839
96 0.1695799499
97 0.1753676943
98 0.1818177203
99 0.1889979142
100 0.196982141
101 0.2058506565
102 0.2156905351
103 0.2265961125
104 0.2386694413
105 0.2520207598
106 0.2667689711
107 0.2830421311
108 0.300977943
109 0.3207242568
110 0.3424395697
111 0.3662935253
112 0.3924674076
113 0.421154627
114 0.4525611932
115 0.4869061707
116 0.5244221131
117 0.5653554699
118 0.6099669615
119 0.6585319151
120 0.7113405574
121 0.7686982562
122 0.8309257046
123 0.8983590424
124 0.9713499051
125 1.050265396
126 1.135487971
127 1.227415235
128 1.326459632
129 1.433048033
130 1.547621209
131 1.670633181
132 1.802550443
133 1.943851051
134 2.095023574
135 2.256565898
136 2.428983881
137 2.612789857
138 2.808500979
139 3.016637412
140 3.237720356
141 3.472269919
142 3.720802826
143 3.983829977
144 4.261853851
145 4.555365759
146 4.86484297
147 5.19074569
148 5.533513931
149 5.893564267
150 6.271286487
151 6.667040174
152 7.081151213
153 7.51390825
154 7.965559127
155 8.436307302
156 8.926308286
157 9.435666119
158 9.964429908
159 10.51259045
160 11.08007695
161 11.66675396
162 12.27241835
163 12.8967966
164 13.53954227
165 14.20023371
166 14.87837208
167 15.57337965
168 16.28459843
169 17.01128924
170 17.75263103
171 18.50772072
172 19.27557339
173 20.05512297
174 20.84522335
175 21.64464997
176 22.4521019
177 23.26620443
178 24.08551208
179 24.90851221
180 25.73362904
181 26.55922816
182 27.38362161
183 28.20507326
184 29.0218048
185 29.83200205
186 30.6338217
187 31.42539845
188 32.20485244
189 32.97029703
190 33.71984684
191 34.45162602
192 35.16377669
193 35.85446758
194 36.52190269
195 37.16433009
196 37.78005063
197 38.36742668
198 38.92489076
199 39.45095396
200 39.94421424
201 40.40336446
202 40.82720008
203 41.2146266
204 41.56466652
205 41.87646595
206 42.14930072
207 42.382582
208 42.57586135
209 42.72883524
210 42.84134896
211 42.91339994
212 42.94514033
213 42.93687909
214 42.88908321
215 42.80237847
216 42.67754931
217 42.51553819
218 42.31744414
219 42.08452072
220 41.81817325
221 41.51995545
222 41.19156539
223 40.83484085
224 40.45175401
225 40.0444057
226 39.61501893
227 39.165932
228 38.69959107
229 38.21854223
230 37.72542317
231 37.22295438
232 36.71392997
233 36.20120818
234 35.68770146
235 35.17636632
236 34.67019289
237 34.1721942
238 33.68539527
239 33.21282201
240 32.75748994
241 32.32239278
242 31.91049093
243 31.52469986
244 31.1678785
245 30.84281752
246 30.5522277
247 30.29872826
248 30.08483535
249 29.91295055
250 29.78534958
251 29.70417115
252 29.67140603
253 29.68888639
254 29.75827541
255 29.88105725
256 30.05852747
257 30.29178377
258 30.58171736
259 30.92900478
260 31.33410038
261 31.79722947
262 32.31838217
263 32.89730805
264 33.53351161
265 34.22624868
266 34.97452376
267 35.77708841
268 36.63244064
269 37.5388255
270 38.4942368
271 39.49642004
272 40.54287655
273 41.630869
274 42.75742809
275 43.91936063
276 45.11325892
277 46.33551143
278 47.58231476
279 48.84968697
280 50.13348201
281 51.42940549
282 52.73303153
283 54.03982064
284 55.34513875
285 56.64427694
286 57.9324722
287 59.20492877
288 60.45684005
289 61.6834111
290 62.87988133
291 64.04154744
292 65.16378647
293 66.24207857
294 67.27202971
295 68.24939383
296 69.17009449
297 70.03024578
298 70.82617234
299 71.55442841
300 72.21181563
301 72.79539967
302 73.30252529
303 73.73083001
304 74.078256
305 74.34306036
306 74.52382353
307 74.61945576
308 74.62920181
309 74.55264349
310 74.38970042
311 74.14062863
312 73.8060173
313 73.38678348
314 72.88416502
315 72.29971152
316 71.63527365
317 70.89299068
318 70.07527657
319 69.18480447
320 68.22448999
321 67.19747319
322 66.10709961
323 64.9569003
324 63.7505712
325 62.4919518
326 61.18500351
327 59.83378767
328 58.44244347
329 57.01516596
330 55.55618421
331 54.06973986
332 52.56006614
333 51.03136756
334 49.48780035
335 47.9334537
336 46.37233211
337 44.80833872
338 43.24525981
339 41.68675057
340 40.13632214
341 38.59732993
342 37.07296341
343 35.5662372
344 34.07998358
345 32.61684641
346 31.1792764
347 29.76952777
348 28.38965619
349 27.04151799
350 25.72677061
351 24.44687423
352 23.20309443
353 21.99650589
354 20.82799709
355 19.69827578
356 18.60787527
357 17.55716141
358 16.54634017
359 15.57546571
360 14.64444892
361 13.75306625
362 12.90096887
363 12.08769195
364 11.31266405
365 10.57521657
366 9.874593152
367 9.209958986
368 8.580409924
369 7.984981424
370 7.422657212
371 6.892377643
372 6.393047727
373 5.923544777
374 5.482725661
375 5.069433636
376 4.682504744
377 4.320773764
378 3.983079703
379 3.668270838
380 3.3752093
381 3.102775201
382 2.849870329
383 2.615421401
384 2.398382903
385 2.197739529
386 2.012508231
387 1.841739903
388 1.684520727
389 1.539973189
390 1.407256793
391 1.285568503
392 1.174142925
393 1.072252253
394 0.9792060095
395 0.8943505931
396 0.817068663
397 0.7467783722
398 0.6829324766
399 0.625017335
400 0.5725518188
401 0.5250861484
402 0.4822006714
403 0.443504597
404 0.4086347006
405 0.3772540096
406 0.3490504821
407 0.3237356887
408 0.3010435044
409 0.2807288206
410 0.2625662818
411 0.2463490544
412 0.2318876311
413 0.2190086753
414 0.2075539094
415 0.1973790483
416 0.1883527811
417 0.1803558008
418 0.1732798843
419 0.1670270219
420 0.1615085961
421 0.1566446099
422 0.1523629629
423 0.1485987739
424 0.1452937504
425 0.1423956003
426 0.1398574875
427 0.1376375271
428 0.1356983193
429 0.1340065202
430 0.1325324471
431 0.1312497161
432 0.1301349111
433 0.1291672806
434 0.1283284624
435 0.1276022322
436 0.126974276
437 0.1264319837
438 0.1259642626
439 0.1255613691
440 0.1252147569
441 0.1249169409
442 0.1246613749
443 0.1244423418
444 0.1242548562
445 0.1240945765
446 0.1239577277
447 0.1238410315
448 0.1237416455
449 0.1236571084
450 0.1235852921
451 0.1235243591
452 0.1234727249
453 0.1234290255
454 0.1233920878
455 0.1233609048
456 0.1233346128
457 0.1233124725
458 0.1232938517
459 0.1232782104
460 0.1232650884
461 0.1232540936
462 0.1232448927
463 0.1232372026
464 0.1232307833
465 0.1232254315
466 0.1232209751
467 0.1232172691
468 0.1232141909
469 0.1232116373
470 0.1232095216
471 0.1232077708
472 0.1232063239
473 0.1232051296
474 0.1232041449
475 0.1232033342
476 0.1232026674
477 0.1232021198
478 0.1232016706
479 0.1232013025
480 0.1232010014
481 0.1232007552
482 0.1232005543
483 0.1232003905
484 0.1232002571
485 0.1232001487
486 0.1232000606
487 0.1231999891
488 0.1231999312
489 0.1231998844
490 0.1231998465
491 0.1231998159
492 0.1231997913
493 0.1231997714
494 0.1231997555
495 0.1231997427
496 0.1231997324
497 0.1231997241
498 0.1231997175
499 0.1231997123
500 0.1231997081
501 0.1231997047
502 0.123199702
503 0.1231996999
504 0.1231996982
505 0.1231996969
506 0.1231996958
507 0.123199695
508 0.1231996943
509 0.1231996938
510 0.1231996934
511 0.1231996931
512 0.1231996928
513 0.1231996926
514 0.1231996924
515 0.1231996923
516 0.1231996922
517 0.1231996921
518 0.1231996921
519 0.123199692
520 0.123199692
521 0.123199692
522 0.123199692
523 0.1231996919
524 0.1231996919
525 0.1231996919
526 0.1231996919
527 0.1231996919
528 0.1231996919
529 0.1231996919
530 0.1231996919
531 0.1231996919
532 0.1231996919
533 0.1231996919
534 0.1231996919
535 0.1231996919
536 0.1231996919
537 0.1231996919
538 0.1231996919
539 0.1231996919
540 0.1231996919
541 0.1231996919
542 0.1231996919
543 0.1231996919
544 0.1231996919
545 0.1231996919
546 0.1231996919
547 0.1231996919
548 0.1231996919
549 0.1231996919
550 0.1231996919
551 0.1231996919
552 0.1231996919
553 0.1231996919
554 0.1231996919
555 0.1231996919
556 0.1231996919
557 0.1231996919
558 0.1231996919
559 0.1231996919
560 0.1231996919
561 0.1231996919
562 0.1231996919
563 0.1231996919
564 0.1231996919
565 0.1231996919
566 0.1231996919
567 0.1231996919
568 0.1231996919
569 0.1231996919
570 0.1231996919
571 0.1231996919
572 0.1231996919
573 0.1231996919
574 0.1231996919
575 0.1231996919
576 0.1231996919
577 0.1231996919
578 0.1231996919
579 0.1231996919
580 0.1231996919
581 0.1231996919
582 0.1231996919
583 0.1231996919
584 0.1231996919
585 0.1231996919
586 0.1231996919
587 0.1231996919
588 0.1231996919
589 0.1231996919
590 0.1231996919
591 0.1231996919
592 0.1231996919
593 0.1231996919
594 0.1231996919
595 0.1231996919
596 0.1231996919
597 0.1231996919
598 0.1231996919
599 0.1231996919
600 0.1231996919
601 0.1231996919
602 0.1231996919
603 0.1231996919
604 0.1231996919
605 0.1231996919
606 0.1231996919
607 0.1231996919
608 0.1231996919
609 0.1231996919
610 0.1231996919
611 0.1231996919
612 0.1231996919
613 0.1231996919
614 0.1231996919
615 0.1231996919
616 0.1231996919
617 0.1231996919
618 0.1231996919
619 0.1231996919
620 0.1231996919
621 0.1231996919
622 0.1231996919
623 0.1231996919
624 0.1231996919
625 0.1231996919
626 0.1231996919
627 0.1231996919
628 0.1231996919
629 0.1231996919
630 0.1231996919
631 0.1231996919
632 0.1231996919
633 0.1231996919
634 0.1231996919
635 0.1231996919
636 0.1231996919
637 0.1231996919
638 0.1231996919
639 0.1231996919
640 0.1231996919
641 0.1231996919
642 0.1231996919
643 0.1231996919
644 0.1231996919
645 0.1231996919
646 0.1231996919
647 0.1231996919
648 0.1231996919
649 0.1231996919
650 0.1231996919
651 0.1231996919
652 0.1231996919
653 0.1231996919
654 0.1231996919
655 0.1231996919
656 0.1231996919
657 0.1231996919
658 0.1231996919
659 0.1231996919
660 0.1231996919
661 0.1231996919
662 0.1231996919
663 0.1231996919
664 0.1231996919
665 0.1231996919
666 0.1231996919
667 0.1231996919
668 0.1231996919
669 0.1231996919
670 0.1231996919
671 0.1231996919
672 0.1231996919
673 0.1231996919
674 0.1231996919
675 0.1231996919
676 0.1231996919
677 0.1231996919
678 0.1231996919
679 0.1231996919
680 0.1231996919
681 0.1231996919
682 0.1231996919
683 0.1231996919
684 0.1231996919
685 0.1231996919
686 0.1231996919
687 0.1231996919
688 0.1231996919
689 0.1231996919
690 0.1231996919
691 0.1231996919
692 0.1231996919
693 0.1231996919
694 0.1231996919
695 0.1231996919
696 0.1231996919
697 0.1231996919
698 0.1231996919
699 0.1231996919
700 0.1231996919
701 0.1231996919
702 0.1231996919
703 0.1231996919
704 0.1231996919
705 0.1231996919
706 0.1231996919
707 0.1231996919
708 0.1231996919
709 0.1231996919
710 0.1231996919
711 0.1231996919
712 0.1231996919
713 0.1231996919
714 0.1231996919
715 0.1231996919
716 0.1231996919
717 0.1231996919
718 0.1231996919
719 0.1231996919
720 0.1231996919
721 0.1231996919
722 0.1231996919
723 0.1231996919
724 0.1231996919
725 0.1231996919
726 0.1231996919
727 0.1231996919
728 0.1231996919
729 0.1231996919
730 0.1231996919
731 0.1231996919
732 0.1231996919
733 0.1231996919
734 0.1231996919
735 0.1231996919
736 0.1231996919
737 0.1231996919
738 0.1231996919
739 0.1231996919
740 0.1231996919
741 0.1231996919
742 0.1231996919
743 0.1231996919
744 0.1231996919
745 0.1231996919
746 0.1231996919
747 0.1231996919
748 0.1231996919
749 0.1231996919
750 0.1231996919
751 0.1231996919
752 0.1231996919
753 0.1231996919
754 0.1231996919
755 0.1231996919
756 0.1231996919
757 0.1231996919
758 0.1231996919
759 0.1231996919
760 0.1231996919
761 0.1231996919
762 0.1231996919
763 0.1231996919
764 0.1231996919
765 0.1231996919
766 0.1231996919
767 0.1231996919
768 0.1231996919
769 0.1231996919
770 0.1231996919
771 0.1231996919
772 0.1231996919
773 0.1231996919
774 0.1231996919
775 0.1231996919
776 0.1231996919
777 0.1231996919
778 0.1231996919
779 0.1231996919
780 0.1231996919
781 0.1231996919
782 0.1231996919
783 0.1231996919
784 0.1231996919
785 0.1231996919
786 0.1231996919
787 0.1231996919
788 0.1231996919
789 0.1231996919
790 0.1231996919
791 0.1231996919
792 0.1231996919
793 0.1231996919
794 0.1231996919
795 0.1231996919
796 0.1231996919
797 0.1231996919
798 0.1231996919
799 0.1231996919
800 0.1231996919
801 0.1231996919
802 0.1231996919
803 0.1231996919
804 0.1231996919
805 0.1231996919
806 0.1231996919
807 0.1231996919
808 0.1231996919
809 0.1231996919
810 0.1231996919
811 0.1231996919
812 0.1231996919
813 0.1231996919
814 0.1231996919
815 0.1231996919
816 0.1231996919
817 0.1231996919
818 0.1231996919
819 0.1231996919
820 0.1231996919
821 0.1231996919
822 0.1231996919
823 0.1231996919
824 0.1231996919
825 0.1231996919
826 0.1231996919
827 0.1231996919
828 0.1231996919
829 0.1231996919
830 0.1231996919
831 0.1231996919
832 0.1231996919
833 0.1231996919
834 0.1231996919
835 0.1231996919
836 0.1231996919
837 0.1231996919
838 0.1231996919
839 0.1231996919
840 0.1231996919
841 0.1231996919
842 0.1231996919
843 0.1231996919
844 0.1231996919
845 0.1231996919
846 0.1231996919
847 0.1231996919
848 0.1231996919
849 0.1231996919
850 0.1231996919
851 0.1231996919
852 0.1231996919
853 0.1231996919
854 0.1231996919
855 0.1231996919
856 0.1231996919
857 0.1231996919
858 0.1231996919
859 0.1231996919
860 0.1231996919
861 0.1231996919
862 0.1231996919
863 0.1231996919
864 0.1231996919
865 0.1231996919
866 0.1231996919
867 0.1231996919
868 0.1231996919
869 0.1231996919
870 0.1231996919
871 0.1231996919
872 0.1231996919
873 0.1231996919
874 0.1231996919
875 0.1231996919
876 0.1231996919
877 0.1231996919
878 0.1231996919
879 0.1231996919
880 0.1231996919
881 0.1231996919
882 0.1231996919
883 0.1231996919
884 0.1231996919
885 0.1231996919
886 0.1231996919
887 0.1231996919
888 0.1231996919
889 0.1231996919
890 0.1231996919
891 0.1231996919
892 0.1231996919
893 0.1231996919
894 0.1231996919
895 0.1231996919
896 0.1231996919
897 0.1231996919
898 0.1231996919
899 0.1231996919
900 0.1231996919
901 0.1231996919
902 0.1231996919
903 0.1231996919
904 0.1231996919
905 0.1231996919
906 0.1231996919
907 0.1231996919
908 0.1231996919
909 0.1231996919
910 0.1231996919
911 0.1231996919
912 0.1231996919
913 0.1231996919
914 0.1231996919
915 0.1231996919
916 0.1231996919
917 0.1231996919
918 0.1231996919
919 0.1231996919
920 0.1231996919
921 0.1231996919
922 0.1231996919
923 0.1231996919
924 0.1231996919
925 0.1231996919
926 0.1231996919
927 0.1231996919
928 0.1231996919
929 0.1231996919
930 0.1231996919
931 0.1231996919
932 0.1231996919
933 0.1231996919
934 0.1231996919
935 0.1231996919
936 0.1231996919
937 0.1231996919
938 0.1231996919
939 0.1231996919
940 0.1231996919
941 0.1231996919
942 0.1231996919
943 0.1231996919
944 0.1231996919
945 0.1231996919
946 0.1231996919
947 0.1231996919
948 0.1231996919
949 0.1231996919
950 0.1231996919
951 0.1231996919
952 0.1231996919
953 0.1231996919
954 0.1231996919
955 0.1231996919
956 0.1231996919
957 0.1231996919
958 0.1231996919
959 0.1231996919
960 0.1231996919
961 0.1231996919
962 0.1231996919
963 0.1231996919
964 0.1231996919
965 0.1231996919
966 0.1231996919
967 0.1231996919
968 0.1231996919
969 0.1231996919
970 0.1231996919
971 0.1231996919
972 0.1231996919
973 0.1231996919
974 0.1231996919
975 0.1231996919
976 0.1231996919
977 0.1231996919
978 0.1231996919
979 0.1231996919
980 0.1231996919
981 0.1231996919
982 0.1231996919
983 0.1231996919
984 0.1231996919
985 0.1231996919
986 0.1231996919
987 0.1231996919
988 0.1231996919
989 0.1231996919
990 0.1231996919
991 0.1231996919
992 0.1231996919
993 0.1231996919
994 0.1231996919
995 0.1231996919
996 0.1231996919
997 0.1231996919
998 0.1231996919
999 0.1231996919
1000 0.1231996919
1001 0.1231996919
1002 0.1231996919
1003 0.1231996919
1004 0.1231996919
1005 0.123199692
1006 0.123199692
1007 0.123199692
1008 0.123199692
1009 0.1231996921
1010 0.1231996921
1011 0.1231996922
1012 0.1231996922
1013 0.1231996923
1014 0.1231996924
1015 0.1231996926
1016 0.1231996927
1017 0.123199693
1018 0.1231996932
1019 0.1231996935
1020 0.123199694
1021 0.1231996945
1022 0.1231996951
1023 0.1231996959
