#54898 2910.0072542076777653 0.0045697487055310747478 1 1309 16.000049430220818044 1024 7 1 J1713+0747 0.0000000 
0 30.49324922
1 29.00797502
2 27.56068617
3 26.15290922
4 24.78595567
5 23.46092659
6 22.17871825
7 20.94002868
8 19.74536503
9 18.59505166
10 17.48923887
11 16.42791213
12 15.41090178
13 14.43789303
14 13.50843621
15 12.62195723
16 11.77776809
17 10.97507734
18 10.21300055
19 9.490570593
20 8.806747693
21 8.160429285
22 7.550459498
23 6.975638312
24 6.434730304
25 5.926472977
26 5.449584625
27 5.002771727
28 4.584735841
29 4.194180009
30 3.829814639
31 3.490362886
32 3.17456553
33 2.881185345
34 2.609010994
35 2.356860431
36 2.123583866
37 1.908066272
38 1.709229485
39 1.5260339
40 1.357479799
41 1.202608325
42 1.060502135
43 0.9302857541
44 0.8111256548
45 0.7022300884
46 0.6028486939
47 0.5122719063
48 0.4298301899
49 0.3548931182
50 0.2868683221
51 0.2252003268
52 0.1693692971
53 0.1188897087
54 0.07330896221
55 0.03220595607
56 -0.004810368513
57 -0.0381024967
58 -0.06800581234
59 -0.0948300627
60 -0.1188608066
61 -0.1403608379
62 -0.1595715775
63 -0.1767144272
64 -0.1919920826
65 -0.2055897976
66 -0.2176766012
67 -0.2284064607
68 -0.2379193921
69 -0.2463425155
70 -0.2537910545
71 -0.2603692813
72 -0.2661714058
73 -0.2712824109
74 -0.2757788352
75 -0.2797295032
76 -0.2831962063
77 -0.2862343352
78 -0.2888934661
79 -0.291217903
80 -0.2932471777
81 -0.2950165103
82 -0.2965572318
83 -0.2978971719
84 -0.2990610126
85 -0.3000706124
86 -0.3009452998
87 -0.3017021411
88 -0.3023561829
89 -0.3029206719
90 -0.3034072528
91 -0.3038261473
92 -0.3041863149
93 -0.3044955975
94 -0.3047608487
95 -0.30498805
96 -0.3051824142
97 -0.3053484775
98 -0.3054901821
99 -0.3056109488
100 -0.3057137418
101 -0.3058011261
102 -0.3058753181
103 -0.3059382304
104 -0.3059915108
105 -0.3060365774
106 -0.3060746486
107 -0.30610677
108 -0.3061338375
109 -0.3061566177
110 -0.3061757657
111 -0.3061918404
112 -0.3062053184
113 -0.3062166048
114 -0.3062260444
115 -0.3062339293
116 -0.3062405076
117 -0.3062459887
118 -0.3062505501
119 -0.3062543414
120 -0.3062574885
121 -0.3062600978
122 -0.3062622584
123 -0.3062640453
124 -0.3062655212
125 -0.3062667388
126 -0.3062677421
127 -0.3062685677
128 -0.3062692462
129 -0.3062698032
130 -0.3062702598
131 -0.3062706338
132 -0.3062709396
133 -0.3062711894
134 -0.3062713931
135 -0.3062715592
136 -0.3062716943
137 -0.3062718041
138 -0.3062718932
139 -0.3062719655
140 -0.306272024
141 -0.3062720714
142 -0.3062721096
143 -0.3062721404
144 -0.3062721653
145 -0.3062721853
146 -0.3062722014
147 -0.3062722143
148 -0.3062722246
149 -0.3062722329
150 -0.3062722395
151 -0.3062722448
152 -0.306272249
153 -0.3062722524
154 -0.3062722551
155 -0.3062722572
156 -0.3062722589
157 -0.3062722603
158 -0.3062722613
159 -0.3062722622
160 -0.3062722628
161 -0.3062722633
162 -0.3062722638
163 -0.3062722641
164 -0.3062722643
165 -0.3062722645
166 -0.3062722647
167 -0.3062722648
168 -0.3062722649
169 -0.306272265
170 -0.306272265
171 -0.3062722651
172 -0.3062722651
173 -0.3062722651
174 -0.3062722652
175 -0.3062722652
176 -0.3062722652
177 -0.3062722652
178 -0.3062722652
179 -0.3062722652
180 -0.3062722652
181 -0.3062722652
182 -0.3062722652
183 -0.3062722652
184 -0.3062722652
185 -0.3062722652
186 -0.3062722652
187 -0.3062722652
188 -0.3062722652
189 -0.3062722652
190 -0.3062722652
191 -0.3062722652
192 -0.3062722652
193 -0.3062722652
194 -0.3062722652
195 -0.3062722652
196 -0.3062722652
197 -0.3062722652
198 -0.3062722652
199 -0.3062722652
200 -0.3062722652
201 -0.3062722652
202 -0.3062722652
203 -0.3062722652
204 -0.3062722652
205 -0.3062722652
206 -0.3062722652
207 -0.3062722652
208 -0.3062722652
209 -0.3062722652
210 -0.3062722652
211 -0.3062722652
212 -0.3062722652
213 -0.3062722652
214 -0.3062722652
215 -0.3062722652
216 -0.3062722652
217 -0.3062722652
218 -0.3062722652
219 -0.3062722652
220 -0.3062722652
221 -0.3062722652
222 -0.3062722652
223 -0.3062722652
224 -0.3062722652
225 -0.3062722652
226 -0.3062722652
227 -0.3062722652
228 -0.3062722652
229 -0.3062722652
230 -0.3062722652
231 -0.3062722652
232 -0.3062722652
233 -0.3062722652
234 -0.3062722652
235 -0.3062722652
236 -0.3062722652
237 -0.3062722652
238 -0.3062722652
239 -0.3062722652
240 -0.3062722652
241 -0.3062722652
242 -0.3062722652
243 -0.3062722652
244 -0.3062722652
245 -0.3062722652
246 -0.3062722652
247 -0.3062722652
248 -0.3062722652
249 -0.3062722652
250 -0.3062722652
251 -0.3062722652
252 -0.3062722652
253 -0.3062722652
254 -0.3062722652
255 -0.3062722652
256 -0.3062722652
257 -0.3062722652
258 -0.3062722652
259 -0.3062722652
260 -0.3062722652
261 -0.3062722652
262 -0.3062722652
263 -0.3062722652
264 -0.3062722652
265 -0.3062722652
266 -0.3062722652
267 -0.3062722652
268 -0.3062722652
269 -0.3062722652
270 -0.3062722652
271 -0.3062722652
272 -0.3062722652
273 -0.3062722652
274 -0.3062722652
275 -0.3062722652
276 -0.3062722652
277 -0.3062722652
278 -0.3062722652
279 -0.3062722652
280 -0.3062722652
281 -0.3062722652
282 -0.3062722652
283 -0.3062722652
284 -0.3062722652
285 -0.3062722652
286 -0.3062722652
287 -0.3062722652
288 -0.3062722652
289 -0.3062722652
290 -0.3062722652
291 -0.3062722652
292 -0.3062722652
293 -0.3062722652
294 -0.3062722652
295 -0.3062722652
296 -0.3062722652
297 -0.3062722652
298 -0.3062722652
299 -0.3062722652
300 -0.3062722652
301 -0.3062722652
302 -0.3062722652
303 -0.3062722652
304 -0.3062722652
305 -0.3062722652
306 -0.3062722652
307 -0.3062722652
308 -0.3062722652
309 -0.3062722652
310 -0.3062722652
311 -0.3062722652
312 -0.3062722652
313 -0.3062722652
314 -0.3062722652
315 -0.3062722652
316 -0.3062722652
317 -0.3062722652
318 -0.3062722652
319 -0.3062722652
320 -0.3062722652
321 -0.3062722652
322 -0.3062722652
323 -0.3062722652
324 -0.3062722652
325 -0.3062722652
326 -0.3062722652
327 -0.3062722652
328 -0.3062722652
329 -0.3062722652
330 -0.3062722652
331 -0.3062722652
332 -0.3062722652
333 -0.3062722652
334 -0.3062722652
335 -0.3062722652
336 -0.3062722652
337 -0.3062722652
338 -0.3062722652
339 -0.3062722652
340 -0.3062722652
341 -0.3062722652
342 -0.3062722652
343 -0.3062722652
344 -0.3062722652
345 -0.3062722652
346 -0.3062722652
347 -0.3062722652
348 -0.3062722652
349 -0.3062722652
350 -0.3062722652
351 -0.3062722652
352 -0.3062722652
353 -0.3062722652
354 -0.3062722652
355 -0.3062722652
356 -0.3062722652
357 -0.3062722652
358 -0.3062722652
359 -0.3062722652
360 -0.3062722652
361 -0.3062722652
362 -0.3062722652
363 -0.3062722652
364 -0.3062722652
365 -0.3062722652
366 -0.3062722652
367 -0.3062722652
368 -0.3062722652
369 -0.3062722652
370 -0.3062722652
371 -0.3062722652
372 -0.3062722652
373 -0.3062722652
374 -0.3062722652
375 -0.3062722652
376 -0.3062722652
377 -0.3062722652
378 -0.3062722652
379 -0.3062722652
380 -0.3062722652
381 -0.3062722652
382 -0.3062722652
383 -0.3062722652
384 -0.3062722652
385 -0.3062722652
386 -0.3062722652
387 -0.3062722652
388 -0.3062722652
389 -0.3062722652
390 -0.3062722652
391 -0.3062722652
392 -0.3062722652
393 -0.3062722652
394 -0.3062722652
395 -0.3062722652
396 -0.3062722652
397 -0.3062722652
398 -0.3062722652
399 -0.3062722652
400 -0.3062722652
401 -0.3062722652
402 -0.3062722652
403 -0.3062722652
404 -0.3062722652
405 -0.3062722652
406 -0.3062722652
407 -0.3062722652
408 -0.3062722652
409 -0.3062722652
410 -0.3062722652
411 -0.3062722652
412 -0.3062722652
413 -0.3062722652
414 -0.3062722652
415 -0.3062722652
416 -0.3062722652
417 -0.3062722652
418 -0.3062722652
419 -0.3062722652
420 -0.3062722652
421 -0.3062722652
422 -0.3062722652
423 -0.3062722652
424 -0.3062722652
425 -0.3062722652
426 -0.3062722652
427 -0.3062722652
428 -0.3062722652
429 -0.3062722652
430 -0.3062722652
431 -0.3062722652
432 -0.3062722652
433 -0.3062722652
434 -0.3062722652
435 -0.3062722652
436 -0.3062722652
437 -0.3062722652
438 -0.3062722652
439 -0.3062722652
440 -0.3062722652
441 -0.3062722652
442 -0.3062722652
443 -0.3062722652
444 -0.3062722652
445 -0.3062722652
446 -0.3062722652
447 -0.3062722652
448 -0.3062722652
449 -0.3062722652
450 -0.3062722652
451 -0.3062722652
452 -0.3062722652
453 -0.3062722652
454 -0.3062722652
455 -0.3062722652
456 -0.3062722652
457 -0.3062722652
458 -0.3062722652
459 -0.3062722652
460 -0.3062722652
461 -0.3062722652
462 -0.3062722652
463 -0.3062722652
464 -0.3062722652
465 -0.3062722652
466 -0.3062722652
467 -0.3062722652
468 -0.3062722652
469 -0.3062722652
470 -0.3062722652
471 -0.3062722652
472 -0.3062722652
473 -0.3062722652
474 -0.3062722652
475 -0.3062722652
476 -0.3062722652
477 -0.3062722652
478 -0.3062722652
479 -0.3062722652
480 -0.3062722652
481 -0.3062722652
482 -0.3062722652
483 -0.3062722652
484 -0.3062722652
485 -0.3062722652
486 -0.3062722652
487 -0.3062722652
488 -0.3062722652
489 -0.3062722652
490 -0.3062722652
491 -0.3062722652
492 -0.3062722652
493 -0.3062722652
494 -0.3062722652
495 -0.3062722652
496 -0.3062722652
497 -0.3062722652
498 -0.3062722652
499 -0.3062722652
500 -0.3062722652
501 -0.3062722652
502 -0.3062722652
503 -0.3062722652
504 -0.3062722652
505 -0.3062722652
506 -0.3062722652
507 -0.3062722652
508 -0.3062722652
509 -0.3062722652
510 -0.3062722652
511 -0.3062722652
512 -0.3062722652
513 -0.3062722652
514 -0.3062722652
515 -0.3062722652
516 -0.3062722652
517 -0.3062722652
518 -0.3062722652
519 -0.3062722652
520 -0.3062722652
521 -0.3062722652
522 -0.3062722652
523 -0.3062722652
524 -0.3062722652
525 -0.3062722652
526 -0.3062722652
527 -0.3062722652
528 -0.3062722652
529 -0.3062722652
530 -0.3062722652
531 -0.3062722652
532 -0.3062722652
533 -0.3062722652
534 -0.3062722652
535 -0.3062722652
536 -0.3062722652
537 -0.3062722652
538 -0.3062722652
539 -0.3062722652
540 -0.3062722652
541 -0.3062722652
542 -0.3062722652
543 -0.3062722652
544 -0.3062722652
545 -0.3062722652
546 -0.3062722652
547 -0.3062722652
548 -0.3062722652
549 -0.3062722652
550 -0.3062722652
551 -0.3062722652
552 -0.3062722652
553 -0.3062722652
554 -0.3062722652
555 -0.3062722652
556 -0.3062722652
557 -0.3062722652
558 -0.3062722652
559 -0.3062722652
560 -0.3062722652
561 -0.3062722652
562 -0.3062722652
563 -0.3062722652
564 -0.3062722652
565 -0.3062722652
566 -0.3062722652
567 -0.3062722652
568 -0.3062722652
569 -0.3062722652
570 -0.3062722652
571 -0.3062722652
572 -0.3062722652
573 -0.3062722652
574 -0.3062722652
575 -0.3062722652
576 -0.3062722652
577 -0.3062722652
578 -0.3062722652
579 -0.3062722652
580 -0.3062722652
581 -0.3062722652
582 -0.3062722652
583 -0.3062722652
584 -0.3062722652
585 -0.3062722652
586 -0.3062722652
587 -0.3062722652
588 -0.3062722652
589 -0.3062722652
590 -0.3062722652
591 -0.3062722652
592 -0.3062722652
593 -0.3062722652
594 -0.3062722652
595 -0.3062722652
596 -0.3062722652
597 -0.3062722652
598 -0.3062722652
599 -0.3062722652
600 -0.3062722652
601 -0.3062722652
602 -0.3062722652
603 -0.3062722652
604 -0.3062722652
605 -0.3062722652
606 -0.3062722652
607 -0.3062722652
608 -0.3062722652
609 -0.3062722652
610 -0.3062722652
611 -0.3062722652
612 -0.3062722652
613 -0.3062722652
614 -0.3062722652
615 -0.3062722652
616 -0.3062722652
617 -0.3062722652
618 -0.3062722652
619 -0.3062722652
620 -0.3062722652
621 -0.3062722652
622 -0.3062722652
623 -0.3062722652
624 -0.3062722652
625 -0.3062722652
626 -0.3062722652
627 -0.3062722652
628 -0.3062722652
629 -0.3062722652
630 -0.3062722652
631 -0.3062722652
632 -0.3062722652
633 -0.3062722652
634 -0.3062722652
635 -0.3062722652
636 -0.3062722652
637 -0.3062722652
638 -0.3062722652
639 -0.3062722652
640 -0.3062722652
641 -0.3062722652
642 -0.3062722652
643 -0.3062722652
644 -0.3062722652
645 -0.3062722652
646 -0.3062722652
647 -0.3062722652
648 -0.3062722652
649 -0.3062722652
650 -0.3062722652
651 -0.3062722652
652 -0.3062722652
653 -0.3062722652
654 -0.3062722652
655 -0.3062722652
656 -0.3062722652
657 -0.3062722652
658 -0.3062722651
659 -0.3062722651
660 -0.3062722651
661 -0.306272265
662 -0.306272265
663 -0.3062722649
664 -0.3062722648
665 -0.3062722647
666 -0.3062722646
667 -0.3062722644
668 -0.3062722642
669 -0.3062722639
670 -0.3062722636
671 -0.3062722632
672 -0.3062722627
673 -0.3062722621
674 -0.3062722613
675 -0.3062722603
676 -0.3062722591
677 -0.3062722577
678 -0.3062722558
679 -0.3062722536
680 -0.3062722509
681 -0.3062722475
682 -0.3062722433
683 -0.3062722382
684 -0.306272232
685 -0.3062722243
686 -0.306272215
687 -0.3062722035
688 -0.3062721896
689 -0.3062721725
690 -0.3062721518
691 -0.3062721265
692 -0.3062720958
693 -0.3062720585
694 -0.3062720133
695 -0.3062719585
696 -0.3062718921
697 -0.3062718119
698 -0.3062717149
699 -0.3062715979
700 -0.3062714568
701 -0.3062712869
702 -0.3062710826
703 -0.3062708369
704 -0.3062705421
705 -0.3062701885
706 -0.3062697649
707 -0.3062692579
708 -0.3062686519
709 -0.3062679282
710 -0.3062670649
711 -0.3062660361
712 -0.3062648113
713 -0.3062633549
714 -0.3062616249
715 -0.3062595718
716 -0.3062571382
717 -0.3062542563
718 -0.3062508474
719 -0.3062468191
720 -0.3062420642
721 -0.3062364574
722 -0.306229853
723 -0.3062220819
724 -0.3062129476
725 -0.3062022223
726 -0.3061896423
727 -0.3061749025
728 -0.3061576503
729 -0.3061374791
730 -0.3061139198
731 -0.3060864327
732 -0.3060543971
733 -0.3060170999
734 -0.3059737231
735 -0.3059233294
736 -0.3058648461
737 -0.3057970468
738 -0.3057185314
739 -0.3056277031
740 -0.3055227431
741 -0.3054015821
742 -0.305261869
743 -0.3051009353
744 -0.304915756
745 -0.3047029066
746 -0.3044585145
747 -0.304178206
748 -0.3038570476
749 -0.3034894811
750 -0.303069252
751 -0.3025893315
752 -0.3020418303
753 -0.301417904
754 -0.3007076503
755 -0.2998999963
756 -0.2989825758
757 -0.2979415956
758 -0.2967616908
759 -0.2954257673
760 -0.2939148317
761 -0.2922078079
762 -0.2902813387
763 -0.2881095727
764 -0.2856639359
765 -0.2829128861
766 -0.2798216513
767 -0.2763519495
768 -0.2724616916
769 -0.2681046645
770 -0.2632301968
771 -0.2577828038
772 -0.2517018145
773 -0.2449209788
774 -0.2373680549
775 -0.2289643789
776 -0.2196244151
777 -0.2092552885
778 -0.1977563006
779 -0.1850184293
780 -0.1709238138
781 -0.1553452272
782 -0.1381455377
783 -0.1191771607
784 -0.0982815056
785 -0.0752884176
786 -0.05001562087
787 -0.02226816409
788 0.008162126347
789 0.04149718154
790 0.07797320892
791 0.1178411896
792 0.1613673489
793 0.208833594
794 0.2605379122
795 0.3167947247
796 0.3779351865
797 0.4443074274
798 0.5162767263
799 0.5942256093
800 0.6785538664
801 0.7696784768
802 0.8680334355
803 0.9740694724
804 1.088253657
805 1.21106888
806 1.343013203
807 1.484599071
808 1.636352378
809 1.798811383
810 1.972525462
811 2.158053706
812 2.355963339
813 2.566827972
814 2.791225677
815 3.02973689
816 3.282942128
817 3.551419533
818 3.835742245
819 4.136475598
820 4.45417415
821 4.789378556
822 5.142612287
823 5.514378208
824 5.905155028
825 6.31539363
826 6.745513302
827 7.195897885
828 7.666891856
829 8.158796368
830 8.67186526
831 9.206301083
832 9.76225114
833 10.33980359
834 10.93898363
835 11.55974977
836 12.20199031
837 12.8655199
838 13.55007638
839 14.25531779
840 14.98081973
841 15.72607291
842 16.49048111
843 17.27335947
844 18.07393317
845 18.89133648
846 19.72461232
847 20.57271227
848 21.43449697
849 22.30873716
850 23.19411513
851 24.08922677
852 24.99258413
853 25.90261852
854 26.8176842
855 27.73606255
856 28.65596689
857 29.57554774
858 30.49289863
859 31.40606249
860 32.31303837
861 33.21178881
862 34.10024749
863 34.97632738
864 35.83792915
865 36.68295006
866 37.50929297
867 38.31487568
868 39.09764044
869 39.85556359
870 40.58666532
871 41.28901936
872 41.9607628
873 42.60010572
874 43.20534072
875 43.77485224
876 44.3071257
877 44.80075627
878 45.25445732
879 45.66706847
880 46.03756317
881 46.36505583
882 46.64880836
883 46.88823613
884 47.0829134
885 47.23257797
886 47.33713527
887 47.39666165
888 47.41140708
889 47.38179693
890 47.3084332
891 47.19209482
892 47.03373729
893 46.83449154
894 46.59566201
895 46.31872401
896 46.0053203
897 45.65725703
898 45.27649886
899 44.86516352
900 44.4255156
901 43.95995981
902 43.47103351
903 42.96139879
904 42.43383393
905 41.8912243
906 41.3365529
907 40.77289033
908 40.20338438
909 39.63124923
910 39.05975432
911 38.49221282
912 37.93196991
913 37.3823907
914 36.84684796
915 36.3287097
916 35.83132647
917 35.35801863
918 34.91206348
919 34.49668225
920 34.11502716
921 33.77016837
922 33.46508104
923 33.20263235
924 32.9855687
925 32.81650301
926 32.6979022
927 32.63207483
928 32.62115913
929 32.66711119
930 32.77169362
931 32.93646452
932 33.16276703
933 33.45171931
934 33.80420512
935 34.22086509
936 34.70208863
937 35.24800666
938 35.85848515
939 36.5331196
940 37.27123045
941 38.07185953
942 38.93376765
943 39.85543329
944 40.83505256
945 41.87054042
946 42.95953319
947 44.09939247
948 45.28721044
949 46.51981657
950 47.79378587
951 49.10544848
952 50.4509008
953 51.82601813
954 53.2264686
955 54.64772866
956 56.08509985
957 57.53372691
958 58.98861713
959 60.44466083
960 61.89665297
961 63.33931571
962 64.76732178
963 66.17531862
964 67.55795311
965 68.90989676
966 70.22587112
967 71.50067345
968 72.72920226
969 73.90648268
970 75.0276915
971 76.08818161
972 77.08350577
973 78.00943949
974 78.8620028
975 79.63748096
976 80.33244358
977 80.94376248
978 81.46862768
979 81.90456179
980 82.24943244
981 82.50146273
982 82.65923966
983 82.72172043
984 82.68823657
985 82.55849583
986 82.33258196
987 82.01095214
988 81.59443234
989 81.08421052
990 80.48182767
991 79.78916693
992 79.00844072
993 78.14217612
994 77.19319851
995 76.16461365
996 75.05978839
997 73.88233005
998 72.63606477
999 71.32501488
1000 69.95337555
1001 68.52549084
1002 67.04582938
1003 65.51895981
1004 63.94952618
1005 62.34222352
1006 60.70177367
1007 59.03290164
1008 57.3403125
1009 55.62866917
1010 53.90257096
1011 52.16653329
1012 50.42496849
1013 48.68216777
1014 46.94228467
1015 45.2093198
1016 43.48710704
1017 41.77930133
1018 40.08936792
1019 38.42057316
1020 36.77597693
1021 35.15842652
1022 33.57055209
1023 32.01476361
