#54898 2910.0045614383463484 0.0045697487055310747478 1 1357 16.000049430220818044 1024 7 1 J1713+0747 0.0000000 
0 0.2565104391
1 0.2565104391
2 0.2565104391
3 0.2565104391
4 0.2565104391
5 0.2565104391
6 0.2565104391
7 0.2565104391
8 0.2565104391
9 0.2565104391
10 0.2565104391
11 0.2565104391
12 0.2565104391
13 0.2565104391
14 0.2565104391
15 0.2565104391
16 0.2565104391
17 0.2565104391
18 0.2565104391
19 0.2565104391
20 0.2565104391
21 0.2565104391
22 0.2565104391
23 0.2565104391
24 0.2565104391
25 0.2565104391
26 0.2565104391
27 0.2565104391
28 0.2565104391
29 0.2565104391
30 0.2565104391
31 0.2565104391
32 0.2565104391
33 0.2565104391
34 0.2565104391
35 0.2565104391
36 0.2565104391
37 0.2565104391
38 0.2565104391
39 0.2565104391
40 0.2565104391
41 0.2565104391
42 0.2565104391
43 0.2565104391
44 0.2565104391
45 0.2565104391
46 0.2565104391
47 0.2565104391
48 0.2565104391
49 0.2565104391
50 0.2565104391
51 0.2565104392
52 0.2565104392
53 0.2565104392
54 0.2565104392
55 0.2565104392
56 0.2565104392
57 0.2565104393
58 0.2565104393
59 0.2565104394
60 0.2565104395
61 0.2565104396
62 0.2565104397
63 0.2565104398
64 0.25651044
65 0.2565104402
66 0.2565104405
67 0.2565104409
68 0.2565104413
69 0.2565104418
70 0.2565104425
71 0.2565104433
72 0.2565104443
73 0.2565104456
74 0.2565104472
75 0.2565104491
76 0.2565104514
77 0.2565104544
78 0.2565104579
79 0.2565104623
80 0.2565104677
81 0.2565104743
82 0.2565104824
83 0.2565104923
84 0.2565105044
85 0.2565105191
86 0.2565105371
87 0.2565105589
88 0.2565105855
89 0.2565106179
90 0.2565106571
91 0.2565107047
92 0.2565107624
93 0.2565108322
94 0.2565109165
95 0.2565110184
96 0.2565111412
97 0.2565112893
98 0.2565114675
99 0.2565116819
100 0.2565119393
101 0.2565122483
102 0.2565126186
103 0.2565130621
104 0.2565135925
105 0.2565142264
106 0.2565149831
107 0.2565158853
108 0.25651696
109 0.2565182389
110 0.2565197589
111 0.2565215639
112 0.2565237048
113 0.2565262416
114 0.2565292442
115 0.2565327945
116 0.256536988
117 0.2565419358
118 0.2565477675
119 0.2565546338
120 0.2565627096
121 0.2565721979
122 0.2565833341
123 0.2565963904
124 0.2566116816
125 0.2566295713
126 0.2566504789
127 0.2566748875
128 0.2567033532
129 0.256736515
130 0.2567751065
131 0.256819969
132 0.2568720659
133 0.2569324996
134 0.2570025292
135 0.2570835921
136 0.2571773264
137 0.2572855973
138 0.2574105253
139 0.2575545193
140 0.2577203115
141 0.2579109975
142 0.2581300804
143 0.2583815193
144 0.2586697836
145 0.258999912
146 0.2593775786
147 0.2598091647
148 0.2603018384
149 0.260863641
150 0.2615035826
151 0.2622317458
152 0.2630593997
153 0.2639991225
154 0.2650649369
155 0.2662724551
156 0.2676390375
157 0.2691839627
158 0.2709286123
159 0.2728966693
160 0.2751143314
161 0.2776105402
162 0.2804172259
163 0.2835695693
164 0.2871062812
165 0.2910698987
166 0.2955071004
167 0.3004690403
168 0.3060116992
169 0.3121962564
170 0.3190894789
171 0.3267641298
172 0.3352993954
173 0.3447813286
174 0.3553033114
175 0.3669665312
176 0.3798804745
177 0.3941634317
178 0.4099430159
179 0.4273566901
180 0.4465523028
181 0.4676886283
182 0.4909359091
183 0.5164763976
184 0.544504892
185 0.5752292646
186 0.608870976
187 0.645665572
188 0.685863157
189 0.7297288395
190 0.7775431425
191 0.8296023741
192 0.886218951
193 0.9477216674
194 1.014455904
195 1.086783767
196 1.165084153
197 1.249752732
198 1.341201831
199 1.439860227
200 1.546172831
201 1.660600251
202 1.783618239
203 1.915717005
204 2.057400391
205 2.209184908
206 2.371598611
207 2.545179831
208 2.730475733
209 2.928040722
210 3.138434664
211 3.362220951
212 3.599964385
213 3.85222889
214 4.119575055
215 4.402557506
216 4.701722115
217 5.017603047
218 5.350719657
219 5.70157324
220 6.070643652
221 6.458385809
222 6.865226073
223 7.291558557
224 7.737741345
225 8.204092665
226 8.690887024
227 9.198351331
228 9.726661032
229 10.27593629
230 10.8462382
231 11.43756514
232 12.04984922
233 12.68295286
234 13.33666557
235 14.01070095
236 14.7046939
237 15.41819813
238 16.15068395
239 16.9015364
240 17.67005372
241 18.45544627
242 19.25683575
243 20.07325497
244 20.90364799
245 21.74687082
246 22.60169253
247 23.46679693
248 24.34078475
249 25.22217637
250 26.10941504
251 27.00087067
252 27.89484416
253 28.78957224
254 29.68323282
255 30.57395088
256 31.45980481
257 32.33883319
258 33.20904211
259 34.06841278
260 34.91490959
261 35.74648847
262 36.56110557
263 37.35672621
264 38.13133399
265 38.88294014
266 39.60959287
267 40.30938694
268 40.98047309
269 41.62106751
270 42.22946119
271 42.80402914
272 43.34323932
273 43.84566146
274 44.3099754
275 44.73497923
276 45.11959685
277 45.46288527
278 45.76404119
279 46.02240727
280 46.23747762
281 46.40890278
282 46.53649409
283 46.6202273
284 46.66024553
285 46.65686156
286 46.61055934
287 46.52199476
288 46.39199579
289 46.22156172
290 46.01186178
291 45.76423298
292 45.48017724
293 45.16135777
294 44.80959486
295 44.42686083
296 44.0152745
297 43.57709489
298 43.11471438
299 42.63065128
300 42.12754187
301 41.60813184
302 41.07526734
303 40.53188552
304 39.98100462
305 39.4257137
306 38.86916198
307 38.31454789
308 37.76510774
309 37.22410417
310 36.69481438
311 36.18051807
312 35.68448527
313 35.209964
314 34.76016777
315 34.33826306
316 33.94735667
317 33.59048307
318 33.2705918
319 32.99053478
320 32.75305386
321 32.56076832
322 32.41616262
323 32.32157429
324 32.27918205
325 32.29099421
326 32.3588374
327 32.48434562
328 32.6689498
329 32.91386771
330 33.22009454
331 33.58839391
332 34.01928974
333 34.51305859
334 35.06972299
335 35.68904547
336 36.37052359
337 37.11338584
338 37.91658869
339 38.77881464
340 39.69847143
341 40.67369255
342 41.70233889
343 42.78200175
344 43.9100072
345 45.08342181
346 46.29905974
347 47.55349136
348 48.84305312
349 50.16385905
350 51.51181351
351 52.88262538
352 54.27182368
353 55.67477436
354 57.08669843
355 58.50269127
356 59.91774299
357 61.32675983
358 62.72458643
359 64.10602892
360 65.4658786
361 66.79893623
362 68.10003659
363 69.36407338
364 70.58602408
365 71.76097479
366 72.88414477
367 73.95091059
368 74.95682965
369 75.89766292
370 76.76939684
371 77.56826404
372 78.29076287
373 78.93367554
374 79.49408471
375 79.96938846
376 80.3573135
377 80.65592647
378 80.86364333
379 80.97923671
380 81.00184116
381 80.9309563
382 80.76644782
383 80.50854627
384 80.15784384
385 79.71528889
386 79.18217849
387 78.56014896
388 77.85116447
389 77.0575038
390 76.18174542
391 75.22675095
392 74.19564716
393 73.09180667
394 71.91882748
395 70.68051145
396 69.38084204
397 68.02396134
398 66.61414656
399 65.15578631
400 63.65335665
401 62.11139724
402 60.53448763
403 58.92722399
404 57.29419626
405 55.63996605
406 53.96904534
407 52.28587602
408 50.59481062
409 48.90009406
410 47.20584675
411 45.51604893
412 43.83452646
413 42.16493801
414 40.51076376
415 38.87529555
416 37.2616286
417 35.6726547
418 34.11105691
419 32.57930573
420 31.07965671
421 29.6141494
422 28.18460772
423 26.79264148
424 25.43964917
425 24.12682187
426 22.85514813
427 21.62541982
428 20.43823888
429 19.29402474
430 18.19302249
431 17.13531153
432 16.1208148
433 15.14930829
434 14.22043094
435 13.33369464
436 12.48849448
437 11.68411891
438 10.91975999
439 10.19452343
440 9.507438577
441 8.857468066
442 8.243517293
443 7.664443497
444 7.119064517
445 6.606167128
446 6.124514963
447 5.672855973
448 5.249929426
449 4.854472413
450 4.485225869
451 4.140940097
452 3.8203798
453 3.522328617
454 3.245593187
455 2.989006735
456 2.751432208
457 2.531764971
458 2.328935082
459 2.141909169
460 1.969691932
461 1.81132729
462 1.665899198
463 1.532532159
464 1.410391456
465 1.298683128
466 1.196653715
467 1.103589793
468 1.01881733
469 0.9417008702
470 0.8716425921
471 0.8080812328
472 0.7504909209
473 0.6983799244
474 0.6512893332
475 0.6087916939
476 0.5704896084
477 0.5360143123
478 0.5050242432
479 0.477203611
480 0.4522609788
481 0.4299278634
482 0.4099573631
483 0.3921228179
484 0.3762165091
485 0.3620484011
486 0.3494449302
487 0.3382478427
488 0.3283130841
489 0.3195097411
490 0.3117190378
491 0.304833385
492 0.2987554834
493 0.293397481
494 0.2886801812
495 0.2845323031
496 0.2808897908
497 0.2776951711
498 0.2748969569
499 0.2724490948
500 0.2703104549
501 0.2684443604
502 0.2668181551
503 0.2654028067
504 0.2641725435
505 0.2631045221
506 0.2621785253
507 0.2613766864
508 0.2606832393
509 0.2600842922
510 0.2595676226
511 0.2591224921
512 0.2587394807
513 0.258410336
514 0.2581278397
515 0.2578856866
516 0.2576783771
517 0.2575011214
518 0.2573497536
519 0.2572206556
520 0.2571106895
521 0.2570171379
522 0.2569376506
523 0.2568701981
524 0.2568130302
525 0.2567646396
526 0.2567237299
527 0.2566891881
528 0.2566600595
529 0.2566355266
530 0.2566148901
531 0.2565975529
532 0.2565830057
533 0.2565708148
534 0.2565606114
535 0.256552082
536 0.2565449609
537 0.256539023
538 0.2565340779
539 0.2565299648
540 0.2565265478
541 0.2565237128
542 0.2565213636
543 0.2565194192
544 0.256517812
545 0.2565164852
546 0.2565153911
547 0.2565144902
548 0.2565137491
549 0.2565131404
550 0.2565126409
551 0.2565122316
552 0.2565118967
553 0.2565116229
554 0.2565113994
555 0.2565112171
556 0.2565110687
557 0.256510948
558 0.2565108499
559 0.2565107703
560 0.2565107058
561 0.2565106536
562 0.2565106115
563 0.2565105774
564 0.2565105499
565 0.2565105278
566 0.25651051
567 0.2565104958
568 0.2565104843
569 0.2565104751
570 0.2565104677
571 0.2565104619
572 0.2565104572
573 0.2565104534
574 0.2565104504
575 0.2565104481
576 0.2565104462
577 0.2565104447
578 0.2565104435
579 0.2565104426
580 0.2565104418
581 0.2565104412
582 0.2565104408
583 0.2565104404
584 0.2565104401
585 0.2565104399
586 0.2565104397
587 0.2565104396
588 0.2565104395
589 0.2565104394
590 0.2565104393
591 0.2565104393
592 0.2565104392
593 0.2565104392
594 0.2565104392
595 0.2565104392
596 0.2565104392
597 0.2565104391
598 0.2565104391
599 0.2565104391
600 0.2565104391
601 0.2565104391
602 0.2565104391
603 0.2565104391
604 0.2565104391
605 0.2565104391
606 0.2565104391
607 0.2565104391
608 0.2565104391
609 0.2565104391
610 0.2565104391
611 0.2565104391
612 0.2565104391
613 0.2565104391
614 0.2565104391
615 0.2565104391
616 0.2565104391
617 0.2565104391
618 0.2565104391
619 0.2565104391
620 0.2565104391
621 0.2565104391
622 0.2565104391
623 0.2565104391
624 0.2565104391
625 0.2565104391
626 0.2565104391
627 0.2565104391
628 0.2565104391
629 0.2565104391
630 0.2565104391
631 0.2565104391
632 0.2565104391
633 0.2565104391
634 0.2565104391
635 0.2565104391
636 0.2565104391
637 0.2565104391
638 0.2565104391
639 0.2565104391
640 0.2565104391
641 0.2565104391
642 0.2565104391
643 0.2565104391
644 0.2565104391
645 0.2565104391
646 0.2565104391
647 0.2565104391
648 0.2565104391
649 0.2565104391
650 0.2565104391
651 0.2565104391
652 0.2565104391
653 0.2565104391
654 0.2565104391
655 0.2565104391
656 0.2565104391
657 0.2565104391
658 0.2565104391
659 0.2565104391
660 0.2565104391
661 0.2565104391
662 0.2565104391
663 0.2565104391
664 0.2565104391
665 0.2565104391
666 0.2565104391
667 0.2565104391
668 0.2565104391
669 0.2565104391
670 0.2565104391
671 0.2565104391
672 0.2565104391
673 0.2565104391
674 0.2565104391
675 0.2565104391
676 0.2565104391
677 0.2565104391
678 0.2565104391
679 0.2565104391
680 0.2565104391
681 0.2565104391
682 0.2565104391
683 0.2565104391
684 0.2565104391
685 0.2565104391
686 0.2565104391
687 0.2565104391
688 0.2565104391
689 0.2565104391
690 0.2565104391
691 0.2565104391
692 0.2565104391
693 0.2565104391
694 0.2565104391
695 0.2565104391
696 0.2565104391
697 0.2565104391
698 0.2565104391
699 0.2565104391
700 0.2565104391
701 0.2565104391
702 0.2565104391
703 0.2565104391
704 0.2565104391
705 0.2565104391
706 0.2565104391
707 0.2565104391
708 0.2565104391
709 0.2565104391
710 0.2565104391
711 0.2565104391
712 0.2565104391
713 0.2565104391
714 0.2565104391
715 0.2565104391
716 0.2565104391
717 0.2565104391
718 0.2565104391
719 0.2565104391
720 0.2565104391
721 0.2565104391
722 0.2565104391
723 0.2565104391
724 0.2565104391
725 0.2565104391
726 0.2565104391
727 0.2565104391
728 0.2565104391
729 0.2565104391
730 0.2565104391
731 0.2565104391
732 0.2565104391
733 0.2565104391
734 0.2565104391
735 0.2565104391
736 0.2565104391
737 0.2565104391
738 0.2565104391
739 0.2565104391
740 0.2565104391
741 0.2565104391
742 0.2565104391
743 0.2565104391
744 0.2565104391
745 0.2565104391
746 0.2565104391
747 0.2565104391
748 0.2565104391
749 0.2565104391
750 0.2565104391
751 0.2565104391
752 0.2565104391
753 0.2565104391
754 0.2565104391
755 0.2565104391
756 0.2565104391
757 0.2565104391
758 0.2565104391
759 0.2565104391
760 0.2565104391
761 0.2565104391
762 0.2565104391
763 0.2565104391
764 0.2565104391
765 0.2565104391
766 0.2565104391
767 0.2565104391
768 0.2565104391
769 0.2565104391
770 0.2565104391
771 0.2565104391
772 0.2565104391
773 0.2565104391
774 0.2565104391
775 0.2565104391
776 0.2565104391
777 0.2565104391
778 0.2565104391
779 0.2565104391
780 0.2565104391
781 0.2565104391
782 0.2565104391
783 0.2565104391
784 0.2565104391
785 0.2565104391
786 0.2565104391
787 0.2565104391
788 0.2565104391
789 0.2565104391
790 0.2565104391
791 0.2565104391
792 0.2565104391
793 0.2565104391
794 0.2565104391
795 0.2565104391
796 0.2565104391
797 0.2565104391
798 0.2565104391
799 0.2565104391
800 0.2565104391
801 0.2565104391
802 0.2565104391
803 0.2565104391
804 0.2565104391
805 0.2565104391
806 0.2565104391
807 0.2565104391
808 0.2565104391
809 0.2565104391
810 0.2565104391
811 0.2565104391
812 0.2565104391
813 0.2565104391
814 0.2565104391
815 0.2565104391
816 0.2565104391
817 0.2565104391
818 0.2565104391
819 0.2565104391
820 0.2565104391
821 0.2565104391
822 0.2565104391
823 0.2565104391
824 0.2565104391
825 0.2565104391
826 0.2565104391
827 0.2565104391
828 0.2565104391
829 0.2565104391
830 0.2565104391
831 0.2565104391
832 0.2565104391
833 0.2565104391
834 0.2565104391
835 0.2565104391
836 0.2565104391
837 0.2565104391
838 0.2565104391
839 0.2565104391
840 0.2565104391
841 0.2565104391
842 0.2565104391
843 0.2565104391
844 0.2565104391
845 0.2565104391
846 0.2565104391
847 0.2565104391
848 0.2565104391
849 0.2565104391
850 0.2565104391
851 0.2565104391
852 0.2565104391
853 0.2565104391
854 0.2565104391
855 0.2565104391
856 0.2565104391
857 0.2565104391
858 0.2565104391
859 0.2565104391
860 0.2565104391
861 0.2565104391
862 0.2565104391
863 0.2565104391
864 0.2565104391
865 0.2565104391
866 0.2565104391
867 0.2565104391
868 0.2565104391
869 0.2565104391
870 0.2565104391
871 0.2565104391
872 0.2565104391
873 0.2565104391
874 0.2565104391
875 0.2565104391
876 0.2565104391
877 0.2565104391
878 0.2565104391
879 0.2565104391
880 0.2565104391
881 0.2565104391
882 0.2565104391
883 0.2565104391
884 0.2565104391
885 0.2565104391
886 0.2565104391
887 0.2565104391
888 0.2565104391
889 0.2565104391
890 0.2565104391
891 0.2565104391
892 0.2565104391
893 0.2565104391
894 0.2565104391
895 0.2565104391
896 0.2565104391
897 0.2565104391
898 0.2565104391
899 0.2565104391
900 0.2565104391
901 0.2565104391
902 0.2565104391
903 0.2565104391
904 0.2565104391
905 0.2565104391
906 0.2565104391
907 0.2565104391
908 0.2565104391
909 0.2565104391
910 0.2565104391
911 0.2565104391
912 0.2565104391
913 0.2565104391
914 0.2565104391
915 0.2565104391
916 0.2565104391
917 0.2565104391
918 0.2565104391
919 0.2565104391
920 0.2565104391
921 0.2565104391
922 0.2565104391
923 0.2565104391
924 0.2565104391
925 0.2565104391
926 0.2565104391
927 0.2565104391
928 0.2565104391
929 0.2565104391
930 0.2565104391
931 0.2565104391
932 0.2565104391
933 0.2565104391
934 0.2565104391
935 0.2565104391
936 0.2565104391
937 0.2565104391
938 0.2565104391
939 0.2565104391
940 0.2565104391
941 0.2565104391
942 0.2565104391
943 0.2565104391
944 0.2565104391
945 0.2565104391
946 0.2565104391
947 0.2565104391
948 0.2565104391
949 0.2565104391
950 0.2565104391
951 0.2565104391
952 0.2565104391
953 0.2565104391
954 0.2565104391
955 0.2565104391
956 0.2565104391
957 0.2565104391
958 0.2565104391
959 0.2565104391
960 0.2565104391
961 0.2565104391
962 0.2565104391
963 0.2565104391
964 0.2565104391
965 0.2565104391
966 0.2565104391
967 0.2565104391
968 0.2565104391
969 0.2565104391
970 0.2565104391
971 0.2565104391
972 0.2565104391
973 0.2565104391
974 0.2565104391
975 0.2565104391
976 0.2565104391
977 0.2565104391
978 0.2565104391
979 0.2565104391
980 0.2565104391
981 0.2565104391
982 0.2565104391
983 0.2565104391
984 0.2565104391
985 0.2565104391
986 0.2565104391
987 0.2565104391
988 0.2565104391
989 0.2565104391
990 0.2565104391
991 0.2565104391
992 0.2565104391
993 0.2565104391
994 0.2565104391
995 0.2565104391
996 0.2565104391
997 0.2565104391
998 0.2565104391
999 0.2565104391
1000 0.2565104391
1001 0.2565104391
1002 0.2565104391
1003 0.2565104391
1004 0.2565104391
1005 0.2565104391
1006 0.2565104391
1007 0.2565104391
1008 0.2565104391
1009 0.2565104391
1010 0.2565104391
1011 0.2565104391
1012 0.2565104391
1013 0.2565104391
1014 0.2565104391
1015 0.2565104391
1016 0.2565104391
1017 0.2565104391
1018 0.2565104391
1019 0.2565104391
1020 0.2565104391
1021 0.2565104391
1022 0.2565104391
1023 0.2565104391
