#54789 2910.0033328710941471 0.004570261722785994192 1 1317 16.000049430220818044 1024 7 1 J1713+0747 0.0000000 
0 11.2229495
1 10.44481281
2 9.706737051
3 9.00770796
4 8.34664472
5 7.722409584
6 7.13381717
7 6.579643385
8 6.058633915
9 5.569512281
10 5.110987418
11 4.681760774
12 4.280532898
13 3.906009537
14 3.556907207
15 3.231958266
16 2.929915482
17 2.64955611
18 2.389685482
19 2.149140142
20 1.926790524
21 1.721543208
22 1.532342767
23 1.358173237
24 1.198059221
25 1.051066661
26 0.9163033076
27 0.7929188956
28 0.6801050705
29 0.5770950772
30 0.483163242
31 0.3976242684
32 0.3198323727
33 0.2491802784
34 0.1850980923
35 0.127052081
36 0.07454336752
37 0.0271065637
38 -0.01569164434
39 -0.05425394345
40 -0.08895386004
41 -0.1201372339
42 -0.1481236882
43 -0.1732080865
44 -0.1956619677
45 -0.2157349518
46 -0.2336561109
47 -0.2496352985
48 -0.2638644349
49 -0.2765187428
50 -0.287757933
51 -0.2977273354
52 -0.3065589771
53 -0.3143726033
54 -0.3212766447
55 -0.327369128
56 -0.3327385328
57 -0.3374645948
58 -0.3416190563
59 -0.3452663665
60 -0.3484643329
61 -0.351264725
62 -0.3537138341
63 -0.355852989
64 -0.3577190322
65 -0.3593447571
66 -0.3607593084
67 -0.3619885499
68 -0.3630553991
69 -0.3639801325
70 -0.3647806638
71 -0.3654727953
72 -0.3660704469
73 -0.3665858618
74 -0.367029793
75 -0.367411671
76 -0.3677397544
77 -0.3680212652
78 -0.3682625095
79 -0.3684689861
80 -0.3686454829
81 -0.3687961627
82 -0.36892464
83 -0.3690340484
84 -0.369127101
85 -0.3692061433
86 -0.3692732005
87 -0.3693300184
88 -0.3693781001
89 -0.3694187378
90 -0.369453041
91 -0.3694819608
92 -0.3695063114
93 -0.3695267892
94 -0.3695439885
95 -0.3695584162
96 -0.3695705037
97 -0.3695806181
98 -0.3695890707
99 -0.3695961259
100 -0.3696020073
101 -0.369606904
102 -0.3696109759
103 -0.3696143577
104 -0.3696171628
105 -0.3696194867
106 -0.3696214095
107 -0.3696229985
108 -0.3696243099
109 -0.369625391
110 -0.3696262811
111 -0.369627013
112 -0.369627614
113 -0.3696281071
114 -0.369628511
115 -0.3696288414
116 -0.3696291115
117 -0.3696293319
118 -0.3696295116
119 -0.3696296579
120 -0.3696297768
121 -0.3696298734
122 -0.3696299518
123 -0.3696300153
124 -0.3696300666
125 -0.3696301082
126 -0.3696301417
127 -0.3696301687
128 -0.3696301904
129 -0.3696302079
130 -0.3696302219
131 -0.3696302332
132 -0.3696302422
133 -0.3696302495
134 -0.3696302552
135 -0.3696302598
136 -0.3696302635
137 -0.3696302664
138 -0.3696302688
139 -0.3696302706
140 -0.3696302721
141 -0.3696302732
142 -0.3696302741
143 -0.3696302749
144 -0.3696302754
145 -0.3696302759
146 -0.3696302763
147 -0.3696302765
148 -0.3696302768
149 -0.3696302769
150 -0.3696302771
151 -0.3696302772
152 -0.3696302773
153 -0.3696302773
154 -0.3696302774
155 -0.3696302774
156 -0.3696302774
157 -0.3696302775
158 -0.3696302775
159 -0.3696302775
160 -0.3696302775
161 -0.3696302775
162 -0.3696302775
163 -0.3696302775
164 -0.3696302775
165 -0.3696302775
166 -0.3696302775
167 -0.3696302775
168 -0.3696302775
169 -0.3696302775
170 -0.3696302775
171 -0.3696302775
172 -0.3696302775
173 -0.3696302775
174 -0.3696302775
175 -0.3696302775
176 -0.3696302775
177 -0.3696302775
178 -0.3696302775
179 -0.3696302775
180 -0.3696302775
181 -0.3696302775
182 -0.3696302775
183 -0.3696302775
184 -0.3696302775
185 -0.3696302775
186 -0.3696302775
187 -0.3696302775
188 -0.3696302775
189 -0.3696302775
190 -0.3696302775
191 -0.3696302775
192 -0.3696302775
193 -0.3696302775
194 -0.3696302775
195 -0.3696302775
196 -0.3696302775
197 -0.3696302775
198 -0.3696302775
199 -0.3696302775
200 -0.3696302775
201 -0.3696302775
202 -0.3696302775
203 -0.3696302775
204 -0.3696302775
205 -0.3696302775
206 -0.3696302775
207 -0.3696302775
208 -0.3696302775
209 -0.3696302775
210 -0.3696302775
211 -0.3696302775
212 -0.3696302775
213 -0.3696302775
214 -0.3696302775
215 -0.3696302775
216 -0.3696302775
217 -0.3696302775
218 -0.3696302775
219 -0.3696302775
220 -0.3696302775
221 -0.3696302775
222 -0.3696302775
223 -0.3696302775
224 -0.3696302775
225 -0.3696302775
226 -0.3696302775
227 -0.3696302775
228 -0.3696302775
229 -0.3696302775
230 -0.3696302775
231 -0.3696302775
232 -0.3696302775
233 -0.3696302775
234 -0.3696302775
235 -0.3696302775
236 -0.3696302775
237 -0.3696302775
238 -0.3696302775
239 -0.3696302775
240 -0.3696302775
241 -0.3696302775
242 -0.3696302775
243 -0.3696302775
244 -0.3696302775
245 -0.3696302775
246 -0.3696302775
247 -0.3696302775
248 -0.3696302775
249 -0.3696302775
250 -0.3696302775
251 -0.3696302775
252 -0.3696302775
253 -0.3696302775
254 -0.3696302775
255 -0.3696302775
256 -0.3696302775
257 -0.3696302775
258 -0.3696302775
259 -0.3696302775
260 -0.3696302775
261 -0.3696302775
262 -0.3696302775
263 -0.3696302775
264 -0.3696302775
265 -0.3696302775
266 -0.3696302775
267 -0.3696302775
268 -0.3696302775
269 -0.3696302775
270 -0.3696302775
271 -0.3696302775
272 -0.3696302775
273 -0.3696302775
274 -0.3696302775
275 -0.3696302775
276 -0.3696302775
277 -0.3696302775
278 -0.3696302775
279 -0.3696302775
280 -0.3696302775
281 -0.3696302775
282 -0.3696302775
283 -0.3696302775
284 -0.3696302775
285 -0.3696302775
286 -0.3696302775
287 -0.3696302775
288 -0.3696302775
289 -0.3696302775
290 -0.3696302775
291 -0.3696302775
292 -0.3696302775
293 -0.3696302775
294 -0.3696302775
295 -0.3696302775
296 -0.3696302775
297 -0.3696302775
298 -0.3696302775
299 -0.3696302775
300 -0.3696302775
301 -0.3696302775
302 -0.3696302775
303 -0.3696302775
304 -0.3696302775
305 -0.3696302775
306 -0.3696302775
307 -0.3696302775
308 -0.3696302775
309 -0.3696302775
310 -0.3696302775
311 -0.3696302775
312 -0.3696302775
313 -0.3696302775
314 -0.3696302775
315 -0.3696302775
316 -0.3696302775
317 -0.3696302775
318 -0.3696302775
319 -0.3696302775
320 -0.3696302775
321 -0.3696302775
322 -0.3696302775
323 -0.3696302775
324 -0.3696302775
325 -0.3696302775
326 -0.3696302775
327 -0.3696302775
328 -0.3696302775
329 -0.3696302775
330 -0.3696302775
331 -0.3696302775
332 -0.3696302775
333 -0.3696302775
334 -0.3696302775
335 -0.3696302775
336 -0.3696302775
337 -0.3696302775
338 -0.3696302775
339 -0.3696302775
340 -0.3696302775
341 -0.3696302775
342 -0.3696302775
343 -0.3696302775
344 -0.3696302775
345 -0.3696302775
346 -0.3696302775
347 -0.3696302775
348 -0.3696302775
349 -0.3696302775
350 -0.3696302775
351 -0.3696302775
352 -0.3696302775
353 -0.3696302775
354 -0.3696302775
355 -0.3696302775
356 -0.3696302775
357 -0.3696302775
358 -0.3696302775
359 -0.3696302775
360 -0.3696302775
361 -0.3696302775
362 -0.3696302775
363 -0.3696302775
364 -0.3696302775
365 -0.3696302775
366 -0.3696302775
367 -0.3696302775
368 -0.3696302775
369 -0.3696302775
370 -0.3696302775
371 -0.3696302775
372 -0.3696302775
373 -0.3696302775
374 -0.3696302775
375 -0.3696302775
376 -0.3696302775
377 -0.3696302775
378 -0.3696302775
379 -0.3696302775
380 -0.3696302775
381 -0.3696302775
382 -0.3696302775
383 -0.3696302775
384 -0.3696302775
385 -0.3696302775
386 -0.3696302775
387 -0.3696302775
388 -0.3696302775
389 -0.3696302775
390 -0.3696302775
391 -0.3696302775
392 -0.3696302775
393 -0.3696302775
394 -0.3696302775
395 -0.3696302775
396 -0.3696302775
397 -0.3696302775
398 -0.3696302775
399 -0.3696302775
400 -0.3696302775
401 -0.3696302775
402 -0.3696302775
403 -0.3696302775
404 -0.3696302775
405 -0.3696302775
406 -0.3696302775
407 -0.3696302775
408 -0.3696302775
409 -0.3696302775
410 -0.3696302775
411 -0.3696302775
412 -0.3696302775
413 -0.3696302775
414 -0.3696302775
415 -0.3696302775
416 -0.3696302775
417 -0.3696302775
418 -0.3696302775
419 -0.3696302775
420 -0.3696302775
421 -0.3696302775
422 -0.3696302775
423 -0.3696302775
424 -0.3696302775
425 -0.3696302775
426 -0.3696302775
427 -0.3696302775
428 -0.3696302775
429 -0.3696302775
430 -0.3696302775
431 -0.3696302775
432 -0.3696302775
433 -0.3696302775
434 -0.3696302775
435 -0.3696302775
436 -0.3696302775
437 -0.3696302775
438 -0.3696302775
439 -0.3696302775
440 -0.3696302775
441 -0.3696302775
442 -0.3696302775
443 -0.3696302775
444 -0.3696302775
445 -0.3696302775
446 -0.3696302775
447 -0.3696302775
448 -0.3696302775
449 -0.3696302775
450 -0.3696302775
451 -0.3696302775
452 -0.3696302775
453 -0.3696302775
454 -0.3696302775
455 -0.3696302775
456 -0.3696302775
457 -0.3696302775
458 -0.3696302775
459 -0.3696302775
460 -0.3696302775
461 -0.3696302775
462 -0.3696302775
463 -0.3696302775
464 -0.3696302775
465 -0.3696302775
466 -0.3696302775
467 -0.3696302775
468 -0.3696302775
469 -0.3696302775
470 -0.3696302775
471 -0.3696302775
472 -0.3696302775
473 -0.3696302775
474 -0.3696302775
475 -0.3696302775
476 -0.3696302775
477 -0.3696302775
478 -0.3696302775
479 -0.3696302775
480 -0.3696302775
481 -0.3696302775
482 -0.3696302775
483 -0.3696302775
484 -0.3696302775
485 -0.3696302775
486 -0.3696302775
487 -0.3696302775
488 -0.3696302775
489 -0.3696302775
490 -0.3696302775
491 -0.3696302775
492 -0.3696302775
493 -0.3696302775
494 -0.3696302775
495 -0.3696302775
496 -0.3696302775
497 -0.3696302775
498 -0.3696302775
499 -0.3696302775
500 -0.3696302775
501 -0.3696302775
502 -0.3696302775
503 -0.3696302775
504 -0.3696302775
505 -0.3696302775
506 -0.3696302775
507 -0.3696302775
508 -0.3696302775
509 -0.3696302775
510 -0.3696302775
511 -0.3696302775
512 -0.3696302775
513 -0.3696302775
514 -0.3696302775
515 -0.3696302775
516 -0.3696302775
517 -0.3696302775
518 -0.3696302775
519 -0.3696302775
520 -0.3696302775
521 -0.3696302775
522 -0.3696302775
523 -0.3696302775
524 -0.3696302775
525 -0.3696302775
526 -0.3696302775
527 -0.3696302775
528 -0.3696302775
529 -0.3696302775
530 -0.3696302775
531 -0.3696302775
532 -0.3696302775
533 -0.3696302775
534 -0.3696302775
535 -0.3696302775
536 -0.3696302775
537 -0.3696302775
538 -0.3696302775
539 -0.3696302775
540 -0.3696302775
541 -0.3696302775
542 -0.3696302775
543 -0.3696302775
544 -0.3696302775
545 -0.3696302775
546 -0.3696302775
547 -0.3696302775
548 -0.3696302775
549 -0.3696302775
550 -0.3696302775
551 -0.3696302775
552 -0.3696302775
553 -0.3696302775
554 -0.3696302775
555 -0.3696302775
556 -0.3696302775
557 -0.3696302775
558 -0.3696302775
559 -0.3696302775
560 -0.3696302775
561 -0.3696302775
562 -0.3696302775
563 -0.3696302775
564 -0.3696302775
565 -0.3696302775
566 -0.3696302775
567 -0.3696302775
568 -0.3696302775
569 -0.3696302775
570 -0.3696302775
571 -0.3696302775
572 -0.3696302775
573 -0.3696302775
574 -0.3696302775
575 -0.3696302775
576 -0.3696302775
577 -0.3696302775
578 -0.3696302775
579 -0.3696302775
580 -0.3696302775
581 -0.3696302775
582 -0.3696302775
583 -0.3696302775
584 -0.3696302775
585 -0.3696302775
586 -0.3696302775
587 -0.3696302775
588 -0.3696302775
589 -0.3696302775
590 -0.3696302775
591 -0.3696302775
592 -0.3696302775
593 -0.3696302775
594 -0.3696302775
595 -0.3696302775
596 -0.3696302775
597 -0.3696302775
598 -0.3696302775
599 -0.3696302775
600 -0.3696302775
601 -0.3696302775
602 -0.3696302775
603 -0.3696302775
604 -0.3696302775
605 -0.3696302775
606 -0.3696302775
607 -0.3696302775
608 -0.3696302775
609 -0.3696302775
610 -0.3696302775
611 -0.3696302775
612 -0.3696302775
613 -0.3696302775
614 -0.3696302775
615 -0.3696302775
616 -0.3696302775
617 -0.3696302775
618 -0.3696302775
619 -0.3696302775
620 -0.3696302775
621 -0.3696302775
622 -0.3696302775
623 -0.3696302775
624 -0.3696302775
625 -0.3696302775
626 -0.3696302775
627 -0.3696302775
628 -0.3696302775
629 -0.3696302775
630 -0.3696302775
631 -0.3696302775
632 -0.3696302775
633 -0.3696302775
634 -0.3696302775
635 -0.3696302775
636 -0.3696302775
637 -0.3696302775
638 -0.3696302775
639 -0.3696302775
640 -0.3696302775
641 -0.3696302774
642 -0.3696302774
643 -0.3696302774
644 -0.3696302773
645 -0.3696302773
646 -0.3696302772
647 -0.3696302771
648 -0.369630277
649 -0.3696302769
650 -0.3696302768
651 -0.3696302766
652 -0.3696302763
653 -0.369630276
654 -0.3696302757
655 -0.3696302752
656 -0.3696302746
657 -0.3696302739
658 -0.369630273
659 -0.3696302719
660 -0.3696302705
661 -0.3696302689
662 -0.3696302668
663 -0.3696302643
664 -0.3696302611
665 -0.3696302573
666 -0.3696302526
667 -0.3696302468
668 -0.3696302397
669 -0.369630231
670 -0.3696302204
671 -0.3696302074
672 -0.3696301916
673 -0.3696301724
674 -0.3696301489
675 -0.3696301204
676 -0.3696300857
677 -0.3696300436
678 -0.3696299926
679 -0.3696299308
680 -0.3696298561
681 -0.3696297658
682 -0.3696296567
683 -0.3696295252
684 -0.3696293667
685 -0.369629176
686 -0.3696289468
687 -0.3696286714
688 -0.3696283411
689 -0.3696279452
690 -0.3696274712
691 -0.3696269044
692 -0.3696262272
693 -0.3696254191
694 -0.3696244556
695 -0.3696233083
696 -0.3696219433
697 -0.3696203212
698 -0.3696183956
699 -0.369616112
700 -0.3696134067
701 -0.3696102054
702 -0.369606421
703 -0.3696019521
704 -0.3695966804
705 -0.3695904683
706 -0.3695831558
707 -0.3695745571
708 -0.3695644567
709 -0.3695526048
710 -0.3695387124
711 -0.3695224457
712 -0.3695034188
713 -0.3694811873
714 -0.3694552387
715 -0.369424984
716 -0.3693897459
717 -0.3693487473
718 -0.3693010972
719 -0.3692457755
720 -0.3691816154
721 -0.3691072843
722 -0.3690212615
723 -0.3689218144
724 -0.3688069705
725 -0.3686744879
726 -0.3685218207
727 -0.368346082
728 -0.3681440013
729 -0.3679118793
730 -0.3676455354
731 -0.3673402521
732 -0.3669907119
733 -0.3665909285
734 -0.3661341711
735 -0.3656128812
736 -0.3650185817
737 -0.3643417766
738 -0.3635718424
739 -0.3626969088
740 -0.3617037296
741 -0.360577542
742 -0.3593019137
743 -0.3578585778
744 -0.3562272541
745 -0.3543854565
746 -0.3523082853
747 -0.3499682048
748 -0.3473348034
749 -0.3443745386
750 -0.3410504635
751 -0.3373219355
752 -0.3331443075
753 -0.3284685991
754 -0.3232411496
755 -0.3174032519
756 -0.310890766
757 -0.3036337141
758 -0.2955558565
759 -0.2865742485
760 -0.2765987797
761 -0.2655316948
762 -0.2532670997
763 -0.239690451
764 -0.2246780327
765 -0.2080964212
766 -0.1898019397
767 -0.1696401063
768 -0.1474450772
769 -0.1230390879
770 -0.09623189724
771 -0.06682023648
772 -0.03458726877
773 0.0006979370219
774 0.03928091295
775 0.0814222738
776 0.1273981683
777 0.1775006938
778 0.2320382678
779 0.2913359494
780 0.3557357044
781 0.4255966052
782 0.5012949598
783 0.5832243597
784 0.6717956413
785 0.7674367508
786 0.870592505
787 0.9817242399
788 1.10130934
789 1.229840638
790 1.367825679
791 1.515785846
792 1.674255326
793 1.843779929
794 2.024915744
795 2.21822762
796 2.424287486
797 2.64367249
798 2.876962966
799 3.124740218
800 3.387584129
801 3.666070597
802 3.960768793
803 4.272238252
804 4.601025805
805 4.947662344
806 5.312659461
807 5.696505931
808 6.099664087
809 6.522566088
810 6.965610084
811 7.429156326
812 7.913523208
813 8.41898329
814 8.945759305
815 9.494020192
816 10.06387716
817 10.65537985
818 11.26851256
819 11.90319061
820 12.55925692
821 13.23647869
822 13.93454436
823 14.65306081
824 15.39155087
825 16.14945109
826 16.92610989
827 17.72078612
828 18.53264794
829 19.36077219
830 20.20414422
831 21.06165814
832 21.93211765
833 22.81423727
834 23.70664422
835 24.60788075
836 25.51640704
837 26.4306047
838 27.34878074
839 28.26917213
840 29.18995093
841 30.10922988
842 31.02506857
843 31.93548008
844 32.83843808
845 33.73188437
846 34.6137369
847 35.48189805
848 36.33426337
849 37.16873055
850 37.98320867
851 38.77562763
852 39.54394777
853 40.28616959
854 41.0003435
855 41.68457961
856 42.3370574
857 42.95603535
858 43.53986036
859 44.08697695
860 44.59593617
861 45.06540424
862 45.4941707
863 45.88115623
864 46.22541996
865 46.52616621
866 46.78275072
867 46.99468627
868 47.16164762
869 47.28347588
870 47.36018204
871 47.39194993
872 47.37913838
873 47.32228259
874 47.22209487
875 47.07946448
876 46.89545677
877 46.67131163
878 46.40844102
879 46.10842593
880 45.7730125
881 45.40410747
882 45.00377297
883 44.57422052
884 44.11780456
885 43.63701522
886 43.13447054
887 42.61290818
888 42.07517651
889 41.52422529
890 40.96309581
891 40.39491064
892 39.82286298
893 39.25020559
894 38.68023944
895 38.11630204
896 37.56175544
897 37.01997412
898 36.49433247
899 35.98819232
900 35.50489012
901 35.04772411
902 34.6199414
903 34.22472494
904 33.86518051
905 33.54432374
906 33.26506708
907 33.03020698
908 32.84241109
909 32.70420566
910 32.61796314
911 32.58588997
912 32.61001479
913 32.6921768
914 32.83401469
915 33.03695589
916 33.30220641
917 33.63074112
918 34.02329482
919 34.48035382
920 35.00214838
921 35.58864594
922 36.23954518
923 36.95427112
924 37.73197111
925 38.57151202
926 39.4714785
927 40.43017241
928 41.44561359
929 42.51554188
930 43.63742047
931 44.8084407
932 46.02552824
933 47.28535074
934 48.58432693
935 49.9186372
936 51.28423559
937 52.67686338
938 54.09206387
939 55.52519878
940 56.97146583
941 58.42591765
942 59.88348187
943 61.33898232
944 62.78716125
945 64.22270248
946 65.64025521
947 67.03445863
948 68.39996693
949 69.73147471
950 71.02374256
951 72.27162268
952 73.47008443
953 74.61423944
954 75.69936642
955 76.72093516
956 77.67462979
957 78.55637107
958 79.36233748
959 80.08898501
960 80.73306553
961 81.29164353
962 81.76211111
963 82.14220121
964 82.42999886
965 82.62395032
966 82.7228703
967 82.72594682
968 82.63274405
969 82.44320283
970 82.15763901
971 81.77673964
972 81.30155688
973 80.73349992
974 80.07432479
975 79.32612223
976 78.49130372
977 77.57258569
978 76.57297226
979 75.49573636
980 74.34439958
981 73.12271094
982 71.83462452
983 70.48427637
984 69.07596074
985 67.61410588
986 66.10324948
987 64.54801408
988 62.95308252
989 61.32317366
990 59.66301841
991 57.97733649
992 56.27081375
993 54.54808045
994 52.81369048
995 51.07210167
996 49.32765738
997 47.58456929
998 45.84690164
999 44.11855689
1000 42.40326283
1001 40.70456132
1002 39.02579845
1003 37.37011634
1004 35.74044649
1005 34.1395046
1006 32.56978698
1007 31.03356836
1008 29.53290114
1009 28.069616
1010 26.64532379
1011 25.26141861
1012 23.91908206
1013 22.61928849
1014 21.36281122
1015 20.15022962
1016 18.98193697
1017 17.85814889
1018 16.7789125
1019 15.74411586
1020 14.75349794
1021 13.8066588
1022 12.90306994
1023 12.04208485
