#54942 2909.9989396045356309 0.0045698592755704136106 1 1325 16.000049430220818044 1024 7 1 J1713+0747 0.0000000 
0 17.64001586
1 16.58148102
2 15.56716831
3 14.59676164
4 13.66981047
5 12.78574024
6 11.94386285
7 11.14338711
8 10.3834292
9 9.663022885
10 8.981129595
11 8.33664822
12 7.728424584
13 7.155260579
14 6.615922885
15 6.109151272
16 5.633666452
17 5.188177439
18 4.771388434
19 4.382005199
20 4.018740929
21 3.680321609
22 3.365490876
23 3.073014375
24 2.801683636
25 2.550319465
26 2.317774895
27 2.102937683
28 1.904732399
29 1.722122115
30 1.554109723
31 1.399738903
32 1.258094772
33 1.128304231
34 1.009536043
35 0.9010006603
36 0.8019498291
37 0.7116760001
38 0.6295115592
39 0.5548279074
40 0.4870344098
41 0.4255772333
42 0.3699380934
43 0.3196329272
44 0.2742105098
45 0.2332510293
46 0.196364635
47 0.1631899706
48 0.1333927052
49 0.1066640719
50 0.0827194224
51 0.06129680745
52 0.04215558789
53 0.02507508376
54 0.009853265622
55 -0.003694507719
56 -0.01573670191
57 -0.02642676782
58 -0.03590424857
59 -0.04429583189
60 -0.05171634719
61 -0.05826970731
62 -0.06404979548
63 -0.0691412982
64 -0.07362048522
65 -0.077555938
66 -0.08100922828
67 -0.08403554869
68 -0.08668429713
69 -0.08899961725
70 -0.09102089698
71 -0.09278322747
72 -0.09431782446
73 -0.09565241446
74 -0.09681158784
75 -0.09781712103
76 -0.09868826983
77 -0.09944203599
78 -0.100093409
79 -0.1006555846
80 -0.1011401629
81 -0.101557326
82 -0.1019159986
83 -0.1022239921
84 -0.102488133
85 -0.1027143794
86 -0.1029079232
87 -0.1030732828
88 -0.1032143844
89 -0.1033346351
90 -0.1034369871
91 -0.1035239949
92 -0.1035978661
93 -0.1036605051
94 -0.1037135533
95 -0.1037584226
96 -0.1037963265
97 -0.1038283063
98 -0.1038552539
99 -0.1038779328
100 -0.1038969952
101 -0.103912998
102 -0.1039264153
103 -0.1039376508
104 -0.1039470475
105 -0.1039548966
106 -0.1039614448
107 -0.1039669008
108 -0.1039714412
109 -0.1039752149
110 -0.1039783475
111 -0.1039809446
112 -0.1039830952
113 -0.1039848737
114 -0.1039863427
115 -0.1039875545
116 -0.103988553
117 -0.1039893747
118 -0.10399005
119 -0.1039906043
120 -0.1039910587
121 -0.1039914309
122 -0.1039917352
123 -0.1039919838
124 -0.1039921865
125 -0.1039923518
126 -0.1039924862
127 -0.1039925955
128 -0.1039926842
129 -0.1039927561
130 -0.1039928143
131 -0.1039928614
132 -0.1039928995
133 -0.1039929302
134 -0.1039929549
135 -0.1039929748
136 -0.1039929908
137 -0.1039930036
138 -0.1039930139
139 -0.1039930222
140 -0.1039930287
141 -0.103993034
142 -0.1039930382
143 -0.1039930416
144 -0.1039930442
145 -0.1039930463
146 -0.103993048
147 -0.1039930494
148 -0.1039930504
149 -0.1039930512
150 -0.1039930519
151 -0.1039930524
152 -0.1039930528
153 -0.1039930532
154 -0.1039930534
155 -0.1039930536
156 -0.1039930538
157 -0.1039930539
158 -0.103993054
159 -0.1039930541
160 -0.1039930541
161 -0.1039930542
162 -0.1039930542
163 -0.1039930542
164 -0.1039930542
165 -0.1039930543
166 -0.1039930543
167 -0.1039930543
168 -0.1039930543
169 -0.1039930543
170 -0.1039930543
171 -0.1039930543
172 -0.1039930543
173 -0.1039930543
174 -0.1039930543
175 -0.1039930543
176 -0.1039930543
177 -0.1039930543
178 -0.1039930543
179 -0.1039930543
180 -0.1039930543
181 -0.1039930543
182 -0.1039930543
183 -0.1039930543
184 -0.1039930543
185 -0.1039930543
186 -0.1039930543
187 -0.1039930543
188 -0.1039930543
189 -0.1039930543
190 -0.1039930543
191 -0.1039930543
192 -0.1039930543
193 -0.1039930543
194 -0.1039930543
195 -0.1039930543
196 -0.1039930543
197 -0.1039930543
198 -0.1039930543
199 -0.1039930543
200 -0.1039930543
201 -0.1039930543
202 -0.1039930543
203 -0.1039930543
204 -0.1039930543
205 -0.1039930543
206 -0.1039930543
207 -0.1039930543
208 -0.1039930543
209 -0.1039930543
210 -0.1039930543
211 -0.1039930543
212 -0.1039930543
213 -0.1039930543
214 -0.1039930543
215 -0.1039930543
216 -0.1039930543
217 -0.1039930543
218 -0.1039930543
219 -0.1039930543
220 -0.1039930543
221 -0.1039930543
222 -0.1039930543
223 -0.1039930543
224 -0.1039930543
225 -0.1039930543
226 -0.1039930543
227 -0.1039930543
228 -0.1039930543
229 -0.1039930543
230 -0.1039930543
231 -0.1039930543
232 -0.1039930543
233 -0.1039930543
234 -0.1039930543
235 -0.1039930543
236 -0.1039930543
237 -0.1039930543
238 -0.1039930543
239 -0.1039930543
240 -0.1039930543
241 -0.1039930543
242 -0.1039930543
243 -0.1039930543
244 -0.1039930543
245 -0.1039930543
246 -0.1039930543
247 -0.1039930543
248 -0.1039930543
249 -0.1039930543
250 -0.1039930543
251 -0.1039930543
252 -0.1039930543
253 -0.1039930543
254 -0.1039930543
255 -0.1039930543
256 -0.1039930543
257 -0.1039930543
258 -0.1039930543
259 -0.1039930543
260 -0.1039930543
261 -0.1039930543
262 -0.1039930543
263 -0.1039930543
264 -0.1039930543
265 -0.1039930543
266 -0.1039930543
267 -0.1039930543
268 -0.1039930543
269 -0.1039930543
270 -0.1039930543
271 -0.1039930543
272 -0.1039930543
273 -0.1039930543
274 -0.1039930543
275 -0.1039930543
276 -0.1039930543
277 -0.1039930543
278 -0.1039930543
279 -0.1039930543
280 -0.1039930543
281 -0.1039930543
282 -0.1039930543
283 -0.1039930543
284 -0.1039930543
285 -0.1039930543
286 -0.1039930543
287 -0.1039930543
288 -0.1039930543
289 -0.1039930543
290 -0.1039930543
291 -0.1039930543
292 -0.1039930543
293 -0.1039930543
294 -0.1039930543
295 -0.1039930543
296 -0.1039930543
297 -0.1039930543
298 -0.1039930543
299 -0.1039930543
300 -0.1039930543
301 -0.1039930543
302 -0.1039930543
303 -0.1039930543
304 -0.1039930543
305 -0.1039930543
306 -0.1039930543
307 -0.1039930543
308 -0.1039930543
309 -0.1039930543
310 -0.1039930543
311 -0.1039930543
312 -0.1039930543
313 -0.1039930543
314 -0.1039930543
315 -0.1039930543
316 -0.1039930543
317 -0.1039930543
318 -0.1039930543
319 -0.1039930543
320 -0.1039930543
321 -0.1039930543
322 -0.1039930543
323 -0.1039930543
324 -0.1039930543
325 -0.1039930543
326 -0.1039930543
327 -0.1039930543
328 -0.1039930543
329 -0.1039930543
330 -0.1039930543
331 -0.1039930543
332 -0.1039930543
333 -0.1039930543
334 -0.1039930543
335 -0.1039930543
336 -0.1039930543
337 -0.1039930543
338 -0.1039930543
339 -0.1039930543
340 -0.1039930543
341 -0.1039930543
342 -0.1039930543
343 -0.1039930543
344 -0.1039930543
345 -0.1039930543
346 -0.1039930543
347 -0.1039930543
348 -0.1039930543
349 -0.1039930543
350 -0.1039930543
351 -0.1039930543
352 -0.1039930543
353 -0.1039930543
354 -0.1039930543
355 -0.1039930543
356 -0.1039930543
357 -0.1039930543
358 -0.1039930543
359 -0.1039930543
360 -0.1039930543
361 -0.1039930543
362 -0.1039930543
363 -0.1039930543
364 -0.1039930543
365 -0.1039930543
366 -0.1039930543
367 -0.1039930543
368 -0.1039930543
369 -0.1039930543
370 -0.1039930543
371 -0.1039930543
372 -0.1039930543
373 -0.1039930543
374 -0.1039930543
375 -0.1039930543
376 -0.1039930543
377 -0.1039930543
378 -0.1039930543
379 -0.1039930543
380 -0.1039930543
381 -0.1039930543
382 -0.1039930543
383 -0.1039930543
384 -0.1039930543
385 -0.1039930543
386 -0.1039930543
387 -0.1039930543
388 -0.1039930543
389 -0.1039930543
390 -0.1039930543
391 -0.1039930543
392 -0.1039930543
393 -0.1039930543
394 -0.1039930543
395 -0.1039930543
396 -0.1039930543
397 -0.1039930543
398 -0.1039930543
399 -0.1039930543
400 -0.1039930543
401 -0.1039930543
402 -0.1039930543
403 -0.1039930543
404 -0.1039930543
405 -0.1039930543
406 -0.1039930543
407 -0.1039930543
408 -0.1039930543
409 -0.1039930543
410 -0.1039930543
411 -0.1039930543
412 -0.1039930543
413 -0.1039930543
414 -0.1039930543
415 -0.1039930543
416 -0.1039930543
417 -0.1039930543
418 -0.1039930543
419 -0.1039930543
420 -0.1039930543
421 -0.1039930543
422 -0.1039930543
423 -0.1039930543
424 -0.1039930543
425 -0.1039930543
426 -0.1039930543
427 -0.1039930543
428 -0.1039930543
429 -0.1039930543
430 -0.1039930543
431 -0.1039930543
432 -0.1039930543
433 -0.1039930543
434 -0.1039930543
435 -0.1039930543
436 -0.1039930543
437 -0.1039930543
438 -0.1039930543
439 -0.1039930543
440 -0.1039930543
441 -0.1039930543
442 -0.1039930543
443 -0.1039930543
444 -0.1039930543
445 -0.1039930543
446 -0.1039930543
447 -0.1039930543
448 -0.1039930543
449 -0.1039930543
450 -0.1039930543
451 -0.1039930543
452 -0.1039930543
453 -0.1039930543
454 -0.1039930543
455 -0.1039930543
456 -0.1039930543
457 -0.1039930543
458 -0.1039930543
459 -0.1039930543
460 -0.1039930543
461 -0.1039930543
462 -0.1039930543
463 -0.1039930543
464 -0.1039930543
465 -0.1039930543
466 -0.1039930543
467 -0.1039930543
468 -0.1039930543
469 -0.1039930543
470 -0.1039930543
471 -0.1039930543
472 -0.1039930543
473 -0.1039930543
474 -0.1039930543
475 -0.1039930543
476 -0.1039930543
477 -0.1039930543
478 -0.1039930543
479 -0.1039930543
480 -0.1039930543
481 -0.1039930543
482 -0.1039930543
483 -0.1039930543
484 -0.1039930543
485 -0.1039930543
486 -0.1039930543
487 -0.1039930543
488 -0.1039930543
489 -0.1039930543
490 -0.1039930543
491 -0.1039930543
492 -0.1039930543
493 -0.1039930543
494 -0.1039930543
495 -0.1039930543
496 -0.1039930543
497 -0.1039930543
498 -0.1039930543
499 -0.1039930543
500 -0.1039930543
501 -0.1039930543
502 -0.1039930543
503 -0.1039930543
504 -0.1039930543
505 -0.1039930543
506 -0.1039930543
507 -0.1039930543
508 -0.1039930543
509 -0.1039930543
510 -0.1039930543
511 -0.1039930543
512 -0.1039930543
513 -0.1039930543
514 -0.1039930543
515 -0.1039930543
516 -0.1039930543
517 -0.1039930543
518 -0.1039930543
519 -0.1039930543
520 -0.1039930543
521 -0.1039930543
522 -0.1039930543
523 -0.1039930543
524 -0.1039930543
525 -0.1039930543
526 -0.1039930543
527 -0.1039930543
528 -0.1039930543
529 -0.1039930543
530 -0.1039930543
531 -0.1039930543
532 -0.1039930543
533 -0.1039930543
534 -0.1039930543
535 -0.1039930543
536 -0.1039930543
537 -0.1039930543
538 -0.1039930543
539 -0.1039930543
540 -0.1039930543
541 -0.1039930543
542 -0.1039930543
543 -0.1039930543
544 -0.1039930543
545 -0.1039930543
546 -0.1039930543
547 -0.1039930543
548 -0.1039930543
549 -0.1039930543
550 -0.1039930543
551 -0.1039930543
552 -0.1039930543
553 -0.1039930543
554 -0.1039930543
555 -0.1039930543
556 -0.1039930543
557 -0.1039930543
558 -0.1039930543
559 -0.1039930543
560 -0.1039930543
561 -0.1039930543
562 -0.1039930543
563 -0.1039930543
564 -0.1039930543
565 -0.1039930543
566 -0.1039930543
567 -0.1039930543
568 -0.1039930543
569 -0.1039930543
570 -0.1039930543
571 -0.1039930543
572 -0.1039930543
573 -0.1039930543
574 -0.1039930543
575 -0.1039930543
576 -0.1039930543
577 -0.1039930543
578 -0.1039930543
579 -0.1039930543
580 -0.1039930543
581 -0.1039930543
582 -0.1039930543
583 -0.1039930543
584 -0.1039930543
585 -0.1039930543
586 -0.1039930543
587 -0.1039930543
588 -0.1039930543
589 -0.1039930543
590 -0.1039930543
591 -0.1039930543
592 -0.1039930543
593 -0.1039930543
594 -0.1039930543
595 -0.1039930543
596 -0.1039930543
597 -0.1039930543
598 -0.1039930543
599 -0.1039930543
600 -0.1039930543
601 -0.1039930543
602 -0.1039930543
603 -0.1039930543
604 -0.1039930543
605 -0.1039930543
606 -0.1039930543
607 -0.1039930543
608 -0.1039930543
609 -0.1039930543
610 -0.1039930543
611 -0.1039930543
612 -0.1039930543
613 -0.1039930543
614 -0.1039930543
615 -0.1039930543
616 -0.1039930543
617 -0.1039930543
618 -0.1039930543
619 -0.1039930543
620 -0.1039930543
621 -0.1039930543
622 -0.1039930543
623 -0.1039930543
624 -0.1039930543
625 -0.1039930543
626 -0.1039930543
627 -0.1039930543
628 -0.1039930543
629 -0.1039930543
630 -0.1039930543
631 -0.1039930543
632 -0.1039930543
633 -0.1039930543
634 -0.1039930543
635 -0.1039930543
636 -0.1039930543
637 -0.1039930543
638 -0.1039930543
639 -0.1039930543
640 -0.1039930543
641 -0.1039930543
642 -0.1039930543
643 -0.1039930543
644 -0.1039930543
645 -0.1039930543
646 -0.1039930543
647 -0.1039930542
648 -0.1039930542
649 -0.1039930542
650 -0.1039930542
651 -0.1039930541
652 -0.1039930541
653 -0.103993054
654 -0.1039930539
655 -0.1039930538
656 -0.1039930536
657 -0.1039930535
658 -0.1039930533
659 -0.103993053
660 -0.1039930527
661 -0.1039930523
662 -0.1039930518
663 -0.1039930511
664 -0.1039930504
665 -0.1039930494
666 -0.1039930482
667 -0.1039930467
668 -0.1039930449
669 -0.1039930427
670 -0.1039930399
671 -0.1039930365
672 -0.1039930324
673 -0.1039930273
674 -0.103993021
675 -0.1039930134
676 -0.103993004
677 -0.1039929926
678 -0.1039929786
679 -0.1039929615
680 -0.1039929408
681 -0.1039929155
682 -0.1039928848
683 -0.1039928475
684 -0.1039928022
685 -0.1039927474
686 -0.103992681
687 -0.1039926006
688 -0.1039925036
689 -0.1039923866
690 -0.1039922454
691 -0.1039920754
692 -0.1039918709
693 -0.1039916252
694 -0.1039913302
695 -0.1039909764
696 -0.1039905527
697 -0.1039900455
698 -0.1039894392
699 -0.1039887152
700 -0.1039878516
701 -0.1039868224
702 -0.1039855972
703 -0.1039841403
704 -0.1039824096
705 -0.103980356
706 -0.1039779215
707 -0.1039750389
708 -0.103971629
709 -0.1039675997
710 -0.1039628436
711 -0.1039572355
712 -0.1039506297
713 -0.1039428571
714 -0.1039337211
715 -0.103922994
716 -0.103910412
717 -0.1038956701
718 -0.1038784158
719 -0.1038582423
720 -0.1038346808
721 -0.1038071914
722 -0.1037751537
723 -0.1037378545
724 -0.1036944761
725 -0.1036440812
726 -0.1035855975
727 -0.1035177987
728 -0.103439285
729 -0.10334846
730 -0.1032435054
731 -0.1031223525
732 -0.1029826508
733 -0.1028217325
734 -0.1026365738
735 -0.1024237512
736 -0.1021793935
737 -0.1018991286
738 -0.101578025
739 -0.1012105266
740 -0.1007903818
741 -0.1003105646
742 -0.09976318948
743 -0.09913941618
744 -0.0984293473
745 -0.09762191557
746 -0.09670476127
747 -0.09566409879
748 -0.09448457178
749 -0.09314909608
750 -0.09163868977
751 -0.08993228959
752 -0.08800655316
753 -0.08583564606
754 -0.08339101334
755 -0.08064113465
756 -0.07755126246
757 -0.07408314271
758 -0.07019471747
759 -0.06583980913
760 -0.06096778574
761 -0.05552320724
762 -0.04944545243
763 -0.0426683267
764 -0.03511965054
765 -0.02672082915
766 -0.01738640365
767 -0.007023584411
768 0.004468232469
769 0.01719796459
770 0.03128335717
771 0.04685150984
772 0.06403941441
773 0.08299450146
774 0.1038751932
775 0.1268514594
776 0.1521053743
777 0.1798316689
778 0.2102382771
779 0.2435468693
780 0.2799933701
781 0.319828454
782 0.3633180151
783 0.4107436025
784 0.4624028184
785 0.518609669
786 0.5796948641
787 0.6460060566
788 0.7179080147
789 0.7957827197
790 0.8800293808
791 0.9710643596
792 1.069320995
793 1.175249323
794 1.289315678
795 1.412002175
796 1.543806061
797 1.685238921
798 1.836825752
799 1.999103871
800 2.172621674
801 2.357937228
802 2.555616695
803 2.766232585
804 2.990361835
805 3.228583704
806 3.481477504
807 3.749620142
808 4.033583494
809 4.333931605
810 4.651217725
811 4.985981187
812 5.338744125
813 5.710008063
814 6.100250368
815 6.509920586
816 6.939436682
817 7.38918119
818 7.859497309
819 8.350684943
820 8.86299673
821 9.396634065
822 9.951743156
823 10.52841113
824 11.12666224
825 11.74645414
826 12.38767434
827 13.05013684
828 13.73357893
829 14.43765823
830 15.16195003
831 15.90594491
832 16.66904666
833 17.45057057
834 18.24974216
835 19.06569621
836 19.89747635
837 20.74403502
838 21.60423396
839 22.47684518
840 23.36055247
841 24.25395342
842 25.15556198
843 26.06381159
844 26.97705883
845 27.89358765
846 28.81161411
847 29.72929169
848 30.6447171
849 31.55593659
850 32.4609528
851 33.35773197
852 34.24421168
853 35.11830893
854 35.97792863
855 36.82097232
856 37.64534733
857 38.448976
858 39.2298052
859 39.98581597
860 40.71503321
861 41.41553544
862 42.08546451
863 42.72303523
864 43.32654493
865 43.89438269
866 44.42503851
867 44.91711201
868 45.36932089
869 45.78050897
870 46.1496537
871 46.47587331
872 46.7584333
873 46.99675243
874 47.19040804
875 47.33914079
876 47.44285863
877 47.50164017
878 47.51573726
879 47.48557687
880 47.41176218
881 47.295073
882 47.13646531
883 46.93707013
884 46.69819163
885 46.42130442
886 46.10805021
887 45.76023366
888 45.37981757
889 44.9689174
890 44.52979509
891 44.06485231
892 43.57662301
893 43.06776549
894 42.54105386
895 41.99936903
896 41.44568913
897 40.88307963
898 40.31468284
899 39.74370722
900 39.17341617
901 38.60711661
902 38.0481472
903 37.49986634
904 36.96563993
905 36.44882889
906 35.95277658
907 35.48079606
908 35.03615719
909 34.62207375
910 34.24169044
911 33.8980699
912 33.59417978
913 33.3328798
914 33.11690896
915 32.94887288
916 32.83123131
917 32.76628581
918 32.75616777
919 32.80282667
920 32.90801872
921 33.07329596
922 33.2999957
923 33.58923062
924 33.94187937
925 34.35857783
926 34.83971107
927 35.38540611
928 35.9955255
929 36.66966177
930 37.40713292
931 38.20697886
932 39.06795902
933 39.98855112
934 40.96695103
935 42.00107411
936 43.0885577
937 44.22676502
938 45.41279053
939 46.64346662
940 47.91537184
941 49.22484055
942 50.56797401
943 51.94065298
944 53.33855172
945 54.75715342
946 56.19176695
947 57.63754497
948 59.08950322
949 60.54254105
950 61.99146293
951 63.43100097
952 64.85583832
953 66.26063322
954 67.64004369
955 68.98875268
956 70.30149346
957 71.57307516
958 72.79840834
959 73.97253027
960 75.09062989
961 76.14807224
962 77.14042214
963 78.06346697
964 78.91323851
965 79.68603341
966 80.3784324
967 80.98731801
968 81.50989055
969 81.94368241
970 82.28657044
971 82.53678638
972 82.69292523
973 82.75395148
974 82.71920324
975 82.58839409
976 82.36161278
977 82.03932073
978 81.62234728
979 81.11188289
980 80.50947024
981 79.81699324
982 79.03666426
983 78.17100944
984 77.22285238
985 76.19529623
986 75.0917044
987 73.91568
988 72.67104421
989 71.36181367
990 69.99217716
991 68.56647175
992 67.08915845
993 65.56479774
994 63.99802503
995 62.39352625
996 60.75601378
997 59.0902028
998 57.40078832
999 55.69242293
1000 53.96969551
1001 52.23711093
1002 50.49907088
1003 48.759856
1004 47.02360928
1005 45.29432091
1006 43.57581453
1007 41.871735
1008 40.18553777
1009 38.5204797
1010 36.87961146
1011 35.26577153
1012 33.68158165
1013 32.12944378
1014 30.61153849
1015 29.12982478
1016 27.68604118
1017 26.2817081
1018 24.9181314
1019 23.59640702
1020 22.31742659
1021 21.08188402
1022 19.89028282
1023 18.74294422
