#53584 2910.0025494341422494 0.0045704429484469287145 1 1429 16.000049430220818044 1024 7 1 J1713+0747 0.0000000 
0 32.35169866
1 31.94687358
2 31.57069364
3 31.22604269
4 30.91572694
5 30.64246301
6 30.40886615
7 30.21743836
8 30.07055683
9 29.97046242
10 29.9192484
11 29.91884941
12 29.97103074
13 30.07737796
14 30.23928682
15 30.4579538
16 30.73436691
17 31.06929722
18 31.46329089
19 31.91666191
20 32.42948554
21 33.00159252
22 33.63256417
23 34.32172831
24 35.06815623
25 35.87066064
26 36.7277947
27 37.63785215
28 38.5988687
29 39.60862455
30 40.66464822
31 41.76422169
32 42.90438681
33 44.08195309
34 45.29350685
35 46.53542162
36 47.80387004
37 49.09483691
38 50.40413366
39 51.72741398
40 53.06019071
41 54.39785377
42 55.73568926
43 57.06889943
44 58.39262357
45 59.70195964
46 60.9919866
47 62.25778716
48 63.494471
49 64.69719825
50 65.86120296
51 66.98181661
52 68.05449141
53 69.07482316
54 70.03857366
55 70.94169238
56 71.78033734
57 72.55089491
58 73.2499986
59 73.87454645
60 74.42171708
61 74.88898416
62 75.27412929
63 75.57525308
64 75.79078446
65 75.91948799
66 75.96046934
67 75.9131787
68 75.7774121
69 75.55331087
70 75.24135889
71 74.84237796
72 74.35752113
73 73.78826423
74 73.13639541
75 72.4040031
76 71.59346218
77 70.70741872
78 69.74877328
79 68.72066288
80 67.62644192
81 66.46966207
82 65.25405134
83 63.98349253
84 62.6620011
85 61.2937028
86 59.88281107
87 58.43360444
88 56.95040412
89 55.43755186
90 53.8993883
91 52.34023191
92 50.76435864
93 49.17598244
94 47.57923678
95 45.97815719
96 44.37666497
97 42.77855216
98 41.18746777
99 39.6069054
100 38.04019222
101 36.4904794
102 34.96073388
103 33.45373169
104 31.97205262
105 30.51807626
106 29.09397946
107 27.70173506
108 26.34311195
109 25.01967627
110 23.73279377
111 22.4836333
112 21.2731712
113 20.10219667
114 18.9713179
115 17.88096903
116 16.83141765
117 15.82277292
118 14.85499418
119 13.92789987
120 13.04117679
121 12.1943896
122 11.38699038
123 10.61832835
124 9.887659429
125 9.194155886
126 8.536915709
127 7.914971851
128 7.327301198
129 6.772833247
130 6.250458451
131 5.759036188
132 5.297402333
133 4.864376415
134 4.458768319
135 4.079384546
136 3.725034004
137 3.394533331
138 3.086711752
139 2.800415476
140 2.534511628
141 2.287891741
142 2.05947481
143 1.848209934
144 1.653078553
145 1.473096299
146 1.307314498
147 1.154821325
148 1.014742641
149 0.8862425399
150 0.7685236288
151 0.6608270521
152 0.562432299
153 0.4726568074
154 0.3908553883
155 0.3164194935
156 0.2487763458
157 0.1873879518
158 0.1317500162
159 0.08139077423
160 0.03586976007
161 -0.005223475333
162 -0.04227068156
163 -0.07562624911
164 -0.1056185611
165 -0.1325513455
166 -0.1567050195
167 -0.1783380163
168 -0.1976880884
169 -0.214973581
170 -0.2303946696
171 -0.244134558
172 -0.2563606331
173 -0.2672255738
174 -0.2768684109
175 -0.2854155387
176 -0.292981675
177 -0.2996707704
178 -0.305576867
179 -0.3107849065
180 -0.3153714889
181 -0.319405582
182 -0.3229491848
183 -0.3260579444
184 -0.3287817289
185 -0.3311651592
186 -0.3332480993
187 -0.3350661092
188 -0.3366508613
189 -0.3380305229
190 -0.3392301062
191 -0.3402717887
192 -0.3411752049
193 -0.3419577122
194 -0.3426346322
195 -0.3432194696
196 -0.3437241102
197 -0.3441589998
198 -0.344533305
199 -0.3448550584
200 -0.3451312888
201 -0.3453681375
202 -0.3455709627
203 -0.3457444329
204 -0.3458926098
205 -0.3460190217
206 -0.34612673
207 -0.3462183866
208 -0.3462962854
209 -0.3463624085
210 -0.3464184654
211 -0.3464659289
212 -0.3465060659
213 -0.3465399648
214 -0.3465685592
215 -0.346592649
216 -0.3466129184
217 -0.3466299519
218 -0.3466442483
219 -0.3466562323
220 -0.3466662654
221 -0.3466746547
222 -0.3466816608
223 -0.3466875044
224 -0.3466923723
225 -0.3466964225
226 -0.346699788
227 -0.3467025811
228 -0.3467048963
229 -0.3467068129
230 -0.3467083977
231 -0.3467097063
232 -0.3467107857
233 -0.3467116749
234 -0.3467124064
235 -0.3467130075
236 -0.3467135008
237 -0.3467139051
238 -0.3467142361
239 -0.3467145068
240 -0.3467147278
241 -0.346714908
242 -0.3467150549
243 -0.3467151743
244 -0.3467152714
245 -0.3467153502
246 -0.3467154141
247 -0.3467154658
248 -0.3467155076
249 -0.3467155413
250 -0.3467155685
251 -0.3467155905
252 -0.3467156081
253 -0.3467156223
254 -0.3467156337
255 -0.3467156428
256 -0.3467156501
257 -0.346715656
258 -0.3467156606
259 -0.3467156643
260 -0.3467156673
261 -0.3467156697
262 -0.3467156715
263 -0.346715673
264 -0.3467156742
265 -0.3467156751
266 -0.3467156759
267 -0.3467156765
268 -0.3467156769
269 -0.3467156773
270 -0.3467156776
271 -0.3467156778
272 -0.346715678
273 -0.3467156781
274 -0.3467156782
275 -0.3467156783
276 -0.3467156784
277 -0.3467156784
278 -0.3467156785
279 -0.3467156785
280 -0.3467156785
281 -0.3467156785
282 -0.3467156785
283 -0.3467156786
284 -0.3467156786
285 -0.3467156786
286 -0.3467156786
287 -0.3467156786
288 -0.3467156786
289 -0.3467156786
290 -0.3467156786
291 -0.3467156786
292 -0.3467156786
293 -0.3467156786
294 -0.3467156786
295 -0.3467156786
296 -0.3467156786
297 -0.3467156786
298 -0.3467156786
299 -0.3467156786
300 -0.3467156786
301 -0.3467156786
302 -0.3467156786
303 -0.3467156786
304 -0.3467156786
305 -0.3467156786
306 -0.3467156786
307 -0.3467156786
308 -0.3467156786
309 -0.3467156786
310 -0.3467156786
311 -0.3467156786
312 -0.3467156786
313 -0.3467156786
314 -0.3467156786
315 -0.3467156786
316 -0.3467156786
317 -0.3467156786
318 -0.3467156786
319 -0.3467156786
320 -0.3467156786
321 -0.3467156786
322 -0.3467156786
323 -0.3467156786
324 -0.3467156786
325 -0.3467156786
326 -0.3467156786
327 -0.3467156786
328 -0.3467156786
329 -0.3467156786
330 -0.3467156786
331 -0.3467156786
332 -0.3467156786
333 -0.3467156786
334 -0.3467156786
335 -0.3467156786
336 -0.3467156786
337 -0.3467156786
338 -0.3467156786
339 -0.3467156786
340 -0.3467156786
341 -0.3467156786
342 -0.3467156786
343 -0.3467156786
344 -0.3467156786
345 -0.3467156786
346 -0.3467156786
347 -0.3467156786
348 -0.3467156786
349 -0.3467156786
350 -0.3467156786
351 -0.3467156786
352 -0.3467156786
353 -0.3467156786
354 -0.3467156786
355 -0.3467156786
356 -0.3467156786
357 -0.3467156786
358 -0.3467156786
359 -0.3467156786
360 -0.3467156786
361 -0.3467156786
362 -0.3467156786
363 -0.3467156786
364 -0.3467156786
365 -0.3467156786
366 -0.3467156786
367 -0.3467156786
368 -0.3467156786
369 -0.3467156786
370 -0.3467156786
371 -0.3467156786
372 -0.3467156786
373 -0.3467156786
374 -0.3467156786
375 -0.3467156786
376 -0.3467156786
377 -0.3467156786
378 -0.3467156786
379 -0.3467156786
380 -0.3467156786
381 -0.3467156786
382 -0.3467156786
383 -0.3467156786
384 -0.3467156786
385 -0.3467156786
386 -0.3467156786
387 -0.3467156786
388 -0.3467156786
389 -0.3467156786
390 -0.3467156786
391 -0.3467156786
392 -0.3467156786
393 -0.3467156786
394 -0.3467156786
395 -0.3467156786
396 -0.3467156786
397 -0.3467156786
398 -0.3467156786
399 -0.3467156786
400 -0.3467156786
401 -0.3467156786
402 -0.3467156786
403 -0.3467156786
404 -0.3467156786
405 -0.3467156786
406 -0.3467156786
407 -0.3467156786
408 -0.3467156786
409 -0.3467156786
410 -0.3467156786
411 -0.3467156786
412 -0.3467156786
413 -0.3467156786
414 -0.3467156786
415 -0.3467156786
416 -0.3467156786
417 -0.3467156786
418 -0.3467156786
419 -0.3467156786
420 -0.3467156786
421 -0.3467156786
422 -0.3467156786
423 -0.3467156786
424 -0.3467156786
425 -0.3467156786
426 -0.3467156786
427 -0.3467156786
428 -0.3467156786
429 -0.3467156786
430 -0.3467156786
431 -0.3467156786
432 -0.3467156786
433 -0.3467156786
434 -0.3467156786
435 -0.3467156786
436 -0.3467156786
437 -0.3467156786
438 -0.3467156786
439 -0.3467156786
440 -0.3467156786
441 -0.3467156786
442 -0.3467156786
443 -0.3467156786
444 -0.3467156786
445 -0.3467156786
446 -0.3467156786
447 -0.3467156786
448 -0.3467156786
449 -0.3467156786
450 -0.3467156786
451 -0.3467156786
452 -0.3467156786
453 -0.3467156786
454 -0.3467156786
455 -0.3467156786
456 -0.3467156786
457 -0.3467156786
458 -0.3467156786
459 -0.3467156786
460 -0.3467156786
461 -0.3467156786
462 -0.3467156786
463 -0.3467156786
464 -0.3467156786
465 -0.3467156786
466 -0.3467156786
467 -0.3467156786
468 -0.3467156786
469 -0.3467156786
470 -0.3467156786
471 -0.3467156786
472 -0.3467156786
473 -0.3467156786
474 -0.3467156786
475 -0.3467156786
476 -0.3467156786
477 -0.3467156786
478 -0.3467156786
479 -0.3467156786
480 -0.3467156786
481 -0.3467156786
482 -0.3467156786
483 -0.3467156786
484 -0.3467156786
485 -0.3467156786
486 -0.3467156786
487 -0.3467156786
488 -0.3467156786
489 -0.3467156786
490 -0.3467156786
491 -0.3467156786
492 -0.3467156786
493 -0.3467156786
494 -0.3467156786
495 -0.3467156786
496 -0.3467156786
497 -0.3467156786
498 -0.3467156786
499 -0.3467156786
500 -0.3467156786
501 -0.3467156786
502 -0.3467156786
503 -0.3467156786
504 -0.3467156786
505 -0.3467156786
506 -0.3467156786
507 -0.3467156786
508 -0.3467156786
509 -0.3467156786
510 -0.3467156786
511 -0.3467156786
512 -0.3467156786
513 -0.3467156786
514 -0.3467156786
515 -0.3467156786
516 -0.3467156786
517 -0.3467156786
518 -0.3467156786
519 -0.3467156786
520 -0.3467156786
521 -0.3467156786
522 -0.3467156786
523 -0.3467156786
524 -0.3467156786
525 -0.3467156786
526 -0.3467156786
527 -0.3467156786
528 -0.3467156786
529 -0.3467156786
530 -0.3467156786
531 -0.3467156786
532 -0.3467156786
533 -0.3467156786
534 -0.3467156786
535 -0.3467156786
536 -0.3467156786
537 -0.3467156786
538 -0.3467156786
539 -0.3467156786
540 -0.3467156786
541 -0.3467156786
542 -0.3467156786
543 -0.3467156786
544 -0.3467156786
545 -0.3467156786
546 -0.3467156786
547 -0.3467156786
548 -0.3467156786
549 -0.3467156786
550 -0.3467156786
551 -0.3467156786
552 -0.3467156786
553 -0.3467156786
554 -0.3467156786
555 -0.3467156786
556 -0.3467156786
557 -0.3467156786
558 -0.3467156786
559 -0.3467156786
560 -0.3467156786
561 -0.3467156786
562 -0.3467156786
563 -0.3467156786
564 -0.3467156786
565 -0.3467156786
566 -0.3467156786
567 -0.3467156786
568 -0.3467156786
569 -0.3467156786
570 -0.3467156786
571 -0.3467156786
572 -0.3467156786
573 -0.3467156786
574 -0.3467156786
575 -0.3467156786
576 -0.3467156786
577 -0.3467156786
578 -0.3467156786
579 -0.3467156786
580 -0.3467156786
581 -0.3467156786
582 -0.3467156786
583 -0.3467156786
584 -0.3467156786
585 -0.3467156786
586 -0.3467156786
587 -0.3467156786
588 -0.3467156786
589 -0.3467156786
590 -0.3467156786
591 -0.3467156786
592 -0.3467156786
593 -0.3467156786
594 -0.3467156786
595 -0.3467156786
596 -0.3467156786
597 -0.3467156786
598 -0.3467156786
599 -0.3467156786
600 -0.3467156786
601 -0.3467156786
602 -0.3467156786
603 -0.3467156786
604 -0.3467156786
605 -0.3467156786
606 -0.3467156786
607 -0.3467156786
608 -0.3467156786
609 -0.3467156786
610 -0.3467156786
611 -0.3467156786
612 -0.3467156786
613 -0.3467156786
614 -0.3467156786
615 -0.3467156786
616 -0.3467156786
617 -0.3467156786
618 -0.3467156786
619 -0.3467156786
620 -0.3467156786
621 -0.3467156786
622 -0.3467156786
623 -0.3467156786
624 -0.3467156786
625 -0.3467156786
626 -0.3467156786
627 -0.3467156786
628 -0.3467156786
629 -0.3467156786
630 -0.3467156786
631 -0.3467156786
632 -0.3467156786
633 -0.3467156786
634 -0.3467156786
635 -0.3467156786
636 -0.3467156786
637 -0.3467156786
638 -0.3467156786
639 -0.3467156786
640 -0.3467156786
641 -0.3467156786
642 -0.3467156786
643 -0.3467156786
644 -0.3467156786
645 -0.3467156786
646 -0.3467156786
647 -0.3467156786
648 -0.3467156786
649 -0.3467156786
650 -0.3467156786
651 -0.3467156786
652 -0.3467156786
653 -0.3467156786
654 -0.3467156786
655 -0.3467156786
656 -0.3467156786
657 -0.3467156786
658 -0.3467156786
659 -0.3467156786
660 -0.3467156786
661 -0.3467156786
662 -0.3467156786
663 -0.3467156786
664 -0.3467156786
665 -0.3467156786
666 -0.3467156786
667 -0.3467156786
668 -0.3467156786
669 -0.3467156786
670 -0.3467156786
671 -0.3467156786
672 -0.3467156786
673 -0.3467156786
674 -0.3467156786
675 -0.3467156786
676 -0.3467156786
677 -0.3467156786
678 -0.3467156786
679 -0.3467156786
680 -0.3467156786
681 -0.3467156786
682 -0.3467156786
683 -0.3467156786
684 -0.3467156786
685 -0.3467156786
686 -0.3467156786
687 -0.3467156786
688 -0.3467156786
689 -0.3467156786
690 -0.3467156786
691 -0.3467156786
692 -0.3467156786
693 -0.3467156786
694 -0.3467156786
695 -0.3467156786
696 -0.3467156786
697 -0.3467156786
698 -0.3467156786
699 -0.3467156786
700 -0.3467156786
701 -0.3467156786
702 -0.3467156786
703 -0.3467156786
704 -0.3467156786
705 -0.3467156786
706 -0.3467156786
707 -0.3467156786
708 -0.3467156786
709 -0.3467156786
710 -0.3467156786
711 -0.3467156786
712 -0.3467156786
713 -0.3467156786
714 -0.3467156786
715 -0.3467156786
716 -0.3467156786
717 -0.3467156786
718 -0.3467156786
719 -0.3467156786
720 -0.3467156786
721 -0.3467156786
722 -0.3467156786
723 -0.3467156786
724 -0.3467156786
725 -0.3467156786
726 -0.3467156786
727 -0.3467156786
728 -0.3467156786
729 -0.3467156786
730 -0.3467156786
731 -0.3467156786
732 -0.3467156786
733 -0.3467156786
734 -0.3467156786
735 -0.3467156786
736 -0.3467156786
737 -0.3467156786
738 -0.3467156786
739 -0.3467156786
740 -0.3467156786
741 -0.3467156786
742 -0.3467156786
743 -0.3467156786
744 -0.3467156786
745 -0.3467156786
746 -0.3467156786
747 -0.3467156786
748 -0.3467156786
749 -0.3467156786
750 -0.3467156786
751 -0.3467156786
752 -0.3467156786
753 -0.3467156786
754 -0.3467156786
755 -0.3467156786
756 -0.3467156786
757 -0.3467156786
758 -0.3467156786
759 -0.3467156786
760 -0.3467156786
761 -0.3467156786
762 -0.3467156785
763 -0.3467156785
764 -0.3467156785
765 -0.3467156785
766 -0.3467156785
767 -0.3467156784
768 -0.3467156784
769 -0.3467156783
770 -0.3467156783
771 -0.3467156782
772 -0.3467156781
773 -0.346715678
774 -0.3467156778
775 -0.3467156776
776 -0.3467156773
777 -0.346715677
778 -0.3467156766
779 -0.3467156761
780 -0.3467156755
781 -0.3467156748
782 -0.3467156739
783 -0.3467156727
784 -0.3467156713
785 -0.3467156696
786 -0.3467156675
787 -0.3467156649
788 -0.3467156616
789 -0.3467156577
790 -0.3467156528
791 -0.3467156468
792 -0.3467156395
793 -0.3467156306
794 -0.3467156197
795 -0.3467156064
796 -0.3467155901
797 -0.3467155703
798 -0.3467155463
799 -0.346715517
800 -0.3467154815
801 -0.3467154384
802 -0.3467153861
803 -0.3467153229
804 -0.3467152465
805 -0.3467151542
806 -0.3467150428
807 -0.3467149086
808 -0.346714747
809 -0.3467145526
810 -0.346714319
811 -0.3467140386
812 -0.3467137025
813 -0.3467132998
814 -0.3467128181
815 -0.3467122423
816 -0.3467115549
817 -0.3467107349
818 -0.346709758
819 -0.3467085953
820 -0.346707213
821 -0.3467055711
822 -0.3467036233
823 -0.3467013147
824 -0.3466985815
825 -0.346695349
826 -0.3466915301
827 -0.3466870231
828 -0.3466817097
829 -0.3466754522
830 -0.3466680907
831 -0.3466594395
832 -0.3466492835
833 -0.3466373736
834 -0.3466234218
835 -0.3466070951
836 -0.3465880097
837 -0.3465657231
838 -0.3465397261
839 -0.3465094331
840 -0.3464741717
841 -0.3464331707
842 -0.3463855467
843 -0.3463302886
844 -0.3462662411
845 -0.3461920853
846 -0.3461063173
847 -0.3460072247
848 -0.3458928597
849 -0.3457610094
850 -0.3456091632
851 -0.3454344754
852 -0.3452337254
853 -0.3450032718
854 -0.3447390033
855 -0.3444362832
856 -0.3440898887
857 -0.3436939446
858 -0.3432418496
859 -0.3427261959
860 -0.3421386808
861 -0.341470011
862 -0.3407097968
863 -0.3398464376
864 -0.3388669976
865 -0.3377570702
866 -0.3365006312
867 -0.3350798807
868 -0.3334750713
869 -0.3316643238
870 -0.3296234287
871 -0.327325633
872 -0.3247414126
873 -0.3218382276
874 -0.3185802631
875 -0.3149281517
876 -0.3108386802
877 -0.3062644781
878 -0.3011536889
879 -0.2954496234
880 -0.2890903953
881 -0.2820085395
882 -0.2741306123
883 -0.2653767758
884 -0.255660365
885 -0.2448874397
886 -0.2329563229
887 -0.2197571244
888 -0.2051712546
889 -0.1890709272
890 -0.1713186549
891 -0.1517667394
892 -0.1302567591
893 -0.1066190569
894 -0.08067223191
895 -0.05222263862
896 -0.02106389742
897 0.01302357892
898 0.05027303807
899 0.09093181536
900 0.1352617297
901 0.1835394425
902 0.2360567737
903 0.2931209685
904 0.3550549072
905 0.422197253
906 0.4949025291
907 0.5735411187
908 0.6584991799
909 0.7501784683
910 0.8489960602
911 0.9553839687
912 1.069788644
913 1.192670355
914 1.324502438
915 1.465770416
916 1.616970971
917 1.778610774
918 1.951205164
919 2.135276668
920 2.331353363
921 2.53996708
922 2.761651441
923 2.996939735
924 3.246362627
925 3.510445719
926 3.789706936
927 4.084653778
928 4.39578041
929 4.723564629
930 5.068464695
931 5.430916039
932 5.811327885
933 6.21007976
934 6.627517947
935 7.063951874
936 7.519650465
937 7.994838482
938 8.489692866
939 9.00433911
940 9.538847688
941 10.09323056
942 10.6674378
943 11.26135431
944 11.8747968
945 12.50751081
946 13.1591681
947 13.82936421
948 14.51761629
949 15.22336128
950 15.9459544
951 16.68466799
952 17.43869075
953 18.2071274
954 18.98899872
955 19.78324207
956 20.58871242
957 21.40418373
958 22.22835099
959 23.05983261
960 23.89717339
961 24.738848
962 25.58326493
963 26.42877099
964 27.2736562
965 28.11615931
966 28.95447364
967 29.78675348
968 30.61112079
969 31.42567242
970 32.22848756
971 33.01763565
972 33.7911845
973 34.54720866
974 35.28379802
975 35.99906662
976 36.69116147
977 37.35827153
978 37.99863671
979 38.61055676
980 39.19240019
981 39.74261292
982 40.25972693
983 40.74236848
984 41.18926619
985 41.59925872
986 41.97130209
987 42.30447659
988 42.59799319
989 42.85119952
990 43.06358521
991 43.23478673
992 43.36459165
993 43.45294218
994 43.49993815
995 43.50583927
996 43.47106678
997 43.39620429
998 43.28199804
999 43.12935641
1000 42.93934871
1001 42.71320332
1002 42.45230512
1003 42.15819224
1004 41.83255217
1005 41.47721721
1006 41.09415931
1007 40.68548427
1008 40.25342542
1009 39.8003367
1010 39.32868525
1011 38.84104344
1012 38.3400805
1013 37.82855369
1014 37.309299
1015 36.78522155
1016 36.25928558
1017 35.73450417
1018 35.21392859
1019 34.70063745
1020 34.19772563
1021 33.70829289
1022 33.23543246
1023 32.78221937
