#54876 2910.0052605446781899 0.004569774223024599194 1 1357 16.000049430220818044 1024 7 1 J1713+0747 0.0000000 
0 0.5064240295
1 0.5566270244
2 0.611251243
3 0.6706183865
4 0.7350666557
5 0.8049509212
6 0.8806428207
7 0.9625307756
8 1.05101992
9 1.146531935
10 1.249504773
11 1.360392281
12 1.479663695
13 1.607803008
14 1.745308212
15 1.892690385
16 2.050472644
17 2.219188935
18 2.399382668
19 2.591605183
20 2.796414057
21 3.014371234
22 3.246040984
23 3.491987692
24 3.752773473
25 4.028955614
26 4.321083856
27 4.629697509
28 4.955322411
29 5.298467743
30 5.659622704
31 6.03925306
32 6.437797576
33 6.855664361
34 7.293227116
35 7.750821329
36 8.228740426
37 8.727231896
38 9.246493418
39 9.786669022
40 10.34784529
41 10.93004765
42 11.53323675
43 12.15730504
44 12.80207339
45 13.46728807
46 14.1526178
47 14.85765118
48 15.58189433
49 16.32476887
50 17.08561028
51 17.86366658
52 18.65809745
53 19.46797375
54 20.29227751
55 21.12990238
56 21.97965458
57 22.8402543
58 23.71033773
59 24.58845947
60 25.47309562
61 26.36264729
62 27.25544468
63 28.14975175
64 29.04377133
65 29.93565076
66 30.82348808
67 31.70533859
68 32.57922196
69 33.44312973
70 34.29503313
71 35.13289137
72 35.95466017
73 36.75830059
74 37.54178805
75 38.30312163
76 39.04033341
77 39.75149793
78 40.43474168
79 41.08825259
80 41.7102894
81 42.29919096
82 42.85338526
83 43.37139834
84 43.8518628
85 44.29352606
86 44.69525812
87 45.05605903
88 45.37506576
89 45.65155858
90 45.88496688
91 46.07487444
92 46.22102398
93 46.32332111
94 46.38183761
95 46.39681395
96 46.36866116
97 46.29796194
98 46.18547102
99 46.03211478
100 45.83899019
101 45.60736293
102 45.33866483
103 45.03449058
104 44.69659377
105 44.32688217
106 43.92741245
107 43.50038415
108 43.0481331
109 42.57312426
110 42.07794392
111 41.56529146
112 41.03797055
113 40.49887986
114 39.95100338
115 39.39740033
116 38.84119459
117 38.28556395
118 37.73372888
119 37.18894113
120 36.65447199
121 36.13360042
122 35.62960087
123 35.14573105
124 34.68521948
125 34.25125301
126 33.84696417
127 33.47541857
128 33.13960225
129 32.84240907
130 32.58662809
131 32.37493115
132 32.2098605
133 32.09381661
134 32.0290462
135 32.01763055
136 32.06147404
137 32.16229311
138 32.32160553
139 32.54072025
140 32.82072763
141 33.16249027
142 33.56663453
143 34.03354267
144 34.56334572
145 35.15591723
146 35.81086787
147 36.52754097
148 37.30500904
149 38.14207139
150 39.03725291
151 39.98880394
152 40.99470145
153 42.05265149
154 43.16009298
155 44.31420279
156 45.51190233
157 46.74986546
158 48.02452783
159 49.33209773
160 50.66856825
161 52.0297309
162 53.4111906
163 54.80838197
164 56.21658693
165 57.63095345
166 59.04651555
167 60.45821419
168 61.86091919
169 63.24945203
170 64.61860922
171 65.96318638
172 67.27800269
173 68.55792564
174 69.79789595
175 70.99295237
176 72.13825644
177 73.22911675
178 74.26101275
179 75.22961788
180 76.13082178
181 76.96075155
182 77.7157918
183 78.39260337
184 78.98814061
185 79.49966704
186 79.92476931
187 80.26136932
188 80.50773441
189 80.66248562
190 80.7246038
191 80.69343367
192 80.56868571
193 80.35043593
194 80.03912346
195 79.63554605
196 79.14085345
197 78.55653879
198 77.884428
199 77.12666733
200 76.28570916
201 75.36429609
202 74.36544362
203 73.29242131
204 72.14873286
205 70.93809497
206 69.66441544
207 68.33177043
208 66.9443812
209 65.50659045
210 64.02283848
211 62.49763926
212 60.93555665
213 59.34118093
214 57.7191058
215 56.0739059
216 54.41011519
217 52.73220613
218 51.04456988
219 49.35149762
220 47.65716308
221 45.96560636
222 44.28071906
223 42.60623093
224 40.94569788
225 39.30249157
226 37.67979042
227 36.08057218
228 34.50760806
229 32.96345819
230 31.45046868
231 29.97077002
232 28.52627678
233 27.11868876
234 25.74949315
235 24.41996805
236 23.13118686
237 21.88402385
238 20.67916041
239 19.51709227
240 18.39813736
241 17.32244421
242 16.29000102
243 15.30064498
244 14.35407209
245 13.44984704
246 12.58741345
247 11.76610399
248 10.98515065
249 10.24369487
250 9.540797528
251 8.875448757
252 8.246577491
253 7.653060713
254 7.093732353
255 6.567391802
256 6.072812015
257 5.608747158
258 5.173939813
259 4.767127679
260 4.38704981
261 4.032452341
262 3.702093725
263 3.394749483
264 3.109216461
265 2.844316615
266 2.598900341
267 2.371849346
268 2.162079106
269 1.968540903
270 1.790223485
271 1.626154363
272 1.475400757
273 1.337070243
274 1.210311096
275 1.094312369
276 0.9883037412
277 0.8915551314
278 0.8033761311
279 0.7231152591
280 0.6501590703
281 0.5839311338
282 0.5238909046
283 0.4695325043
284 0.4203834305
285 0.3760032103
286 0.335982013
287 0.2999392363
288 0.2675220777
289 0.2384041032
290 0.2122838234
291 0.1888832852
292 0.1679466874
293 0.149239027
294 0.1325447823
295 0.1176666363
296 0.104424246
297 0.09265305944
298 0.08220318363
299 0.07293830427
300 0.06473465923
301 0.05748006566
302 0.05107300097
303 0.04542173726
304 0.04044352845
305 0.03606384901
306 0.03221568284
307 0.02883886086
308 0.02587944541
309 0.02328915964
310 0.02102485983
311 0.01904804854
312 0.0173244265
313 0.01582348108
314 0.0145181091
315 0.01338427197
316 0.01240068103
317 0.01154851097
318 0.01081113941
319 0.01017391079
320 0.009623922609
321 0.009149832321
322 0.008741683288
323 0.008390748125
324 0.008089387999
325 0.007830926505
326 0.007609536792
327 0.007420140745
328 0.007258319099
329 0.007120231431
330 0.007002545083
331 0.006902372121
332 0.006817213524
333 0.006744909851
334 0.006683597721
335 0.006631671476
336 0.006587749466
337 0.006550644455
338 0.006519337684
339 0.006492956178
340 0.006470752915
341 0.00645208954
342 0.006436421308
343 0.006423283998
344 0.006412282551
345 0.006403081225
346 0.006395395083
347 0.006388982633
348 0.006383639482
349 0.006379192871
350 0.006375496981
351 0.006372428895
352 0.006369885143
353 0.006367778743
354 0.00636603667
355 0.006364597702
356 0.00636341058
357 0.006362432443
358 0.006361627503
359 0.006360965914
360 0.006360422824
361 0.00635997756
362 0.006359612954
363 0.006359314766
364 0.006359071199
365 0.006358872495
366 0.006358710592
367 0.006358578836
368 0.006358471748
369 0.006358384816
370 0.006358314334
371 0.006358257261
372 0.006358211102
373 0.006358173816
374 0.006358143735
375 0.006358119497
376 0.006358099991
377 0.006358084313
378 0.006358071726
379 0.006358061634
380 0.006358053553
381 0.006358047089
382 0.006358041926
383 0.006358037806
384 0.006358034523
385 0.006358031911
386 0.006358029834
387 0.006358028185
388 0.006358026878
389 0.006358025842
390 0.006358025023
391 0.006358024376
392 0.006358023866
393 0.006358023464
394 0.006358023147
395 0.006358022898
396 0.006358022702
397 0.006358022549
398 0.006358022429
399 0.006358022335
400 0.006358022262
401 0.006358022205
402 0.00635802216
403 0.006358022125
404 0.006358022098
405 0.006358022077
406 0.006358022061
407 0.006358022048
408 0.006358022039
409 0.006358022031
410 0.006358022025
411 0.006358022021
412 0.006358022017
413 0.006358022015
414 0.006358022013
415 0.006358022011
416 0.00635802201
417 0.006358022009
418 0.006358022008
419 0.006358022008
420 0.006358022007
421 0.006358022007
422 0.006358022007
423 0.006358022007
424 0.006358022007
425 0.006358022006
426 0.006358022006
427 0.006358022006
428 0.006358022006
429 0.006358022006
430 0.006358022006
431 0.006358022006
432 0.006358022006
433 0.006358022006
434 0.006358022006
435 0.006358022006
436 0.006358022006
437 0.006358022006
438 0.006358022006
439 0.006358022006
440 0.006358022006
441 0.006358022006
442 0.006358022006
443 0.006358022006
444 0.006358022006
445 0.006358022006
446 0.006358022006
447 0.006358022006
448 0.006358022006
449 0.006358022006
450 0.006358022006
451 0.006358022006
452 0.006358022006
453 0.006358022006
454 0.006358022006
455 0.006358022006
456 0.006358022006
457 0.006358022006
458 0.006358022006
459 0.006358022006
460 0.006358022006
461 0.006358022006
462 0.006358022006
463 0.006358022006
464 0.006358022006
465 0.006358022006
466 0.006358022006
467 0.006358022006
468 0.006358022006
469 0.006358022006
470 0.006358022006
471 0.006358022006
472 0.006358022006
473 0.006358022006
474 0.006358022006
475 0.006358022006
476 0.006358022006
477 0.006358022006
478 0.006358022006
479 0.006358022006
480 0.006358022006
481 0.006358022006
482 0.006358022006
483 0.006358022006
484 0.006358022006
485 0.006358022006
486 0.006358022006
487 0.006358022006
488 0.006358022006
489 0.006358022006
490 0.006358022006
491 0.006358022006
492 0.006358022006
493 0.006358022006
494 0.006358022006
495 0.006358022006
496 0.006358022006
497 0.006358022006
498 0.006358022006
499 0.006358022006
500 0.006358022006
501 0.006358022006
502 0.006358022006
503 0.006358022006
504 0.006358022006
505 0.006358022006
506 0.006358022006
507 0.006358022006
508 0.006358022006
509 0.006358022006
510 0.006358022006
511 0.006358022006
512 0.006358022006
513 0.006358022006
514 0.006358022006
515 0.006358022006
516 0.006358022006
517 0.006358022006
518 0.006358022006
519 0.006358022006
520 0.006358022006
521 0.006358022006
522 0.006358022006
523 0.006358022006
524 0.006358022006
525 0.006358022006
526 0.006358022006
527 0.006358022006
528 0.006358022006
529 0.006358022006
530 0.006358022006
531 0.006358022006
532 0.006358022006
533 0.006358022006
534 0.006358022006
535 0.006358022006
536 0.006358022006
537 0.006358022006
538 0.006358022006
539 0.006358022006
540 0.006358022006
541 0.006358022006
542 0.006358022006
543 0.006358022006
544 0.006358022006
545 0.006358022006
546 0.006358022006
547 0.006358022006
548 0.006358022006
549 0.006358022006
550 0.006358022006
551 0.006358022006
552 0.006358022006
553 0.006358022006
554 0.006358022006
555 0.006358022006
556 0.006358022006
557 0.006358022006
558 0.006358022006
559 0.006358022006
560 0.006358022006
561 0.006358022006
562 0.006358022006
563 0.006358022006
564 0.006358022006
565 0.006358022006
566 0.006358022006
567 0.006358022006
568 0.006358022006
569 0.006358022006
570 0.006358022006
571 0.006358022006
572 0.006358022006
573 0.006358022006
574 0.006358022006
575 0.006358022006
576 0.006358022006
577 0.006358022006
578 0.006358022006
579 0.006358022006
580 0.006358022006
581 0.006358022006
582 0.006358022006
583 0.006358022006
584 0.006358022006
585 0.006358022006
586 0.006358022006
587 0.006358022006
588 0.006358022006
589 0.006358022006
590 0.006358022006
591 0.006358022006
592 0.006358022006
593 0.006358022006
594 0.006358022006
595 0.006358022006
596 0.006358022006
597 0.006358022006
598 0.006358022006
599 0.006358022006
600 0.006358022006
601 0.006358022006
602 0.006358022006
603 0.006358022006
604 0.006358022006
605 0.006358022006
606 0.006358022006
607 0.006358022006
608 0.006358022006
609 0.006358022006
610 0.006358022006
611 0.006358022006
612 0.006358022006
613 0.006358022006
614 0.006358022006
615 0.006358022006
616 0.006358022006
617 0.006358022006
618 0.006358022006
619 0.006358022006
620 0.006358022006
621 0.006358022006
622 0.006358022006
623 0.006358022006
624 0.006358022006
625 0.006358022006
626 0.006358022006
627 0.006358022006
628 0.006358022006
629 0.006358022006
630 0.006358022006
631 0.006358022006
632 0.006358022006
633 0.006358022006
634 0.006358022006
635 0.006358022006
636 0.006358022006
637 0.006358022006
638 0.006358022006
639 0.006358022006
640 0.006358022006
641 0.006358022006
642 0.006358022006
643 0.006358022006
644 0.006358022006
645 0.006358022006
646 0.006358022006
647 0.006358022006
648 0.006358022006
649 0.006358022006
650 0.006358022006
651 0.006358022006
652 0.006358022006
653 0.006358022006
654 0.006358022006
655 0.006358022006
656 0.006358022006
657 0.006358022006
658 0.006358022006
659 0.006358022006
660 0.006358022006
661 0.006358022006
662 0.006358022006
663 0.006358022006
664 0.006358022006
665 0.006358022006
666 0.006358022006
667 0.006358022006
668 0.006358022006
669 0.006358022006
670 0.006358022006
671 0.006358022006
672 0.006358022006
673 0.006358022006
674 0.006358022006
675 0.006358022006
676 0.006358022006
677 0.006358022006
678 0.006358022006
679 0.006358022006
680 0.006358022006
681 0.006358022006
682 0.006358022006
683 0.006358022006
684 0.006358022006
685 0.006358022006
686 0.006358022006
687 0.006358022006
688 0.006358022006
689 0.006358022006
690 0.006358022006
691 0.006358022006
692 0.006358022006
693 0.006358022006
694 0.006358022006
695 0.006358022006
696 0.006358022006
697 0.006358022006
698 0.006358022006
699 0.006358022006
700 0.006358022006
701 0.006358022006
702 0.006358022006
703 0.006358022006
704 0.006358022006
705 0.006358022006
706 0.006358022006
707 0.006358022006
708 0.006358022006
709 0.006358022006
710 0.006358022006
711 0.006358022006
712 0.006358022006
713 0.006358022006
714 0.006358022006
715 0.006358022006
716 0.006358022006
717 0.006358022006
718 0.006358022006
719 0.006358022006
720 0.006358022006
721 0.006358022006
722 0.006358022006
723 0.006358022006
724 0.006358022006
725 0.006358022006
726 0.006358022006
727 0.006358022006
728 0.006358022006
729 0.006358022006
730 0.006358022006
731 0.006358022006
732 0.006358022006
733 0.006358022006
734 0.006358022006
735 0.006358022006
736 0.006358022006
737 0.006358022006
738 0.006358022006
739 0.006358022006
740 0.006358022006
741 0.006358022006
742 0.006358022006
743 0.006358022006
744 0.006358022006
745 0.006358022006
746 0.006358022006
747 0.006358022006
748 0.006358022006
749 0.006358022006
750 0.006358022006
751 0.006358022006
752 0.006358022006
753 0.006358022006
754 0.006358022006
755 0.006358022006
756 0.006358022006
757 0.006358022006
758 0.006358022006
759 0.006358022006
760 0.006358022006
761 0.006358022006
762 0.006358022006
763 0.006358022006
764 0.006358022006
765 0.006358022006
766 0.006358022006
767 0.006358022006
768 0.006358022006
769 0.006358022006
770 0.006358022006
771 0.006358022006
772 0.006358022006
773 0.006358022006
774 0.006358022006
775 0.006358022006
776 0.006358022006
777 0.006358022006
778 0.006358022006
779 0.006358022006
780 0.006358022006
781 0.006358022006
782 0.006358022006
783 0.006358022006
784 0.006358022006
785 0.006358022006
786 0.006358022006
787 0.006358022006
788 0.006358022006
789 0.006358022006
790 0.006358022006
791 0.006358022006
792 0.006358022006
793 0.006358022006
794 0.006358022006
795 0.006358022006
796 0.006358022006
797 0.006358022006
798 0.006358022006
799 0.006358022006
800 0.006358022006
801 0.006358022006
802 0.006358022006
803 0.006358022006
804 0.006358022006
805 0.006358022006
806 0.006358022006
807 0.006358022006
808 0.006358022006
809 0.006358022006
810 0.006358022006
811 0.006358022006
812 0.006358022006
813 0.006358022006
814 0.006358022006
815 0.006358022006
816 0.006358022006
817 0.006358022006
818 0.006358022006
819 0.006358022006
820 0.006358022006
821 0.006358022006
822 0.006358022006
823 0.006358022006
824 0.006358022006
825 0.006358022006
826 0.006358022006
827 0.006358022006
828 0.006358022006
829 0.006358022006
830 0.006358022006
831 0.006358022006
832 0.006358022006
833 0.006358022006
834 0.006358022006
835 0.006358022006
836 0.006358022006
837 0.006358022006
838 0.006358022006
839 0.006358022006
840 0.006358022006
841 0.006358022006
842 0.006358022006
843 0.006358022006
844 0.006358022006
845 0.006358022006
846 0.006358022006
847 0.006358022006
848 0.006358022006
849 0.006358022006
850 0.006358022006
851 0.006358022006
852 0.006358022006
853 0.006358022006
854 0.006358022006
855 0.006358022006
856 0.006358022006
857 0.006358022006
858 0.006358022006
859 0.006358022006
860 0.006358022006
861 0.006358022006
862 0.006358022006
863 0.006358022006
864 0.006358022006
865 0.006358022006
866 0.006358022006
867 0.006358022007
868 0.006358022007
869 0.006358022007
870 0.006358022007
871 0.006358022007
872 0.006358022008
873 0.006358022008
874 0.006358022009
875 0.00635802201
876 0.006358022011
877 0.006358022012
878 0.006358022014
879 0.006358022016
880 0.006358022018
881 0.006358022021
882 0.006358022026
883 0.006358022031
884 0.006358022038
885 0.006358022046
886 0.006358022057
887 0.006358022071
888 0.006358022088
889 0.006358022109
890 0.006358022137
891 0.006358022171
892 0.006358022214
893 0.006358022267
894 0.006358022335
895 0.006358022419
896 0.006358022525
897 0.006358022657
898 0.006358022821
899 0.006358023026
900 0.006358023282
901 0.0063580236
902 0.006358023995
903 0.006358024485
904 0.006358025093
905 0.006358025846
906 0.006358026779
907 0.006358027931
908 0.006358029354
909 0.00635803111
910 0.006358033274
911 0.006358035939
912 0.006358039215
913 0.00635804324
914 0.00635804818
915 0.006358054237
916 0.006358061653
917 0.006358070727
918 0.006358081817
919 0.006358095355
920 0.006358111867
921 0.006358131982
922 0.006358156463
923 0.006358186225
924 0.00635822237
925 0.006358266221
926 0.006358319364
927 0.006358383702
928 0.006358461512
929 0.006358555514
930 0.006358668959
931 0.006358805726
932 0.006358970435
933 0.006359168588
934 0.006359406723
935 0.006359692608
936 0.006360035456
937 0.006360446185
938 0.006360937717
939 0.006361525329
940 0.006362227063
941 0.0063630642
942 0.006364061814
943 0.006365249416
944 0.006366661697
945 0.006368339392
946 0.006370330279
947 0.00637269033
948 0.006375485045
949 0.006378790982
950 0.006382697527
951 0.006387308913
952 0.006392746558
953 0.006399151725
954 0.006406688582
955 0.00641554769
956 0.006425949992
957 0.006438151361
958 0.006452447769
959 0.006469181181
960 0.006488746232
961 0.006511597809
962 0.006538259635
963 0.006569333971
964 0.006605512581
965 0.006647589091
966 0.006696472909
967 0.006753204877
968 0.006818974852
969 0.00689514141
970 0.006983253919
971 0.007085077205
972 0.007202619104
973 0.00733816116
974 0.007494292804
975 0.007673949331
976 0.007880454055
977 0.008117565002
978 0.008389526571
979 0.008701126595
980 0.009057759261
981 0.009465494389
982 0.009931153581
983 0.01046239378
984 0.01106779885
985 0.01175697965
986 0.01254068342
987 0.01343091292
988 0.01444105607
989 0.0155860268
990 0.01688241767
991 0.01834866508
992 0.02000522769
993 0.02187477875
994 0.02398241301
995 0.02635586894
996 0.02902576676
997 0.03202586302
998 0.03539332219
999 0.03916900588
1000 0.0433977799
1001 0.04812883983
1002 0.05341605506
1003 0.05931833165
1004 0.06589999396
1005 0.07323118501
1006 0.08138828514
1007 0.09045434883
1008 0.1005195587
1009 0.1116816963
1010 0.1240466278
1011 0.1377288048
1012 0.1528517768
1013 0.169548715
1014 0.1879629444
1015 0.2082484823
1016 0.2305705802
1017 0.2551062654
1018 0.2820448804
1019 0.3115886143
1020 0.3439530235
1021 0.3793675362
1022 0.4180759364
1023 0.4603368218
