#54767 2910.0015810071840781 0.0045703888495514074022 1 1429 16.000049430220818044 1024 7 1 J1713+0747 0.0000000 
0 0.09077584549
1 0.0906710793
2 0.09058194286
3 0.09050619975
4 0.09044191841
5 0.0903874329
6 0.09034130839
7 0.09030231085
8 0.09026938037
9 0.09024160792
10 0.09021821492
11 0.09019853543
12 0.09018200066
13 0.09016812548
14 0.09015649665
15 0.09014676267
16 0.09013862496
17 0.09013183025
18 0.09012616397
19 0.09012144461
20 0.09011751883
21 0.09011425725
22 0.09011155088
23 0.090109308
24 0.09010745155
25 0.09010591686
26 0.09010464973
27 0.09010360484
28 0.09010274426
29 0.09010203637
30 0.0901014548
31 0.0901009776
32 0.09010058652
33 0.09010026643
34 0.09010000476
35 0.09009979112
36 0.0900996169
37 0.09009947501
38 0.09009935959
39 0.09009926581
40 0.09009918973
41 0.09009912806
42 0.09009907815
43 0.0900990378
44 0.09009900522
45 0.09009897895
46 0.09009895779
47 0.09009894077
48 0.09009892709
49 0.09009891612
50 0.09009890732
51 0.09009890028
52 0.09009889466
53 0.09009889016
54 0.09009888658
55 0.09009888372
56 0.09009888145
57 0.09009887965
58 0.09009887822
59 0.09009887708
60 0.09009887618
61 0.09009887547
62 0.09009887491
63 0.09009887447
64 0.09009887412
65 0.09009887385
66 0.09009887363
67 0.09009887346
68 0.09009887333
69 0.09009887323
70 0.09009887314
71 0.09009887308
72 0.09009887303
73 0.09009887299
74 0.09009887296
75 0.09009887294
76 0.09009887292
77 0.09009887291
78 0.0900988729
79 0.09009887289
80 0.09009887288
81 0.09009887288
82 0.09009887287
83 0.09009887287
84 0.09009887287
85 0.09009887287
86 0.09009887286
87 0.09009887286
88 0.09009887286
89 0.09009887286
90 0.09009887286
91 0.09009887286
92 0.09009887286
93 0.09009887286
94 0.09009887286
95 0.09009887286
96 0.09009887286
97 0.09009887286
98 0.09009887286
99 0.09009887286
100 0.09009887286
101 0.09009887286
102 0.09009887286
103 0.09009887286
104 0.09009887286
105 0.09009887286
106 0.09009887286
107 0.09009887286
108 0.09009887286
109 0.09009887286
110 0.09009887286
111 0.09009887286
112 0.09009887286
113 0.09009887286
114 0.09009887286
115 0.09009887286
116 0.09009887286
117 0.09009887286
118 0.09009887286
119 0.09009887286
120 0.09009887286
121 0.09009887286
122 0.09009887286
123 0.09009887286
124 0.09009887286
125 0.09009887286
126 0.09009887286
127 0.09009887286
128 0.09009887286
129 0.09009887286
130 0.09009887286
131 0.09009887286
132 0.09009887286
133 0.09009887286
134 0.09009887286
135 0.09009887286
136 0.09009887286
137 0.09009887286
138 0.09009887286
139 0.09009887286
140 0.09009887286
141 0.09009887286
142 0.09009887286
143 0.09009887286
144 0.09009887286
145 0.09009887286
146 0.09009887286
147 0.09009887286
148 0.09009887286
149 0.09009887286
150 0.09009887286
151 0.09009887286
152 0.09009887286
153 0.09009887286
154 0.09009887286
155 0.09009887286
156 0.09009887286
157 0.09009887286
158 0.09009887286
159 0.09009887286
160 0.09009887286
161 0.09009887286
162 0.09009887286
163 0.09009887286
164 0.09009887286
165 0.09009887286
166 0.09009887286
167 0.09009887286
168 0.09009887286
169 0.09009887286
170 0.09009887286
171 0.09009887286
172 0.09009887286
173 0.09009887286
174 0.09009887286
175 0.09009887286
176 0.09009887286
177 0.09009887286
178 0.09009887286
179 0.09009887286
180 0.09009887286
181 0.09009887286
182 0.09009887286
183 0.09009887286
184 0.09009887286
185 0.09009887286
186 0.09009887286
187 0.09009887286
188 0.09009887286
189 0.09009887286
190 0.09009887286
191 0.09009887286
192 0.09009887286
193 0.09009887286
194 0.09009887286
195 0.09009887286
196 0.09009887286
197 0.09009887286
198 0.09009887286
199 0.09009887286
200 0.09009887286
201 0.09009887286
202 0.09009887286
203 0.09009887286
204 0.09009887286
205 0.09009887286
206 0.09009887286
207 0.09009887286
208 0.09009887286
209 0.09009887286
210 0.09009887286
211 0.09009887286
212 0.09009887286
213 0.09009887286
214 0.09009887286
215 0.09009887286
216 0.09009887286
217 0.09009887286
218 0.09009887286
219 0.09009887286
220 0.09009887286
221 0.09009887286
222 0.09009887286
223 0.09009887286
224 0.09009887286
225 0.09009887286
226 0.09009887286
227 0.09009887286
228 0.09009887286
229 0.09009887286
230 0.09009887286
231 0.09009887286
232 0.09009887286
233 0.09009887286
234 0.09009887286
235 0.09009887286
236 0.09009887286
237 0.09009887286
238 0.09009887286
239 0.09009887286
240 0.09009887286
241 0.09009887286
242 0.09009887286
243 0.09009887286
244 0.09009887286
245 0.09009887286
246 0.09009887286
247 0.09009887286
248 0.09009887286
249 0.09009887286
250 0.09009887286
251 0.09009887286
252 0.09009887286
253 0.09009887286
254 0.09009887286
255 0.09009887286
256 0.09009887286
257 0.09009887286
258 0.09009887286
259 0.09009887286
260 0.09009887286
261 0.09009887286
262 0.09009887286
263 0.09009887286
264 0.09009887286
265 0.09009887286
266 0.09009887286
267 0.09009887286
268 0.09009887286
269 0.09009887286
270 0.09009887286
271 0.09009887286
272 0.09009887286
273 0.09009887286
274 0.09009887286
275 0.09009887286
276 0.09009887286
277 0.09009887286
278 0.09009887286
279 0.09009887286
280 0.09009887286
281 0.09009887286
282 0.09009887286
283 0.09009887286
284 0.09009887286
285 0.09009887286
286 0.09009887286
287 0.09009887286
288 0.09009887286
289 0.09009887286
290 0.09009887286
291 0.09009887286
292 0.09009887286
293 0.09009887286
294 0.09009887286
295 0.09009887286
296 0.09009887286
297 0.09009887286
298 0.09009887286
299 0.09009887286
300 0.09009887286
301 0.09009887286
302 0.09009887286
303 0.09009887286
304 0.09009887286
305 0.09009887286
306 0.09009887286
307 0.09009887286
308 0.09009887286
309 0.09009887286
310 0.09009887286
311 0.09009887286
312 0.09009887286
313 0.09009887286
314 0.09009887286
315 0.09009887286
316 0.09009887286
317 0.09009887286
318 0.09009887286
319 0.09009887286
320 0.09009887286
321 0.09009887286
322 0.09009887286
323 0.09009887286
324 0.09009887286
325 0.09009887286
326 0.09009887286
327 0.09009887286
328 0.09009887286
329 0.09009887286
330 0.09009887286
331 0.09009887286
332 0.09009887286
333 0.09009887286
334 0.09009887286
335 0.09009887286
336 0.09009887286
337 0.09009887286
338 0.09009887286
339 0.09009887286
340 0.09009887286
341 0.09009887286
342 0.09009887286
343 0.09009887286
344 0.09009887286
345 0.09009887286
346 0.09009887286
347 0.09009887286
348 0.09009887286
349 0.09009887286
350 0.09009887286
351 0.09009887286
352 0.09009887286
353 0.09009887286
354 0.09009887286
355 0.09009887286
356 0.09009887286
357 0.09009887286
358 0.09009887286
359 0.09009887286
360 0.09009887286
361 0.09009887286
362 0.09009887286
363 0.09009887286
364 0.09009887286
365 0.09009887286
366 0.09009887286
367 0.09009887286
368 0.09009887286
369 0.09009887286
370 0.09009887286
371 0.09009887286
372 0.09009887286
373 0.09009887286
374 0.09009887286
375 0.09009887286
376 0.09009887286
377 0.09009887286
378 0.09009887286
379 0.09009887286
380 0.09009887286
381 0.09009887286
382 0.09009887286
383 0.09009887286
384 0.09009887286
385 0.09009887286
386 0.09009887286
387 0.09009887286
388 0.09009887286
389 0.09009887286
390 0.09009887286
391 0.09009887286
392 0.09009887286
393 0.09009887286
394 0.09009887286
395 0.09009887286
396 0.09009887286
397 0.09009887286
398 0.09009887286
399 0.09009887286
400 0.09009887286
401 0.09009887286
402 0.09009887286
403 0.09009887286
404 0.09009887286
405 0.09009887286
406 0.09009887286
407 0.09009887286
408 0.09009887286
409 0.09009887286
410 0.09009887286
411 0.09009887286
412 0.09009887286
413 0.09009887286
414 0.09009887286
415 0.09009887286
416 0.09009887286
417 0.09009887286
418 0.09009887286
419 0.09009887286
420 0.09009887286
421 0.09009887286
422 0.09009887286
423 0.09009887286
424 0.09009887286
425 0.09009887286
426 0.09009887286
427 0.09009887286
428 0.09009887286
429 0.09009887286
430 0.09009887286
431 0.09009887286
432 0.09009887286
433 0.09009887286
434 0.09009887286
435 0.09009887286
436 0.09009887286
437 0.09009887286
438 0.09009887286
439 0.09009887286
440 0.09009887286
441 0.09009887286
442 0.09009887286
443 0.09009887286
444 0.09009887286
445 0.09009887286
446 0.09009887286
447 0.09009887286
448 0.09009887286
449 0.09009887286
450 0.09009887286
451 0.09009887286
452 0.09009887286
453 0.09009887286
454 0.09009887286
455 0.09009887286
456 0.09009887286
457 0.09009887286
458 0.09009887286
459 0.09009887286
460 0.09009887286
461 0.09009887286
462 0.09009887286
463 0.09009887286
464 0.09009887286
465 0.09009887286
466 0.09009887286
467 0.09009887286
468 0.09009887286
469 0.09009887286
470 0.09009887286
471 0.09009887286
472 0.09009887286
473 0.09009887286
474 0.09009887286
475 0.09009887286
476 0.09009887286
477 0.09009887286
478 0.09009887286
479 0.09009887286
480 0.09009887286
481 0.09009887286
482 0.09009887286
483 0.09009887286
484 0.09009887286
485 0.09009887286
486 0.09009887286
487 0.09009887286
488 0.09009887286
489 0.09009887286
490 0.09009887286
491 0.09009887286
492 0.09009887286
493 0.09009887286
494 0.09009887286
495 0.09009887286
496 0.09009887286
497 0.09009887286
498 0.09009887286
499 0.09009887286
500 0.09009887286
501 0.09009887286
502 0.09009887286
503 0.09009887286
504 0.09009887286
505 0.09009887286
506 0.09009887286
507 0.09009887286
508 0.09009887286
509 0.09009887286
510 0.09009887286
511 0.09009887286
512 0.09009887286
513 0.09009887286
514 0.09009887286
515 0.09009887286
516 0.09009887286
517 0.09009887286
518 0.09009887286
519 0.09009887286
520 0.09009887286
521 0.09009887286
522 0.09009887286
523 0.09009887286
524 0.09009887286
525 0.09009887286
526 0.09009887286
527 0.09009887286
528 0.09009887286
529 0.09009887286
530 0.09009887286
531 0.09009887286
532 0.09009887286
533 0.09009887286
534 0.09009887286
535 0.09009887286
536 0.09009887286
537 0.09009887286
538 0.09009887286
539 0.09009887286
540 0.09009887286
541 0.09009887286
542 0.09009887286
543 0.09009887286
544 0.09009887286
545 0.09009887286
546 0.09009887286
547 0.09009887286
548 0.09009887287
549 0.09009887287
550 0.09009887287
551 0.09009887287
552 0.09009887288
553 0.09009887288
554 0.09009887289
555 0.09009887289
556 0.0900988729
557 0.09009887291
558 0.09009887293
559 0.09009887294
560 0.09009887297
561 0.09009887299
562 0.09009887303
563 0.09009887307
564 0.09009887313
565 0.0900988732
566 0.09009887328
567 0.09009887339
568 0.09009887352
569 0.09009887369
570 0.0900988739
571 0.09009887416
572 0.09009887448
573 0.09009887488
574 0.09009887538
575 0.090098876
576 0.09009887676
577 0.09009887771
578 0.09009887887
579 0.09009888031
580 0.09009888209
581 0.09009888428
582 0.09009888698
583 0.09009889029
584 0.09009889436
585 0.09009889936
586 0.09009890548
587 0.09009891297
588 0.09009892213
589 0.09009893332
590 0.09009894698
591 0.09009896363
592 0.09009898391
593 0.09009900858
594 0.09009903857
595 0.09009907497
596 0.09009911911
597 0.09009917259
598 0.09009923732
599 0.09009931556
600 0.09009941006
601 0.09009952405
602 0.09009966144
603 0.09009982683
604 0.09010002573
605 0.09010026467
606 0.09010055142
607 0.09010089518
608 0.09010130686
609 0.09010179934
610 0.09010238787
611 0.09010309044
612 0.09010392827
613 0.09010492635
614 0.09010611406
615 0.09010752595
616 0.09010920257
617 0.09011119145
618 0.09011354826
619 0.0901163381
620 0.09011963707
621 0.09012353394
622 0.09012813221
623 0.09013355239
624 0.09013993463
625 0.09014744175
626 0.09015626264
627 0.09016661625
628 0.09017875602
629 0.09019297501
630 0.09020961165
631 0.09022905636
632 0.09025175899
633 0.09027823723
634 0.09030908617
635 0.09034498907
636 0.09038672944
637 0.09043520476
638 0.09049144178
639 0.09055661376
640 0.09063205977
641 0.0907193063
642 0.09082009137
643 0.0909363915
644 0.09107045172
645 0.09122481891
646 0.09140237894
647 0.09160639775
648 0.09184056694
649 0.0921090541
650 0.09241655837
651 0.09276837178
652 0.09317044661
653 0.09362946945
654 0.09415294246
655 0.09474927229
656 0.09542786729
657 0.09619924359
658 0.09707514067
659 0.09806864698
660 0.09919433634
661 0.1004684157
662 0.1019088848
663 0.1035357089
664 0.1053710042
665 0.107439238
666 0.1097674425
667 0.1123854447
668 0.1153261116
669 0.118625611
670 0.1223236904
671 0.1264639717
672 0.1310942637
673 0.1362668921
674 0.1420390476
675 0.1484731511
676 0.1556372366
677 0.1636053514
678 0.1724579733
679 0.1822824431
680 0.1931734132
681 0.2052333102
682 0.2185728095
683 0.2333113227
684 0.2495774929
685 0.2675096987
686 0.2872565619
687 0.3089774585
688 0.3328430279
689 0.3590356788
690 0.3877500859
691 0.4191936761
692 0.4535870966
693 0.4911646629
694 0.53217478
695 0.5768803313
696 0.6255590309
697 0.6785037308
698 0.7360226787
699 0.798439719
700 0.8660944296
701 0.939342188
702 1.018554159
703 1.104117198
704 1.196433659
705 1.295921105
706 1.403011908
707 1.518152735
708 1.641803914
709 1.774438666
710 1.916542207
711 2.068610705
712 2.231150094
713 2.404674732
714 2.589705907
715 2.786770183
716 2.996397585
717 3.219119623
718 3.45546715
719 3.705968061
720 3.971144837
721 4.251511922
722 4.54757296
723 4.859817886
724 5.188719875
725 5.534732173
726 5.898284809
727 6.279781201
728 6.679594688
729 7.09806497
730 7.53549452
731 7.992144937
732 8.468233308
733 8.963928561
734 9.479347865
735 10.01455308
736 10.5695473
737 11.14427149
738 11.73860128
739 12.35234389
740 12.98523535
741 13.63693778
742 14.30703706
743 14.99504076
744 15.70037629
745 16.4223895
746 17.16034356
747 17.9134183
748 18.68070984
749 19.4612308
750 20.25391082
751 21.05759767
752 21.87105871
753 22.69298298
754 23.52198363
755 24.35660102
756 25.19530619
757 26.03650491
758 26.87854217
759 27.71970724
760 28.55823912
761 29.39233248
762 30.22014405
763 31.03979944
764 31.84940027
765 32.64703176
766 33.43077054
767 34.19869285
768 34.94888287
769 35.67944134
770 36.38849433
771 37.07420206
772 37.73476783
773 38.36844697
774 38.97355574
775 39.54848011
776 40.09168447
777 40.60172006
778 41.07723327
779 41.51697353
780 41.91980098
781 42.28469364
782 42.61075428
783 42.89721672
784 43.14345164
785 43.34897193
786 43.51343737
787 43.63665874
788 43.71860132
789 43.75938774
790 43.75930011
791 43.71878159
792 43.63843712
793 43.51903356
794 43.36149911
795 43.16692202
796 42.93654862
797 42.67178064
798 42.37417194
799 42.04542447
800 41.68738369
801 41.3020333
802 40.89148947
803 40.45799433
804 40.00390913
805 39.53170669
806 39.04396343
807 38.54335099
808 38.03262732
809 37.51462743
810 36.99225371
811 36.46846596
812 35.94627106
813 35.42871239
814 34.91885894
815 34.41979422
816 33.93460501
817 33.46636985
818 33.01814743
819 32.59296491
820 32.19380604
821 31.82359935
822 31.4852062
823 31.1814089
824 30.91489883
825 30.68826465
826 30.50398057
827 30.36439479
828 30.2717181
829 30.22801267
830 30.23518111
831 30.29495587
832 30.40888887
833 30.57834166
834 30.80447588
835 31.08824435
836 31.43038263
837 31.8314012
838 32.29157829
839 32.81095354
840 33.38932226
841 34.02623075
842 34.72097234
843 35.47258452
844 36.27984708
845 37.14128123
846 38.05515
847 39.01945973
848 40.03196278
849 41.09016155
850 42.19131373
851 43.33243899
852 44.51032681
853 45.72154584
854 46.96245451
855 48.22921298
856 49.51779637
857 50.82400937
858 52.14350196
859 53.4717864
860 54.80425526
861 56.13620057
862 57.46283385
863 58.77930706
864 60.08073418
865 61.36221357
866 62.6188507
867 63.84578133
868 65.03819484
869 66.19135769
870 67.30063678
871 68.36152262
872 69.36965199
873 70.32083023
874 71.21105265
875 72.0365252
876 72.79368411
877 73.47921428
878 74.09006653
879 74.62347328
880 75.0769628
881 75.44837172
882 75.73585586
883 75.93789917
884 76.0533208
885 76.0812802
886 76.02128023
887 75.87316826
888 75.63713521
889 75.31371261
890 74.90376766
891 74.40849634
892 73.82941462
893 73.16834792
894 72.42741872
895 71.60903268
896 70.71586316
897 69.7508344
898 68.71710342
899 67.61804085
900 66.45721077
901 65.23834976
902 63.96534533
903 62.64221391
904 61.27307843
905 59.86214584
906 58.41368467
907 56.93200267
908 55.42142487
909 53.88627208
910 52.33083999
911 50.75937906
912 49.17607529
913 47.58503184
914 45.99025194
915 44.39562277
916 42.80490067
917 41.2216977
918 39.64946941
919 38.09150415
920 36.55091367
921 35.03062523
922 33.53337508
923 32.06170337
924 30.61795042
925 29.20425439
926 27.82255021
927 26.47456977
928 25.16184336
929 23.88570214
930 22.64728173
931 21.4475268
932 20.28719649
933 19.16687063
934 18.0869568
935 17.04769783
936 16.04918006
937 15.09134185
938 14.1739826
939 13.29677201
940 12.45925948
941 11.66088377
942 10.90098254
943 10.178802
944 9.493506399
945 8.844187396
946 8.229873196
947 7.649537455
948 7.102107877
949 6.586474468
950 6.101497417
951 5.646014581
952 5.21884854
953 4.818813214
954 4.444720028
955 4.095383605
956 3.769627009
957 3.466286508
958 3.184215885
959 2.922290288
960 2.679409649
961 2.454501657
962 2.246524333
963 2.054468196
964 1.877358062
965 1.71425448
966 1.564254836
967 1.426494148
968 1.300145564
969 1.184420604
970 1.078569153
971 0.981879238
972 0.8936766026
973 0.813324113
974 0.7402210064
975 0.673802006
976 0.613536323
977 0.5589265617
978 0.5095075472
979 0.4648450898
980 0.4245347027
981 0.388200286
982 0.355492789
983 0.3260888638
984 0.2996895191
985 0.2760187835
986 0.2548223872
987 0.2358664679
988 0.2189363078
989 0.2038351065
990 0.190382794
991 0.1784148874
992 0.1677813935
993 0.15834576
994 0.149983876
995 0.1425831231
996 0.136041477
997 0.1302666604
998 0.1251753448
999 0.1206924027
1000 0.1167502075
1001 0.1132879801
1002 0.1102511805
1003 0.1075909439
1004 0.105263557
1005 0.1032299755
1006 0.1014553784
1007 0.09990875804
1008 0.09856254485
1009 0.09739226247
1010 0.09637621347
1011 0.09549519249
1012 0.09473222519
1013 0.09407233133
1014 0.09350230989
1015 0.09301054488
1016 0.09258682989
1017 0.09222221016
1018 0.09190884042
1019 0.09163985741
1020 0.09140926557
1021 0.09121183488
1022 0.09104300962
1023 0.09089882713
