#55095 2910.0027167640328478 0.0045705106267825831509 1 1461 16.000049430220818044 1024 7 1 J1713+0747 0.0000000 
0 -0.2852642117
1 -0.3025727248
2 -0.318016342
3 -0.3317780747
4 -0.344025162
5 -0.3549101732
6 -0.3645720623
7 -0.3731371742
8 -0.3807202005
9 -0.3874250846
10 -0.3933458774
11 -0.3985675418
12 -0.4031667087
13 -0.4072123851
14 -0.4107666145
15 -0.4138850924
16 -0.4166177383
17 -0.4190092257
18 -0.4210994716
19 -0.4229240887
20 -0.4245148013
21 -0.4258998268
22 -0.4271042258
23 -0.428150222
24 -0.4290574934
25 -0.4298434389
26 -0.4305234185
27 -0.4311109732
28 -0.4316180222
29 -0.432055042
30 -0.4324312278
31 -0.4327546384
32 -0.4330323262
33 -0.4332704542
34 -0.4334744005
35 -0.4336488514
36 -0.4337978845
37 -0.4339250428
38 -0.4340334005
39 -0.4341256212
40 -0.4342040093
41 -0.4342705559
42 -0.4343269789
43 -0.4343747583
44 -0.4344151675
45 -0.4344493005
46 -0.4344780959
47 -0.4345023581
48 -0.4345227751
49 -0.4345399348
50 -0.4345543387
51 -0.4345664145
52 -0.4345765256
53 -0.4345849813
54 -0.4345920436
55 -0.4345979349
56 -0.4346028431
57 -0.4346069273
58 -0.4346103215
59 -0.4346131387
60 -0.4346154743
61 -0.434617408
62 -0.434619007
63 -0.4346203277
64 -0.4346214171
65 -0.4346223146
66 -0.434623053
67 -0.4346236599
68 -0.434624158
69 -0.4346245664
70 -0.4346249007
71 -0.4346251741
72 -0.4346253974
73 -0.4346255795
74 -0.4346257279
75 -0.4346258486
76 -0.4346259468
77 -0.4346260264
78 -0.434626091
79 -0.4346261432
80 -0.4346261855
81 -0.4346262197
82 -0.4346262472
83 -0.4346262694
84 -0.4346262872
85 -0.4346263016
86 -0.4346263131
87 -0.4346263223
88 -0.4346263297
89 -0.4346263357
90 -0.4346263404
91 -0.4346263441
92 -0.4346263471
93 -0.4346263495
94 -0.4346263514
95 -0.4346263529
96 -0.4346263541
97 -0.4346263551
98 -0.4346263558
99 -0.4346263564
100 -0.4346263569
101 -0.4346263573
102 -0.4346263575
103 -0.4346263578
104 -0.434626358
105 -0.4346263581
106 -0.4346263582
107 -0.4346263583
108 -0.4346263584
109 -0.4346263584
110 -0.4346263584
111 -0.4346263585
112 -0.4346263585
113 -0.4346263585
114 -0.4346263585
115 -0.4346263585
116 -0.4346263586
117 -0.4346263586
118 -0.4346263586
119 -0.4346263586
120 -0.4346263586
121 -0.4346263586
122 -0.4346263586
123 -0.4346263586
124 -0.4346263586
125 -0.4346263586
126 -0.4346263586
127 -0.4346263586
128 -0.4346263586
129 -0.4346263586
130 -0.4346263586
131 -0.4346263586
132 -0.4346263586
133 -0.4346263586
134 -0.4346263586
135 -0.4346263586
136 -0.4346263586
137 -0.4346263586
138 -0.4346263586
139 -0.4346263586
140 -0.4346263586
141 -0.4346263586
142 -0.4346263586
143 -0.4346263586
144 -0.4346263586
145 -0.4346263586
146 -0.4346263586
147 -0.4346263586
148 -0.4346263586
149 -0.4346263586
150 -0.4346263586
151 -0.4346263586
152 -0.4346263586
153 -0.4346263586
154 -0.4346263586
155 -0.4346263586
156 -0.4346263586
157 -0.4346263586
158 -0.4346263586
159 -0.4346263586
160 -0.4346263586
161 -0.4346263586
162 -0.4346263586
163 -0.4346263586
164 -0.4346263586
165 -0.4346263586
166 -0.4346263586
167 -0.4346263586
168 -0.4346263586
169 -0.4346263586
170 -0.4346263586
171 -0.4346263586
172 -0.4346263586
173 -0.4346263586
174 -0.4346263586
175 -0.4346263586
176 -0.4346263586
177 -0.4346263586
178 -0.4346263586
179 -0.4346263586
180 -0.4346263586
181 -0.4346263586
182 -0.4346263586
183 -0.4346263586
184 -0.4346263586
185 -0.4346263586
186 -0.4346263586
187 -0.4346263586
188 -0.4346263586
189 -0.4346263586
190 -0.4346263586
191 -0.4346263586
192 -0.4346263586
193 -0.4346263586
194 -0.4346263586
195 -0.4346263586
196 -0.4346263586
197 -0.4346263586
198 -0.4346263586
199 -0.4346263586
200 -0.4346263586
201 -0.4346263586
202 -0.4346263586
203 -0.4346263586
204 -0.4346263586
205 -0.4346263586
206 -0.4346263586
207 -0.4346263586
208 -0.4346263586
209 -0.4346263586
210 -0.4346263586
211 -0.4346263586
212 -0.4346263586
213 -0.4346263586
214 -0.4346263586
215 -0.4346263586
216 -0.4346263586
217 -0.4346263586
218 -0.4346263586
219 -0.4346263586
220 -0.4346263586
221 -0.4346263586
222 -0.4346263586
223 -0.4346263586
224 -0.4346263586
225 -0.4346263586
226 -0.4346263586
227 -0.4346263586
228 -0.4346263586
229 -0.4346263586
230 -0.4346263586
231 -0.4346263586
232 -0.4346263586
233 -0.4346263586
234 -0.4346263586
235 -0.4346263586
236 -0.4346263586
237 -0.4346263586
238 -0.4346263586
239 -0.4346263586
240 -0.4346263586
241 -0.4346263586
242 -0.4346263586
243 -0.4346263586
244 -0.4346263586
245 -0.4346263586
246 -0.4346263586
247 -0.4346263586
248 -0.4346263586
249 -0.4346263586
250 -0.4346263586
251 -0.4346263586
252 -0.4346263586
253 -0.4346263586
254 -0.4346263586
255 -0.4346263586
256 -0.4346263586
257 -0.4346263586
258 -0.4346263586
259 -0.4346263586
260 -0.4346263586
261 -0.4346263586
262 -0.4346263586
263 -0.4346263586
264 -0.4346263586
265 -0.4346263586
266 -0.4346263586
267 -0.4346263586
268 -0.4346263586
269 -0.4346263586
270 -0.4346263586
271 -0.4346263586
272 -0.4346263586
273 -0.4346263586
274 -0.4346263586
275 -0.4346263586
276 -0.4346263586
277 -0.4346263586
278 -0.4346263586
279 -0.4346263586
280 -0.4346263586
281 -0.4346263586
282 -0.4346263586
283 -0.4346263586
284 -0.4346263586
285 -0.4346263586
286 -0.4346263586
287 -0.4346263586
288 -0.4346263586
289 -0.4346263586
290 -0.4346263586
291 -0.4346263586
292 -0.4346263586
293 -0.4346263586
294 -0.4346263586
295 -0.4346263586
296 -0.4346263586
297 -0.4346263586
298 -0.4346263586
299 -0.4346263586
300 -0.4346263586
301 -0.4346263586
302 -0.4346263586
303 -0.4346263586
304 -0.4346263586
305 -0.4346263586
306 -0.4346263586
307 -0.4346263586
308 -0.4346263586
309 -0.4346263586
310 -0.4346263586
311 -0.4346263586
312 -0.4346263586
313 -0.4346263586
314 -0.4346263586
315 -0.4346263586
316 -0.4346263586
317 -0.4346263586
318 -0.4346263586
319 -0.4346263586
320 -0.4346263586
321 -0.4346263586
322 -0.4346263586
323 -0.4346263586
324 -0.4346263586
325 -0.4346263586
326 -0.4346263586
327 -0.4346263586
328 -0.4346263586
329 -0.4346263586
330 -0.4346263586
331 -0.4346263586
332 -0.4346263586
333 -0.4346263586
334 -0.4346263586
335 -0.4346263586
336 -0.4346263586
337 -0.4346263586
338 -0.4346263586
339 -0.4346263586
340 -0.4346263586
341 -0.4346263586
342 -0.4346263586
343 -0.4346263586
344 -0.4346263586
345 -0.4346263586
346 -0.4346263586
347 -0.4346263586
348 -0.4346263586
349 -0.4346263586
350 -0.4346263586
351 -0.4346263586
352 -0.4346263586
353 -0.4346263586
354 -0.4346263586
355 -0.4346263586
356 -0.4346263586
357 -0.4346263586
358 -0.4346263586
359 -0.4346263586
360 -0.4346263586
361 -0.4346263586
362 -0.4346263586
363 -0.4346263586
364 -0.4346263586
365 -0.4346263586
366 -0.4346263586
367 -0.4346263586
368 -0.4346263586
369 -0.4346263586
370 -0.4346263586
371 -0.4346263586
372 -0.4346263586
373 -0.4346263586
374 -0.4346263586
375 -0.4346263586
376 -0.4346263586
377 -0.4346263586
378 -0.4346263586
379 -0.4346263586
380 -0.4346263586
381 -0.4346263586
382 -0.4346263586
383 -0.4346263586
384 -0.4346263586
385 -0.4346263586
386 -0.4346263586
387 -0.4346263586
388 -0.4346263586
389 -0.4346263586
390 -0.4346263586
391 -0.4346263586
392 -0.4346263586
393 -0.4346263586
394 -0.4346263586
395 -0.4346263586
396 -0.4346263586
397 -0.4346263586
398 -0.4346263586
399 -0.4346263586
400 -0.4346263586
401 -0.4346263586
402 -0.4346263586
403 -0.4346263586
404 -0.4346263586
405 -0.4346263586
406 -0.4346263586
407 -0.4346263586
408 -0.4346263586
409 -0.4346263586
410 -0.4346263586
411 -0.4346263586
412 -0.4346263586
413 -0.4346263586
414 -0.4346263586
415 -0.4346263586
416 -0.4346263586
417 -0.4346263586
418 -0.4346263586
419 -0.4346263586
420 -0.4346263586
421 -0.4346263586
422 -0.4346263586
423 -0.4346263586
424 -0.4346263586
425 -0.4346263586
426 -0.4346263586
427 -0.4346263586
428 -0.4346263586
429 -0.4346263586
430 -0.4346263586
431 -0.4346263586
432 -0.4346263586
433 -0.4346263586
434 -0.4346263586
435 -0.4346263586
436 -0.4346263586
437 -0.4346263586
438 -0.4346263586
439 -0.4346263586
440 -0.4346263586
441 -0.4346263586
442 -0.4346263586
443 -0.4346263586
444 -0.4346263586
445 -0.4346263586
446 -0.4346263586
447 -0.4346263586
448 -0.4346263586
449 -0.4346263586
450 -0.4346263586
451 -0.4346263586
452 -0.4346263586
453 -0.4346263586
454 -0.4346263586
455 -0.4346263586
456 -0.4346263586
457 -0.4346263586
458 -0.4346263586
459 -0.4346263586
460 -0.4346263586
461 -0.4346263586
462 -0.4346263586
463 -0.4346263586
464 -0.4346263586
465 -0.4346263586
466 -0.4346263586
467 -0.4346263586
468 -0.4346263586
469 -0.4346263586
470 -0.4346263586
471 -0.4346263586
472 -0.4346263586
473 -0.4346263586
474 -0.4346263586
475 -0.4346263586
476 -0.4346263586
477 -0.4346263586
478 -0.4346263586
479 -0.4346263586
480 -0.4346263586
481 -0.4346263586
482 -0.4346263586
483 -0.4346263586
484 -0.4346263586
485 -0.4346263586
486 -0.4346263586
487 -0.4346263586
488 -0.4346263586
489 -0.4346263586
490 -0.4346263586
491 -0.4346263586
492 -0.4346263586
493 -0.4346263586
494 -0.4346263586
495 -0.4346263586
496 -0.4346263586
497 -0.4346263586
498 -0.4346263586
499 -0.4346263586
500 -0.4346263586
501 -0.4346263586
502 -0.4346263586
503 -0.4346263586
504 -0.4346263586
505 -0.4346263586
506 -0.4346263586
507 -0.4346263586
508 -0.4346263586
509 -0.4346263586
510 -0.4346263586
511 -0.4346263586
512 -0.4346263586
513 -0.4346263586
514 -0.4346263586
515 -0.4346263586
516 -0.4346263586
517 -0.4346263586
518 -0.4346263586
519 -0.4346263586
520 -0.4346263586
521 -0.4346263586
522 -0.4346263586
523 -0.4346263586
524 -0.4346263586
525 -0.4346263586
526 -0.4346263586
527 -0.4346263586
528 -0.4346263586
529 -0.4346263586
530 -0.4346263586
531 -0.4346263586
532 -0.4346263586
533 -0.4346263586
534 -0.4346263586
535 -0.4346263586
536 -0.4346263586
537 -0.4346263586
538 -0.4346263586
539 -0.4346263586
540 -0.4346263586
541 -0.4346263586
542 -0.4346263586
543 -0.4346263586
544 -0.4346263586
545 -0.4346263586
546 -0.4346263586
547 -0.4346263586
548 -0.4346263586
549 -0.4346263586
550 -0.4346263586
551 -0.4346263586
552 -0.4346263586
553 -0.4346263586
554 -0.4346263586
555 -0.4346263586
556 -0.4346263586
557 -0.4346263586
558 -0.4346263586
559 -0.4346263586
560 -0.4346263586
561 -0.4346263586
562 -0.4346263586
563 -0.4346263586
564 -0.4346263586
565 -0.4346263586
566 -0.4346263586
567 -0.4346263586
568 -0.4346263586
569 -0.4346263586
570 -0.4346263586
571 -0.4346263586
572 -0.4346263586
573 -0.4346263586
574 -0.4346263586
575 -0.4346263586
576 -0.4346263586
577 -0.4346263586
578 -0.4346263586
579 -0.4346263586
580 -0.4346263586
581 -0.4346263586
582 -0.4346263586
583 -0.4346263586
584 -0.4346263586
585 -0.4346263586
586 -0.4346263586
587 -0.4346263586
588 -0.4346263586
589 -0.4346263586
590 -0.4346263586
591 -0.4346263586
592 -0.4346263586
593 -0.4346263585
594 -0.4346263585
595 -0.4346263585
596 -0.4346263585
597 -0.4346263585
598 -0.4346263585
599 -0.4346263584
600 -0.4346263584
601 -0.4346263583
602 -0.4346263583
603 -0.4346263582
604 -0.4346263581
605 -0.434626358
606 -0.4346263578
607 -0.4346263576
608 -0.4346263574
609 -0.4346263571
610 -0.4346263567
611 -0.4346263562
612 -0.4346263556
613 -0.4346263549
614 -0.434626354
615 -0.4346263529
616 -0.4346263516
617 -0.4346263499
618 -0.4346263478
619 -0.4346263453
620 -0.4346263421
621 -0.4346263383
622 -0.4346263336
623 -0.4346263278
624 -0.4346263207
625 -0.434626312
626 -0.4346263014
627 -0.4346262885
628 -0.4346262727
629 -0.4346262535
630 -0.4346262301
631 -0.4346262017
632 -0.4346261672
633 -0.4346261253
634 -0.4346260746
635 -0.4346260132
636 -0.4346259389
637 -0.4346258492
638 -0.434625741
639 -0.4346256105
640 -0.4346254533
641 -0.4346252643
642 -0.4346250372
643 -0.4346247645
644 -0.4346244376
645 -0.434624046
646 -0.4346235774
647 -0.4346230172
648 -0.4346223483
649 -0.4346215505
650 -0.4346205998
651 -0.4346194682
652 -0.4346181226
653 -0.4346165244
654 -0.4346146279
655 -0.4346123801
656 -0.4346097186
657 -0.4346065705
658 -0.434602851
659 -0.4345984608
660 -0.4345932845
661 -0.4345871879
662 -0.4345800148
663 -0.4345715843
664 -0.4345616863
665 -0.4345500778
666 -0.4345364774
667 -0.4345205605
668 -0.4345019521
669 -0.4344802202
670 -0.4344548676
671 -0.4344253223
672 -0.4343909277
673 -0.4343509304
674 -0.4343044673
675 -0.4342505505
676 -0.434188051
677 -0.4341156799
678 -0.4340319672
679 -0.433935239
680 -0.433823591
681 -0.4336948595
682 -0.4335465893
683 -0.4333759974
684 -0.4331799336
685 -0.4329548357
686 -0.4326966813
687 -0.4324009334
688 -0.4320624811
689 -0.4316755741
690 -0.4312337507
691 -0.4307297589
692 -0.4301554698
693 -0.4295017831
694 -0.4287585237
695 -0.4279143297
696 -0.4269565291
697 -0.4258710077
698 -0.4246420648
699 -0.4232522571
700 -0.4216822304
701 -0.4199105388
702 -0.4179134488
703 -0.4156647302
704 -0.4131354317
705 -0.4102936411
706 -0.407104229
707 -0.4035285769
708 -0.3995242878
709 -0.3950448796
710 -0.3900394613
711 -0.3844523918
712 -0.3782229205
713 -0.371284811
714 -0.3635659474
715 -0.354987924
716 -0.3454656181
717 -0.3349067484
718 -0.3232114187
719 -0.3102716479
720 -0.2959708891
721 -0.2801835385
722 -0.2627744365
723 -0.2435983635
724 -0.2224995322
725 -0.1993110808
726 -0.1738545687
727 -0.1459394802
728 -0.1153627381
729 -0.08190823353
730 -0.04534637473
731 -0.005433661898
732 0.03808770848
733 0.08549020288
734 0.1370612681
735 0.1931036002
736 0.2539353589
737 0.3198903194
738 0.3913179568
739 0.4685834534
740 0.5520676232
741 0.6421667459
742 0.7392923029
743 0.8438706074
744 0.9563423225
745 1.077161859
746 1.206796647
747 1.345726274
748 1.494441486
749 1.65344304
750 1.823240412
751 2.004350346
752 2.197295252
753 2.402601436
754 2.620797181
755 2.852410653
756 3.097967654
757 3.357989217
758 3.632989037
759 3.923470763
760 4.229925132
761 4.552826979
762 4.892632106
763 5.249774044
764 5.624660705
765 6.017670946
766 6.429151058
767 6.859411193
768 7.308721761
769 7.7773098
770 8.265355358
771 8.772987894
772 9.300282737
773 9.84725762
774 10.41386931
775 11.0000104
776 11.60550619
777 12.23011184
778 12.87350969
779 13.53530684
780 14.21503295
781 14.91213846
782 15.62599299
783 16.35588424
784 17.10101711
785 17.86051337
786 18.63341166
787 19.41866797
788 20.21515654
789 21.0216713
790 21.83692771
791 22.65956518
792 23.48814992
793 24.32117834
794 25.15708091
795 25.99422653
796 26.83092743
797 27.66544447
798 28.49599295
799 29.32074886
800 30.13785554
801 30.94543069
802 31.74157385
803 32.52437405
804 33.29191794
805 34.04229798
806 34.77362101
807 35.48401687
808 36.17164719
809 36.83471429
810 37.47147
811 38.08022456
812 38.65935542
813 39.20731586
814 39.72264349
815 40.2039685
816 40.65002165
817 41.05964194
818 41.43178383
819 41.76552421
820 42.06006874
821 42.31475783
822 42.52907198
823 42.70263667
824 42.83522657
825 42.92676915
826 42.97734769
827 42.98720361
828 42.95673809
829 42.88651305
830 42.77725147
831 42.6298369
832 42.44531243
833 42.22487884
834 41.96989215
835 41.68186049
836 41.36244028
837 41.01343178
838 40.63677407
839 40.23453936
840 39.80892678
841 39.36225558
842 38.89695783
843 38.41557062
844 37.92072777
845 37.41515116
846 36.90164153
847 36.38306906
848 35.86236344
849 35.34250375
850 34.82650792
851 34.31742207
852 33.81830948
853 33.3322394
854 32.86227576
855 32.41146557
856 31.98282737
857 31.57933945
858 31.20392805
859 30.85945558
860 30.54870874
861 30.27438673
862 30.03908946
863 29.84530594
864 29.69540267
865 29.59161231
866 29.53602246
867 29.53056476
868 29.57700417
869 29.67692869
870 29.83173939
871 30.0426409
872 30.31063231
873 30.63649874
874 31.02080335
875 31.46388011
876 31.96582719
877 32.52650122
878 33.14551227
879 33.8222198
880 34.55572951
881 35.34489121
882 36.18829776
883 37.08428512
884 38.03093354
885 39.02606998
886 40.06727178
887 41.15187161
888 42.27696367
889 43.4394113
890 44.63585587
891 45.86272701
892 47.11625419
893 48.39247956
894 49.68727213
895 50.99634314
896 52.31526266
897 53.63947726
898 54.96432877
899 56.285074
900 57.59690536
901 58.89497218
902 60.17440274
903 61.4303268
904 62.65789855
905 63.85231979
906 65.00886323
907 66.12289576
908 67.18990153
909 68.20550463
910 69.16549139
911 70.06583182
912 70.90270045
913 71.67249602
914 72.37186016
915 72.99769482
916 73.54717822
917 74.0177794
918 74.40727111
919 74.71374095
920 74.93560076
921 75.07159412
922 75.12080188
923 75.08264576
924 74.9568899
925 74.74364047
926 74.44334317
927 74.05677883
928 73.58505704
929 73.02960786
930 72.39217171
931 71.67478759
932 70.87977957
933 70.00974178
934 69.06752203
935 68.05620409
936 66.97908887
937 65.83967463
938 64.64163633
939 63.3888043
940 62.08514244
941 60.73472604
942 59.34171943
943 57.91035362
944 56.44490404
945 54.94966864
946 53.42894636
947 51.8870162
948 50.32811704
949 48.75642824
950 47.17605123
951 45.59099214
952 44.00514551
953 42.42227933
954 40.84602128
955 39.27984627
956 37.72706549
957 36.19081667
958 34.67405594
959 33.17955096
960 31.70987552
961 30.26740555
962 28.85431641
963 27.47258152
964 26.12397232
965 24.81005929
966 23.53221426
967 22.29161368
968 21.08924294
969 19.92590153
970 18.80220911
971 17.7186123
972 16.67539201
973 15.6726715
974 14.7104248
975 13.78848554
976 12.90655612
977 12.06421702
978 11.26093634
979 10.49607935
980 9.768918045
981 9.078640612
982 8.424360802
983 7.805127067
984 7.219931479
985 6.667718353
986 6.147392538
987 5.657827354
988 5.197872125
989 4.766359305
990 4.362111165
991 3.98394603
992 3.630684062
993 3.301152573
994 2.994190888
995 2.708654733
996 2.443420179
997 2.197387144
998 1.969482456
999 1.758662509
1000 1.563915514
1001 1.384263379
1002 1.218763218
1003 1.066508532
1004 0.9266300682
1005 0.7982963914
1006 0.680714181
1007 0.5731282834
1008 0.4748215402
1009 0.3851144145
1010 0.3033644386
1011 0.2289655026
1012 0.1613470062
1013 0.09997289151
1014 0.04434057717
1015 -0.006020190325
1016 -0.05154855088
1017 -0.09265379566
1018 -0.1297166687
1019 -0.1630906925
1020 -0.1931035054
1021 -0.2200582013
1022 -0.2442346616
1023 -0.2658908713
