#55161 2910.0004702388069051 0.0045702173895815776175 1 1493 16.000049430220818044 1024 7 1 J1713+0747 0.0000000 
0 0.1791928757
1 0.1791928757
2 0.1791928757
3 0.1791928757
4 0.1791928757
5 0.1791928757
6 0.1791928757
7 0.1791928757
8 0.1791928757
9 0.1791928757
10 0.1791928757
11 0.1791928757
12 0.1791928757
13 0.1791928757
14 0.1791928757
15 0.1791928757
16 0.1791928757
17 0.1791928757
18 0.1791928757
19 0.1791928757
20 0.1791928757
21 0.1791928757
22 0.1791928757
23 0.1791928757
24 0.1791928757
25 0.1791928757
26 0.1791928757
27 0.1791928757
28 0.1791928757
29 0.1791928757
30 0.1791928757
31 0.1791928757
32 0.1791928757
33 0.1791928757
34 0.1791928757
35 0.1791928757
36 0.1791928757
37 0.1791928757
38 0.1791928757
39 0.1791928757
40 0.1791928757
41 0.1791928757
42 0.1791928757
43 0.1791928757
44 0.1791928757
45 0.1791928757
46 0.1791928757
47 0.1791928757
48 0.1791928757
49 0.1791928757
50 0.1791928757
51 0.1791928757
52 0.1791928757
53 0.1791928757
54 0.1791928757
55 0.1791928757
56 0.1791928757
57 0.1791928757
58 0.1791928757
59 0.1791928757
60 0.1791928757
61 0.1791928757
62 0.1791928757
63 0.1791928757
64 0.1791928757
65 0.1791928757
66 0.1791928757
67 0.1791928757
68 0.1791928757
69 0.1791928757
70 0.1791928757
71 0.1791928757
72 0.1791928757
73 0.1791928757
74 0.1791928758
75 0.1791928758
76 0.1791928758
77 0.1791928758
78 0.1791928758
79 0.1791928758
80 0.1791928758
81 0.1791928759
82 0.1791928759
83 0.179192876
84 0.179192876
85 0.1791928761
86 0.1791928762
87 0.1791928763
88 0.1791928764
89 0.1791928766
90 0.1791928769
91 0.1791928771
92 0.1791928775
93 0.1791928779
94 0.1791928785
95 0.1791928791
96 0.1791928799
97 0.179192881
98 0.1791928822
99 0.1791928838
100 0.1791928857
101 0.1791928881
102 0.179192891
103 0.1791928945
104 0.1791928989
105 0.1791929043
106 0.1791929108
107 0.1791929189
108 0.1791929287
109 0.1791929407
110 0.1791929554
111 0.1791929732
112 0.1791929949
113 0.1791930213
114 0.1791930534
115 0.1791930923
116 0.1791931395
117 0.1791931966
118 0.1791932657
119 0.1791933492
120 0.1791934499
121 0.1791935714
122 0.1791937178
123 0.1791938938
124 0.1791941055
125 0.1791943595
126 0.1791946643
127 0.1791950295
128 0.1791954666
129 0.1791959892
130 0.1791966133
131 0.179197358
132 0.1791982457
133 0.1791993025
134 0.1792005594
135 0.1792020528
136 0.1792038252
137 0.1792059266
138 0.1792084153
139 0.1792113598
140 0.1792148397
141 0.1792189481
142 0.1792237933
143 0.1792295015
144 0.1792362193
145 0.1792441167
146 0.1792533912
147 0.1792642714
148 0.1792770217
149 0.1792919476
150 0.1793094018
151 0.1793297911
152 0.1793535836
153 0.1793813179
154 0.1794136126
155 0.1794511777
156 0.1794948267
157 0.179545491
158 0.1796042355
159 0.1796722762
160 0.1797510001
161 0.1798419875
162 0.1799470366
163 0.1800681908
164 0.18020777
165 0.1803684041
166 0.1805530714
167 0.1807651403
168 0.1810084157
169 0.1812871905
170 0.1816063021
171 0.1819711947
172 0.1823879879
173 0.1828635518
174 0.1834055897
175 0.1840227278
176 0.1847246143
177 0.1855220261
178 0.1864269861
179 0.1874528901
180 0.1886146442
181 0.189928814
182 0.1914137855
183 0.1930899386
184 0.194979834
185 0.1971084136
186 0.1995032158
187 0.2021946053
188 0.2052160184
189 0.2086042248
190 0.212399605
191 0.2166464449
192 0.2213932471
193 0.2266930593
194 0.23260382
195 0.2391887212
196 0.2465165875
197 0.2546622727
198 0.2637070709
199 0.2737391444
200 0.2848539643
201 0.2971547653
202 0.3107530116
203 0.3257688736
204 0.3423317115
205 0.3605805662
206 0.3806646526
207 0.4027438543
208 0.4269892156
209 0.453583427
210 0.4827213023
211 0.5146102402
212 0.5494706692
213 0.5875364682
214 0.6290553595
215 0.6742892681
216 0.7235146407
217 0.7770227206
218 0.8351197692
219 0.89812723
220 0.9663818269
221 1.040235591
222 1.120055805
223 1.206224868
224 1.299140058
225 1.399213197
226 1.506870215
227 1.622550583
228 1.746706641
229 1.87980279
230 2.022314546
231 2.174727465
232 2.337535915
233 2.511241701
234 2.696352541
235 2.893380382
236 3.102839565
237 3.325244825
238 3.561109143
239 3.810941435
240 4.075244092
241 4.35451037
242 4.64922164
243 4.959844499
244 5.286827756
245 5.6305993
246 5.991562864
247 6.370094697
248 6.766540159
249 7.181210258
250 7.614378137
251 8.066275552
252 8.537089335
253 9.026957887
254 9.535967706
255 10.06415
256 10.61147737
257 11.17786064
258 11.76314581
259 12.36711122
260 12.98946488
261 13.62984202
262 14.28780297
263 14.96283127
264 15.65433207
265 16.36163094
266 17.08397297
267 17.82052232
268 18.57036211
269 19.3324948
270 20.10584297
271 20.88925056
272 21.68148462
273 22.48123746
274 23.28712941
275 24.09771191
276 24.91147122
277 25.72683256
278 26.54216473
279 27.35578519
280 28.16596562
281 28.97093787
282 29.76890037
283 30.5580249
284 31.33646374
285 32.10235709
286 32.85384088
287 33.58905477
288 34.30615035
289 35.00329958
290 35.6787033
291 36.33059987
292 36.95727381
293 37.55706443
294 38.12837445
295 38.66967841
296 39.17953102
297 39.65657527
298 40.09955024
299 40.50729865
300 40.87877406
301 41.21304766
302 41.50931464
303 41.76690007
304 41.98526429
305 42.16400776
306 42.30287533
307 42.40175992
308 42.46070557
309 42.47990987
310 42.45972572
311 42.40066246
312 42.30338627
313 42.16871996
314 41.99764205
315 41.79128518
316 41.55093386
317 41.27802156
318 40.97412718
319 40.64097084
320 40.28040916
321 39.89442982
322 39.48514567
323 39.05478824
324 38.60570071
325 38.14033048
326 37.66122117
327 37.17100427
328 36.67239031
329 36.16815972
330 35.66115329
331 35.15426232
332 34.65041852
333 34.15258356
334 33.66373846
335 33.18687275
336 32.72497345
337 32.28101383
338 31.8579422
339 31.45867043
340 31.08606249
341 30.74292297
342 30.4319855
343 30.15590126
344 29.9172275
345 29.71841615
346 29.56180255
347 29.44959433
348 29.38386042
349 29.36652038
350 29.39933393
351 29.48389079
352 29.6216009
353 29.81368503
354 30.06116588
355 30.3648596
356 30.72536799
357 31.1430712
358 31.6181212
359 32.15043595
360 32.73969431
361 33.38533191
362 34.08653781
363 34.84225223
364 35.65116522
365 36.51171646
366 37.42209613
367 38.38024702
368 39.38386774
369 40.43041726
370 41.51712069
371 42.64097631
372 43.79876395
373 44.98705462
374 46.20222151
375 47.44045216
376 48.697762
377 49.970009
378 51.25290959
379 52.54205561
380 53.83293235
381 55.12093753
382 56.40140116
383 57.66960622
384 58.92080988
385 60.15026541
386 61.35324441
387 62.52505935
388 63.66108628
389 64.7567875
390 65.8077341
391 66.80962817
392 67.75832462
393 68.64985229
394 69.48043441
395 70.24650805
396 70.9447426
397 71.57205701
398 72.12563574
399 72.60294324
400 73.00173692
401 73.32007842
402 73.55634321
403 73.70922829
404 73.77775808
405 73.76128842
406 73.6595085
407 73.47244098
408 73.20044004
409 72.84418757
410 72.40468737
411 71.88325754
412 71.28152113
413 70.60139493
414 69.84507678
415 69.01503132
416 68.11397425
417 67.14485546
418 66.11084092
419 65.0152936
420 63.86175354
421 62.65391725
422 61.39561656
423 60.09079704
424 58.74349634
425 57.35782232
426 55.93793136
427 54.48800695
428 53.01223854
429 51.5148011
430 49.99983518
431 48.4714279
432 46.93359468
433 45.39026214
434 43.84525194
435 42.30226591
436 40.76487228
437 39.23649333
438 37.7203943
439 36.21967364
440 34.73725468
441 33.27587866
442 31.83809912
443 30.42627767
444 29.04258103
445 27.68897946
446 26.36724632
447 25.07895889
448 23.82550025
449 22.60806234
450 21.4276498
451 20.28508495
452 19.18101339
453 18.11591047
454 17.09008835
455 16.10370366
456 15.15676563
457 14.24914459
458 13.38058083
459 12.55069369
460 11.75899073
461 11.00487711
462 10.28766484
463 9.606582085
464 8.960782279
465 8.349353111
466 7.771325261
467 7.225680873
468 6.711361718
469 6.227277004
470 5.772310825
471 5.345329189
472 4.945186643
473 4.570732456
474 4.220816359
475 3.894293835
476 3.590030959
477 3.306908784
478 3.043827293
479 2.799708907
480 2.573501576
481 2.364181461
482 2.170755218
483 1.992261918
484 1.827774602
485 1.676401506
486 1.537286975
487 1.409612083
488 1.292594988
489 1.185491033
490 1.087592637
491 0.9982289712
492 0.9167654652
493 0.8426031467
494 0.7751778473
495 0.7139592866
496 0.6584500556
497 0.6081845156
498 0.5627276295
499 0.5216737405
500 0.4846453115
501 0.4512916384
502 0.4212875489
503 0.3943320974
504 0.3701472647
505 0.3484766716
506 0.3290843132
507 0.3117533204
508 0.2962847537
509 0.2824964344
510 0.2702218156
511 0.259308898
512 0.2496191906
513 0.2410267189
514 0.2334170825
515 0.2266865605
516 0.2207412672
517 0.2154963555
518 0.2108752694
519 0.2068090432
520 0.2032356468
521 0.2000993753
522 0.1973502823
523 0.1949436534
524 0.1928395202
525 0.1910022107
526 0.1893999365
527 0.1880044123
528 0.1867905082
529 0.1857359313
530 0.1848209346
531 0.1840280523
532 0.1833418595
533 0.1827487535
534 0.1822367563
535 0.1817953358
536 0.1814152451
537 0.181088377
538 0.1808076344
539 0.1805668128
540 0.1803604964
541 0.1801839641
542 0.1800331067
543 0.1799043524
544 0.1797946012
545 0.1797011659
546 0.1796217212
547 0.1795542569
548 0.1794970385
549 0.1794485707
550 0.1794075668
551 0.1793729209
552 0.1793436838
553 0.1793190421
554 0.1792982994
555 0.1792808607
556 0.179266218
557 0.1792539384
558 0.1792436535
559 0.1792350499
560 0.1792278618
561 0.1792218638
562 0.1792168651
563 0.1792127045
564 0.1792092457
565 0.1792063739
566 0.1792039925
567 0.1792020201
568 0.1792003887
569 0.1791990408
570 0.1791979287
571 0.1791970122
572 0.1791962578
573 0.1791956377
574 0.1791951285
575 0.179194711
576 0.1791943691
577 0.1791940894
578 0.1791938609
579 0.1791936745
580 0.1791935225
581 0.1791933988
582 0.1791932983
583 0.1791932167
584 0.1791931505
585 0.1791930969
586 0.1791930535
587 0.1791930185
588 0.1791929902
589 0.1791929674
590 0.1791929491
591 0.1791929344
592 0.1791929225
593 0.179192913
594 0.1791929054
595 0.1791928993
596 0.1791928945
597 0.1791928906
598 0.1791928875
599 0.1791928851
600 0.1791928831
601 0.1791928815
602 0.1791928803
603 0.1791928793
604 0.1791928786
605 0.179192878
606 0.1791928775
607 0.1791928771
608 0.1791928768
609 0.1791928766
610 0.1791928764
611 0.1791928762
612 0.1791928761
613 0.179192876
614 0.179192876
615 0.1791928759
616 0.1791928759
617 0.1791928758
618 0.1791928758
619 0.1791928758
620 0.1791928758
621 0.1791928758
622 0.1791928758
623 0.1791928757
624 0.1791928757
625 0.1791928757
626 0.1791928757
627 0.1791928757
628 0.1791928757
629 0.1791928757
630 0.1791928757
631 0.1791928757
632 0.1791928757
633 0.1791928757
634 0.1791928757
635 0.1791928757
636 0.1791928757
637 0.1791928757
638 0.1791928757
639 0.1791928757
640 0.1791928757
641 0.1791928757
642 0.1791928757
643 0.1791928757
644 0.1791928757
645 0.1791928757
646 0.1791928757
647 0.1791928757
648 0.1791928757
649 0.1791928757
650 0.1791928757
651 0.1791928757
652 0.1791928757
653 0.1791928757
654 0.1791928757
655 0.1791928757
656 0.1791928757
657 0.1791928757
658 0.1791928757
659 0.1791928757
660 0.1791928757
661 0.1791928757
662 0.1791928757
663 0.1791928757
664 0.1791928757
665 0.1791928757
666 0.1791928757
667 0.1791928757
668 0.1791928757
669 0.1791928757
670 0.1791928757
671 0.1791928757
672 0.1791928757
673 0.1791928757
674 0.1791928757
675 0.1791928757
676 0.1791928757
677 0.1791928757
678 0.1791928757
679 0.1791928757
680 0.1791928757
681 0.1791928757
682 0.1791928757
683 0.1791928757
684 0.1791928757
685 0.1791928757
686 0.1791928757
687 0.1791928757
688 0.1791928757
689 0.1791928757
690 0.1791928757
691 0.1791928757
692 0.1791928757
693 0.1791928757
694 0.1791928757
695 0.1791928757
696 0.1791928757
697 0.1791928757
698 0.1791928757
699 0.1791928757
700 0.1791928757
701 0.1791928757
702 0.1791928757
703 0.1791928757
704 0.1791928757
705 0.1791928757
706 0.1791928757
707 0.1791928757
708 0.1791928757
709 0.1791928757
710 0.1791928757
711 0.1791928757
712 0.1791928757
713 0.1791928757
714 0.1791928757
715 0.1791928757
716 0.1791928757
717 0.1791928757
718 0.1791928757
719 0.1791928757
720 0.1791928757
721 0.1791928757
722 0.1791928757
723 0.1791928757
724 0.1791928757
725 0.1791928757
726 0.1791928757
727 0.1791928757
728 0.1791928757
729 0.1791928757
730 0.1791928757
731 0.1791928757
732 0.1791928757
733 0.1791928757
734 0.1791928757
735 0.1791928757
736 0.1791928757
737 0.1791928757
738 0.1791928757
739 0.1791928757
740 0.1791928757
741 0.1791928757
742 0.1791928757
743 0.1791928757
744 0.1791928757
745 0.1791928757
746 0.1791928757
747 0.1791928757
748 0.1791928757
749 0.1791928757
750 0.1791928757
751 0.1791928757
752 0.1791928757
753 0.1791928757
754 0.1791928757
755 0.1791928757
756 0.1791928757
757 0.1791928757
758 0.1791928757
759 0.1791928757
760 0.1791928757
761 0.1791928757
762 0.1791928757
763 0.1791928757
764 0.1791928757
765 0.1791928757
766 0.1791928757
767 0.1791928757
768 0.1791928757
769 0.1791928757
770 0.1791928757
771 0.1791928757
772 0.1791928757
773 0.1791928757
774 0.1791928757
775 0.1791928757
776 0.1791928757
777 0.1791928757
778 0.1791928757
779 0.1791928757
780 0.1791928757
781 0.1791928757
782 0.1791928757
783 0.1791928757
784 0.1791928757
785 0.1791928757
786 0.1791928757
787 0.1791928757
788 0.1791928757
789 0.1791928757
790 0.1791928757
791 0.1791928757
792 0.1791928757
793 0.1791928757
794 0.1791928757
795 0.1791928757
796 0.1791928757
797 0.1791928757
798 0.1791928757
799 0.1791928757
800 0.1791928757
801 0.1791928757
802 0.1791928757
803 0.1791928757
804 0.1791928757
805 0.1791928757
806 0.1791928757
807 0.1791928757
808 0.1791928757
809 0.1791928757
810 0.1791928757
811 0.1791928757
812 0.1791928757
813 0.1791928757
814 0.1791928757
815 0.1791928757
816 0.1791928757
817 0.1791928757
818 0.1791928757
819 0.1791928757
820 0.1791928757
821 0.1791928757
822 0.1791928757
823 0.1791928757
824 0.1791928757
825 0.1791928757
826 0.1791928757
827 0.1791928757
828 0.1791928757
829 0.1791928757
830 0.1791928757
831 0.1791928757
832 0.1791928757
833 0.1791928757
834 0.1791928757
835 0.1791928757
836 0.1791928757
837 0.1791928757
838 0.1791928757
839 0.1791928757
840 0.1791928757
841 0.1791928757
842 0.1791928757
843 0.1791928757
844 0.1791928757
845 0.1791928757
846 0.1791928757
847 0.1791928757
848 0.1791928757
849 0.1791928757
850 0.1791928757
851 0.1791928757
852 0.1791928757
853 0.1791928757
854 0.1791928757
855 0.1791928757
856 0.1791928757
857 0.1791928757
858 0.1791928757
859 0.1791928757
860 0.1791928757
861 0.1791928757
862 0.1791928757
863 0.1791928757
864 0.1791928757
865 0.1791928757
866 0.1791928757
867 0.1791928757
868 0.1791928757
869 0.1791928757
870 0.1791928757
871 0.1791928757
872 0.1791928757
873 0.1791928757
874 0.1791928757
875 0.1791928757
876 0.1791928757
877 0.1791928757
878 0.1791928757
879 0.1791928757
880 0.1791928757
881 0.1791928757
882 0.1791928757
883 0.1791928757
884 0.1791928757
885 0.1791928757
886 0.1791928757
887 0.1791928757
888 0.1791928757
889 0.1791928757
890 0.1791928757
891 0.1791928757
892 0.1791928757
893 0.1791928757
894 0.1791928757
895 0.1791928757
896 0.1791928757
897 0.1791928757
898 0.1791928757
899 0.1791928757
900 0.1791928757
901 0.1791928757
902 0.1791928757
903 0.1791928757
904 0.1791928757
905 0.1791928757
906 0.1791928757
907 0.1791928757
908 0.1791928757
909 0.1791928757
910 0.1791928757
911 0.1791928757
912 0.1791928757
913 0.1791928757
914 0.1791928757
915 0.1791928757
916 0.1791928757
917 0.1791928757
918 0.1791928757
919 0.1791928757
920 0.1791928757
921 0.1791928757
922 0.1791928757
923 0.1791928757
924 0.1791928757
925 0.1791928757
926 0.1791928757
927 0.1791928757
928 0.1791928757
929 0.1791928757
930 0.1791928757
931 0.1791928757
932 0.1791928757
933 0.1791928757
934 0.1791928757
935 0.1791928757
936 0.1791928757
937 0.1791928757
938 0.1791928757
939 0.1791928757
940 0.1791928757
941 0.1791928757
942 0.1791928757
943 0.1791928757
944 0.1791928757
945 0.1791928757
946 0.1791928757
947 0.1791928757
948 0.1791928757
949 0.1791928757
950 0.1791928757
951 0.1791928757
952 0.1791928757
953 0.1791928757
954 0.1791928757
955 0.1791928757
956 0.1791928757
957 0.1791928757
958 0.1791928757
959 0.1791928757
960 0.1791928757
961 0.1791928757
962 0.1791928757
963 0.1791928757
964 0.1791928757
965 0.1791928757
966 0.1791928757
967 0.1791928757
968 0.1791928757
969 0.1791928757
970 0.1791928757
971 0.1791928757
972 0.1791928757
973 0.1791928757
974 0.1791928757
975 0.1791928757
976 0.1791928757
977 0.1791928757
978 0.1791928757
979 0.1791928757
980 0.1791928757
981 0.1791928757
982 0.1791928757
983 0.1791928757
984 0.1791928757
985 0.1791928757
986 0.1791928757
987 0.1791928757
988 0.1791928757
989 0.1791928757
990 0.1791928757
991 0.1791928757
992 0.1791928757
993 0.1791928757
994 0.1791928757
995 0.1791928757
996 0.1791928757
997 0.1791928757
998 0.1791928757
999 0.1791928757
1000 0.1791928757
1001 0.1791928757
1002 0.1791928757
1003 0.1791928757
1004 0.1791928757
1005 0.1791928757
1006 0.1791928757
1007 0.1791928757
1008 0.1791928757
1009 0.1791928757
1010 0.1791928757
1011 0.1791928757
1012 0.1791928757
1013 0.1791928757
1014 0.1791928757
1015 0.1791928757
1016 0.1791928757
1017 0.1791928757
1018 0.1791928757
1019 0.1791928757
1020 0.1791928757
1021 0.1791928757
1022 0.1791928757
1023 0.1791928757
