#54986 2910.0005738562027635 0.0045701141082743219207 1 1365 16.000049430220818044 1024 7 1 J1713+0747 0.0000000 
0 0.2839727155
1 0.2839189397
2 0.2838734383
3 0.2838349862
4 0.2838025322
5 0.2837751749
6 0.2837521427
7 0.2837327763
8 0.2837165124
9 0.2837028712
10 0.283691444
11 0.2836818835
12 0.2836738946
13 0.2836672274
14 0.2836616702
15 0.2836570439
16 0.2836531974
17 0.2836500032
18 0.2836473541
19 0.2836451597
20 0.2836433443
21 0.2836418442
22 0.2836406063
23 0.2836395859
24 0.283638746
25 0.2836380554
26 0.2836374883
27 0.2836370232
28 0.2836366423
29 0.2836363306
30 0.283636076
31 0.2836358681
32 0.2836356987
33 0.2836355609
34 0.2836354487
35 0.2836353577
36 0.2836352839
37 0.2836352241
38 0.2836351757
39 0.2836351366
40 0.283635105
41 0.2836350796
42 0.2836350591
43 0.2836350427
44 0.2836350294
45 0.2836350188
46 0.2836350103
47 0.2836350035
48 0.2836349981
49 0.2836349938
50 0.2836349903
51 0.2836349876
52 0.2836349854
53 0.2836349837
54 0.2836349823
55 0.2836349812
56 0.2836349803
57 0.2836349796
58 0.2836349791
59 0.2836349787
60 0.2836349783
61 0.2836349781
62 0.2836349779
63 0.2836349777
64 0.2836349776
65 0.2836349775
66 0.2836349774
67 0.2836349773
68 0.2836349773
69 0.2836349773
70 0.2836349772
71 0.2836349772
72 0.2836349772
73 0.2836349772
74 0.2836349772
75 0.2836349772
76 0.2836349772
77 0.2836349771
78 0.2836349771
79 0.2836349771
80 0.2836349771
81 0.2836349771
82 0.2836349771
83 0.2836349771
84 0.2836349771
85 0.2836349771
86 0.2836349771
87 0.2836349771
88 0.2836349771
89 0.2836349771
90 0.2836349771
91 0.2836349771
92 0.2836349771
93 0.2836349771
94 0.2836349771
95 0.2836349771
96 0.2836349771
97 0.2836349771
98 0.2836349771
99 0.2836349771
100 0.2836349771
101 0.2836349771
102 0.2836349771
103 0.2836349771
104 0.2836349771
105 0.2836349771
106 0.2836349771
107 0.2836349771
108 0.2836349771
109 0.2836349771
110 0.2836349771
111 0.2836349771
112 0.2836349771
113 0.2836349771
114 0.2836349771
115 0.2836349771
116 0.2836349771
117 0.2836349771
118 0.2836349771
119 0.2836349771
120 0.2836349771
121 0.2836349771
122 0.2836349771
123 0.2836349771
124 0.2836349771
125 0.2836349771
126 0.2836349771
127 0.2836349771
128 0.2836349771
129 0.2836349771
130 0.2836349771
131 0.2836349771
132 0.2836349771
133 0.2836349771
134 0.2836349771
135 0.2836349771
136 0.2836349771
137 0.2836349771
138 0.2836349771
139 0.2836349771
140 0.2836349771
141 0.2836349771
142 0.2836349771
143 0.2836349771
144 0.2836349771
145 0.2836349771
146 0.2836349771
147 0.2836349771
148 0.2836349771
149 0.2836349771
150 0.2836349771
151 0.2836349771
152 0.2836349771
153 0.2836349771
154 0.2836349771
155 0.2836349771
156 0.2836349771
157 0.2836349771
158 0.2836349771
159 0.2836349771
160 0.2836349771
161 0.2836349771
162 0.2836349771
163 0.2836349771
164 0.2836349771
165 0.2836349771
166 0.2836349771
167 0.2836349771
168 0.2836349771
169 0.2836349771
170 0.2836349771
171 0.2836349771
172 0.2836349771
173 0.2836349771
174 0.2836349771
175 0.2836349771
176 0.2836349771
177 0.2836349771
178 0.2836349771
179 0.2836349771
180 0.2836349771
181 0.2836349771
182 0.2836349771
183 0.2836349771
184 0.2836349771
185 0.2836349771
186 0.2836349771
187 0.2836349771
188 0.2836349771
189 0.2836349771
190 0.2836349771
191 0.2836349771
192 0.2836349771
193 0.2836349771
194 0.2836349771
195 0.2836349771
196 0.2836349771
197 0.2836349771
198 0.2836349771
199 0.2836349771
200 0.2836349771
201 0.2836349771
202 0.2836349771
203 0.2836349771
204 0.2836349771
205 0.2836349771
206 0.2836349771
207 0.2836349771
208 0.2836349771
209 0.2836349771
210 0.2836349771
211 0.2836349771
212 0.2836349771
213 0.2836349771
214 0.2836349771
215 0.2836349771
216 0.2836349771
217 0.2836349771
218 0.2836349771
219 0.2836349771
220 0.2836349771
221 0.2836349771
222 0.2836349771
223 0.2836349771
224 0.2836349771
225 0.2836349771
226 0.2836349771
227 0.2836349771
228 0.2836349771
229 0.2836349771
230 0.2836349771
231 0.2836349771
232 0.2836349771
233 0.2836349771
234 0.2836349771
235 0.2836349771
236 0.2836349771
237 0.2836349771
238 0.2836349771
239 0.2836349771
240 0.2836349771
241 0.2836349771
242 0.2836349771
243 0.2836349771
244 0.2836349771
245 0.2836349771
246 0.2836349771
247 0.2836349771
248 0.2836349771
249 0.2836349771
250 0.2836349771
251 0.2836349771
252 0.2836349771
253 0.2836349771
254 0.2836349771
255 0.2836349771
256 0.2836349771
257 0.2836349771
258 0.2836349771
259 0.2836349771
260 0.2836349771
261 0.2836349771
262 0.2836349771
263 0.2836349771
264 0.2836349771
265 0.2836349771
266 0.2836349771
267 0.2836349771
268 0.2836349771
269 0.2836349771
270 0.2836349771
271 0.2836349771
272 0.2836349771
273 0.2836349771
274 0.2836349771
275 0.2836349771
276 0.2836349771
277 0.2836349771
278 0.2836349771
279 0.2836349771
280 0.2836349771
281 0.2836349771
282 0.2836349771
283 0.2836349771
284 0.2836349771
285 0.2836349771
286 0.2836349771
287 0.2836349771
288 0.2836349771
289 0.2836349771
290 0.2836349771
291 0.2836349771
292 0.2836349771
293 0.2836349771
294 0.2836349771
295 0.2836349771
296 0.2836349771
297 0.2836349771
298 0.2836349771
299 0.2836349771
300 0.2836349771
301 0.2836349771
302 0.2836349771
303 0.2836349771
304 0.2836349771
305 0.2836349771
306 0.2836349771
307 0.2836349771
308 0.2836349771
309 0.2836349771
310 0.2836349771
311 0.2836349771
312 0.2836349771
313 0.2836349771
314 0.2836349771
315 0.2836349771
316 0.2836349771
317 0.2836349771
318 0.2836349771
319 0.2836349771
320 0.2836349771
321 0.2836349771
322 0.2836349771
323 0.2836349771
324 0.2836349771
325 0.2836349771
326 0.2836349771
327 0.2836349771
328 0.2836349771
329 0.2836349771
330 0.2836349771
331 0.2836349771
332 0.2836349771
333 0.2836349771
334 0.2836349771
335 0.2836349771
336 0.2836349771
337 0.2836349771
338 0.2836349771
339 0.2836349771
340 0.2836349771
341 0.2836349771
342 0.2836349771
343 0.2836349771
344 0.2836349771
345 0.2836349771
346 0.2836349771
347 0.2836349771
348 0.2836349771
349 0.2836349771
350 0.2836349771
351 0.2836349771
352 0.2836349771
353 0.2836349771
354 0.2836349771
355 0.2836349771
356 0.2836349771
357 0.2836349771
358 0.2836349771
359 0.2836349771
360 0.2836349771
361 0.2836349771
362 0.2836349771
363 0.2836349771
364 0.2836349771
365 0.2836349771
366 0.2836349771
367 0.2836349771
368 0.2836349771
369 0.2836349771
370 0.2836349771
371 0.2836349771
372 0.2836349771
373 0.2836349771
374 0.2836349771
375 0.2836349771
376 0.2836349771
377 0.2836349771
378 0.2836349771
379 0.2836349771
380 0.2836349771
381 0.2836349771
382 0.2836349771
383 0.2836349771
384 0.2836349771
385 0.2836349771
386 0.2836349771
387 0.2836349771
388 0.2836349771
389 0.2836349771
390 0.2836349771
391 0.2836349771
392 0.2836349771
393 0.2836349771
394 0.2836349771
395 0.2836349771
396 0.2836349771
397 0.2836349771
398 0.2836349771
399 0.2836349771
400 0.2836349771
401 0.2836349771
402 0.2836349771
403 0.2836349771
404 0.2836349771
405 0.2836349771
406 0.2836349771
407 0.2836349771
408 0.2836349771
409 0.2836349771
410 0.2836349771
411 0.2836349771
412 0.2836349771
413 0.2836349771
414 0.2836349771
415 0.2836349771
416 0.2836349771
417 0.2836349771
418 0.2836349771
419 0.2836349771
420 0.2836349771
421 0.2836349771
422 0.2836349771
423 0.2836349771
424 0.2836349771
425 0.2836349771
426 0.2836349771
427 0.2836349771
428 0.2836349771
429 0.2836349771
430 0.2836349771
431 0.2836349771
432 0.2836349771
433 0.2836349771
434 0.2836349771
435 0.2836349771
436 0.2836349771
437 0.2836349771
438 0.2836349771
439 0.2836349771
440 0.2836349771
441 0.2836349771
442 0.2836349771
443 0.2836349771
444 0.2836349771
445 0.2836349771
446 0.2836349771
447 0.2836349771
448 0.2836349771
449 0.2836349771
450 0.2836349771
451 0.2836349771
452 0.2836349771
453 0.2836349771
454 0.2836349771
455 0.2836349771
456 0.2836349771
457 0.2836349771
458 0.2836349771
459 0.2836349771
460 0.2836349771
461 0.2836349771
462 0.2836349771
463 0.2836349771
464 0.2836349771
465 0.2836349771
466 0.2836349771
467 0.2836349771
468 0.2836349771
469 0.2836349771
470 0.2836349771
471 0.2836349771
472 0.2836349771
473 0.2836349771
474 0.2836349771
475 0.2836349771
476 0.2836349771
477 0.2836349771
478 0.2836349771
479 0.2836349771
480 0.2836349771
481 0.2836349771
482 0.2836349771
483 0.2836349771
484 0.2836349771
485 0.2836349771
486 0.2836349771
487 0.2836349771
488 0.2836349771
489 0.2836349771
490 0.2836349771
491 0.2836349771
492 0.2836349771
493 0.2836349771
494 0.2836349771
495 0.2836349771
496 0.2836349771
497 0.2836349771
498 0.2836349771
499 0.2836349771
500 0.2836349771
501 0.2836349771
502 0.2836349771
503 0.2836349771
504 0.2836349771
505 0.2836349771
506 0.2836349771
507 0.2836349771
508 0.2836349771
509 0.2836349771
510 0.2836349771
511 0.2836349771
512 0.2836349771
513 0.2836349771
514 0.2836349771
515 0.2836349771
516 0.2836349771
517 0.2836349771
518 0.2836349771
519 0.2836349771
520 0.2836349771
521 0.2836349771
522 0.2836349771
523 0.2836349771
524 0.2836349771
525 0.2836349771
526 0.2836349771
527 0.2836349771
528 0.2836349771
529 0.2836349771
530 0.2836349771
531 0.2836349771
532 0.2836349771
533 0.2836349771
534 0.2836349771
535 0.2836349771
536 0.2836349771
537 0.2836349771
538 0.2836349771
539 0.2836349771
540 0.2836349771
541 0.2836349771
542 0.2836349771
543 0.2836349771
544 0.2836349771
545 0.2836349771
546 0.2836349771
547 0.2836349771
548 0.2836349771
549 0.2836349772
550 0.2836349772
551 0.2836349772
552 0.2836349772
553 0.2836349772
554 0.2836349772
555 0.2836349772
556 0.2836349773
557 0.2836349773
558 0.2836349773
559 0.2836349774
560 0.2836349774
561 0.2836349775
562 0.2836349776
563 0.2836349777
564 0.2836349779
565 0.2836349781
566 0.2836349783
567 0.2836349786
568 0.283634979
569 0.2836349795
570 0.28363498
571 0.2836349807
572 0.2836349816
573 0.2836349827
574 0.283634984
575 0.2836349857
576 0.2836349877
577 0.2836349902
578 0.2836349933
579 0.283634997
580 0.2836350017
581 0.2836350074
582 0.2836350143
583 0.2836350229
584 0.2836350333
585 0.283635046
586 0.2836350616
587 0.2836350805
588 0.2836351035
589 0.2836351316
590 0.2836351656
591 0.2836352069
592 0.283635257
593 0.2836353176
594 0.283635391
595 0.2836354796
596 0.2836355867
597 0.2836357157
598 0.2836358712
599 0.2836360583
600 0.2836362832
601 0.2836365532
602 0.2836368772
603 0.2836372654
604 0.2836377301
605 0.2836382858
606 0.2836389496
607 0.2836397417
608 0.283640686
609 0.2836418103
610 0.2836431478
611 0.283644737
612 0.2836466235
613 0.2836488604
614 0.28365151
615 0.2836546451
616 0.2836583508
617 0.2836627264
618 0.2836678874
619 0.2836739685
620 0.2836811259
621 0.2836895414
622 0.2836994255
623 0.2837110223
624 0.2837246142
625 0.2837405274
626 0.2837591387
627 0.2837808824
628 0.2838062587
629 0.283835843
630 0.2838702965
631 0.2839103779
632 0.283956957
633 0.2840110293
634 0.2840737335
635 0.2841463701
636 0.2842304227
637 0.2843275816
638 0.2844397706
639 0.2845691766
640 0.284718282
641 0.284889902
642 0.2850872249
643 0.2853138572
644 0.2855738734
645 0.2858718712
646 0.2862130324
647 0.2866031896
648 0.2870488999
649 0.287557526
650 0.2881373243
651 0.2887975423
652 0.2895485244
653 0.2904018271
654 0.2913703451
655 0.2924684475
656 0.2937121264
657 0.2951191569
658 0.2967092704
659 0.298504342
660 0.3005285911
661 0.3028087981
662 0.3053745357
663 0.3082584172
664 0.3114963612
665 0.3151278733
666 0.3191963457
667 0.3237493758
668 0.3288391012
669 0.3345225554
670 0.3408620407
671 0.34792552
672 0.3557870276
673 0.3645270967
674 0.3742332056
675 0.3850002397
676 0.3969309691
677 0.4101365415
678 0.4247369868
679 0.4408617337
680 0.4586501353
681 0.4782520011
682 0.4998281338
683 0.5235508664
684 0.5496045975
685 0.5781863211
686 0.609506145
687 0.6437877963
688 0.6812691067
689 0.7222024737
690 0.7668552913
691 0.8155103457
692 0.868466168
693 0.9260373388
694 0.9885547367
695 1.056365725
696 1.129834267
697 1.209340966
698 1.295283016
699 1.388074066
700 1.488143973
701 1.595938459
702 1.711918642
703 1.836560443
704 1.97035387
705 2.113802155
706 2.267420748
707 2.431736165
708 2.607284672
709 2.794610813
710 2.994265773
711 3.206805568
712 3.432789069
713 3.672775856
714 3.927323898
715 4.196987063
716 4.482312466
717 4.783837649
718 5.102087614
719 5.437571695
720 5.790780305
721 6.16218154
722 6.552217681
723 6.961301584
724 7.389812988
725 7.838094758
726 8.306449076
727 8.795133606
728 9.304357654
729 9.83427835
730 10.38499687
731 10.95655474
732 11.54893021
733 12.1620348
734 12.79570998
735 13.44972403
736 14.12376911
737 14.81745862
738 15.5303248
739 16.26181663
740 17.0112981
741 17.77804684
742 18.5612531
743 19.36001916
744 20.17335926
745 21.00019983
746 21.83938039
747 22.68965475
748 23.54969289
749 24.41808326
750 25.29333561
751 26.17388442
752 27.05809279
753 27.94425685
754 28.8306108
755 29.7153323
756 30.59654847
757 31.47234235
758 32.34075974
759 33.19981657
760 34.04750655
761 34.8818093
762 35.70069871
763 36.50215163
764 37.28415679
765 38.04472392
766 38.78189299
767 39.4937436
768 40.17840434
769 40.83406225
770 41.45897209
771 42.05146563
772 42.60996065
773 43.13296979
774 43.61910914
775 44.06710645
776 44.475809
777 44.84419106
778 45.17136085
779 45.456567
780 45.6992045
781 45.89882004
782 46.05511671
783 46.16795807
784 46.23737162
785 46.26355143
786 46.24686023
787 46.18783068
788 46.08716589
789 45.94573931
790 45.76459379
791 45.54493998
792 45.28815393
793 44.99577404
794 44.6694973
795 44.31117482
796 43.92280673
797 43.50653639
798 43.06464404
799 42.5995398
800 42.11375617
801 41.60993992
802 41.09084352
803 40.5593161
804 40.0182939
805 39.47079039
806 38.91988595
807 38.36871721
808 37.82046606
809 37.2783484
810 36.74560261
811 36.22547774
812 35.72122162
813 35.23606866
814 34.77322763
815 34.33586922
816 33.92711364
817 33.55001803
818 33.207564
819 32.90264504
820 32.6380541
821 32.41647115
822 32.24045095
823 32.11241088
824 32.03461907
825 32.00918266
826 32.03803645
827 32.12293178
828 32.26542588
829 32.46687157
830 32.72840754
831 33.05094907
832 33.43517945
833 33.88154198
834 34.39023279
835 34.96119432
836 35.59410982
837 36.28839859
838 37.04321234
839 37.85743253
840 38.72966881
841 39.65825864
842 40.64126811
843 41.67649402
844 42.76146726
845 43.89345756
846 45.0694796
847 46.28630047
848 47.54044861
849 48.82822414
850 50.14571057
851 51.48878791
852 52.85314722
853 54.23430637
854 55.62762716
855 57.02833366
856 58.43153161
857 59.83222901
858 61.22535754
859 62.6057949
860 63.96838794
861 65.30797624
862 66.61941635
863 67.8976062
864 69.13750978
865 70.33418181
866 71.48279225
867 72.57865052
868 73.61722925
869 74.59418735
870 75.50539232
871 76.34694159
872 77.11518267
873 77.80673214
874 78.41849309
875 78.94767115
876 79.39178871
877 79.74869747
878 80.01658907
879 80.19400371
880 80.27983685
881 80.27334373
882 80.17414183
883 79.98221118
884 79.69789257
885 79.32188359
886 78.85523265
887 78.29933093
888 77.65590244
889 76.92699206
890 76.11495199
891 75.22242638
892 74.25233453
893 73.20785258
894 72.09239404
895 70.90958917
896 69.66326343
897 68.35741515
898 66.99619256
899 65.58387051
900 64.12482678
901 62.62351842
902 61.08445814
903 59.51219091
904 57.91127103
905 56.28623974
906 54.64160349
907 52.98181315
908 51.31124406
909 49.63417726
910 47.95478177
911 46.2770983
912 44.60502412
913 42.94229941
914 41.29249505
915 39.65900188
916 38.04502139
917 36.45355801
918 34.88741282
919 33.34917874
920 31.84123719
921 30.36575618
922 28.92468966
923 27.51977827
924 26.15255127
925 24.82432965
926 23.53623027
927 22.28917105
928 21.08387708
929 19.92088745
930 18.80056289
931 17.72309401
932 16.68851009
933 15.69668827
934 14.74736315
935 13.8401366
936 12.97448779
937 12.14978328
938 11.3652872
939 10.62017123
940 9.91352467
941 9.244364132
942 8.611643113
943 8.014261233
944 7.451073156
945 6.920897127
946 6.422523113
947 5.954720509
948 5.516245391
949 5.105847291
950 4.722275506
951 4.364284899
952 4.030641227
953 3.720125967
954 3.431540667
955 3.163710823
956 2.915489288
957 2.685759245
958 2.473436743
959 2.277472826
960 2.096855277
961 1.930609991
962 1.777802006
963 1.63753622
964 1.508957802
965 1.391252348
966 1.283645777
967 1.185404014
968 1.09583247
969 1.014275349
970 0.9401147987
971 0.8727699337
972 0.811695739
973 0.7563818857
974 0.7063514681
975 0.6611596828
976 0.6203924623
977 0.5836650798
978 0.5506207358
979 0.5209291396
980 0.4942850943
981 0.4704070969
982 0.4490359587
983 0.4299334555
984 0.4128810117
985 0.3976784246
986 0.3841426317
987 0.3721065262
988 0.3614178206
989 0.3519379632
990 0.3435411061
991 0.3361131269
992 0.3295507039
993 0.3237604443
994 0.3186580649
995 0.3141676239
996 0.3102208035
997 0.3067562408
998 0.3037189053
999 0.301059522
1000 0.2987340374
1001 0.2967031263
1002 0.2949317381
1003 0.2933886792
1004 0.2920462306
1005 0.2908797979
1006 0.2898675916
1007 0.2889903359
1008 0.2882310041
1009 0.2875745783
1010 0.2870078319
1011 0.2865191329
1012 0.2860982667
1013 0.2857362764
1014 0.2854253194
1015 0.2851585383
1016 0.2849299462
1017 0.2847343237
1018 0.2845671265
1019 0.2844244044
1020 0.2843027279
1021 0.2841991242
1022 0.28411102
1023 0.2840361905
