#55073 2909.9998880292358803 0.0045705129317840948594 1 1325 16.000049430220818044 1024 7 1 J1713+0747 0.0000000 
0 33.56442667
1 33.39296665
2 33.27175439
3 33.20310346
4 33.18915802
5 33.23188103
6 33.33304293
7 33.49421059
8 33.71673685
9 34.00175046
10 34.3501467
11 34.76257857
12 35.23944873
13 35.78090214
14 36.38681963
15 37.05681226
16 37.79021675
17 38.58609185
18 39.44321586
19 40.3600853
20 41.33491476
21 42.36563806
22 43.44991067
23 44.5851136
24 45.76835853
25 46.99649454
26 48.26611611
27 49.57357278
28 50.9149801
29 52.28623212
30 53.68301533
31 55.10082398
32 56.53497674
33 57.98063473
34 59.43282078
35 60.88643982
36 62.33630035
37 63.77713694
38 65.20363353
39 66.61044749
40 67.99223427
41 69.34367248
42 70.65948935
43 71.93448627
44 73.16356428
45 74.34174951
46 75.46421808
47 76.52632062
48 77.52360602
49 78.45184428
50 79.30704839
51 80.08549496
52 80.78374353
53 81.39865433
54 81.92740446
55 82.3675023
56 82.71679999
57 82.97350406
58 83.1361839
59 83.20377816
60 83.17559902
61 83.0513342
62 82.83104682
63 82.515173
64 82.10451735
65 81.60024623
66 81.003879
67 80.31727721
68 79.54263189
69 78.68244903
70 77.73953333
71 76.71697043
72 75.61810766
73 74.4465336
74 73.20605647
75 71.9006816
76 70.53458814
77 69.11210523
78 67.63768765
79 66.11589141
80 64.5513491
81 62.94874556
82 61.3127937
83 59.64821084
84 57.95969568
85 56.25190598
86 54.52943719
87 52.79680209
88 51.05841153
89 49.31855642
90 47.5813911
91 45.85091804
92 44.13097398
93 42.42521765
94 40.73711895
95 39.06994972
96 37.42677601
97 35.81045198
98 34.22361521
99 32.66868362
100 31.14785371
101 29.66310033
102 28.21617764
103 26.80862142
104 25.44175256
105 24.11668157
106 22.83431422
107 21.59535796
108 20.40032929
109 19.24956177
110 18.14321471
111 17.08128235
112 16.06360353
113 15.08987164
114 14.1596449
115 13.27235671
116 12.42732618
117 11.62376861
118 10.86080589
119 10.13747679
120 9.452747035
121 8.80551912
122 8.194641828
123 7.618919373
124 7.077120163
125 6.567985136
126 6.090235634
127 5.642580814
128 5.223724561
129 4.8323719
130 4.467234903
131 4.12703809
132 3.810523318
133 3.516454177
134 3.243619899
135 2.990838789
136 2.756961195
137 2.540872048
138 2.341492972
139 2.157784003
140 1.988744931
141 1.833416292
142 1.69088004
143 1.56025991
144 1.440721517
145 1.331472197
146 1.23176063
147 1.140876259
148 1.058148535
149 0.9829460036
150 0.9146752624
151 0.8527798075
152 0.7967387834
153 0.746065661
154 0.7003068564
155 0.6590403084
156 0.6218740267
157 0.5884446263
158 0.5584158572
159 0.5314771415
160 0.5073421268
161 0.4857472638
162 0.4664504144
163 0.4492294978
164 0.4338811784
165 0.4202195996
166 0.4080751676
167 0.3972933859
168 0.387733745
169 0.3792686654
170 0.3717824964
171 0.3651705706
172 0.3593383125
173 0.3542004018
174 0.3496799899
175 0.3457079671
176 0.3422222808
177 0.3391673017
178 0.3364932356
179 0.33415558
180 0.3321146226
181 0.3303349797
182 0.328785172
183 0.3274372361
184 0.3262663688
185 0.325250603
186 0.3243705126
187 0.3236089433
188 0.32295077
189 0.3223826759
190 0.3218929535
191 0.3214713254
192 0.3211087823
193 0.3207974384
194 0.3205304008
195 0.3203016536
196 0.3201059535
197 0.3199387372
198 0.3197960389
199 0.319674417
200 0.319570889
201 0.3194828737
202 0.3194081409
203 0.3193447657
204 0.3192910896
205 0.3192456851
206 0.3192073258
207 0.3191749592
208 0.3191476831
209 0.3191247259
210 0.3191054278
211 0.3190892259
212 0.3190756404
213 0.3190642631
214 0.3190547469
215 0.3190467974
216 0.3190401649
217 0.3190346381
218 0.3190300384
219 0.3190262151
220 0.3190230411
221 0.3190204094
222 0.31901823
223 0.3190164276
224 0.3190149386
225 0.3190137102
226 0.319012698
227 0.319011865
228 0.3190111803
229 0.3190106182
230 0.3190101573
231 0.3190097799
232 0.3190094712
233 0.3190092191
234 0.3190090134
235 0.3190088458
236 0.3190087094
237 0.3190085985
238 0.3190085085
239 0.3190084355
240 0.3190083764
241 0.3190083286
242 0.31900829
243 0.3190082588
244 0.3190082337
245 0.3190082135
246 0.3190081973
247 0.3190081842
248 0.3190081738
249 0.3190081654
250 0.3190081587
251 0.3190081534
252 0.3190081491
253 0.3190081457
254 0.319008143
255 0.3190081408
256 0.3190081391
257 0.3190081378
258 0.3190081367
259 0.3190081358
260 0.3190081352
261 0.3190081346
262 0.3190081342
263 0.3190081339
264 0.3190081336
265 0.3190081334
266 0.3190081333
267 0.3190081332
268 0.3190081331
269 0.319008133
270 0.3190081329
271 0.3190081329
272 0.3190081328
273 0.3190081328
274 0.3190081328
275 0.3190081328
276 0.3190081328
277 0.3190081327
278 0.3190081327
279 0.3190081327
280 0.3190081327
281 0.3190081327
282 0.3190081327
283 0.3190081327
284 0.3190081327
285 0.3190081327
286 0.3190081327
287 0.3190081327
288 0.3190081327
289 0.3190081327
290 0.3190081327
291 0.3190081327
292 0.3190081327
293 0.3190081327
294 0.3190081327
295 0.3190081327
296 0.3190081327
297 0.3190081327
298 0.3190081327
299 0.3190081327
300 0.3190081327
301 0.3190081327
302 0.3190081327
303 0.3190081327
304 0.3190081327
305 0.3190081327
306 0.3190081327
307 0.3190081327
308 0.3190081327
309 0.3190081327
310 0.3190081327
311 0.3190081327
312 0.3190081327
313 0.3190081327
314 0.3190081327
315 0.3190081327
316 0.3190081327
317 0.3190081327
318 0.3190081327
319 0.3190081327
320 0.3190081327
321 0.3190081327
322 0.3190081327
323 0.3190081327
324 0.3190081327
325 0.3190081327
326 0.3190081327
327 0.3190081327
328 0.3190081327
329 0.3190081327
330 0.3190081327
331 0.3190081327
332 0.3190081327
333 0.3190081327
334 0.3190081327
335 0.3190081327
336 0.3190081327
337 0.3190081327
338 0.3190081327
339 0.3190081327
340 0.3190081327
341 0.3190081327
342 0.3190081327
343 0.3190081327
344 0.3190081327
345 0.3190081327
346 0.3190081327
347 0.3190081327
348 0.3190081327
349 0.3190081327
350 0.3190081327
351 0.3190081327
352 0.3190081327
353 0.3190081327
354 0.3190081327
355 0.3190081327
356 0.3190081327
357 0.3190081327
358 0.3190081327
359 0.3190081327
360 0.3190081327
361 0.3190081327
362 0.3190081327
363 0.3190081327
364 0.3190081327
365 0.3190081327
366 0.3190081327
367 0.3190081327
368 0.3190081327
369 0.3190081327
370 0.3190081327
371 0.3190081327
372 0.3190081327
373 0.3190081327
374 0.3190081327
375 0.3190081327
376 0.3190081327
377 0.3190081327
378 0.3190081327
379 0.3190081327
380 0.3190081327
381 0.3190081327
382 0.3190081327
383 0.3190081327
384 0.3190081327
385 0.3190081327
386 0.3190081327
387 0.3190081327
388 0.3190081327
389 0.3190081327
390 0.3190081327
391 0.3190081327
392 0.3190081327
393 0.3190081327
394 0.3190081327
395 0.3190081327
396 0.3190081327
397 0.3190081327
398 0.3190081327
399 0.3190081327
400 0.3190081327
401 0.3190081327
402 0.3190081327
403 0.3190081327
404 0.3190081327
405 0.3190081327
406 0.3190081327
407 0.3190081327
408 0.3190081327
409 0.3190081327
410 0.3190081327
411 0.3190081327
412 0.3190081327
413 0.3190081327
414 0.3190081327
415 0.3190081327
416 0.3190081327
417 0.3190081327
418 0.3190081327
419 0.3190081327
420 0.3190081327
421 0.3190081327
422 0.3190081327
423 0.3190081327
424 0.3190081327
425 0.3190081327
426 0.3190081327
427 0.3190081327
428 0.3190081327
429 0.3190081327
430 0.3190081327
431 0.3190081327
432 0.3190081327
433 0.3190081327
434 0.3190081327
435 0.3190081327
436 0.3190081327
437 0.3190081327
438 0.3190081327
439 0.3190081327
440 0.3190081327
441 0.3190081327
442 0.3190081327
443 0.3190081327
444 0.3190081327
445 0.3190081327
446 0.3190081327
447 0.3190081327
448 0.3190081327
449 0.3190081327
450 0.3190081327
451 0.3190081327
452 0.3190081327
453 0.3190081327
454 0.3190081327
455 0.3190081327
456 0.3190081327
457 0.3190081327
458 0.3190081327
459 0.3190081327
460 0.3190081327
461 0.3190081327
462 0.3190081327
463 0.3190081327
464 0.3190081327
465 0.3190081327
466 0.3190081327
467 0.3190081327
468 0.3190081327
469 0.3190081327
470 0.3190081327
471 0.3190081327
472 0.3190081327
473 0.3190081327
474 0.3190081327
475 0.3190081327
476 0.3190081327
477 0.3190081327
478 0.3190081327
479 0.3190081327
480 0.3190081327
481 0.3190081327
482 0.3190081327
483 0.3190081327
484 0.3190081327
485 0.3190081327
486 0.3190081327
487 0.3190081327
488 0.3190081327
489 0.3190081327
490 0.3190081327
491 0.3190081327
492 0.3190081327
493 0.3190081327
494 0.3190081327
495 0.3190081327
496 0.3190081327
497 0.3190081327
498 0.3190081327
499 0.3190081327
500 0.3190081327
501 0.3190081327
502 0.3190081327
503 0.3190081327
504 0.3190081327
505 0.3190081327
506 0.3190081327
507 0.3190081327
508 0.3190081327
509 0.3190081327
510 0.3190081327
511 0.3190081327
512 0.3190081327
513 0.3190081327
514 0.3190081327
515 0.3190081327
516 0.3190081327
517 0.3190081327
518 0.3190081327
519 0.3190081327
520 0.3190081327
521 0.3190081327
522 0.3190081327
523 0.3190081327
524 0.3190081327
525 0.3190081327
526 0.3190081327
527 0.3190081327
528 0.3190081327
529 0.3190081327
530 0.3190081327
531 0.3190081327
532 0.3190081327
533 0.3190081327
534 0.3190081327
535 0.3190081327
536 0.3190081327
537 0.3190081327
538 0.3190081327
539 0.3190081327
540 0.3190081327
541 0.3190081327
542 0.3190081327
543 0.3190081327
544 0.3190081327
545 0.3190081327
546 0.3190081327
547 0.3190081327
548 0.3190081327
549 0.3190081327
550 0.3190081327
551 0.3190081327
552 0.3190081327
553 0.3190081327
554 0.3190081327
555 0.3190081327
556 0.3190081327
557 0.3190081327
558 0.3190081327
559 0.3190081327
560 0.3190081327
561 0.3190081327
562 0.3190081327
563 0.3190081327
564 0.3190081327
565 0.3190081327
566 0.3190081327
567 0.3190081327
568 0.3190081327
569 0.3190081327
570 0.3190081327
571 0.3190081327
572 0.3190081327
573 0.3190081327
574 0.3190081327
575 0.3190081327
576 0.3190081327
577 0.3190081327
578 0.3190081327
579 0.3190081327
580 0.3190081327
581 0.3190081327
582 0.3190081327
583 0.3190081327
584 0.3190081327
585 0.3190081327
586 0.3190081327
587 0.3190081327
588 0.3190081327
589 0.3190081327
590 0.3190081327
591 0.3190081327
592 0.3190081327
593 0.3190081327
594 0.3190081327
595 0.3190081327
596 0.3190081327
597 0.3190081327
598 0.3190081327
599 0.3190081327
600 0.3190081327
601 0.3190081327
602 0.3190081327
603 0.3190081327
604 0.3190081327
605 0.3190081327
606 0.3190081327
607 0.3190081327
608 0.3190081327
609 0.3190081327
610 0.3190081327
611 0.3190081327
612 0.3190081327
613 0.3190081327
614 0.3190081327
615 0.3190081327
616 0.3190081327
617 0.3190081327
618 0.3190081327
619 0.3190081327
620 0.3190081327
621 0.3190081327
622 0.3190081327
623 0.3190081327
624 0.3190081327
625 0.3190081327
626 0.3190081327
627 0.3190081327
628 0.3190081327
629 0.3190081327
630 0.3190081327
631 0.3190081327
632 0.3190081327
633 0.3190081327
634 0.3190081327
635 0.3190081327
636 0.3190081327
637 0.3190081327
638 0.3190081327
639 0.3190081327
640 0.3190081327
641 0.3190081327
642 0.3190081327
643 0.3190081327
644 0.3190081327
645 0.3190081327
646 0.3190081327
647 0.3190081327
648 0.3190081327
649 0.3190081327
650 0.3190081327
651 0.3190081327
652 0.3190081327
653 0.3190081327
654 0.3190081327
655 0.3190081327
656 0.3190081327
657 0.3190081327
658 0.3190081327
659 0.3190081327
660 0.3190081327
661 0.3190081327
662 0.3190081327
663 0.3190081327
664 0.3190081327
665 0.3190081327
666 0.3190081327
667 0.3190081327
668 0.3190081327
669 0.3190081327
670 0.3190081327
671 0.3190081327
672 0.3190081327
673 0.3190081327
674 0.3190081327
675 0.3190081327
676 0.3190081327
677 0.3190081327
678 0.3190081327
679 0.3190081327
680 0.3190081327
681 0.3190081327
682 0.3190081327
683 0.3190081327
684 0.3190081327
685 0.3190081327
686 0.3190081327
687 0.3190081327
688 0.3190081327
689 0.3190081327
690 0.3190081327
691 0.3190081327
692 0.3190081327
693 0.3190081327
694 0.3190081327
695 0.3190081327
696 0.3190081327
697 0.3190081327
698 0.3190081327
699 0.3190081327
700 0.3190081327
701 0.3190081327
702 0.3190081327
703 0.3190081327
704 0.3190081327
705 0.3190081327
706 0.3190081327
707 0.3190081327
708 0.3190081327
709 0.3190081327
710 0.3190081327
711 0.3190081327
712 0.3190081327
713 0.3190081327
714 0.3190081327
715 0.3190081327
716 0.3190081327
717 0.3190081327
718 0.3190081327
719 0.3190081327
720 0.3190081327
721 0.3190081327
722 0.3190081327
723 0.3190081327
724 0.3190081327
725 0.3190081327
726 0.3190081327
727 0.3190081327
728 0.3190081327
729 0.3190081327
730 0.3190081327
731 0.3190081327
732 0.3190081327
733 0.3190081327
734 0.3190081327
735 0.3190081327
736 0.3190081327
737 0.3190081327
738 0.3190081327
739 0.3190081327
740 0.3190081327
741 0.3190081327
742 0.3190081327
743 0.3190081327
744 0.3190081327
745 0.3190081327
746 0.3190081327
747 0.3190081327
748 0.3190081327
749 0.3190081327
750 0.3190081327
751 0.3190081327
752 0.3190081327
753 0.3190081327
754 0.3190081328
755 0.3190081328
756 0.3190081328
757 0.3190081328
758 0.3190081328
759 0.3190081328
760 0.3190081329
761 0.3190081329
762 0.319008133
763 0.319008133
764 0.3190081331
765 0.3190081332
766 0.3190081334
767 0.3190081335
768 0.3190081338
769 0.319008134
770 0.3190081343
771 0.3190081347
772 0.3190081352
773 0.3190081359
774 0.3190081366
775 0.3190081376
776 0.3190081387
777 0.3190081402
778 0.319008142
779 0.3190081442
780 0.3190081469
781 0.3190081502
782 0.3190081543
783 0.3190081594
784 0.3190081655
785 0.3190081731
786 0.3190081823
787 0.3190081936
788 0.3190082074
789 0.3190082242
790 0.3190082447
791 0.3190082697
792 0.3190083
793 0.3190083368
794 0.3190083815
795 0.3190084357
796 0.3190085012
797 0.3190085805
798 0.3190086763
799 0.319008792
800 0.3190089314
801 0.3190090992
802 0.3190093012
803 0.319009544
804 0.3190098354
805 0.3190101849
806 0.3190106037
807 0.3190111048
808 0.3190117039
809 0.3190124194
810 0.319013273
811 0.3190142903
812 0.3190155014
813 0.3190169416
814 0.3190186526
815 0.3190206831
816 0.3190230902
817 0.3190259407
818 0.3190293128
819 0.3190332977
820 0.3190380018
821 0.319043549
822 0.3190500834
823 0.3190577728
824 0.3190668115
825 0.3190774251
826 0.3190898749
827 0.319104463
828 0.3191215385
829 0.3191415044
830 0.3191648252
831 0.3191920356
832 0.3192237506
833 0.3192606768
834 0.3193036245
835 0.3193535226
836 0.3194114341
837 0.3194785744
838 0.3195563312
839 0.3196462872
840 0.3197502453
841 0.3198702567
842 0.3200086523
843 0.3201680777
844 0.3203515321
845 0.3205624113
846 0.3208045555
847 0.3210823019
848 0.3214005435
849 0.3217647932
850 0.3221812547
851 0.3226569003
852 0.3231995567
853 0.3238179983
854 0.3245220498
855 0.3253226984
856 0.326232215
857 0.3272642878
858 0.3284341656
859 0.3297588146
860 0.3312570874
861 0.3329499053
862 0.3348604558
863 0.337014404
864 0.3394401203
865 0.3421689242
866 0.3452353449
867 0.3486773996
868 0.3525368898
869 0.3568597157
870 0.3616962097
871 0.3671014894
872 0.3731358287
873 0.3798650495
874 0.3873609317
875 0.3957016426
876 0.4049721845
877 0.4152648605
878 0.4266797568
879 0.4393252413
880 0.4533184771
881 0.4687859481
882 0.4858639967
883 0.5046993697
884 0.5254497715
885 0.5482844195
886 0.5733846016
887 0.6009442292
888 0.6311703836
889 0.6642838516
890 0.7005196436
891 0.7401274921
892 0.7833723228
893 0.8305346933
894 0.8819111936
895 0.9378148007
896 0.9985751824
897 1.064538941
898 1.136069789
899 1.213548656
900 1.297373706
901 1.387960268
902 1.485740673
903 1.591163972
904 1.704695557
905 1.826816642
906 1.958023626
907 2.098827315
908 2.249751994
909 2.411334355
910 2.584122262
911 2.768673355
912 2.965553487
913 3.175334986
914 3.398594742
915 3.635912124
916 3.887866711
917 4.155035851
918 4.437992047
919 4.737300162
920 5.053514473
921 5.38717555
922 5.738806992
923 6.108912017
924 6.497969925
925 6.90643244
926 7.334719955
927 7.783217689
928 8.252271778
929 8.742185325
930 9.253214419
931 9.785564164
932 10.33938473
933 10.91476744
934 11.51174099
935 12.1302677
936 12.77023997
937 13.43147688
938 14.11372098
939 14.81663532
940 15.5398008
941 16.28271369
942 17.04478358
943 17.82533165
944 18.62358935
945 19.43869742
946 20.26970541
947 21.11557165
948 21.9751637
949 22.84725926
950 23.73054767
951 24.62363187
952 25.52503097
953 26.43318328
954 27.34644996
955 28.26311923
956 29.18141103
957 30.09948234
958 31.01543291
959 31.92731159
960 32.8331231
961 33.73083526
962 34.61838666
963 35.49369475
964 36.35466426
965 37.199196
966 38.02519587
967 38.83058419
968 39.61330517
969 40.37133649
970 41.10269907
971 41.8054668
972 42.47777625
973 43.11783633
974 43.72393781
975 44.29446266
976 44.82789317
977 45.32282068
978 45.77795413
979 46.19212801
980 46.56431007
981 46.89360835
982 47.17927783
983 47.42072636
984 47.61752013
985 47.76938835
986 47.87622737
987 47.93810403
988 47.95525833
989 47.9281053
990 47.85723626
991 47.74341914
992 47.58759821
993 47.39089293
994 47.15459609
995 46.88017122
996 46.56924925
997 46.22362442
998 45.84524952
999 45.43623044
1000 44.99882006
1001 44.53541149
1002 44.04853072
1003 43.54082869
1004 43.01507279
1005 42.47413786
1006 41.92099671
1007 41.35871016
1008 40.79041667
1009 40.21932157
1010 39.64868598
1011 39.08181531
1012 38.52204757
1013 37.97274131
1014 37.43726345
1015 36.91897679
1016 36.42122744
1017 35.94733204
1018 35.50056494
1019 35.08414527
1020 34.70122393
1021 34.35487066
1022 34.048061
1023 33.78366347
