#55029 2909.9961804777464165 0.0045703710662208909057 1 1365 16.000049430220818044 1024 7 1 J1713+0747 0.0000000 
0 0.3564575079
1 0.3564577249
2 0.3564579855
3 0.3564582983
4 0.3564586731
5 0.356459122
6 0.3564596588
7 0.3564603003
8 0.356461066
9 0.3564619789
10 0.3564630662
11 0.35646436
12 0.3564658977
13 0.3564677235
14 0.356469889
15 0.3564724547
16 0.3564754913
17 0.3564790815
18 0.3564833218
19 0.3564883245
20 0.3564942205
21 0.3565011619
22 0.3565093255
23 0.3565189163
24 0.3565301718
25 0.3565433671
26 0.35655882
27 0.3565768975
28 0.3565980231
29 0.3566226844
30 0.3566514425
31 0.3566849426
32 0.3567239248
33 0.3567692382
34 0.3568218549
35 0.3568828869
36 0.3569536048
37 0.3570354582
38 0.3571300996
39 0.3572394101
40 0.3573655284
41 0.3575108834
42 0.3576782303
43 0.3578706901
44 0.3580917945
45 0.3583455346
46 0.3586364153
47 0.3589695154
48 0.3593505532
49 0.3597859593
50 0.3602829564
51 0.3608496468
52 0.3614951076
53 0.362229496
54 0.363064163
55 0.3640117775
56 0.3650864618
57 0.3663039379
58 0.3676816861
59 0.369239117
60 0.3709977567
61 0.3729814456
62 0.3752165535
63 0.3777322093
64 0.3805605469
65 0.3837369684
66 0.3873004242
67 0.3912937108
68 0.3957637872
69 0.4007621094
70 0.4063449839
71 0.4125739393
72 0.4195161178
73 0.4272446842
74 0.4358392539
75 0.4453863378
76 0.4559798051
77 0.4677213613
78 0.480721042
79 0.4950977187
80 0.510979618
81 0.5285048494
82 0.5478219407
83 0.5690903789
84 0.592481152
85 0.61817729
86 0.646374401
87 0.6772811975
88 0.7111200102
89 0.7481272823
90 0.7885540419
91 0.8326663443
92 0.8807456803
93 0.9330893432
94 0.9900107485
95 1.051839699
96 1.118922589
97 1.191622539
98 1.270319455
99 1.355410001
100 1.447307484
101 1.546441635
102 1.653258283
103 1.768218916
104 1.891800116
105 2.024492863
106 2.166801704
107 2.319243771
108 2.482347658
109 2.656652133
110 2.842704692
111 3.041059944
112 3.252277834
113 3.476921687
114 3.715556086
115 3.96874457
116 4.237047168
117 4.521017759
118 4.821201274
119 5.138130728
120 5.472324114
121 5.824281142
122 6.19447985
123 6.583373101
124 6.991384963
125 7.418907004
126 7.86629452
127 8.333862695
128 8.821882743
129 9.330578031
130 9.860120218
131 10.41062543
132 10.98215052
133 11.57468937
134 12.18816938
135 12.82244807
136 13.47730987
137 14.15246312
138 14.84753731
139 15.56208062
140 16.29555771
141 17.04734791
142 17.81674367
143 18.60294954
144 19.40508143
145 20.22216637
146 21.05314273
147 21.8968609
148 22.7520845
149 23.61749204
150 24.49167917
151 25.3731614
152 26.26037742
153 27.15169287
154 28.04540476
155 28.93974627
156 29.83289222
157 30.7229649
158 31.60804053
159 32.486156
160 33.35531626
161 34.21350191
162 35.05867735
163 35.88879906
164 36.70182442
165 37.49572055
166 38.2684735
167 39.01809758
168 39.74264476
169 40.44021416
170 41.10896153
171 41.74710869
172 42.35295288
173 42.92487595
174 43.46135328
175 43.96096257
176 44.42239217
177 44.84444914
178 45.22606687
179 45.56631221
180 45.86439218
181 46.11966002
182 46.33162075
183 46.49993612
184 46.62442883
185 46.70508616
186 46.7420629
187 46.73568354
188 46.68644372
189 46.59501106
190 46.46222506
191 46.28909648
192 46.07680576
193 45.82670092
194 45.54029457
195 45.21926028
196 44.8654283
197 44.4807805
198 44.06744476
199 43.62768862
200 43.16391248
201 42.67864206
202 42.17452039
203 41.65429932
204 41.12083043
205 40.57705559
206 40.02599706
207 39.47074712
208 38.91445748
209 38.36032821
210 37.81159649
211 37.271525
212 36.74339014
213 36.23046998
214 35.73603205
215 35.26332104
216 34.81554625
217 34.39586912
218 34.00739054
219 33.65313825
220 33.33605416
221 33.0589818
222 32.82465376
223 32.63567926
224 32.49453193
225 32.40353767
226 32.36486285
227 32.38050269
228 32.45227003
229 32.58178444
230 32.77046177
231 33.01950414
232 33.32989051
233 33.70236783
234 34.13744285
235 34.6353746
236 35.19616772
237 35.81956662
238 36.50505048
239 37.25182934
240 38.05884112
241 38.9247498
242 39.84794474
243 40.8265412
244 41.85838212
245 42.94104126
246 44.07182757
247 45.24779107
248 46.46573005
249 47.72219971
250 49.0135222
251 50.33579819
252 51.68491969
253 53.05658437
254 54.44631123
255 55.84945747
256 57.26123674
257 58.67673849
258 60.09094839
259 61.49876977
260 62.89504601
261 64.27458359
262 65.63217584
263 66.96262724
264 68.26077802
265 69.52152899
266 70.73986648
267 71.91088707
268 73.02982218
269 74.09206208
270 75.09317942
271 76.0289519
272 76.89538406
273 77.68872793
274 78.40550245
275 79.04251149
276 79.59686036
277 80.06597064
278 80.44759323
279 80.73981954
280 80.94109074
281 81.05020495
282 81.06632234
283 80.98896814
284 80.81803348
285 80.55377406
286 80.19680673
287 79.74810395
288 79.20898611
289 78.58111201
290 77.86646727
291 77.06735104
292 76.18636093
293 75.22637637
294 74.19054054
295 73.08224096
296 71.90508899
297 70.66289826
298 69.35966234
299 67.99953171
300 66.58679032
301 65.1258318
302 63.62113554
303 62.07724284
304 60.49873324
305 58.8902013
306 57.2562338
307 55.60138768
308 53.93016881
309 52.24701168
310 50.55626007
311 48.86214907
312 47.1687881
313 45.48014549
314 43.8000343
315 42.13209964
316 40.47980745
317 38.84643482
318 37.23506177
319 35.64856453
320 34.08961042
321 32.56065405
322 31.06393504
323 29.60147712
324 28.1750885
325 26.78636357
326 25.4366857
327 24.12723124
328 22.85897447
329 21.63269353
330 20.4489772
331 19.30823235
332 18.21069219
333 17.15642491
334 16.14534299
335 15.17721266
336 14.25166387
337 13.36820029
338 12.5262095
339 11.72497325
340 10.9636776
341 10.24142304
342 9.557234343
343 8.910070326
344 8.298833199
345 7.722377664
346 7.17951963
347 6.669044521
348 6.189715157
349 5.740279188
350 5.31947605
351 4.926043437
352 4.558723285
353 4.21626726
354 3.897441751
355 3.601032375
356 3.325848
357 3.070724304
358 2.834526876
359 2.616153878
360 2.414538296
361 2.228649785
362 2.05749615
363 1.900124463
364 1.75562186
365 1.623116036
366 1.501775454
367 1.390809303
368 1.289467235
369 1.197038879
370 1.112853187
371 1.036277616
372 0.9667171627
373 0.903613295
374 0.8464427707
375 0.7947163838
376 0.7479776434
377 0.7058014052
378 0.6677924705
379 0.6335841624
380 0.6028368957
381 0.5752367478
382 0.5504940412
383 0.5283419463
384 0.508535112
385 0.490848329
386 0.4750752323
387 0.4610270475
388 0.4485313827
389 0.4374310709
390 0.4275830631
391 0.4188573751
392 0.4111360867
393 0.404312396
394 0.3982897269
395 0.3929808894
396 0.3883072926
397 0.3841982087
398 0.3805900855
399 0.377425908
400 0.374654605
401 0.3722304999
402 0.3701128039
403 0.3682651481
404 0.3666551538
405 0.3652540385
406 0.3640362547
407 0.3629791605
408 0.3620627187
409 0.3612692236
410 0.3605830529
411 0.3599904429
412 0.3594792847
413 0.3590389413
414 0.3586600822
415 0.3583345345
416 0.3580551498
417 0.357815685
418 0.357610695
419 0.3574354379
420 0.3572857898
421 0.3571581697
422 0.357049472
423 0.3569570075
424 0.3568784508
425 0.3568117938
426 0.356755305
427 0.3567074934
428 0.3566670768
429 0.3566329543
430 0.3566041817
431 0.3565799508
432 0.3565595701
433 0.3565424493
434 0.3565280849
435 0.3565160483
436 0.3565059748
437 0.3564975548
438 0.3564905257
439 0.356484665
440 0.3564797846
441 0.3564757255
442 0.3564723539
443 0.3564695567
444 0.3564672389
445 0.3564653209
446 0.3564637355
447 0.3564624268
448 0.3564613479
449 0.3564604594
450 0.3564597286
451 0.3564591284
452 0.356458636
453 0.3564582325
454 0.3564579024
455 0.3564576325
456 0.3564574122
457 0.3564572326
458 0.3564570863
459 0.3564569674
460 0.3564568708
461 0.3564567924
462 0.3564567289
463 0.3564566775
464 0.3564566359
465 0.3564566024
466 0.3564565753
467 0.3564565536
468 0.3564565361
469 0.356456522
470 0.3564565107
471 0.3564565017
472 0.3564564944
473 0.3564564886
474 0.356456484
475 0.3564564803
476 0.3564564774
477 0.3564564751
478 0.3564564732
479 0.3564564717
480 0.3564564706
481 0.3564564696
482 0.3564564689
483 0.3564564683
484 0.3564564679
485 0.3564564675
486 0.3564564673
487 0.356456467
488 0.3564564669
489 0.3564564667
490 0.3564564666
491 0.3564564665
492 0.3564564665
493 0.3564564664
494 0.3564564664
495 0.3564564663
496 0.3564564663
497 0.3564564663
498 0.3564564663
499 0.3564564663
500 0.3564564663
501 0.3564564663
502 0.3564564663
503 0.3564564663
504 0.3564564663
505 0.3564564662
506 0.3564564662
507 0.3564564662
508 0.3564564662
509 0.3564564662
510 0.3564564662
511 0.3564564662
512 0.3564564662
513 0.3564564662
514 0.3564564662
515 0.3564564662
516 0.3564564662
517 0.3564564662
518 0.3564564662
519 0.3564564662
520 0.3564564662
521 0.3564564662
522 0.3564564662
523 0.3564564662
524 0.3564564662
525 0.3564564662
526 0.3564564662
527 0.3564564662
528 0.3564564662
529 0.3564564662
530 0.3564564662
531 0.3564564662
532 0.3564564662
533 0.3564564662
534 0.3564564662
535 0.3564564662
536 0.3564564662
537 0.3564564662
538 0.3564564662
539 0.3564564662
540 0.3564564662
541 0.3564564662
542 0.3564564662
543 0.3564564662
544 0.3564564662
545 0.3564564662
546 0.3564564662
547 0.3564564662
548 0.3564564662
549 0.3564564662
550 0.3564564662
551 0.3564564662
552 0.3564564662
553 0.3564564662
554 0.3564564662
555 0.3564564662
556 0.3564564662
557 0.3564564662
558 0.3564564662
559 0.3564564662
560 0.3564564662
561 0.3564564662
562 0.3564564662
563 0.3564564662
564 0.3564564662
565 0.3564564662
566 0.3564564662
567 0.3564564662
568 0.3564564662
569 0.3564564662
570 0.3564564662
571 0.3564564662
572 0.3564564662
573 0.3564564662
574 0.3564564662
575 0.3564564662
576 0.3564564662
577 0.3564564662
578 0.3564564662
579 0.3564564662
580 0.3564564662
581 0.3564564662
582 0.3564564662
583 0.3564564662
584 0.3564564662
585 0.3564564662
586 0.3564564662
587 0.3564564662
588 0.3564564662
589 0.3564564662
590 0.3564564662
591 0.3564564662
592 0.3564564662
593 0.3564564662
594 0.3564564662
595 0.3564564662
596 0.3564564662
597 0.3564564662
598 0.3564564662
599 0.3564564662
600 0.3564564662
601 0.3564564662
602 0.3564564662
603 0.3564564662
604 0.3564564662
605 0.3564564662
606 0.3564564662
607 0.3564564662
608 0.3564564662
609 0.3564564662
610 0.3564564662
611 0.3564564662
612 0.3564564662
613 0.3564564662
614 0.3564564662
615 0.3564564662
616 0.3564564662
617 0.3564564662
618 0.3564564662
619 0.3564564662
620 0.3564564662
621 0.3564564662
622 0.3564564662
623 0.3564564662
624 0.3564564662
625 0.3564564662
626 0.3564564662
627 0.3564564662
628 0.3564564662
629 0.3564564662
630 0.3564564662
631 0.3564564662
632 0.3564564662
633 0.3564564662
634 0.3564564662
635 0.3564564662
636 0.3564564662
637 0.3564564662
638 0.3564564662
639 0.3564564662
640 0.3564564662
641 0.3564564662
642 0.3564564662
643 0.3564564662
644 0.3564564662
645 0.3564564662
646 0.3564564662
647 0.3564564662
648 0.3564564662
649 0.3564564662
650 0.3564564662
651 0.3564564662
652 0.3564564662
653 0.3564564662
654 0.3564564662
655 0.3564564662
656 0.3564564662
657 0.3564564662
658 0.3564564662
659 0.3564564662
660 0.3564564662
661 0.3564564662
662 0.3564564662
663 0.3564564662
664 0.3564564662
665 0.3564564662
666 0.3564564662
667 0.3564564662
668 0.3564564662
669 0.3564564662
670 0.3564564662
671 0.3564564662
672 0.3564564662
673 0.3564564662
674 0.3564564662
675 0.3564564662
676 0.3564564662
677 0.3564564662
678 0.3564564662
679 0.3564564662
680 0.3564564662
681 0.3564564662
682 0.3564564662
683 0.3564564662
684 0.3564564662
685 0.3564564662
686 0.3564564662
687 0.3564564662
688 0.3564564662
689 0.3564564662
690 0.3564564662
691 0.3564564662
692 0.3564564662
693 0.3564564662
694 0.3564564662
695 0.3564564662
696 0.3564564662
697 0.3564564662
698 0.3564564662
699 0.3564564662
700 0.3564564662
701 0.3564564662
702 0.3564564662
703 0.3564564662
704 0.3564564662
705 0.3564564662
706 0.3564564662
707 0.3564564662
708 0.3564564662
709 0.3564564662
710 0.3564564662
711 0.3564564662
712 0.3564564662
713 0.3564564662
714 0.3564564662
715 0.3564564662
716 0.3564564662
717 0.3564564662
718 0.3564564662
719 0.3564564662
720 0.3564564662
721 0.3564564662
722 0.3564564662
723 0.3564564662
724 0.3564564662
725 0.3564564662
726 0.3564564662
727 0.3564564662
728 0.3564564662
729 0.3564564662
730 0.3564564662
731 0.3564564662
732 0.3564564662
733 0.3564564662
734 0.3564564662
735 0.3564564662
736 0.3564564662
737 0.3564564662
738 0.3564564662
739 0.3564564662
740 0.3564564662
741 0.3564564662
742 0.3564564662
743 0.3564564662
744 0.3564564662
745 0.3564564662
746 0.3564564662
747 0.3564564662
748 0.3564564662
749 0.3564564662
750 0.3564564662
751 0.3564564662
752 0.3564564662
753 0.3564564662
754 0.3564564662
755 0.3564564662
756 0.3564564662
757 0.3564564662
758 0.3564564662
759 0.3564564662
760 0.3564564662
761 0.3564564662
762 0.3564564662
763 0.3564564662
764 0.3564564662
765 0.3564564662
766 0.3564564662
767 0.3564564662
768 0.3564564662
769 0.3564564662
770 0.3564564662
771 0.3564564662
772 0.3564564662
773 0.3564564662
774 0.3564564662
775 0.3564564662
776 0.3564564662
777 0.3564564662
778 0.3564564662
779 0.3564564662
780 0.3564564662
781 0.3564564662
782 0.3564564662
783 0.3564564662
784 0.3564564662
785 0.3564564662
786 0.3564564662
787 0.3564564662
788 0.3564564662
789 0.3564564662
790 0.3564564662
791 0.3564564662
792 0.3564564662
793 0.3564564662
794 0.3564564662
795 0.3564564662
796 0.3564564662
797 0.3564564662
798 0.3564564662
799 0.3564564662
800 0.3564564662
801 0.3564564662
802 0.3564564662
803 0.3564564662
804 0.3564564662
805 0.3564564662
806 0.3564564662
807 0.3564564662
808 0.3564564662
809 0.3564564662
810 0.3564564662
811 0.3564564662
812 0.3564564662
813 0.3564564662
814 0.3564564662
815 0.3564564662
816 0.3564564662
817 0.3564564662
818 0.3564564662
819 0.3564564662
820 0.3564564662
821 0.3564564662
822 0.3564564662
823 0.3564564662
824 0.3564564662
825 0.3564564662
826 0.3564564662
827 0.3564564662
828 0.3564564662
829 0.3564564662
830 0.3564564662
831 0.3564564662
832 0.3564564662
833 0.3564564662
834 0.3564564662
835 0.3564564662
836 0.3564564662
837 0.3564564662
838 0.3564564662
839 0.3564564662
840 0.3564564662
841 0.3564564662
842 0.3564564662
843 0.3564564662
844 0.3564564662
845 0.3564564662
846 0.3564564662
847 0.3564564662
848 0.3564564662
849 0.3564564662
850 0.3564564662
851 0.3564564662
852 0.3564564662
853 0.3564564662
854 0.3564564662
855 0.3564564662
856 0.3564564662
857 0.3564564662
858 0.3564564662
859 0.3564564662
860 0.3564564662
861 0.3564564662
862 0.3564564662
863 0.3564564662
864 0.3564564662
865 0.3564564662
866 0.3564564662
867 0.3564564662
868 0.3564564662
869 0.3564564662
870 0.3564564662
871 0.3564564662
872 0.3564564662
873 0.3564564662
874 0.3564564662
875 0.3564564662
876 0.3564564662
877 0.3564564662
878 0.3564564662
879 0.3564564662
880 0.3564564662
881 0.3564564662
882 0.3564564662
883 0.3564564662
884 0.3564564662
885 0.3564564662
886 0.3564564662
887 0.3564564662
888 0.3564564662
889 0.3564564662
890 0.3564564662
891 0.3564564662
892 0.3564564662
893 0.3564564662
894 0.3564564662
895 0.3564564662
896 0.3564564662
897 0.3564564662
898 0.3564564662
899 0.3564564662
900 0.3564564662
901 0.3564564662
902 0.3564564662
903 0.3564564662
904 0.3564564662
905 0.3564564662
906 0.3564564662
907 0.3564564662
908 0.3564564662
909 0.3564564662
910 0.3564564662
911 0.3564564662
912 0.3564564662
913 0.3564564662
914 0.3564564662
915 0.3564564662
916 0.3564564662
917 0.3564564662
918 0.3564564662
919 0.3564564662
920 0.3564564662
921 0.3564564662
922 0.3564564662
923 0.3564564662
924 0.3564564662
925 0.3564564662
926 0.3564564662
927 0.3564564662
928 0.3564564662
929 0.3564564662
930 0.3564564662
931 0.3564564662
932 0.3564564662
933 0.3564564662
934 0.3564564662
935 0.3564564662
936 0.3564564662
937 0.3564564662
938 0.3564564662
939 0.3564564662
940 0.3564564662
941 0.3564564662
942 0.3564564662
943 0.3564564662
944 0.3564564662
945 0.3564564662
946 0.3564564662
947 0.3564564662
948 0.3564564662
949 0.3564564662
950 0.3564564662
951 0.3564564662
952 0.3564564662
953 0.3564564662
954 0.3564564662
955 0.3564564662
956 0.3564564662
957 0.3564564662
958 0.3564564662
959 0.3564564662
960 0.3564564662
961 0.3564564662
962 0.3564564662
963 0.3564564662
964 0.3564564662
965 0.3564564662
966 0.3564564662
967 0.3564564662
968 0.3564564662
969 0.3564564662
970 0.3564564662
971 0.3564564663
972 0.3564564663
973 0.3564564663
974 0.3564564663
975 0.3564564663
976 0.3564564663
977 0.3564564663
978 0.3564564663
979 0.3564564663
980 0.3564564663
981 0.3564564664
982 0.3564564664
983 0.3564564664
984 0.3564564665
985 0.3564564665
986 0.3564564666
987 0.3564564667
988 0.3564564668
989 0.356456467
990 0.3564564672
991 0.3564564674
992 0.3564564677
993 0.356456468
994 0.3564564685
995 0.356456469
996 0.3564564697
997 0.3564564705
998 0.3564564716
999 0.3564564728
1000 0.3564564744
1001 0.3564564764
1002 0.3564564788
1003 0.3564564817
1004 0.3564564853
1005 0.3564564898
1006 0.3564564952
1007 0.3564565019
1008 0.3564565101
1009 0.3564565202
1010 0.3564565324
1011 0.3564565473
1012 0.3564565655
1013 0.3564565877
1014 0.3564566147
1015 0.3564566474
1016 0.3564566872
1017 0.3564567354
1018 0.3564567938
1019 0.3564568645
1020 0.3564569499
1021 0.3564570531
1022 0.3564571775
1023 0.3564573274
