#55161 2910.0039384004498804 0.0045702173895815776175 1 1413 16.000049430220818044 1024 7 1 J1713+0747 0.0000000 
0 6.833387889
1 7.251072776
2 7.687981795
3 8.144404964
4 8.62058876
5 9.1167324
6 9.632984124
7 10.16943754
8 10.72612804
9 11.30302929
10 11.90004988
11 12.51703012
12 13.15373899
13 13.80987137
14 14.48504541
15 15.1788003
16 15.89059423
17 16.6198027
18 17.36571728
19 18.12754463
20 18.90440595
21 19.69533693
22 20.49928811
23 21.31512562
24 22.14163257
25 22.97751079
26 23.82138315
27 24.67179636
28 25.52722434
29 26.38607199
30 27.24667961
31 28.10732774
32 28.96624249
33 29.82160141
34 30.67153973
35 31.51415714
36 32.3475249
37 33.16969333
38 33.97869973
39 34.77257653
40 35.54935973
41 36.30709758
42 37.04385948
43 37.75774493
44 38.44689265
45 39.10948973
46 39.74378073
47 40.34807673
48 40.9207643
49 41.46031429
50 41.96529033
51 42.4343572
52 42.86628873
53 43.25997545
54 43.61443178
55 43.92880275
56 44.20237023
57 44.43455868
58 44.62494024
59 44.77323931
60 44.8793364
61 44.94327145
62 44.96524638
63 44.94562697
64 44.88494409
65 44.78389419
66 44.64333904
67 44.46430483
68 44.24798051
69 43.99571544
70 43.70901636
71 43.38954369
72 43.03910709
73 42.65966052
74 42.25329652
75 41.82224004
76 41.36884155
77 40.89556973
78 40.40500356
79 39.89982396
80 39.38280495
81 38.85680439
82 38.3247543
83 37.78965085
84 37.25454394
85 36.72252656
86 36.19672379
87 35.68028161
88 35.17635543
89 34.68809848
90 34.21865
91 33.77112333
92 33.34859386
93 32.95408693
94 32.59056566
95 32.26091879
96 31.96794853
97 31.71435841
98 31.50274132
99 31.33556753
100 31.21517299
101 31.14374774
102 31.12332458
103 31.15576805
104 31.24276368
105 31.38580763
106 31.58619683
107 31.84501944
108 32.16314601
109 32.54122114
110 32.97965577
111 33.47862026
112 34.03803818
113 34.65758096
114 35.33666341
115 36.07444022
116 36.8698035
117 37.72138134
118 38.62753752
119 39.58637242
120 40.59572516
121 41.65317696
122 42.75605589
123 43.90144287
124 45.08617908
125 46.30687472
126 47.55991915
127 48.84149239
128 50.14757799
129 51.47397719
130 52.8163244
131 54.17010389
132 55.53066769
133 56.89325457
134 58.25301001
135 59.60500718
136 60.94426865
137 62.26578889
138 63.56455725
139 64.83558147
140 66.07391149
141 67.27466335
142 68.43304317
143 69.54437091
144 70.60410391
145 71.60785984
146 72.5514391
147 73.43084638
148 74.24231131
149 74.98230793
150 75.647573
151 76.23512289
152 76.74226891
153 77.16663106
154 77.50615005
155 77.75909743
156 77.92408387
157 78.00006543
158 77.98634785
159 77.88258871
160 77.68879759
161 77.40533415
162 77.03290414
163 76.5725534
164 76.0256599
165 75.39392391
166 74.67935628
167 73.88426512
168 73.01124074
169 72.06313923
170 71.04306458
171 69.95434967
172 68.80053617
173 67.58535352
174 66.31269722
175 64.98660651
176 63.61124166
177 62.19086102
178 60.72979801
179 59.23243823
180 57.70319673
181 56.14649583
182 54.56674338
183 52.96831178
184 51.3555178
185 49.73260331
186 48.10371716
187 46.4728981
188 44.84405896
189 43.22097218
190 41.60725662
191 40.0063658
192 38.42157763
193 36.85598547
194 35.31249076
195 33.79379704
196 32.30240537
197 30.84061128
198 29.41050289
199 28.01396051
200 26.65265743
201 25.32806185
202 24.04144004
203 22.79386042
204 21.5861987
205 20.41914381
206 19.2932047
207 18.20871772
208 17.16585473
209 16.16463163
210 15.20491737
211 14.28644322
212 13.40881238
213 12.5715097
214 11.7739115
215 11.01529542
216 10.29485017
217 9.611685188
218 8.964840157
219 8.353294197
220 7.775974842
221 7.231766666
222 6.719519547
223 6.238056534
224 5.786181299
225 5.362685138
226 4.966353516
227 4.595972153
228 4.250332617
229 3.928237461
230 3.628504866
231 3.349972836
232 3.091502913
233 2.851983466
234 2.630332529
235 2.42550024
236 2.236470872
237 2.062264497
238 1.901938291
239 1.754587512
240 1.619346163
241 1.49538738
242 1.381923554
243 1.278206216
244 1.18352571
245 1.097210676
246 1.018627361
247 0.9471787852
248 0.8823037801
249 0.8234759202
250 0.7702023636
251 0.7220226211
252 0.6785072685
253 0.6392566182
254 0.6038993613
255 0.5720911951
256 0.5435134448
257 0.5178716912
258 0.4948944118
259 0.474331644
260 0.4559536763
261 0.4395497736
262 0.4249269419
263 0.4119087353
264 0.4003341085
265 0.3900563187
266 0.3809418767
267 0.3728695493
268 0.3657294136
269 0.3594219633
270 0.3538572661
271 0.3489541724
272 0.3446395735
273 0.3408477089
274 0.33751952
275 0.3346020497
276 0.3320478856
277 0.3298146448
278 0.3278644983
279 0.326163733
280 0.3246823495
281 0.3233936935
282 0.3222741177
283 0.3213026748
284 0.320460836
285 0.3197322365
286 0.319102444
287 0.3185587491
288 0.3180899761
289 0.3176863124
290 0.3173391542
291 0.3170409694
292 0.3167851726
293 0.3165660154
294 0.3163784863
295 0.3162182233
296 0.3160814345
297 0.3159648285
298 0.3158655525
299 0.3157811372
300 0.3157094483
301 0.3156486437
302 0.3155971356
303 0.3155535573
304 0.3155167344
305 0.3154856585
306 0.3154594657
307 0.3154374162
308 0.3154188778
309 0.3154033111
310 0.3153902559
311 0.3153793207
312 0.3153701728
313 0.3153625295
314 0.3153561514
315 0.3153508356
316 0.3153464108
317 0.3153427322
318 0.3153396778
319 0.3153371448
320 0.3153350468
321 0.3153333113
322 0.3153318775
323 0.3153306943
324 0.3153297192
325 0.3153289166
326 0.3153282567
327 0.315327715
328 0.3153272707
329 0.3153269068
330 0.3153266091
331 0.3153263659
332 0.3153261675
333 0.3153260058
334 0.3153258741
335 0.3153257671
336 0.3153256802
337 0.3153256097
338 0.3153255527
339 0.3153255065
340 0.3153254692
341 0.3153254391
342 0.3153254148
343 0.3153253953
344 0.3153253796
345 0.315325367
346 0.3153253569
347 0.3153253488
348 0.3153253423
349 0.3153253371
350 0.315325333
351 0.3153253297
352 0.3153253271
353 0.315325325
354 0.3153253234
355 0.315325322
356 0.315325321
357 0.3153253202
358 0.3153253195
359 0.315325319
360 0.3153253186
361 0.3153253183
362 0.315325318
363 0.3153253178
364 0.3153253177
365 0.3153253176
366 0.3153253175
367 0.3153253174
368 0.3153253173
369 0.3153253173
370 0.3153253173
371 0.3153253172
372 0.3153253172
373 0.3153253172
374 0.3153253172
375 0.3153253172
376 0.3153253172
377 0.3153253172
378 0.3153253172
379 0.3153253172
380 0.3153253172
381 0.3153253172
382 0.3153253172
383 0.3153253172
384 0.3153253172
385 0.3153253172
386 0.3153253171
387 0.3153253171
388 0.3153253171
389 0.3153253171
390 0.3153253171
391 0.3153253171
392 0.3153253171
393 0.3153253171
394 0.3153253171
395 0.3153253171
396 0.3153253171
397 0.3153253171
398 0.3153253171
399 0.3153253171
400 0.3153253171
401 0.3153253171
402 0.3153253171
403 0.3153253171
404 0.3153253171
405 0.3153253171
406 0.3153253171
407 0.3153253171
408 0.3153253171
409 0.3153253171
410 0.3153253171
411 0.3153253171
412 0.3153253171
413 0.3153253171
414 0.3153253171
415 0.3153253171
416 0.3153253171
417 0.3153253171
418 0.3153253171
419 0.3153253171
420 0.3153253171
421 0.3153253171
422 0.3153253171
423 0.3153253171
424 0.3153253171
425 0.3153253171
426 0.3153253171
427 0.3153253171
428 0.3153253171
429 0.3153253171
430 0.3153253171
431 0.3153253171
432 0.3153253171
433 0.3153253171
434 0.3153253171
435 0.3153253171
436 0.3153253171
437 0.3153253171
438 0.3153253171
439 0.3153253171
440 0.3153253171
441 0.3153253171
442 0.3153253171
443 0.3153253171
444 0.3153253171
445 0.3153253171
446 0.3153253171
447 0.3153253171
448 0.3153253171
449 0.3153253171
450 0.3153253171
451 0.3153253171
452 0.3153253171
453 0.3153253171
454 0.3153253171
455 0.3153253171
456 0.3153253171
457 0.3153253171
458 0.3153253171
459 0.3153253171
460 0.3153253171
461 0.3153253171
462 0.3153253171
463 0.3153253171
464 0.3153253171
465 0.3153253171
466 0.3153253171
467 0.3153253171
468 0.3153253171
469 0.3153253171
470 0.3153253171
471 0.3153253171
472 0.3153253171
473 0.3153253171
474 0.3153253171
475 0.3153253171
476 0.3153253171
477 0.3153253171
478 0.3153253171
479 0.3153253171
480 0.3153253171
481 0.3153253171
482 0.3153253171
483 0.3153253171
484 0.3153253171
485 0.3153253171
486 0.3153253171
487 0.3153253171
488 0.3153253171
489 0.3153253171
490 0.3153253171
491 0.3153253171
492 0.3153253171
493 0.3153253171
494 0.3153253171
495 0.3153253171
496 0.3153253171
497 0.3153253171
498 0.3153253171
499 0.3153253171
500 0.3153253171
501 0.3153253171
502 0.3153253171
503 0.3153253171
504 0.3153253171
505 0.3153253171
506 0.3153253171
507 0.3153253171
508 0.3153253171
509 0.3153253171
510 0.3153253171
511 0.3153253171
512 0.3153253171
513 0.3153253171
514 0.3153253171
515 0.3153253171
516 0.3153253171
517 0.3153253171
518 0.3153253171
519 0.3153253171
520 0.3153253171
521 0.3153253171
522 0.3153253171
523 0.3153253171
524 0.3153253171
525 0.3153253171
526 0.3153253171
527 0.3153253171
528 0.3153253171
529 0.3153253171
530 0.3153253171
531 0.3153253171
532 0.3153253171
533 0.3153253171
534 0.3153253171
535 0.3153253171
536 0.3153253171
537 0.3153253171
538 0.3153253171
539 0.3153253171
540 0.3153253171
541 0.3153253171
542 0.3153253171
543 0.3153253171
544 0.3153253171
545 0.3153253171
546 0.3153253171
547 0.3153253171
548 0.3153253171
549 0.3153253171
550 0.3153253171
551 0.3153253171
552 0.3153253171
553 0.3153253171
554 0.3153253171
555 0.3153253171
556 0.3153253171
557 0.3153253171
558 0.3153253171
559 0.3153253171
560 0.3153253171
561 0.3153253171
562 0.3153253171
563 0.3153253171
564 0.3153253171
565 0.3153253171
566 0.3153253171
567 0.3153253171
568 0.3153253171
569 0.3153253171
570 0.3153253171
571 0.3153253171
572 0.3153253171
573 0.3153253171
574 0.3153253171
575 0.3153253171
576 0.3153253171
577 0.3153253171
578 0.3153253171
579 0.3153253171
580 0.3153253171
581 0.3153253171
582 0.3153253171
583 0.3153253171
584 0.3153253171
585 0.3153253171
586 0.3153253171
587 0.3153253171
588 0.3153253171
589 0.3153253171
590 0.3153253171
591 0.3153253171
592 0.3153253171
593 0.3153253171
594 0.3153253171
595 0.3153253171
596 0.3153253171
597 0.3153253171
598 0.3153253171
599 0.3153253171
600 0.3153253171
601 0.3153253171
602 0.3153253171
603 0.3153253171
604 0.3153253171
605 0.3153253171
606 0.3153253171
607 0.3153253171
608 0.3153253171
609 0.3153253171
610 0.3153253171
611 0.3153253171
612 0.3153253171
613 0.3153253171
614 0.3153253171
615 0.3153253171
616 0.3153253171
617 0.3153253171
618 0.3153253171
619 0.3153253171
620 0.3153253171
621 0.3153253171
622 0.3153253171
623 0.3153253171
624 0.3153253171
625 0.3153253171
626 0.3153253171
627 0.3153253171
628 0.3153253171
629 0.3153253171
630 0.3153253171
631 0.3153253171
632 0.3153253171
633 0.3153253171
634 0.3153253171
635 0.3153253171
636 0.3153253171
637 0.3153253171
638 0.3153253171
639 0.3153253171
640 0.3153253171
641 0.3153253171
642 0.3153253171
643 0.3153253171
644 0.3153253171
645 0.3153253171
646 0.3153253171
647 0.3153253171
648 0.3153253171
649 0.3153253171
650 0.3153253171
651 0.3153253171
652 0.3153253171
653 0.3153253171
654 0.3153253171
655 0.3153253171
656 0.3153253171
657 0.3153253171
658 0.3153253171
659 0.3153253171
660 0.3153253171
661 0.3153253171
662 0.3153253171
663 0.3153253171
664 0.3153253171
665 0.3153253171
666 0.3153253171
667 0.3153253171
668 0.3153253171
669 0.3153253171
670 0.3153253171
671 0.3153253171
672 0.3153253171
673 0.3153253171
674 0.3153253171
675 0.3153253171
676 0.3153253171
677 0.3153253171
678 0.3153253171
679 0.3153253171
680 0.3153253171
681 0.3153253171
682 0.3153253171
683 0.3153253171
684 0.3153253171
685 0.3153253171
686 0.3153253171
687 0.3153253171
688 0.3153253171
689 0.3153253171
690 0.3153253171
691 0.3153253171
692 0.3153253171
693 0.3153253171
694 0.3153253171
695 0.3153253171
696 0.3153253171
697 0.3153253171
698 0.3153253171
699 0.3153253171
700 0.3153253171
701 0.3153253171
702 0.3153253171
703 0.3153253171
704 0.3153253171
705 0.3153253171
706 0.3153253171
707 0.3153253171
708 0.3153253171
709 0.3153253171
710 0.3153253171
711 0.3153253171
712 0.3153253171
713 0.3153253171
714 0.3153253171
715 0.3153253171
716 0.3153253171
717 0.3153253171
718 0.3153253171
719 0.3153253171
720 0.3153253171
721 0.3153253171
722 0.3153253171
723 0.3153253171
724 0.3153253171
725 0.3153253171
726 0.3153253171
727 0.3153253171
728 0.3153253171
729 0.3153253171
730 0.3153253171
731 0.3153253171
732 0.3153253171
733 0.3153253171
734 0.3153253171
735 0.3153253171
736 0.3153253171
737 0.3153253171
738 0.3153253171
739 0.3153253171
740 0.3153253171
741 0.3153253171
742 0.3153253171
743 0.3153253171
744 0.3153253171
745 0.3153253171
746 0.3153253171
747 0.3153253171
748 0.3153253171
749 0.3153253171
750 0.3153253171
751 0.3153253171
752 0.3153253171
753 0.3153253171
754 0.3153253171
755 0.3153253171
756 0.3153253171
757 0.3153253171
758 0.3153253171
759 0.3153253171
760 0.3153253171
761 0.3153253171
762 0.3153253171
763 0.3153253171
764 0.3153253171
765 0.3153253171
766 0.3153253171
767 0.3153253171
768 0.3153253171
769 0.3153253171
770 0.3153253171
771 0.3153253171
772 0.3153253171
773 0.3153253171
774 0.3153253171
775 0.3153253171
776 0.3153253171
777 0.3153253171
778 0.3153253171
779 0.3153253171
780 0.3153253171
781 0.3153253171
782 0.3153253171
783 0.3153253171
784 0.3153253171
785 0.3153253171
786 0.3153253171
787 0.3153253171
788 0.3153253171
789 0.3153253171
790 0.3153253171
791 0.3153253171
792 0.3153253171
793 0.3153253171
794 0.3153253171
795 0.3153253171
796 0.3153253171
797 0.3153253171
798 0.3153253171
799 0.3153253171
800 0.3153253171
801 0.3153253171
802 0.3153253171
803 0.3153253171
804 0.3153253171
805 0.3153253171
806 0.3153253171
807 0.3153253171
808 0.3153253171
809 0.3153253171
810 0.3153253171
811 0.3153253171
812 0.3153253171
813 0.3153253171
814 0.3153253171
815 0.3153253171
816 0.3153253171
817 0.3153253171
818 0.3153253171
819 0.3153253171
820 0.3153253171
821 0.3153253171
822 0.3153253171
823 0.3153253171
824 0.3153253171
825 0.3153253171
826 0.3153253171
827 0.3153253171
828 0.3153253171
829 0.3153253171
830 0.3153253171
831 0.3153253171
832 0.3153253171
833 0.3153253171
834 0.3153253171
835 0.3153253171
836 0.3153253171
837 0.3153253171
838 0.3153253171
839 0.3153253171
840 0.3153253171
841 0.3153253172
842 0.3153253172
843 0.3153253172
844 0.3153253172
845 0.3153253172
846 0.3153253172
847 0.3153253172
848 0.3153253172
849 0.3153253172
850 0.3153253172
851 0.3153253172
852 0.3153253172
853 0.3153253172
854 0.3153253172
855 0.3153253172
856 0.3153253172
857 0.3153253173
858 0.3153253173
859 0.3153253173
860 0.3153253174
861 0.3153253175
862 0.3153253175
863 0.3153253176
864 0.3153253177
865 0.3153253179
866 0.3153253181
867 0.3153253183
868 0.3153253186
869 0.315325319
870 0.3153253194
871 0.31532532
872 0.3153253207
873 0.3153253216
874 0.3153253226
875 0.315325324
876 0.3153253256
877 0.3153253276
878 0.3153253301
879 0.3153253331
880 0.3153253368
881 0.3153253414
882 0.315325347
883 0.3153253539
884 0.3153253623
885 0.3153253726
886 0.3153253852
887 0.3153254005
888 0.3153254192
889 0.3153254419
890 0.3153254696
891 0.3153255032
892 0.3153255439
893 0.3153255933
894 0.3153256532
895 0.3153257255
896 0.315325813
897 0.3153259185
898 0.3153260458
899 0.3153261991
900 0.3153263835
901 0.3153266052
902 0.3153268715
903 0.3153271908
904 0.3153275734
905 0.3153280314
906 0.315328579
907 0.3153292331
908 0.3153300136
909 0.3153309438
910 0.3153320514
911 0.3153333689
912 0.3153349342
913 0.315336792
914 0.3153389948
915 0.3153416038
916 0.3153446906
917 0.3153483389
918 0.3153526463
919 0.3153577264
920 0.3153637116
921 0.3153707557
922 0.3153790371
923 0.315388763
924 0.3154001731
925 0.3154135449
926 0.3154291992
927 0.315447506
928 0.3154688922
929 0.315493849
930 0.3155229417
931 0.3155568197
932 0.3155962282
933 0.3156420212
934 0.3156951763
935 0.3157568116
936 0.3158282036
937 0.3159108086
938 0.3160062859
939 0.3161165235
940 0.3162436673
941 0.3163901532
942 0.3165587434
943 0.3167525656
944 0.3169751575
945 0.3172305156
946 0.317523149
947 0.3178581391
948 0.318241205
949 0.3186787755
950 0.3191780685
951 0.3197471772
952 0.3203951654
953 0.3211321707
954 0.3219695179
955 0.3229198413
956 0.3239972188
957 0.3252173164
958 0.3265975449
959 0.3281572297
960 0.3299177929
961 0.3319029502
962 0.3341389219
963 0.3366546595
964 0.3394820872
965 0.342656361
966 0.3462161435
967 0.3502038965
968 0.3546661908
969 0.3596540346
970 0.3652232191
971 0.3714346826
972 0.3783548928
973 0.386056246
974 0.3946174852
975 0.4041241337
976 0.4146689449
977 0.4263523685
978 0.4392830287
979 0.4535782163
980 0.4693643904
981 0.4867776902
982 0.5059644513
983 0.5270817276
984 0.5502978126
985 0.5757927593
986 0.6037588931
987 0.6344013154
988 0.6679383923
989 0.7046022244
990 0.7446390921
991 0.7883098718
992 0.8358904166
993 0.8876718951
994 0.9439610833
995 1.005080601
996 1.071369088
997 1.143181309
998 1.220888187
999 1.30487675
1000 1.395549986
1001 1.493326601
1002 1.598640674
1003 1.711941189
1004 1.833691457
1005 1.964368399
1006 2.104461707
1007 2.254472849
1008 2.414913938
1009 2.586306446
1010 2.769179756
1011 2.964069563
1012 3.171516099
1013 3.392062206
1014 3.626251234
1015 3.874624773
1016 4.137720227
1017 4.416068222
1018 4.710189856
1019 5.020593805
1020 5.347773274
1021 5.692202827
1022 6.054335084
1023 6.434597305
