#54986 2909.9999416310832501 0.0045701141082743219207 1 1477 16.000049430220818044 1024 7 1 J1713+0747 0.0000000 
0 0.07151093163
1 0.07151093163
2 0.07151093163
3 0.07151093163
4 0.07151093163
5 0.07151093163
6 0.07151093163
7 0.07151093163
8 0.07151093163
9 0.07151093163
10 0.07151093163
11 0.07151093163
12 0.07151093163
13 0.07151093163
14 0.07151093163
15 0.07151093163
16 0.07151093163
17 0.07151093163
18 0.07151093163
19 0.07151093163
20 0.07151093163
21 0.07151093163
22 0.07151093163
23 0.07151093163
24 0.07151093163
25 0.07151093163
26 0.07151093163
27 0.07151093163
28 0.07151093163
29 0.07151093163
30 0.07151093163
31 0.07151093163
32 0.07151093163
33 0.07151093163
34 0.07151093163
35 0.07151093163
36 0.07151093163
37 0.07151093163
38 0.07151093163
39 0.07151093163
40 0.07151093163
41 0.07151093163
42 0.07151093163
43 0.07151093163
44 0.07151093163
45 0.07151093163
46 0.07151093163
47 0.07151093163
48 0.07151093163
49 0.07151093163
50 0.07151093163
51 0.07151093163
52 0.07151093163
53 0.07151093163
54 0.07151093163
55 0.07151093163
56 0.07151093163
57 0.07151093163
58 0.07151093163
59 0.07151093163
60 0.07151093163
61 0.07151093163
62 0.07151093163
63 0.07151093163
64 0.07151093163
65 0.07151093163
66 0.07151093163
67 0.07151093163
68 0.07151093163
69 0.07151093163
70 0.07151093163
71 0.07151093163
72 0.07151093163
73 0.07151093163
74 0.07151093163
75 0.07151093163
76 0.07151093163
77 0.07151093163
78 0.07151093163
79 0.07151093163
80 0.07151093163
81 0.07151093163
82 0.07151093163
83 0.07151093163
84 0.07151093163
85 0.07151093163
86 0.07151093163
87 0.07151093163
88 0.07151093163
89 0.07151093163
90 0.07151093163
91 0.07151093163
92 0.07151093163
93 0.07151093163
94 0.07151093163
95 0.07151093163
96 0.07151093163
97 0.07151093163
98 0.07151093163
99 0.07151093163
100 0.07151093163
101 0.07151093163
102 0.07151093163
103 0.07151093163
104 0.07151093163
105 0.07151093163
106 0.07151093163
107 0.07151093163
108 0.07151093163
109 0.07151093163
110 0.07151093163
111 0.07151093163
112 0.07151093163
113 0.07151093163
114 0.07151093163
115 0.07151093163
116 0.07151093163
117 0.07151093163
118 0.07151093163
119 0.07151093163
120 0.07151093163
121 0.07151093163
122 0.07151093163
123 0.07151093163
124 0.07151093163
125 0.07151093163
126 0.07151093163
127 0.07151093163
128 0.07151093163
129 0.07151093163
130 0.07151093163
131 0.07151093163
132 0.07151093163
133 0.07151093163
134 0.07151093163
135 0.07151093163
136 0.07151093163
137 0.07151093163
138 0.07151093163
139 0.07151093163
140 0.07151093163
141 0.07151093163
142 0.07151093163
143 0.07151093163
144 0.07151093163
145 0.07151093163
146 0.07151093163
147 0.07151093163
148 0.07151093163
149 0.07151093163
150 0.07151093163
151 0.07151093163
152 0.07151093163
153 0.07151093163
154 0.07151093163
155 0.07151093163
156 0.07151093163
157 0.07151093163
158 0.07151093163
159 0.07151093163
160 0.07151093163
161 0.07151093163
162 0.07151093163
163 0.07151093163
164 0.07151093163
165 0.07151093163
166 0.07151093163
167 0.07151093163
168 0.07151093163
169 0.07151093163
170 0.07151093163
171 0.07151093163
172 0.07151093163
173 0.07151093163
174 0.07151093163
175 0.07151093163
176 0.07151093163
177 0.07151093163
178 0.07151093163
179 0.07151093163
180 0.07151093163
181 0.07151093163
182 0.07151093163
183 0.07151093163
184 0.07151093163
185 0.07151093163
186 0.07151093163
187 0.07151093163
188 0.07151093163
189 0.07151093163
190 0.07151093163
191 0.07151093163
192 0.07151093163
193 0.07151093163
194 0.07151093163
195 0.07151093163
196 0.07151093163
197 0.07151093163
198 0.07151093163
199 0.07151093163
200 0.07151093163
201 0.07151093163
202 0.07151093163
203 0.07151093163
204 0.07151093163
205 0.07151093163
206 0.07151093163
207 0.07151093163
208 0.07151093163
209 0.07151093163
210 0.07151093163
211 0.07151093163
212 0.07151093163
213 0.07151093163
214 0.07151093163
215 0.07151093163
216 0.07151093163
217 0.07151093163
218 0.07151093163
219 0.07151093163
220 0.07151093163
221 0.07151093163
222 0.07151093163
223 0.07151093163
224 0.07151093163
225 0.07151093163
226 0.07151093163
227 0.07151093163
228 0.07151093163
229 0.07151093163
230 0.07151093163
231 0.07151093163
232 0.07151093163
233 0.07151093163
234 0.07151093163
235 0.07151093163
236 0.07151093163
237 0.07151093163
238 0.07151093163
239 0.07151093163
240 0.07151093163
241 0.07151093163
242 0.07151093163
243 0.07151093163
244 0.07151093163
245 0.07151093163
246 0.07151093163
247 0.07151093163
248 0.07151093163
249 0.07151093163
250 0.07151093163
251 0.07151093163
252 0.07151093163
253 0.07151093163
254 0.07151093163
255 0.07151093163
256 0.07151093163
257 0.07151093163
258 0.07151093163
259 0.07151093163
260 0.07151093163
261 0.07151093163
262 0.07151093163
263 0.07151093163
264 0.07151093163
265 0.07151093163
266 0.07151093163
267 0.07151093163
268 0.07151093163
269 0.07151093163
270 0.07151093163
271 0.07151093163
272 0.07151093163
273 0.07151093163
274 0.07151093163
275 0.07151093163
276 0.07151093163
277 0.07151093163
278 0.07151093163
279 0.07151093163
280 0.07151093163
281 0.07151093163
282 0.07151093163
283 0.07151093163
284 0.07151093163
285 0.07151093163
286 0.07151093163
287 0.07151093163
288 0.07151093163
289 0.07151093163
290 0.07151093163
291 0.07151093163
292 0.07151093163
293 0.07151093163
294 0.07151093163
295 0.07151093163
296 0.07151093163
297 0.07151093163
298 0.07151093163
299 0.07151093163
300 0.07151093163
301 0.07151093163
302 0.07151093163
303 0.07151093163
304 0.07151093163
305 0.07151093163
306 0.07151093163
307 0.07151093163
308 0.07151093163
309 0.07151093163
310 0.07151093163
311 0.07151093163
312 0.07151093163
313 0.07151093163
314 0.07151093163
315 0.07151093163
316 0.07151093163
317 0.07151093163
318 0.07151093163
319 0.07151093163
320 0.07151093163
321 0.07151093163
322 0.07151093163
323 0.07151093163
324 0.07151093163
325 0.07151093163
326 0.07151093163
327 0.07151093163
328 0.07151093163
329 0.07151093163
330 0.07151093163
331 0.07151093163
332 0.07151093163
333 0.07151093163
334 0.07151093163
335 0.07151093163
336 0.07151093163
337 0.07151093163
338 0.07151093163
339 0.07151093163
340 0.07151093163
341 0.07151093163
342 0.07151093163
343 0.07151093163
344 0.07151093163
345 0.07151093163
346 0.07151093163
347 0.07151093163
348 0.07151093163
349 0.07151093163
350 0.07151093163
351 0.07151093163
352 0.07151093163
353 0.07151093163
354 0.07151093163
355 0.07151093163
356 0.07151093163
357 0.07151093163
358 0.07151093163
359 0.07151093163
360 0.07151093163
361 0.07151093163
362 0.07151093163
363 0.07151093163
364 0.07151093163
365 0.07151093163
366 0.07151093163
367 0.07151093163
368 0.07151093163
369 0.07151093163
370 0.07151093163
371 0.07151093163
372 0.07151093163
373 0.07151093163
374 0.07151093163
375 0.07151093163
376 0.07151093163
377 0.07151093163
378 0.07151093163
379 0.07151093163
380 0.07151093163
381 0.07151093163
382 0.07151093163
383 0.07151093163
384 0.07151093163
385 0.07151093163
386 0.07151093163
387 0.07151093163
388 0.07151093163
389 0.07151093163
390 0.07151093163
391 0.07151093163
392 0.07151093163
393 0.07151093163
394 0.07151093163
395 0.07151093163
396 0.07151093163
397 0.07151093163
398 0.07151093163
399 0.07151093163
400 0.07151093163
401 0.07151093163
402 0.07151093163
403 0.07151093163
404 0.07151093164
405 0.07151093164
406 0.07151093164
407 0.07151093164
408 0.07151093165
409 0.07151093165
410 0.07151093166
411 0.07151093167
412 0.07151093168
413 0.0715109317
414 0.07151093171
415 0.07151093174
416 0.07151093177
417 0.0715109318
418 0.07151093185
419 0.0715109319
420 0.07151093197
421 0.07151093206
422 0.07151093217
423 0.07151093231
424 0.07151093248
425 0.0715109327
426 0.07151093296
427 0.0715109333
428 0.07151093371
429 0.07151093422
430 0.07151093485
431 0.07151093564
432 0.07151093661
433 0.07151093781
434 0.07151093928
435 0.07151094111
436 0.07151094335
437 0.07151094611
438 0.07151094951
439 0.07151095368
440 0.07151095879
441 0.07151096505
442 0.07151097271
443 0.07151098208
444 0.07151099352
445 0.07151100748
446 0.0715110245
447 0.07151104521
448 0.0715110704
449 0.071511101
450 0.07151113814
451 0.07151118317
452 0.0715112377
453 0.07151130367
454 0.07151138341
455 0.07151147967
456 0.07151159576
457 0.07151173562
458 0.07151190393
459 0.07151210629
460 0.0715123493
461 0.07151264085
462 0.07151299024
463 0.07151340852
464 0.07151390874
465 0.07151450633
466 0.07151521949
467 0.07151606967
468 0.07151708212
469 0.07151828656
470 0.07151971787
471 0.07152141699
472 0.07152343191
473 0.0715258188
474 0.07152864333
475 0.07153198223
476 0.07153592499
477 0.07154057591
478 0.07154605635
479 0.07155250746
480 0.07156009311
481 0.07156900338
482 0.07157945848
483 0.07159171327
484 0.07160606228
485 0.07162284557
486 0.0716424553
487 0.0716653431
488 0.0716920286
489 0.07172310885
490 0.07175926911
491 0.07180129494
492 0.0718500858
493 0.07190667035
494 0.07197222358
495 0.07204808606
496 0.0721357854
497 0.0722370603
498 0.07235388729
499 0.07248851054
500 0.07264347508
501 0.07282166355
502 0.07302633703
503 0.07326118023
504 0.07353035139
505 0.07383853735
506 0.07419101425
507 0.07459371426
508 0.07505329882
509 0.075577239
510 0.07617390336
511 0.07685265404
512 0.07762395141
513 0.07849946816
514 0.07949221318
515 0.08061666598
516 0.08188892226
517 0.08332685117
518 0.08495026506
519 0.08678110212
520 0.08884362268
521 0.0911646197
522 0.09377364398
523 0.09670324467
524 0.09998922544
525 0.1036709169
526 0.1077914656
527 0.1123981392
528 0.1175426498
529 0.1232814929
530 0.1296763042
531 0.1367942329
532 0.1447083315
533 0.1534979616
534 0.1632492145
535 0.1740553469
536 0.1860172291
537 0.1992438058
538 0.2138525665
539 0.2299700255
540 0.2477322069
541 0.2672851346
542 0.2887853232
543 0.3124002671
544 0.3383089244
545 0.3667021921
546 0.3977833682
547 0.431768597
548 0.468887292
549 0.509382532
550 0.5535114249
551 0.6015454334
552 0.6537706572
553 0.7104880642
554 0.7720136653
555 0.8386786263
556 0.910829309
557 0.9888272349
558 1.073048965
559 1.163885886
560 1.261743903
561 1.367043018
562 1.480216805
563 1.601711757
564 1.731986515
565 1.871510957
566 2.020765159
567 2.180238201
568 2.350426843
569 2.531834031
570 2.724967267
571 2.930336813
572 3.14845374
573 3.379827827
574 3.624965298
575 3.884366411
576 4.158522897
577 4.447915256
578 4.753009921
579 5.074256285
580 5.412083619
581 5.766897877
582 6.139078413
583 6.528974612
584 6.936902463
585 7.363141082
586 7.807929215
587 8.271461728
588 8.753886114
589 9.255299048
590 9.775742989
591 10.31520289
592 10.873603
593 11.45080383
594 12.04659928
595 12.66071394
596 13.29280067
597 13.94243834
598 14.60912996
599 15.29230104
600 15.99129828
601 16.70538865
602 17.43375883
603 18.17551505
604 18.92968335
605 19.69521028
606 20.47096404
607 21.25573608
608 22.04824323
609 22.8471302
610 23.6509727
611 24.45828093
612 25.26750361
613 26.07703247
614 26.88520721
615 27.69032094
616 28.49062596
617 29.28434008
618 30.06965326
619 30.8447346
620 31.60773969
621 32.35681828
622 33.09012217
623 33.80581334
624 34.50207225
625 35.17710631
626 35.82915842
627 36.45651553
628 37.05751726
629 37.63056442
630 38.17412743
631 38.68675463
632 39.16708033
633 39.61383271
634 40.0258413
635 40.40204427
636 40.74149518
637 41.04336944
638 41.30697026
639 41.53173407
640 41.71723546
641 41.86319154
642 41.96946571
643 42.03607082
644 42.06317172
645 42.05108712
646 42.00029088
647 41.91141249
648 41.78523707
649 41.62270452
650 41.42490812
651 41.19309244
652 40.92865056
653 40.63312067
654 40.30818211
655 39.95565066
656 39.57747343
657 39.17572295
658 38.75259098
659 38.31038157
660 37.85150376
661 37.37846378
662 36.89385681
663 36.40035833
664 35.90071506
665 35.39773565
666 34.89428088
667 34.39325372
668 33.89758902
669 33.41024303
670 32.93418264
671 32.47237449
672 32.02777389
673 31.60331363
674 31.20189267
675 30.82636474
676 30.47952698
677 30.16410839
678 29.88275848
679 29.63803584
680 29.43239679
681 29.2681842
682 29.1476164
683 29.07277625
684 29.04560045
685 29.06786914
686 29.14119574
687 29.26701713
688 29.4465843
689 29.68095335
690 29.97097704
691 30.31729684
692 30.72033565
693 31.18029111
694 31.69712965
695 32.27058136
696 32.90013558
697 33.58503752
698 34.32428573
699 35.11663061
700 35.96057394
701 36.85436958
702 37.79602525
703 38.78330555
704 39.81373615
705 40.88460929
706 41.99299049
707 43.13572662
708 44.30945522
709 45.51061507
710 46.73545812
711 47.98006258
712 49.24034733
713 50.51208739
714 51.79093057
715 53.07241518
716 54.35198868
717 55.62502722
718 56.88685598
719 58.13277022
720 59.35805679
721 60.55801625
722 61.72798511
723 62.86335841
724 63.9596122
725 65.01232599
726 66.01720486
727 66.97010121
728 67.86703588
729 68.70421859
730 69.47806751
731 70.18522774
732 70.82258876
733 71.38730047
734 71.87678793
735 72.28876452
736 72.62124348
737 72.87254778
738 73.04131818
739 73.12651942
740 73.1274446
741 73.04371749
742 72.87529306
743 72.62245592
744 72.28581691
745 71.86630778
746 71.36517401
747 70.78396578
748 70.12452733
749 69.38898459
750 68.57973132
751 67.69941385
752 66.7509145
753 65.73733383
754 64.66197193
755 63.52830877
756 62.33998387
757 61.10077541
758 59.81457888
759 58.48538559
760 57.11726095
761 55.71432297
762 54.28072085
763 52.82061396
764 51.33815141
765 49.83745211
766 48.32258572
767 46.79755435
768 45.26627535
769 43.73256506
770 42.20012374
771 40.67252178
772 39.15318704
773 37.64539364
774 36.15225198
775 34.67670022
776 33.22149702
777 31.78921579
778 30.38224009
779 29.00276058
780 27.65277306
781 26.33407788
782 25.04828044
783 23.79679295
784 22.58083712
785 21.4014479
786 20.25947814
787 19.1556041
788 18.09033164
789 17.06400313
790 16.07680498
791 15.12877554
792 14.21981357
793 13.34968691
794 12.51804144
795 11.72441026
796 10.96822285
797 10.24881441
798 9.565434966
799 8.917258564
800 8.303392161
801 7.722884371
802 7.174733932
803 6.657897875
804 6.171299353
805 5.713835104
806 5.284382523
807 4.881806318
808 4.50496474
809 4.152715369
810 3.82392046
811 3.517451835
812 3.232195335
813 2.967054826
814 2.720955768
815 2.492848376
816 2.281710353
817 2.086549246
818 1.906404421
819 1.740348674
820 1.587489523
821 1.446970168
822 1.317970165
823 1.199705834
824 1.091430408
825 0.9924339638
826 0.9020431436
827 0.8196206969
828 0.744564858
829 0.6763085828
830 0.6143186625
831 0.5580947336
832 0.5071682006
833 0.4611010884
834 0.4194848392
835 0.3819390681
836 0.3481102901
837 0.3176706305
838 0.2903165292
839 0.2657674481
840 0.243764591
841 0.2240696422
842 0.2064635309
843 0.1907452271
844 0.1767305731
845 0.1642511549
846 0.1531532159
847 0.1432966167
848 0.1345538403
849 0.1268090465
850 0.1199571745
851 0.1139030938
852 0.1085608048
853 0.1038526859
854 0.09970878917
855 0.09606618059
856 0.09286832574
857 0.09006451811
858 0.08760934869
859 0.08546221521
860 0.08358686892
861 0.08195099711
862 0.08052583936
863 0.07928583572
864 0.0782083046
865 0.07727314877
866 0.0764625874
867 0.07576091237
868 0.07515426715
869 0.07463044653
870 0.07417871556
871 0.0737896462
872 0.07345497029
873 0.07316744732
874 0.0729207459
875 0.07270933754
876 0.07252840176
877 0.07237374147
878 0.0722417075
879 0.07212913163
880 0.07203326706
881 0.07195173577
882 0.07188248186
883 0.07182373044
884 0.07177395137
885 0.07173182734
886 0.07169622587
887 0.07166617471
888 0.07164084033
889 0.07161950916
890 0.0716015711
891 0.07158650528
892 0.07157386764
893 0.07156328006
894 0.07155442107
895 0.07154701771
896 0.07154083851
897 0.07153568751
898 0.07153139897
899 0.07152783292
900 0.07152487135
901 0.07152241486
902 0.07152037985
903 0.07151869609
904 0.07151730469
905 0.07151615633
906 0.07151520971
907 0.07151443038
908 0.07151378957
909 0.07151326331
910 0.07151283166
911 0.07151247805
912 0.07151218873
913 0.0715119523
914 0.07151175935
915 0.07151160206
916 0.071511474
917 0.07151136987
918 0.07151128531
919 0.07151121672
920 0.07151116116
921 0.0715111162
922 0.07151107987
923 0.07151105054
924 0.0715110269
925 0.07151100787
926 0.07151099257
927 0.07151098028
928 0.07151097042
929 0.07151096252
930 0.0715109562
931 0.07151095115
932 0.07151094712
933 0.07151094391
934 0.07151094135
935 0.07151093931
936 0.0715109377
937 0.07151093642
938 0.0715109354
939 0.0715109346
940 0.07151093396
941 0.07151093346
942 0.07151093306
943 0.07151093275
944 0.07151093251
945 0.07151093232
946 0.07151093216
947 0.07151093205
948 0.07151093195
949 0.07151093188
950 0.07151093182
951 0.07151093178
952 0.07151093175
953 0.07151093172
954 0.0715109317
955 0.07151093168
956 0.07151093167
957 0.07151093166
958 0.07151093165
959 0.07151093165
960 0.07151093164
961 0.07151093164
962 0.07151093164
963 0.07151093164
964 0.07151093163
965 0.07151093163
966 0.07151093163
967 0.07151093163
968 0.07151093163
969 0.07151093163
970 0.07151093163
971 0.07151093163
972 0.07151093163
973 0.07151093163
974 0.07151093163
975 0.07151093163
976 0.07151093163
977 0.07151093163
978 0.07151093163
979 0.07151093163
980 0.07151093163
981 0.07151093163
982 0.07151093163
983 0.07151093163
984 0.07151093163
985 0.07151093163
986 0.07151093163
987 0.07151093163
988 0.07151093163
989 0.07151093163
990 0.07151093163
991 0.07151093163
992 0.07151093163
993 0.07151093163
994 0.07151093163
995 0.07151093163
996 0.07151093163
997 0.07151093163
998 0.07151093163
999 0.07151093163
1000 0.07151093163
1001 0.07151093163
1002 0.07151093163
1003 0.07151093163
1004 0.07151093163
1005 0.07151093163
1006 0.07151093163
1007 0.07151093163
1008 0.07151093163
1009 0.07151093163
1010 0.07151093163
1011 0.07151093163
1012 0.07151093163
1013 0.07151093163
1014 0.07151093163
1015 0.07151093163
1016 0.07151093163
1017 0.07151093163
1018 0.07151093163
1019 0.07151093163
1020 0.07151093163
1021 0.07151093163
1022 0.07151093163
1023 0.07151093163
