#55029 2909.9977304928975264 0.0045703710662208909057 1 1261 16.000049430220818044 1024 7 1 J1713+0747 0.0000000 
0 0.04868012793
1 0.04868012793
2 0.04868012793
3 0.04868012793
4 0.04868012793
5 0.04868012793
6 0.04868012793
7 0.04868012793
8 0.04868012793
9 0.04868012793
10 0.04868012793
11 0.04868012793
12 0.04868012793
13 0.04868012793
14 0.04868012793
15 0.04868012793
16 0.04868012793
17 0.04868012793
18 0.04868012793
19 0.04868012793
20 0.04868012793
21 0.04868012793
22 0.04868012793
23 0.04868012793
24 0.04868012793
25 0.04868012793
26 0.04868012793
27 0.04868012793
28 0.04868012793
29 0.04868012793
30 0.04868012793
31 0.04868012793
32 0.04868012793
33 0.04868012793
34 0.04868012793
35 0.04868012793
36 0.04868012793
37 0.04868012793
38 0.04868012793
39 0.04868012793
40 0.04868012793
41 0.04868012793
42 0.04868012793
43 0.04868012793
44 0.04868012793
45 0.04868012793
46 0.04868012793
47 0.04868012793
48 0.04868012793
49 0.04868012793
50 0.04868012793
51 0.04868012793
52 0.04868012793
53 0.04868012793
54 0.04868012793
55 0.04868012793
56 0.04868012793
57 0.04868012793
58 0.04868012793
59 0.04868012793
60 0.04868012793
61 0.04868012793
62 0.04868012793
63 0.04868012793
64 0.04868012793
65 0.04868012793
66 0.04868012793
67 0.04868012793
68 0.04868012793
69 0.04868012793
70 0.04868012793
71 0.04868012793
72 0.04868012793
73 0.04868012793
74 0.04868012793
75 0.04868012793
76 0.04868012793
77 0.04868012793
78 0.04868012793
79 0.04868012793
80 0.04868012793
81 0.04868012793
82 0.04868012793
83 0.04868012793
84 0.04868012793
85 0.04868012793
86 0.04868012793
87 0.04868012793
88 0.04868012793
89 0.04868012793
90 0.04868012793
91 0.04868012793
92 0.04868012793
93 0.04868012793
94 0.04868012793
95 0.04868012793
96 0.04868012793
97 0.04868012793
98 0.04868012793
99 0.04868012793
100 0.04868012793
101 0.04868012793
102 0.04868012793
103 0.04868012793
104 0.04868012793
105 0.04868012793
106 0.04868012793
107 0.04868012793
108 0.04868012793
109 0.04868012793
110 0.04868012793
111 0.04868012793
112 0.04868012793
113 0.04868012793
114 0.04868012793
115 0.04868012793
116 0.04868012793
117 0.04868012793
118 0.04868012793
119 0.04868012793
120 0.04868012793
121 0.04868012793
122 0.04868012793
123 0.04868012793
124 0.04868012793
125 0.04868012793
126 0.04868012793
127 0.04868012793
128 0.04868012793
129 0.04868012793
130 0.04868012793
131 0.04868012793
132 0.04868012793
133 0.04868012793
134 0.04868012793
135 0.04868012793
136 0.04868012793
137 0.04868012793
138 0.04868012793
139 0.04868012793
140 0.04868012793
141 0.04868012793
142 0.04868012793
143 0.04868012793
144 0.04868012793
145 0.04868012793
146 0.04868012793
147 0.04868012793
148 0.04868012793
149 0.04868012793
150 0.04868012793
151 0.04868012793
152 0.04868012793
153 0.04868012793
154 0.04868012793
155 0.04868012793
156 0.04868012793
157 0.04868012793
158 0.04868012793
159 0.04868012793
160 0.04868012793
161 0.04868012793
162 0.04868012793
163 0.04868012793
164 0.04868012793
165 0.04868012793
166 0.04868012793
167 0.04868012793
168 0.04868012793
169 0.04868012793
170 0.04868012793
171 0.04868012793
172 0.04868012793
173 0.04868012793
174 0.04868012793
175 0.04868012793
176 0.04868012793
177 0.04868012793
178 0.04868012793
179 0.04868012793
180 0.04868012793
181 0.04868012793
182 0.04868012793
183 0.04868012793
184 0.04868012793
185 0.04868012793
186 0.04868012793
187 0.04868012793
188 0.04868012793
189 0.04868012793
190 0.04868012793
191 0.04868012793
192 0.04868012793
193 0.04868012793
194 0.04868012793
195 0.04868012793
196 0.04868012793
197 0.04868012793
198 0.04868012793
199 0.04868012793
200 0.04868012793
201 0.04868012793
202 0.04868012793
203 0.04868012793
204 0.04868012793
205 0.04868012793
206 0.04868012793
207 0.04868012793
208 0.04868012793
209 0.04868012793
210 0.04868012793
211 0.04868012793
212 0.04868012793
213 0.04868012793
214 0.04868012793
215 0.04868012793
216 0.04868012793
217 0.04868012793
218 0.04868012793
219 0.04868012793
220 0.04868012793
221 0.04868012793
222 0.04868012793
223 0.04868012793
224 0.04868012793
225 0.04868012793
226 0.04868012793
227 0.04868012793
228 0.04868012793
229 0.04868012793
230 0.04868012793
231 0.04868012793
232 0.04868012793
233 0.04868012793
234 0.04868012793
235 0.04868012793
236 0.04868012793
237 0.04868012793
238 0.04868012793
239 0.04868012793
240 0.04868012793
241 0.04868012793
242 0.04868012793
243 0.04868012793
244 0.04868012793
245 0.04868012793
246 0.04868012793
247 0.04868012793
248 0.04868012793
249 0.04868012793
250 0.04868012793
251 0.04868012793
252 0.04868012793
253 0.04868012793
254 0.04868012793
255 0.04868012793
256 0.04868012793
257 0.04868012793
258 0.04868012793
259 0.04868012793
260 0.04868012793
261 0.04868012793
262 0.04868012793
263 0.04868012793
264 0.04868012793
265 0.04868012793
266 0.04868012793
267 0.04868012793
268 0.04868012793
269 0.04868012793
270 0.04868012793
271 0.04868012793
272 0.04868012793
273 0.04868012793
274 0.04868012793
275 0.04868012793
276 0.04868012793
277 0.04868012793
278 0.04868012793
279 0.04868012793
280 0.04868012793
281 0.04868012793
282 0.04868012793
283 0.04868012793
284 0.04868012793
285 0.04868012793
286 0.04868012793
287 0.04868012793
288 0.04868012793
289 0.04868012793
290 0.04868012793
291 0.04868012793
292 0.04868012793
293 0.04868012793
294 0.04868012794
295 0.04868012794
296 0.04868012794
297 0.04868012795
298 0.04868012796
299 0.04868012796
300 0.04868012797
301 0.04868012799
302 0.048680128
303 0.04868012802
304 0.04868012805
305 0.04868012808
306 0.04868012812
307 0.04868012817
308 0.04868012823
309 0.04868012831
310 0.04868012841
311 0.04868012854
312 0.04868012869
313 0.04868012889
314 0.04868012913
315 0.04868012943
316 0.0486801298
317 0.04868013027
318 0.04868013084
319 0.04868013156
320 0.04868013244
321 0.04868013354
322 0.04868013489
323 0.04868013656
324 0.04868013862
325 0.04868014116
326 0.04868014428
327 0.04868014811
328 0.04868015283
329 0.04868015861
330 0.04868016569
331 0.04868017436
332 0.04868018496
333 0.04868019792
334 0.04868021372
335 0.04868023299
336 0.04868025646
337 0.048680285
338 0.04868031969
339 0.0486803618
340 0.04868041286
341 0.04868047472
342 0.04868054958
343 0.04868064007
344 0.04868074935
345 0.04868088117
346 0.04868104002
347 0.04868123125
348 0.0486814612
349 0.04868173744
350 0.04868206892
351 0.04868246627
352 0.0486829421
353 0.04868351128
354 0.04868419144
355 0.04868500333
356 0.04868597146
357 0.04868712469
358 0.04868849694
359 0.04869012809
360 0.04869206495
361 0.04869436239
362 0.04869708466
363 0.0487003069
364 0.04870411691
365 0.04870861715
366 0.04871392705
367 0.04872018564
368 0.04872755461
369 0.04873622179
370 0.0487464051
371 0.04875835705
372 0.04877236998
373 0.04878878184
374 0.04880798294
375 0.04883042346
376 0.0488566221
377 0.04888717572
378 0.04892277038
379 0.04896419372
380 0.04901234889
381 0.04906827032
382 0.04913314136
383 0.04920831411
384 0.04929533164
385 0.04939595284
386 0.04951218022
387 0.0496462909
388 0.04980087112
389 0.04997885467
390 0.05018356553
391 0.05041876521
392 0.05068870509
393 0.05099818437
394 0.05135261397
395 0.05175808697
396 0.05222145616
397 0.05275041912
398 0.05335361161
399 0.05404070981
400 0.05482254203
401 0.05571121055
402 0.05672022449
403 0.05786464405
404 0.05916123722
405 0.0606286495
406 0.06228758733
407 0.06416101617
408 0.06627437381
409 0.06865579961
410 0.07133638056
411 0.07435041463
412 0.07773569212
413 0.08153379557
414 0.08579041886
415 0.09055570566
416 0.0958846079
417 0.1018372642
418 0.1084793987
419 0.1158827399
420 0.1241254595
421 0.1332926309
422 0.1434767073
423 0.1547780172
424 0.1673052779
425 0.181176125
426 0.1965176567
427 0.2134669901
428 0.232171829
429 0.2527910398
430 0.2754952322
431 0.300467343
432 0.3279032185
433 0.3580121912
434 0.391017648
435 0.4271575836
436 0.4666851349
437 0.5098690911
438 0.5569943731
439 0.6083624751
440 0.6642918645
441 0.7251183298
442 0.7911952712
443 0.8628939261
444 0.9406035202
445 1.024731338
446 1.115702704
447 1.213960862
448 1.319966755
449 1.434198679
450 1.557151824
451 1.689337679
452 1.831283288
453 1.983530378
454 2.146634309
455 2.321162882
456 2.507694966
457 2.706818954
458 2.91913105
459 3.145233361
460 3.385731813
461 3.64123388
462 3.912346129
463 4.199671573
464 4.503806855
465 4.82533924
466 5.164843447
467 5.522878311
468 5.899983292
469 6.296674839
470 6.713442628
471 7.150745678
472 7.609008373
473 8.088616406
474 8.589912652
475 9.113193021
476 9.658702283
477 10.22662991
478 10.81710598
479 11.43019707
480 12.06590239
481 12.72414988
482 13.40479261
483 14.10760525
484 14.83228088
485 15.57842797
486 16.3455677
487 17.13313158
488 17.94045941
489 18.76679769
490 19.61129836
491 20.47301807
492 21.35091781
493 22.24386314
494 23.15062489
495 24.06988036
496 25.00021513
497 25.94012539
498 26.88802084
499 27.84222819
500 28.80099521
501 29.76249538
502 30.72483309
503 31.68604937
504 32.64412824
505 33.5970035
506 34.54256608
507 35.4786718
508 36.40314963
509 37.31381032
510 38.20845543
511 39.08488659
512 39.94091518
513 40.77437211
514 41.58311785
515 42.36505255
516 43.11812626
517 43.8403491
518 44.52980146
519 45.18464406
520 45.80312782
521 46.38360355
522 46.92453135
523 47.42448968
524 47.88218403
525 48.29645512
526 48.66628673
527 48.99081282
528 49.26932419
529 49.50127451
530 49.68628564
531 49.8241523
532 49.914846
533 49.95851824
534 49.95550298
535 49.90631823
536 49.811667
537 49.67243729
538 49.48970146
539 49.26471463
540 48.99891244
541 48.69390793
542 48.3514877
543 47.97360732
544 47.56238602
545 47.12010062
546 46.64917886
547 46.15219203
548 45.63184696
549 45.09097748
550 44.53253524
551 43.95958006
552 43.37526979
553 42.78284962
554 42.18564109
555 41.58703059
556 40.9904576
557 40.39940249
558 39.81737416
559 39.2478973
560 38.69449948
561 38.16069807
562 37.64998691
563 37.16582291
564 36.7116126
565 36.29069848
566 35.90634547
567 35.56172726
568 35.25991281
569 35.0038528
570 34.79636631
571 34.64012756
572 34.53765291
573 34.4912881
574 34.50319573
575 34.57534316
576 34.70949073
577 34.90718049
578 35.16972539
579 35.49819908
580 35.89342631
581 36.3559741
582 36.88614354
583 37.48396257
584 38.14917958
585 38.88125802
586 39.67937201
587 40.54240311
588 41.46893822
589 42.45726876
590 43.50539113
591 44.6110085
592 45.77153404
593 46.98409557
594 48.2455417
595 49.55244946
596 50.90113352
597 52.28765682
598 53.70784286
599 55.15728948
600 56.63138403
601 58.12532016
602 59.6341159
603 61.15263312
604 62.67559825
605 64.19762423
606 65.71323346
607 67.21688174
608 68.70298314
609 70.16593542
610 71.60014616
611 73.00005918
612 74.3601813
613 75.67510911
614 76.93955564
615 78.14837683
616 79.29659744
617 80.37943638
618 81.39233124
619 82.33096176
620 83.19127221
621 83.96949236
622 84.66215704
623 85.26612403
624 85.77859015
625 86.19710549
626 86.51958561
627 86.74432168
628 86.86998839
629 86.89564963
630 86.82076192
631 86.6451755
632 86.36913311
633 85.99326647
634 85.51859051
635 84.94649533
636 84.27873608
637 83.51742067
638 82.66499564
639 81.72423007
640 80.69819786
641 79.59025833
642 78.40403554
643 77.14339624
644 75.81242679
645 74.4154092
646 72.9567964
647 71.44118701
648 69.87329983
649 68.25794803
650 66.60001355
651 64.90442159
652 63.17611551
653 61.42003235
654 59.64107896
655 57.84410912
656 56.03390152
657 54.21513899
658 52.3923889
659 50.57008491
660 48.75251016
661 46.94378191
662 45.14783781
663 43.36842364
664 41.60908278
665 39.87314722
666 38.16373024
667 36.48372069
668 34.83577886
669 33.22233382
670 31.64558238
671 30.10748937
672 28.60978932
673 27.15398944
674 25.74137377
675 24.37300843
676 23.04974795
677 21.77224243
678 20.54094558
679 19.35612346
680 18.21786382
681 17.12608595
682 16.08055099
683 15.08087248
684 14.12652722
685 13.21686619
686 12.35112555
687 11.52843762
688 10.74784172
689 10.00829489
690 9.308682277
691 8.647827321
692 8.024501548
693 7.437433978
694 6.885320104
695 6.366830416
696 5.880618434
697 5.425328239
698 4.999601482
699 4.602083864
700 4.231431086
701 3.886314266
702 3.565424829
703 3.267478883
704 2.991221079
705 2.735427997
706 2.498911046
707 2.280518922
708 2.079139629
709 1.893702101
710 1.723177439
711 1.566579796
712 1.422966932
713 1.291440468
714 1.171145861
715 1.061272135
716 0.9610513847
717 0.8697580802
718 0.7867082007
719 0.7112582134
720 0.6428039254
721 0.5807792264
722 0.5246547435
723 0.4739364258
724 0.4281640755
725 0.3869098419
726 0.3497766921
727 0.3163968715
728 0.2864303658
729 0.2595633744
730 0.235506805
731 0.213994797
732 0.1947832803
733 0.1776485756
734 0.162386041
735 0.1488087683
736 0.1367463324
737 0.1260435961
738 0.1165595714
739 0.1081663389
740 0.1007480242
741 0.09419983376
742 0.08842714609
743 0.08334466067
744 0.07887560103
745 0.07495097142
746 0.07150886502
747 0.0684938217
748 0.06585623336
749 0.06355179445
750 0.06154099561
751 0.05978865793
752 0.05826350563
753 0.05693777483
754 0.05578685606
755 0.05478896843
756 0.05392486306
757 0.05317755392
758 0.05253207384
759 0.05197525393
760 0.0514955244
761 0.0510827352
762 0.05072799472
763 0.050423525
764 0.05016253203
765 0.04993908985
766 0.04974803699
767 0.04958488428
768 0.04944573282
769 0.04932720118
770 0.04922636087
771 0.04914067923
772 0.04906796903
773 0.04900634399
774 0.04895417965
775 0.048910079
776 0.04887284226
777 0.04884144052
778 0.04881499261
779 0.04879274491
780 0.0487740538
781 0.04875837035
782 0.04874522703
783 0.0487342262
784 0.04872503011
785 0.04871735229
786 0.04871095007
787 0.04870561817
788 0.0487011832
789 0.04869749887
790 0.04869444195
791 0.04869190875
792 0.04868981216
793 0.04868807909
794 0.04868664828
795 0.0486854685
796 0.04868449691
797 0.04868369777
798 0.04868304127
799 0.04868250264
800 0.04868206126
801 0.04868170002
802 0.04868140473
803 0.04868116366
804 0.04868096709
805 0.048680807
806 0.04868067679
807 0.04868057102
808 0.04868048519
809 0.04868041565
810 0.04868035936
811 0.04868031386
812 0.04868027712
813 0.0486802475
814 0.04868022364
815 0.04868020445
816 0.04868018904
817 0.04868017667
818 0.04868016676
819 0.04868015882
820 0.04868015248
821 0.04868014741
822 0.04868014338
823 0.04868014016
824 0.0486801376
825 0.04868013557
826 0.04868013396
827 0.04868013268
828 0.04868013167
829 0.04868013087
830 0.04868013023
831 0.04868012974
832 0.04868012934
833 0.04868012904
834 0.04868012879
835 0.0486801286
836 0.04868012845
837 0.04868012834
838 0.04868012825
839 0.04868012817
840 0.04868012812
841 0.04868012808
842 0.04868012804
843 0.04868012802
844 0.04868012799
845 0.04868012798
846 0.04868012797
847 0.04868012796
848 0.04868012795
849 0.04868012794
850 0.04868012794
851 0.04868012794
852 0.04868012793
853 0.04868012793
854 0.04868012793
855 0.04868012793
856 0.04868012793
857 0.04868012793
858 0.04868012793
859 0.04868012793
860 0.04868012793
861 0.04868012793
862 0.04868012793
863 0.04868012793
864 0.04868012793
865 0.04868012793
866 0.04868012793
867 0.04868012793
868 0.04868012793
869 0.04868012793
870 0.04868012793
871 0.04868012793
872 0.04868012793
873 0.04868012793
874 0.04868012793
875 0.04868012793
876 0.04868012793
877 0.04868012793
878 0.04868012793
879 0.04868012793
880 0.04868012793
881 0.04868012793
882 0.04868012793
883 0.04868012793
884 0.04868012793
885 0.04868012793
886 0.04868012793
887 0.04868012793
888 0.04868012793
889 0.04868012793
890 0.04868012793
891 0.04868012793
892 0.04868012793
893 0.04868012793
894 0.04868012793
895 0.04868012793
896 0.04868012793
897 0.04868012793
898 0.04868012793
899 0.04868012793
900 0.04868012793
901 0.04868012793
902 0.04868012793
903 0.04868012793
904 0.04868012793
905 0.04868012793
906 0.04868012793
907 0.04868012793
908 0.04868012793
909 0.04868012793
910 0.04868012793
911 0.04868012793
912 0.04868012793
913 0.04868012793
914 0.04868012793
915 0.04868012793
916 0.04868012793
917 0.04868012793
918 0.04868012793
919 0.04868012793
920 0.04868012793
921 0.04868012793
922 0.04868012793
923 0.04868012793
924 0.04868012793
925 0.04868012793
926 0.04868012793
927 0.04868012793
928 0.04868012793
929 0.04868012793
930 0.04868012793
931 0.04868012793
932 0.04868012793
933 0.04868012793
934 0.04868012793
935 0.04868012793
936 0.04868012793
937 0.04868012793
938 0.04868012793
939 0.04868012793
940 0.04868012793
941 0.04868012793
942 0.04868012793
943 0.04868012793
944 0.04868012793
945 0.04868012793
946 0.04868012793
947 0.04868012793
948 0.04868012793
949 0.04868012793
950 0.04868012793
951 0.04868012793
952 0.04868012793
953 0.04868012793
954 0.04868012793
955 0.04868012793
956 0.04868012793
957 0.04868012793
958 0.04868012793
959 0.04868012793
960 0.04868012793
961 0.04868012793
962 0.04868012793
963 0.04868012793
964 0.04868012793
965 0.04868012793
966 0.04868012793
967 0.04868012793
968 0.04868012793
969 0.04868012793
970 0.04868012793
971 0.04868012793
972 0.04868012793
973 0.04868012793
974 0.04868012793
975 0.04868012793
976 0.04868012793
977 0.04868012793
978 0.04868012793
979 0.04868012793
980 0.04868012793
981 0.04868012793
982 0.04868012793
983 0.04868012793
984 0.04868012793
985 0.04868012793
986 0.04868012793
987 0.04868012793
988 0.04868012793
989 0.04868012793
990 0.04868012793
991 0.04868012793
992 0.04868012793
993 0.04868012793
994 0.04868012793
995 0.04868012793
996 0.04868012793
997 0.04868012793
998 0.04868012793
999 0.04868012793
1000 0.04868012793
1001 0.04868012793
1002 0.04868012793
1003 0.04868012793
1004 0.04868012793
1005 0.04868012793
1006 0.04868012793
1007 0.04868012793
1008 0.04868012793
1009 0.04868012793
1010 0.04868012793
1011 0.04868012793
1012 0.04868012793
1013 0.04868012793
1014 0.04868012793
1015 0.04868012793
1016 0.04868012793
1017 0.04868012793
1018 0.04868012793
1019 0.04868012793
1020 0.04868012793
1021 0.04868012793
1022 0.04868012793
1023 0.04868012793
