#53606 2909.9996697738263203 0.0045705046789239131555 1 1389 16.000049430220818044 1024 7 1 J1713+0747 0.0000000 
0 0.2389204909
1 0.2389204909
2 0.2389204909
3 0.2389204909
4 0.2389204909
5 0.2389204909
6 0.2389204909
7 0.2389204909
8 0.2389204909
9 0.2389204909
10 0.2389204909
11 0.2389204909
12 0.2389204909
13 0.2389204909
14 0.2389204909
15 0.2389204909
16 0.2389204909
17 0.2389204909
18 0.2389204909
19 0.2389204909
20 0.2389204909
21 0.2389204909
22 0.2389204909
23 0.2389204909
24 0.2389204909
25 0.2389204909
26 0.2389204909
27 0.2389204909
28 0.2389204909
29 0.2389204909
30 0.2389204909
31 0.2389204909
32 0.2389204909
33 0.2389204909
34 0.2389204909
35 0.2389204909
36 0.2389204909
37 0.2389204909
38 0.2389204909
39 0.2389204909
40 0.2389204909
41 0.2389204909
42 0.2389204909
43 0.2389204909
44 0.2389204909
45 0.2389204909
46 0.2389204909
47 0.2389204909
48 0.2389204909
49 0.2389204909
50 0.2389204909
51 0.2389204909
52 0.2389204909
53 0.2389204909
54 0.2389204909
55 0.2389204909
56 0.2389204909
57 0.2389204909
58 0.2389204909
59 0.2389204909
60 0.2389204909
61 0.2389204909
62 0.2389204909
63 0.2389204909
64 0.2389204909
65 0.2389204909
66 0.2389204909
67 0.2389204909
68 0.2389204909
69 0.2389204909
70 0.2389204909
71 0.2389204909
72 0.2389204909
73 0.2389204909
74 0.2389204909
75 0.2389204909
76 0.2389204909
77 0.2389204909
78 0.2389204909
79 0.2389204909
80 0.2389204909
81 0.2389204909
82 0.2389204909
83 0.2389204909
84 0.2389204909
85 0.2389204909
86 0.2389204909
87 0.2389204909
88 0.2389204909
89 0.2389204909
90 0.2389204909
91 0.2389204909
92 0.2389204909
93 0.2389204909
94 0.2389204909
95 0.2389204909
96 0.2389204909
97 0.2389204909
98 0.2389204909
99 0.2389204909
100 0.2389204909
101 0.2389204909
102 0.2389204909
103 0.2389204909
104 0.2389204909
105 0.2389204909
106 0.2389204909
107 0.2389204909
108 0.2389204909
109 0.2389204909
110 0.2389204909
111 0.2389204909
112 0.2389204909
113 0.2389204909
114 0.2389204909
115 0.2389204909
116 0.2389204909
117 0.2389204909
118 0.2389204909
119 0.2389204909
120 0.2389204909
121 0.2389204909
122 0.2389204909
123 0.2389204909
124 0.2389204909
125 0.2389204909
126 0.2389204909
127 0.2389204909
128 0.2389204909
129 0.2389204909
130 0.2389204909
131 0.2389204909
132 0.2389204909
133 0.2389204909
134 0.2389204909
135 0.2389204909
136 0.2389204909
137 0.2389204909
138 0.2389204909
139 0.2389204909
140 0.2389204909
141 0.2389204909
142 0.2389204909
143 0.2389204909
144 0.2389204909
145 0.2389204909
146 0.2389204909
147 0.2389204909
148 0.2389204909
149 0.2389204909
150 0.2389204909
151 0.2389204909
152 0.2389204909
153 0.2389204909
154 0.2389204909
155 0.2389204909
156 0.2389204909
157 0.2389204909
158 0.2389204909
159 0.2389204909
160 0.2389204909
161 0.2389204909
162 0.2389204909
163 0.2389204909
164 0.2389204909
165 0.2389204909
166 0.2389204909
167 0.2389204909
168 0.2389204909
169 0.2389204909
170 0.2389204909
171 0.2389204909
172 0.2389204909
173 0.2389204909
174 0.2389204909
175 0.2389204909
176 0.2389204909
177 0.2389204909
178 0.2389204909
179 0.2389204909
180 0.2389204909
181 0.2389204909
182 0.2389204909
183 0.2389204909
184 0.2389204909
185 0.2389204909
186 0.2389204909
187 0.2389204909
188 0.2389204909
189 0.2389204909
190 0.2389204909
191 0.2389204909
192 0.2389204909
193 0.2389204909
194 0.2389204909
195 0.2389204909
196 0.2389204909
197 0.2389204909
198 0.2389204909
199 0.2389204909
200 0.2389204909
201 0.2389204909
202 0.2389204909
203 0.2389204909
204 0.2389204909
205 0.2389204909
206 0.2389204909
207 0.2389204909
208 0.2389204909
209 0.2389204909
210 0.2389204909
211 0.2389204909
212 0.2389204909
213 0.2389204909
214 0.2389204909
215 0.2389204909
216 0.2389204909
217 0.2389204909
218 0.2389204909
219 0.2389204909
220 0.2389204909
221 0.2389204909
222 0.2389204909
223 0.2389204909
224 0.2389204909
225 0.2389204909
226 0.2389204909
227 0.2389204909
228 0.2389204909
229 0.2389204909
230 0.2389204909
231 0.2389204909
232 0.2389204909
233 0.2389204909
234 0.2389204909
235 0.2389204909
236 0.2389204909
237 0.2389204909
238 0.2389204909
239 0.2389204909
240 0.2389204909
241 0.2389204909
242 0.2389204909
243 0.2389204909
244 0.2389204909
245 0.2389204909
246 0.2389204909
247 0.2389204909
248 0.2389204909
249 0.2389204909
250 0.2389204909
251 0.2389204909
252 0.2389204909
253 0.2389204909
254 0.2389204909
255 0.2389204909
256 0.2389204909
257 0.2389204909
258 0.2389204909
259 0.2389204909
260 0.2389204909
261 0.2389204909
262 0.2389204909
263 0.2389204909
264 0.2389204909
265 0.2389204909
266 0.2389204909
267 0.2389204909
268 0.2389204909
269 0.2389204909
270 0.2389204909
271 0.2389204909
272 0.2389204909
273 0.2389204909
274 0.2389204909
275 0.2389204909
276 0.2389204909
277 0.2389204909
278 0.2389204909
279 0.2389204909
280 0.2389204909
281 0.2389204909
282 0.2389204909
283 0.2389204909
284 0.2389204909
285 0.2389204909
286 0.2389204909
287 0.2389204909
288 0.2389204909
289 0.2389204909
290 0.2389204909
291 0.2389204909
292 0.2389204909
293 0.2389204909
294 0.2389204909
295 0.2389204909
296 0.2389204909
297 0.2389204909
298 0.2389204909
299 0.2389204909
300 0.2389204909
301 0.2389204909
302 0.2389204909
303 0.2389204909
304 0.2389204909
305 0.2389204909
306 0.2389204909
307 0.2389204909
308 0.2389204909
309 0.2389204909
310 0.2389204909
311 0.2389204909
312 0.2389204909
313 0.2389204909
314 0.2389204909
315 0.2389204909
316 0.2389204909
317 0.2389204909
318 0.2389204909
319 0.2389204909
320 0.2389204909
321 0.2389204909
322 0.2389204909
323 0.2389204909
324 0.2389204909
325 0.2389204909
326 0.2389204909
327 0.2389204909
328 0.2389204909
329 0.2389204909
330 0.2389204909
331 0.2389204909
332 0.2389204909
333 0.2389204909
334 0.2389204909
335 0.2389204909
336 0.2389204909
337 0.2389204909
338 0.2389204909
339 0.2389204909
340 0.2389204909
341 0.2389204909
342 0.2389204909
343 0.2389204909
344 0.2389204909
345 0.2389204909
346 0.2389204909
347 0.2389204909
348 0.2389204909
349 0.2389204909
350 0.2389204909
351 0.2389204909
352 0.2389204909
353 0.2389204909
354 0.2389204909
355 0.2389204909
356 0.2389204909
357 0.2389204909
358 0.2389204909
359 0.2389204909
360 0.2389204909
361 0.2389204909
362 0.2389204909
363 0.2389204909
364 0.2389204909
365 0.2389204909
366 0.2389204909
367 0.2389204909
368 0.2389204909
369 0.2389204909
370 0.2389204909
371 0.2389204909
372 0.2389204909
373 0.2389204909
374 0.2389204909
375 0.2389204909
376 0.2389204909
377 0.2389204909
378 0.2389204909
379 0.2389204909
380 0.2389204909
381 0.2389204909
382 0.2389204909
383 0.2389204909
384 0.2389204909
385 0.2389204909
386 0.2389204909
387 0.2389204909
388 0.2389204909
389 0.2389204909
390 0.2389204909
391 0.2389204909
392 0.2389204909
393 0.2389204909
394 0.2389204909
395 0.2389204909
396 0.2389204909
397 0.2389204909
398 0.2389204909
399 0.2389204909
400 0.2389204909
401 0.2389204909
402 0.2389204909
403 0.2389204909
404 0.2389204909
405 0.2389204909
406 0.2389204909
407 0.2389204909
408 0.2389204909
409 0.2389204909
410 0.2389204909
411 0.2389204909
412 0.2389204909
413 0.2389204909
414 0.2389204909
415 0.2389204909
416 0.2389204909
417 0.2389204909
418 0.2389204909
419 0.2389204909
420 0.2389204909
421 0.2389204909
422 0.2389204909
423 0.2389204909
424 0.2389204909
425 0.2389204909
426 0.2389204909
427 0.2389204909
428 0.2389204909
429 0.2389204909
430 0.2389204909
431 0.2389204909
432 0.2389204909
433 0.2389204909
434 0.2389204909
435 0.2389204909
436 0.2389204909
437 0.2389204909
438 0.2389204909
439 0.2389204909
440 0.2389204909
441 0.2389204909
442 0.2389204909
443 0.2389204909
444 0.2389204909
445 0.2389204909
446 0.2389204909
447 0.2389204909
448 0.2389204909
449 0.2389204909
450 0.2389204909
451 0.2389204909
452 0.2389204909
453 0.2389204909
454 0.2389204909
455 0.2389204909
456 0.2389204909
457 0.2389204909
458 0.2389204909
459 0.238920491
460 0.238920491
461 0.238920491
462 0.238920491
463 0.2389204911
464 0.2389204911
465 0.2389204912
466 0.2389204913
467 0.2389204914
468 0.2389204915
469 0.2389204916
470 0.2389204918
471 0.2389204921
472 0.2389204924
473 0.2389204928
474 0.2389204932
475 0.2389204938
476 0.2389204945
477 0.2389204954
478 0.2389204965
479 0.2389204978
480 0.2389204995
481 0.2389205015
482 0.238920504
483 0.2389205071
484 0.2389205109
485 0.2389205156
486 0.2389205213
487 0.2389205283
488 0.2389205369
489 0.2389205474
490 0.2389205602
491 0.2389205758
492 0.2389205949
493 0.238920618
494 0.2389206462
495 0.2389206804
496 0.238920722
497 0.2389207723
498 0.2389208332
499 0.2389209069
500 0.238920996
501 0.2389211035
502 0.2389212332
503 0.2389213893
504 0.2389215772
505 0.238921803
506 0.2389220742
507 0.2389223995
508 0.2389227892
509 0.2389232556
510 0.2389238134
511 0.2389244796
512 0.2389252744
513 0.2389262218
514 0.2389273498
515 0.2389286915
516 0.2389302855
517 0.2389321774
518 0.2389344206
519 0.2389370773
520 0.2389402206
521 0.2389439356
522 0.2389483215
523 0.2389534943
524 0.2389595885
525 0.2389667606
526 0.2389751925
527 0.2389850948
528 0.2389967117
529 0.2390103257
530 0.2390262631
531 0.2390449006
532 0.2390666726
533 0.2390920792
534 0.2391216957
535 0.2391561829
536 0.2391962993
537 0.2392429139
538 0.2392970216
539 0.2393597602
540 0.2394324287
541 0.2395165091
542 0.2396136896
543 0.2397258916
544 0.2398552983
545 0.2400043886
546 0.2401759725
547 0.2403732326
548 0.2405997681
549 0.240859645
550 0.2411574509
551 0.2414983552
552 0.2418881763
553 0.2423334541
554 0.2428415312
555 0.2434206406
556 0.2440800022
557 0.2448299282
558 0.2456819379
559 0.2466488824
560 0.2477450809
561 0.2489864674
562 0.2503907502
563 0.2519775845
564 0.2537687573
565 0.2557883877
566 0.2580631416
567 0.2606224614
568 0.263498812
569 0.2667279439
570 0.2703491725
571 0.2744056754
572 0.2789448074
573 0.2840184341
574 0.2896832827
575 0.2960013124
576 0.3030401028
577 0.3108732592
578 0.3195808374
579 0.3292497842
580 0.3399743945
581 0.3518567842
582 0.3650073765
583 0.3795454014
584 0.3955994052
585 0.4133077697
586 0.4328192375
587 0.4542934403
588 0.4779014295
589 0.5038262028
590 0.5322632254
591 0.5634209405
592 0.597521265
593 0.6348000664
594 0.6755076142
595 0.7199090014
596 0.7682845304
597 0.8209300563
598 0.878157282
599 0.9402939968
600 1.007684254
601 1.080688478
602 1.159683494
603 1.24506247
604 1.337234777
605 1.436625732
606 1.543676248
607 1.65884236
608 1.782594633
609 1.915417432
610 2.057808069
611 2.210275787
612 2.373340615
613 2.547532052
614 2.733387602
615 2.931451141
616 3.142271117
617 3.366398588
618 3.604385085
619 3.85678031
620 4.124129666
621 4.406971624
622 4.705834932
623 5.021235668
624 5.353674152
625 5.703631715
626 6.071567349
627 6.457914242
628 6.863076213
629 7.287424066
630 7.731291877
631 8.194973241
632 8.678717486
633 9.182725891
634 9.707147924
635 10.25207753
636 10.81754948
637 11.40353583
638 12.00994252
639 12.63660613
640 13.28329075
641 13.94968522
642 14.63540045
643 15.33996715
644 16.06283375
645 16.80336479
646 17.5608395
647 18.33445096
648 19.12330549
649 19.92642261
650 20.74273539
651 21.57109128
652 22.41025347
653 23.25890268
654 24.11563952
655 24.97898738
656 25.84739579
657 26.71924433
658 27.59284708
659 28.46645756
660 29.33827414
661 30.20644603
662 31.06907959
663 31.92424525
664 32.76998469
665 33.60431852
666 34.42525429
667 35.23079471
668 36.01894634
669 36.78772832
670 37.5351814
671 38.25937711
672 38.95842694
673 39.63049164
674 40.27379048
675 40.88661045
676 41.4673153
677 42.01435452
678 42.52627194
679 43.0017142
680 43.4394388
681 43.83832186
682 44.19736535
683 44.51570396
684 44.79261142
685 45.02750628
686 45.21995709
687 45.36968704
688 45.47657787
689 45.54067318
690 45.56218105
691 45.54147592
692 45.47909984
693 45.3757629
694 45.23234304
695 45.04988504
696 44.82959887
697 44.57285728
698 44.2811927
699 43.95629347
700 43.59999937
701 43.21429651
702 42.80131159
703 42.36330556
704 41.90266667
705 41.42190301
706 40.92363448
707 40.4105843
708 39.88557
709 39.35149404
710 38.81133399
711 38.26813231
712 37.72498584
713 37.18503492
714 36.65145225
715 36.12743155
716 35.61617589
717 35.12088587
718 34.64474771
719 34.19092108
720 33.7625269
721 33.36263507
722 32.99425208
723 32.66030869
724 32.3636476
725 32.10701111
726 31.89302898
727 31.72420628
728 31.6029115
729 31.5313648
730 31.51162655
731 31.54558606
732 31.63495076
733 31.78123569
734 31.98575339
735 32.24960438
736 32.57366811
737 32.95859448
738 33.40479612
739 33.91244128
740 34.48144762
741 35.11147675
742 35.80192971
743 36.55194346
744 37.36038836
745 38.22586676
746 39.14671273
747 40.12099298
748 41.14650909
749 42.22080093
750 43.34115148
751 44.50459298
752 45.70791449
753 46.94767077
754 48.22019262
755 49.52159859
756 50.84780802
757 52.1945555
758 53.55740659
759 54.93177477
760 56.31293962
761 57.69606613
762 59.07622501
763 60.44841395
764 61.80757973
765 63.14864099
766 64.46651167
767 65.75612481
768 67.01245673
769 68.23055131
770 69.40554434
771 70.53268762
772 71.60737281
773 72.6251548
774 73.58177435
775 74.47318002
776 75.29554904
777 76.04530716
778 76.71914712
779 77.31404577
780 77.82727966
781 78.25643891
782 78.59943941
783 78.85453305
784 79.0203161
785 79.09573553
786 79.08009329
787 78.97304854
788 78.77461772
789 78.48517257
790 78.10543603
791 77.63647614
792 77.07969791
793 76.43683329
794 75.70992927
795 74.9013343
796 74.01368299
797 73.04987939
798 72.01307888
799 70.90666876
800 69.7342479
801 68.49960535
802 67.20669833
803 65.8596295
804 64.46262397
805 63.02000594
806 61.53617541
807 60.01558487
808 58.46271631
809 56.88205865
810 55.27808574
811 53.65523503
812 52.01788713
813 50.37034629
814 48.71682196
815 47.06141154
816 45.40808432
817 43.7606668
818 42.12282937
819 40.49807437
820 38.88972569
821 37.30091974
822 35.73459798
823 34.19350088
824 32.68016335
825 31.19691156
826 29.74586115
827 28.32891684
828 26.94777319
829 25.60391667
830 24.29862881
831 23.03299042
832 21.80788678
833 20.62401371
834 19.48188446
835 18.38183725
836 17.32404347
837 16.30851636
838 15.33512016
839 14.40357957
840 13.51348945
841 12.66432472
842 11.85545032
843 11.08613119
844 10.35554221
845 9.662777975
846 9.006862438
847 8.386758257
848 7.801375891
849 7.249582356
850 6.7302096
851 6.242062486
852 5.783926344
853 5.354574071
854 4.952772767
855 4.5772899
856 4.22689898
857 3.900384756
858 3.59654793
859 3.314209399
860 3.052214019
861 2.809433937
862 2.584771464
863 2.377161538
864 2.185573786
865 2.009014198
866 1.846526455
867 1.697192901
868 1.560135229
869 1.434514853
870 1.319533036
871 1.214430768
872 1.118488429
873 1.031025258
874 0.9513986566
875 0.8790033357
876 0.8132703387
877 0.7536659539
878 0.6996905371
879 0.6508772602
880 0.606790804
881 0.5670260083
882 0.5312064937
883 0.4989832676
884 0.4700333259
885 0.4440582595
886 0.4207828755
887 0.3999538408
888 0.3813383541
889 0.3647228529
890 0.3499117598
891 0.3367262728
892 0.3250032014
893 0.3145938528
894 0.305362968
895 0.2971877102
896 0.2899567063
897 0.2835691398
898 0.2779338973
899 0.2729687658
900 0.268599681
901 0.2647600244
902 0.2613899688
903 0.2584358697
904 0.2558497005
905 0.2535885303
906 0.2516140422
907 0.2498920895
908 0.2483922876
909 0.2470876406
910 0.2459541992
911 0.2449707487
912 0.2441185247
913 0.2433809546
914 0.2427434232
915 0.2421930605
916 0.24171855
917 0.2413099552
918 0.2409585647
919 0.2406567517
920 0.2403978487
921 0.2401760355
922 0.2399862382
923 0.2398240406
924 0.2396856039
925 0.2395675959
926 0.2394671287
927 0.2393817025
928 0.2393091568
929 0.239247627
930 0.2391955057
931 0.2391514097
932 0.2391141502
933 0.2390827067
934 0.2390562045
935 0.2390338952
936 0.2390151389
937 0.2389993894
938 0.2389861813
939 0.2389751183
940 0.2389658637
941 0.2389581314
942 0.2389516792
943 0.2389463018
944 0.2389418258
945 0.2389381047
946 0.2389350151
947 0.238932453
948 0.2389303309
949 0.2389285756
950 0.2389271253
951 0.2389259287
952 0.2389249425
953 0.2389241307
954 0.2389234634
955 0.2389229155
956 0.2389224662
957 0.2389220982
958 0.2389217972
959 0.2389215513
960 0.2389213506
961 0.2389211871
962 0.238921054
963 0.2389209458
964 0.2389208579
965 0.2389207867
966 0.238920729
967 0.2389206823
968 0.2389206446
969 0.2389206142
970 0.2389205896
971 0.2389205699
972 0.238920554
973 0.2389205413
974 0.238920531
975 0.2389205229
976 0.2389205163
977 0.2389205111
978 0.2389205069
979 0.2389205036
980 0.2389205009
981 0.2389204988
982 0.2389204972
983 0.2389204958
984 0.2389204948
985 0.2389204939
986 0.2389204933
987 0.2389204928
988 0.2389204924
989 0.238920492
990 0.2389204918
991 0.2389204916
992 0.2389204914
993 0.2389204913
994 0.2389204912
995 0.2389204911
996 0.2389204911
997 0.238920491
998 0.238920491
999 0.238920491
1000 0.238920491
1001 0.2389204909
1002 0.2389204909
1003 0.2389204909
1004 0.2389204909
1005 0.2389204909
1006 0.2389204909
1007 0.2389204909
1008 0.2389204909
1009 0.2389204909
1010 0.2389204909
1011 0.2389204909
1012 0.2389204909
1013 0.2389204909
1014 0.2389204909
1015 0.2389204909
1016 0.2389204909
1017 0.2389204909
1018 0.2389204909
1019 0.2389204909
1020 0.2389204909
1021 0.2389204909
1022 0.2389204909
1023 0.2389204909
