#55183 2910.0014064950584487 0.0045700683769987881372 1 1405 16.000049430220818044 1024 7 1 J1713+0747 0.0000000 
0 -0.08738244198
1 -0.08738244132
2 -0.0873824405
3 -0.08738243949
4 -0.08738243823
5 -0.08738243669
6 -0.08738243478
7 -0.08738243243
8 -0.08738242954
9 -0.08738242599
10 -0.08738242163
11 -0.08738241628
12 -0.08738240973
13 -0.08738240171
14 -0.08738239191
15 -0.08738237993
16 -0.08738236532
17 -0.08738234751
18 -0.08738232583
19 -0.08738229945
20 -0.08738226741
21 -0.08738222852
22 -0.08738218136
23 -0.08738212424
24 -0.08738205514
25 -0.08738197162
26 -0.08738187078
27 -0.08738174915
28 -0.08738160261
29 -0.08738142623
30 -0.08738121418
31 -0.08738095949
32 -0.08738065391
33 -0.08738028767
34 -0.08737984919
35 -0.08737932476
36 -0.08737869821
37 -0.08737795042
38 -0.08737705888
39 -0.08737599709
40 -0.08737473385
41 -0.08737323254
42 -0.08737145018
43 -0.08736933636
44 -0.08736683212
45 -0.08736386846
46 -0.08736036482
47 -0.08735622718
48 -0.08735134597
49 -0.08734559368
50 -0.08733882202
51 -0.08733085879
52 -0.08732150422
53 -0.08731052687
54 -0.08729765888
55 -0.08728259062
56 -0.08726496458
57 -0.08724436848
58 -0.0872203274
59 -0.08719229494
60 -0.08715964317
61 -0.08712165136
62 -0.08707749319
63 -0.08702622247
64 -0.08696675696
65 -0.08689786038
66 -0.08681812208
67 -0.08672593446
68 -0.08661946759
69 -0.08649664104
70 -0.08635509244
71 -0.08619214248
72 -0.08600475611
73 -0.08578949952
74 -0.08554249244
75 -0.08525935555
76 -0.0849351523
77 -0.08456432495
78 -0.08414062409
79 -0.08365703134
80 -0.08310567455
81 -0.08247773503
82 -0.0817633461
83 -0.08095148255
84 -0.08002984017
85 -0.07898470489
86 -0.07780081076
87 -0.07646118616
88 -0.07494698757
89 -0.07323732021
90 -0.07130904493
91 -0.06913657068
92 -0.06669163195
93 -0.06394305055
94 -0.06085648126
95 -0.05739414073
96 -0.05351451925
97 -0.04917207506
98 -0.04431691078
99 -0.03889443188
100 -0.03284498704
101 -0.0261034905
102 -0.01859902654
103 -0.01025443645
104 -0.0009858885035
105 0.009297568287
106 0.02069446585
107 0.03331139284
108 0.0472634833
109 0.06267491641
110 0.07967942543
111 0.09842081367
112 0.1190534748
113 0.1417429148
114 0.1666662724
115 0.1940128336
116 0.2239845385
117 0.2567964735
118 0.2926773459
119 0.3318699363
120 0.3746315214
121 0.4212342644
122 0.4719655644
123 0.5271283599
124 0.5870413794
125 0.6520393326
126 0.7224730343
127 0.7987094542
128 0.8811316856
129 0.970138824
130 1.06614575
131 1.169582807
132 1.280895367
133 1.400543277
134 1.52900018
135 1.666752703
136 1.814299501
137 1.972150161
138 2.140823953
139 2.320848421
140 2.512757823
141 2.717091397
142 2.934391473
143 3.165201412
144 3.410063379
145 3.669515957
146 3.94409159
147 4.234313877
148 4.54069471
149 4.863731261
150 5.203902844
151 5.561667638
152 5.937459306
153 6.331683503
154 6.74471431
155 7.176890588
156 7.62851229
157 8.099836739
158 8.591074899
159 9.102387663
160 9.633882175
161 10.18560823
162 10.75755473
163 11.34964634
164 11.96174019
165 12.5936228
166 13.24500726
167 13.91553055
168 14.60475122
169 15.31214728
170 16.03711444
171 16.77896478
172 17.53692564
173 18.31013904
174 19.09766147
175 19.89846412
176 20.7114336
177 21.53537309
178 22.36900406
179 23.21096841
180 24.05983117
181 24.91408373
182 25.77214749
183 26.63237818
184 27.49307051
185 28.35246347
186 29.20874603
187 30.06006328
188 30.90452312
189 31.74020322
190 32.56515852
191 33.37742898
192 34.17504768
193 34.9560492
194 35.71847828
195 36.4603986
196 37.17990181
197 37.87511652
198 38.54421751
199 39.18543482
200 39.79706282
201 40.37746922
202 40.92510386
203 41.43850734
204 41.91631939
205 42.35728691
206 42.76027165
207 43.12425755
208 43.44835756
209 43.73181999
210 43.9740344
211 44.1745368
212 44.33301441
213 44.44930968
214 44.52342371
215 44.555519
216 44.54592153
217 44.49512208
218 44.40377696
219 44.27270789
220 44.1029013
221 43.89550679
222 43.65183502
223 43.37335478
224 43.06168947
225 42.71861288
226 42.34604431
227 41.94604306
228 41.52080239
229 41.07264275
230 40.60400464
231 40.11744079
232 39.6156079
233 39.10125798
234 38.57722912
235 38.04643594
236 37.51185965
237 36.97653776
238 36.44355344
239 35.91602464
240 35.39709295
241 34.88991214
242 34.39763666
243 33.92340985
244 33.47035202
245 33.04154847
246 32.64003738
247 32.26879767
248 31.93073683
249 31.62867877
250 31.36535167
251 31.14337595
252 30.96525232
253 30.83335002
254 30.74989514
255 30.7169593
256 30.7364485
257 30.81009234
258 30.93943352
259 31.1258179
260 31.37038484
261 31.67405822
262 32.03753793
263 32.46129206
264 32.94554975
265 33.49029479
266 34.09526009
267 34.75992298
268 35.48350144
269 36.26495142
270 37.1029651
271 37.99597036
272 38.94213141
273 39.93935055
274 40.98527133
275 42.07728288
276 43.21252563
277 44.3878984
278 45.60006682
279 46.8454731
280 48.12034725
281 49.42071961
282 50.74243465
283 52.08116621
284 53.43243383
285 54.79162042
286 56.15399093
287 57.51471213
288 58.86887332
289 60.21150791
290 61.53761567
291 62.84218569
292 64.12021971
293 65.36675587
294 66.57689263
295 67.74581273
296 68.868807
297 69.94129799
298 70.95886303
299 71.91725684
300 72.81243326
301 73.64056612
302 74.39806906
303 75.08161411
304 75.68814887
305 76.21491232
306 76.65944892
307 77.01962104
308 77.29361959
309 77.47997273
310 77.57755263
311 77.58558024
312 77.50362797
313 77.33162036
314 77.06983262
315 76.71888718
316 76.27974811
317 75.75371372
318 75.1424071
319 74.44776488
320 73.67202429
321 72.81770852
322 71.88761059
323 70.88477584
324 69.81248318
325 68.67422521
326 67.47368747
327 66.21472682
328 64.90134931
329 63.5376875
330 62.12797762
331 60.67653648
332 59.1877386
333 57.66599343
334 56.115723
335 54.54134006
336 52.94722693
337 51.33771509
338 49.71706572
339 48.08945128
340 46.45893814
341 44.82947048
342 43.2048555
343 41.58874989
344 39.98464774
345 38.39586991
346 36.82555475
347 35.27665037
348 33.75190832
349 32.25387867
350 30.78490659
351 29.34713022
352 27.94247988
353 26.57267858
354 25.23924373
355 23.94348993
356 22.68653291
357 21.46929436
358 20.29250774
359 19.15672478
360 18.06232286
361 17.00951282
362 15.9983475
363 15.02873055
364 14.10042571
365 13.21306633
366 12.36616506
367 11.55912364
368 10.79124277
369 10.06173189
370 9.369718839
371 8.714259444
372 8.094346766
373 7.508920147
374 6.95687392
375 6.437065759
376 5.948324654
377 5.48945845
378 5.059260969
379 4.656518664
380 4.28001681
381 3.928545223
382 3.600903501
383 3.295905792
384 3.012385088
385 2.749197062
386 2.505223453
387 2.279375015
388 2.070594049
389 1.877856529
390 1.700173858
391 1.53659425
392 1.386203789
393 1.248127169
394 1.121528141
395 1.0056097
396 0.8996140224
397 0.8028221931
398 0.7145537275
399 0.6341659249
400 0.5610530677
401 0.4946454886
402 0.4344085259
403 0.3798413851
404 0.3304759237
405 0.2858753767
406 0.2456330361
407 0.2093708996
408 0.1767383004
409 0.14741053
410 0.1210874633
411 0.09749219632
412 0.07636970297
413 0.05748551961
414 0.04062446172
415 0.02558937861
416 0.01219995001
417 0.0002915277924
418 -0.01028597442
419 -0.01966914204
420 -0.02798206934
421 -0.03533731765
422 -0.04183682162
423 -0.04757274392
424 -0.0526282788
425 -0.05707840564
426 -0.06099059342
427 -0.06442545793
428 -0.06743737293
429 -0.07007503743
430 -0.0723820007
431 -0.07439714716
432 -0.07615514316
433 -0.07768684762
434 -0.07901968877
435 -0.0801780089
436 -0.08118337929
437 -0.08205488711
438 -0.08280939651
439 -0.0834617855
440 -0.08402516057
441 -0.08451105067
442 -0.08492958233
443 -0.08528963733
444 -0.08559899435
445 -0.0858644562
446 -0.08609196366
447 -0.08628669726
448 -0.08645316811
449 -0.08659529884
450 -0.08671649547
451 -0.08681971126
452 -0.08690750332
453 -0.08698208257
454 -0.08704535796
455 -0.0870989754
456 -0.087144352
457 -0.08718270618
458 -0.08721508409
459 -0.08724238268
460 -0.08726536996
461 -0.08728470259
462 -0.08730094127
463 -0.08731456408
464 -0.08732597813
465 -0.0873355296
466 -0.08734351244
467 -0.08735017594
468 -0.08735573121
469 -0.08736035679
470 -0.08736420346
471 -0.08736739839
472 -0.08737004871
473 -0.08737224452
474 -0.08737406149
475 -0.08737556311
476 -0.08737680258
477 -0.08737782438
478 -0.08737866569
479 -0.08737935754
480 -0.08737992577
481 -0.08738039189
482 -0.08738077377
483 -0.08738108626
484 -0.08738134163
485 -0.08738155008
486 -0.08738172002
487 -0.08738185838
488 -0.08738197089
489 -0.08738206228
490 -0.08738213641
491 -0.08738219647
492 -0.08738224507
493 -0.08738228435
494 -0.08738231606
495 -0.08738234162
496 -0.0873823622
497 -0.08738237875
498 -0.08738239204
499 -0.08738240271
500 -0.08738241125
501 -0.08738241809
502 -0.08738242356
503 -0.08738242792
504 -0.0873824314
505 -0.08738243417
506 -0.08738243637
507 -0.08738243812
508 -0.08738243951
509 -0.08738244061
510 -0.08738244148
511 -0.08738244216
512 -0.08738244271
513 -0.08738244314
514 -0.08738244347
515 -0.08738244374
516 -0.08738244395
517 -0.08738244411
518 -0.08738244424
519 -0.08738244434
520 -0.08738244442
521 -0.08738244448
522 -0.08738244453
523 -0.08738244456
524 -0.08738244459
525 -0.08738244461
526 -0.08738244463
527 -0.08738244465
528 -0.08738244466
529 -0.08738244466
530 -0.08738244467
531 -0.08738244468
532 -0.08738244468
533 -0.08738244468
534 -0.08738244468
535 -0.08738244469
536 -0.08738244469
537 -0.08738244469
538 -0.08738244469
539 -0.08738244469
540 -0.08738244469
541 -0.08738244469
542 -0.08738244469
543 -0.08738244469
544 -0.08738244469
545 -0.08738244469
546 -0.08738244469
547 -0.08738244469
548 -0.08738244469
549 -0.08738244469
550 -0.08738244469
551 -0.08738244469
552 -0.08738244469
553 -0.08738244469
554 -0.08738244469
555 -0.08738244469
556 -0.08738244469
557 -0.08738244469
558 -0.08738244469
559 -0.08738244469
560 -0.08738244469
561 -0.08738244469
562 -0.08738244469
563 -0.08738244469
564 -0.08738244469
565 -0.08738244469
566 -0.08738244469
567 -0.08738244469
568 -0.08738244469
569 -0.08738244469
570 -0.08738244469
571 -0.08738244469
572 -0.08738244469
573 -0.08738244469
574 -0.08738244469
575 -0.08738244469
576 -0.08738244469
577 -0.08738244469
578 -0.08738244469
579 -0.08738244469
580 -0.08738244469
581 -0.08738244469
582 -0.08738244469
583 -0.08738244469
584 -0.08738244469
585 -0.08738244469
586 -0.08738244469
587 -0.08738244469
588 -0.08738244469
589 -0.08738244469
590 -0.08738244469
591 -0.08738244469
592 -0.08738244469
593 -0.08738244469
594 -0.08738244469
595 -0.08738244469
596 -0.08738244469
597 -0.08738244469
598 -0.08738244469
599 -0.08738244469
600 -0.08738244469
601 -0.08738244469
602 -0.08738244469
603 -0.08738244469
604 -0.08738244469
605 -0.08738244469
606 -0.08738244469
607 -0.08738244469
608 -0.08738244469
609 -0.08738244469
610 -0.08738244469
611 -0.08738244469
612 -0.08738244469
613 -0.08738244469
614 -0.08738244469
615 -0.08738244469
616 -0.08738244469
617 -0.08738244469
618 -0.08738244469
619 -0.08738244469
620 -0.08738244469
621 -0.08738244469
622 -0.08738244469
623 -0.08738244469
624 -0.08738244469
625 -0.08738244469
626 -0.08738244469
627 -0.08738244469
628 -0.08738244469
629 -0.08738244469
630 -0.08738244469
631 -0.08738244469
632 -0.08738244469
633 -0.08738244469
634 -0.08738244469
635 -0.08738244469
636 -0.08738244469
637 -0.08738244469
638 -0.08738244469
639 -0.08738244469
640 -0.08738244469
641 -0.08738244469
642 -0.08738244469
643 -0.08738244469
644 -0.08738244469
645 -0.08738244469
646 -0.08738244469
647 -0.08738244469
648 -0.08738244469
649 -0.08738244469
650 -0.08738244469
651 -0.08738244469
652 -0.08738244469
653 -0.08738244469
654 -0.08738244469
655 -0.08738244469
656 -0.08738244469
657 -0.08738244469
658 -0.08738244469
659 -0.08738244469
660 -0.08738244469
661 -0.08738244469
662 -0.08738244469
663 -0.08738244469
664 -0.08738244469
665 -0.08738244469
666 -0.08738244469
667 -0.08738244469
668 -0.08738244469
669 -0.08738244469
670 -0.08738244469
671 -0.08738244469
672 -0.08738244469
673 -0.08738244469
674 -0.08738244469
675 -0.08738244469
676 -0.08738244469
677 -0.08738244469
678 -0.08738244469
679 -0.08738244469
680 -0.08738244469
681 -0.08738244469
682 -0.08738244469
683 -0.08738244469
684 -0.08738244469
685 -0.08738244469
686 -0.08738244469
687 -0.08738244469
688 -0.08738244469
689 -0.08738244469
690 -0.08738244469
691 -0.08738244469
692 -0.08738244469
693 -0.08738244469
694 -0.08738244469
695 -0.08738244469
696 -0.08738244469
697 -0.08738244469
698 -0.08738244469
699 -0.08738244469
700 -0.08738244469
701 -0.08738244469
702 -0.08738244469
703 -0.08738244469
704 -0.08738244469
705 -0.08738244469
706 -0.08738244469
707 -0.08738244469
708 -0.08738244469
709 -0.08738244469
710 -0.08738244469
711 -0.08738244469
712 -0.08738244469
713 -0.08738244469
714 -0.08738244469
715 -0.08738244469
716 -0.08738244469
717 -0.08738244469
718 -0.08738244469
719 -0.08738244469
720 -0.08738244469
721 -0.08738244469
722 -0.08738244469
723 -0.08738244469
724 -0.08738244469
725 -0.08738244469
726 -0.08738244469
727 -0.08738244469
728 -0.08738244469
729 -0.08738244469
730 -0.08738244469
731 -0.08738244469
732 -0.08738244469
733 -0.08738244469
734 -0.08738244469
735 -0.08738244469
736 -0.08738244469
737 -0.08738244469
738 -0.08738244469
739 -0.08738244469
740 -0.08738244469
741 -0.08738244469
742 -0.08738244469
743 -0.08738244469
744 -0.08738244469
745 -0.08738244469
746 -0.08738244469
747 -0.08738244469
748 -0.08738244469
749 -0.08738244469
750 -0.08738244469
751 -0.08738244469
752 -0.08738244469
753 -0.08738244469
754 -0.08738244469
755 -0.08738244469
756 -0.08738244469
757 -0.08738244469
758 -0.08738244469
759 -0.08738244469
760 -0.08738244469
761 -0.08738244469
762 -0.08738244469
763 -0.08738244469
764 -0.08738244469
765 -0.08738244469
766 -0.08738244469
767 -0.08738244469
768 -0.08738244469
769 -0.08738244469
770 -0.08738244469
771 -0.08738244469
772 -0.08738244469
773 -0.08738244469
774 -0.08738244469
775 -0.08738244469
776 -0.08738244469
777 -0.08738244469
778 -0.08738244469
779 -0.08738244469
780 -0.08738244469
781 -0.08738244469
782 -0.08738244469
783 -0.08738244469
784 -0.08738244469
785 -0.08738244469
786 -0.08738244469
787 -0.08738244469
788 -0.08738244469
789 -0.08738244469
790 -0.08738244469
791 -0.08738244469
792 -0.08738244469
793 -0.08738244469
794 -0.08738244469
795 -0.08738244469
796 -0.08738244469
797 -0.08738244469
798 -0.08738244469
799 -0.08738244469
800 -0.08738244469
801 -0.08738244469
802 -0.08738244469
803 -0.08738244469
804 -0.08738244469
805 -0.08738244469
806 -0.08738244469
807 -0.08738244469
808 -0.08738244469
809 -0.08738244469
810 -0.08738244469
811 -0.08738244469
812 -0.08738244469
813 -0.08738244469
814 -0.08738244469
815 -0.08738244469
816 -0.08738244469
817 -0.08738244469
818 -0.08738244469
819 -0.08738244469
820 -0.08738244469
821 -0.08738244469
822 -0.08738244469
823 -0.08738244469
824 -0.08738244469
825 -0.08738244469
826 -0.08738244469
827 -0.08738244469
828 -0.08738244469
829 -0.08738244469
830 -0.08738244469
831 -0.08738244469
832 -0.08738244469
833 -0.08738244469
834 -0.08738244469
835 -0.08738244469
836 -0.08738244469
837 -0.08738244469
838 -0.08738244469
839 -0.08738244469
840 -0.08738244469
841 -0.08738244469
842 -0.08738244469
843 -0.08738244469
844 -0.08738244469
845 -0.08738244469
846 -0.08738244469
847 -0.08738244469
848 -0.08738244469
849 -0.08738244469
850 -0.08738244469
851 -0.08738244469
852 -0.08738244469
853 -0.08738244469
854 -0.08738244469
855 -0.08738244469
856 -0.08738244469
857 -0.08738244469
858 -0.08738244469
859 -0.08738244469
860 -0.08738244469
861 -0.08738244469
862 -0.08738244469
863 -0.08738244469
864 -0.08738244469
865 -0.08738244469
866 -0.08738244469
867 -0.08738244469
868 -0.08738244469
869 -0.08738244469
870 -0.08738244469
871 -0.08738244469
872 -0.08738244469
873 -0.08738244469
874 -0.08738244469
875 -0.08738244469
876 -0.08738244469
877 -0.08738244469
878 -0.08738244469
879 -0.08738244469
880 -0.08738244469
881 -0.08738244469
882 -0.08738244469
883 -0.08738244469
884 -0.08738244469
885 -0.08738244469
886 -0.08738244469
887 -0.08738244469
888 -0.08738244469
889 -0.08738244469
890 -0.08738244469
891 -0.08738244469
892 -0.08738244469
893 -0.08738244469
894 -0.08738244469
895 -0.08738244469
896 -0.08738244469
897 -0.08738244469
898 -0.08738244469
899 -0.08738244469
900 -0.08738244469
901 -0.08738244469
902 -0.08738244469
903 -0.08738244469
904 -0.08738244469
905 -0.08738244469
906 -0.08738244469
907 -0.08738244469
908 -0.08738244469
909 -0.08738244469
910 -0.08738244469
911 -0.08738244469
912 -0.08738244469
913 -0.08738244469
914 -0.08738244469
915 -0.08738244469
916 -0.08738244469
917 -0.08738244469
918 -0.08738244469
919 -0.08738244469
920 -0.08738244469
921 -0.08738244469
922 -0.08738244469
923 -0.08738244469
924 -0.08738244469
925 -0.08738244469
926 -0.08738244469
927 -0.08738244469
928 -0.08738244469
929 -0.08738244469
930 -0.08738244469
931 -0.08738244469
932 -0.08738244469
933 -0.08738244469
934 -0.08738244469
935 -0.08738244469
936 -0.08738244469
937 -0.08738244469
938 -0.08738244469
939 -0.08738244469
940 -0.08738244469
941 -0.08738244469
942 -0.08738244469
943 -0.08738244469
944 -0.08738244469
945 -0.08738244469
946 -0.08738244469
947 -0.08738244469
948 -0.08738244469
949 -0.08738244469
950 -0.08738244469
951 -0.08738244469
952 -0.08738244469
953 -0.08738244469
954 -0.08738244469
955 -0.08738244469
956 -0.08738244469
957 -0.08738244469
958 -0.08738244469
959 -0.08738244469
960 -0.08738244469
961 -0.08738244469
962 -0.08738244469
963 -0.08738244469
964 -0.08738244469
965 -0.08738244469
966 -0.08738244469
967 -0.08738244469
968 -0.08738244469
969 -0.08738244469
970 -0.08738244469
971 -0.08738244469
972 -0.08738244469
973 -0.08738244469
974 -0.08738244469
975 -0.08738244469
976 -0.08738244469
977 -0.08738244469
978 -0.08738244469
979 -0.08738244469
980 -0.08738244469
981 -0.08738244469
982 -0.08738244469
983 -0.08738244469
984 -0.08738244469
985 -0.08738244469
986 -0.08738244469
987 -0.08738244469
988 -0.08738244469
989 -0.08738244469
990 -0.08738244469
991 -0.08738244469
992 -0.08738244469
993 -0.08738244469
994 -0.08738244469
995 -0.08738244469
996 -0.08738244469
997 -0.08738244469
998 -0.08738244468
999 -0.08738244468
1000 -0.08738244468
1001 -0.08738244468
1002 -0.08738244467
1003 -0.08738244467
1004 -0.08738244466
1005 -0.08738244466
1006 -0.08738244465
1007 -0.08738244463
1008 -0.08738244462
1009 -0.0873824446
1010 -0.08738244458
1011 -0.08738244455
1012 -0.08738244451
1013 -0.08738244446
1014 -0.0873824444
1015 -0.08738244433
1016 -0.08738244424
1017 -0.08738244412
1018 -0.08738244398
1019 -0.0873824438
1020 -0.08738244357
1021 -0.08738244329
1022 -0.08738244295
1023 -0.08738244252
