#55183 2910.0014761786180659 0.0045700683769987881372 1 1317 16.000049430220818044 1024 7 1 J1713+0747 0.0000000 
0 0.1004464594
1 0.1004464594
2 0.1004464594
3 0.1004464595
4 0.1004464595
5 0.1004464595
6 0.1004464596
7 0.1004464597
8 0.1004464598
9 0.1004464599
10 0.10044646
11 0.1004464602
12 0.1004464604
13 0.1004464606
14 0.1004464609
15 0.1004464613
16 0.1004464618
17 0.1004464624
18 0.1004464632
19 0.1004464641
20 0.1004464653
21 0.1004464667
22 0.1004464685
23 0.1004464707
24 0.1004464733
25 0.1004464766
26 0.1004464807
27 0.1004464856
28 0.1004464917
29 0.1004464992
30 0.1004465083
31 0.1004465195
32 0.1004465331
33 0.1004465497
34 0.10044657
35 0.1004465946
36 0.1004466246
37 0.100446661
38 0.1004467051
39 0.1004467587
40 0.1004468235
41 0.1004469019
42 0.1004469966
43 0.100447111
44 0.1004472489
45 0.100447415
46 0.1004476148
47 0.100447855
48 0.1004481434
49 0.1004484893
50 0.1004489038
51 0.1004493999
52 0.1004499931
53 0.1004507015
54 0.1004515469
55 0.1004525544
56 0.100453754
57 0.1004551807
58 0.1004568759
59 0.1004588878
60 0.1004612732
61 0.1004640984
62 0.1004674409
63 0.1004713912
64 0.1004760551
65 0.1004815555
66 0.1004880357
67 0.1004956619
68 0.1005046276
69 0.1005151567
70 0.1005275088
71 0.1005419841
72 0.1005589296
73 0.1005787459
74 0.1006018945
75 0.1006289073
76 0.1006603958
77 0.1006970624
78 0.1007397133
79 0.1007892725
80 0.1008467975
81 0.1009134975
82 0.1009907536
83 0.1010801409
84 0.1011834541
85 0.1013027351
86 0.1014403047
87 0.1015987976
88 0.1017812006
89 0.1019908962
90 0.1022317098
91 0.1025079631
92 0.1028245316
93 0.1031869095
94 0.1036012804
95 0.1040745949
96 0.1046146563
97 0.1052302142
98 0.1059310668
99 0.1067281731
100 0.1076337744
101 0.1086615276
102 0.1098266491
103 0.1111460712
104 0.1126386116
105 0.114325156
106 0.1162288555
107 0.1183753391
108 0.1207929409
109 0.1235129453
110 0.1265698479
111 0.1300016343
112 0.1338500776
113 0.1381610538
114 0.1429848765
115 0.1483766507
116 0.1543966462
117 0.1611106902
118 0.16859058
119 0.1769145138
120 0.1861675411
121 0.1964420308
122 0.2078381567
123 0.2204643993
124 0.2344380623
125 0.2498858026
126 0.2669441719
127 0.2857601669
128 0.3064917876
129 0.3293085982
130 0.3543922893
131 0.3819372379
132 0.4121510598
133 0.4452551513
134 0.481485216
135 0.5210917692
136 0.5643406179
137 0.6115133074
138 0.6629075306
139 0.7188374915
140 0.7796342175
141 0.8456458133
142 0.9172376472
143 0.9947924641
144 1.078710416
145 1.169409004
146 1.267322917
147 1.372903771
148 1.486619728
149 1.608954996
150 1.740409195
151 1.881496585
152 2.032745152
153 2.19469554
154 2.36789982
155 2.552920102
156 2.75032697
157 2.960697754
158 3.184614614
159 3.422662455
160 3.675426656
161 3.94349063
162 4.227433194
163 4.527825777
164 4.845229452
165 5.180191811
166 5.533243679
167 5.90489569
168 6.295634729
169 6.705920246
170 7.13618048
171 7.586808583
172 8.058158682
173 8.550541889
174 9.06422229
175 9.599412926
176 10.1562718
177 10.73489795
178 11.33532754
179 11.95753017
180 12.60140519
181 13.26677828
182 13.9533982
183 14.66093376
184 15.38897105
185 16.137011
186 16.90446721
187 17.69066417
188 18.49483587
189 19.31612481
190 20.15358143
191 21.00616402
192 21.87273914
193 22.75208246
194 23.64288026
195 24.5437313
196 25.45314935
197 26.36956626
198 27.29133551
199 28.21673641
200 29.1439788
201 30.07120828
202 30.99651202
203 31.91792504
204 32.83343701
205 33.7409995
206 34.63853369
207 35.52393848
208 36.39509897
209 37.24989529
210 38.0862117
211 38.90194595
212 39.69501884
213 40.4633839
214 41.20503725
215 41.91802735
216 42.60046493
217 43.25053266
218 43.86649482
219 44.44670678
220 44.98962415
221 45.49381177
222 45.95795224
223 46.38085412
224 46.76145965
225 47.09885203
226 47.39226209
227 47.64107444
228 47.84483296
229 48.0032457
230 48.11618905
231 48.18371123
232 48.20603506
233 48.18355996
234 48.11686324
235 48.00670059
236 47.85400583
237 47.65988986
238 47.42563887
239 47.1527118
240 46.84273704
241 46.49750839
242 46.11898036
243 45.70926267
244 45.27061422
245 44.8054363
246 44.31626526
247 43.80576453
248 43.27671611
249 42.73201157
250 42.17464248
251 41.60769044
252 41.03431661
253 40.45775096
254 39.88128099
255 39.3082403
256 38.74199667
257 38.18594005
258 37.64347017
259 37.11798404
260 36.61286321
261 36.13146094
262 35.6770892
263 35.25300566
264 34.86240056
265 34.50838359
266 34.19397083
267 33.92207169
268 33.69547591
269 33.51684083
270 33.38867862
271 33.31334392
272 33.29302158
273 33.32971483
274 33.42523367
275 33.58118379
276 33.79895585
277 34.07971537
278 34.42439308
279 34.83367602
280 35.30799926
281 35.84753847
282 36.45220322
283 37.12163126
284 37.85518377
285 38.65194156
286 39.51070246
287 40.42997983
288 41.40800228
289 42.4427147
290 43.53178054
291 44.67258557
292 45.86224297
293 47.09759985
294 48.37524532
295 49.6915199
296 51.04252657
297 52.42414313
298 53.83203615
299 55.26167627
300 56.70835491
301 58.16720227
302 59.63320671
303 61.10123514
304 62.56605468
305 64.0223552
306 65.46477279
307 66.88791398
308 68.28638054
309 69.65479486
310 70.9878255
311 72.28021306
312 73.52679595
313 74.72253602
314 75.86254382
315 76.94210344
316 77.95669653
317 78.90202552
318 79.77403582
319 80.56893682
320 81.28322152
321 81.91368465
322 82.45743921
323 82.91193122
324 83.27495254
325 83.54465181
326 83.71954325
327 83.79851339
328 83.78082557
329 83.66612227
330 83.45442519
331 83.14613308
332 82.74201742
333 82.24321586
334 81.65122361
335 80.96788276
336 80.19536965
337 79.33618036
338 78.39311456
339 77.36925767
340 76.26796163
341 75.09282435
342 73.84766799
343 72.53651636
344 71.16357145
345 69.73318937
346 68.24985591
347 66.7181618
348 65.14277787
349 63.52843044
350 61.87987687
351 60.20188158
352 58.49919277
353 56.77651973
354 55.03851119
355 53.28973462
356 51.53465665
357 49.77762477
358 48.02285033
359 46.27439296
360 44.53614643
361 42.81182603
362 41.10495751
363 39.41886755
364 37.75667582
365 36.12128861
366 34.51539397
367 32.94145838
368 31.40172485
369 29.89821252
370 28.43271748
371 27.00681501
372 25.62186289
373 24.27900593
374 22.97918145
375 21.7231258
376 20.51138158
377 19.34430576
378 18.22207831
379 17.14471146
380 16.11205941
381 15.12382834
382 14.17958677
383 13.27877602
384 12.42072078
385 11.60463976
386 10.82965616
387 10.09480811
388 9.399058847
389 8.741306682
390 8.120394622
391 7.535119665
392 6.984241685
393 6.466491902
394 5.980580891
395 5.525206112
396 5.099058948
397 4.700831244
398 4.329221319
399 3.982939486
400 3.660713038
401 3.361290752
402 3.083446879
403 2.825984669
404 2.587739422
405 2.367581096
406 2.164416488
407 1.977191008
408 1.804890082
409 1.64654019
410 1.501209572
411 1.36800864
412 1.246090096
413 1.134648806
414 1.032921438
415 0.9401858997
416 0.8557605931
417 0.7790035089
418 0.7093111889
419 0.6461175697
420 0.5888927322
421 0.5371415729
422 0.4904024155
423 0.4482455779
424 0.4102719092
425 0.3761113098
426 0.3454212475
427 0.3178852781
428 0.2932115832
429 0.2711315296
430 0.2513982609
431 0.2337853255
432 0.2180853462
433 0.2041087369
434 0.1916824681
435 0.1806488845
436 0.1708645775
437 0.1621993113
438 0.1545350065
439 0.1477647778
440 0.1417920291
441 0.1365296015
442 0.1318989766
443 0.1278295308
444 0.1242578413
445 0.1211270402
446 0.1183862163
447 0.1159898609
448 0.1138973571
449 0.1120725088
450 0.1104831086
451 0.1091005417
452 0.1078994228
453 0.1068572655
454 0.1059541811
455 0.1051726042
456 0.1044970444
457 0.1039138612
458 0.1034110605
459 0.1029781118
460 0.1026057821
461 0.1022859888
462 0.1020116657
463 0.1017766447
464 0.101575549
465 0.1014036983
466 0.1012570246
467 0.101131997
468 0.101025555
469 0.1009350498
470 0.1008581921
471 0.1007930058
472 0.100737788
473 0.100691073
474 0.100651601
475 0.1006182908
476 0.1005902158
477 0.1005665827
478 0.1005467137
479 0.1005300302
480 0.100516039
481 0.1005043203
482 0.1004945171
483 0.1004863268
484 0.1004794924
485 0.1004737965
486 0.1004690555
487 0.1004651142
488 0.1004618418
489 0.1004591281
490 0.1004568806
491 0.1004550214
492 0.1004534854
493 0.100452218
494 0.1004511736
495 0.1004503139
496 0.1004496072
497 0.1004490269
498 0.1004485511
499 0.1004481614
500 0.1004478427
501 0.1004475822
502 0.1004473697
503 0.1004471966
504 0.1004470556
505 0.100446941
506 0.100446848
507 0.1004467725
508 0.1004467114
509 0.100446662
510 0.1004466221
511 0.1004465899
512 0.1004465639
513 0.100446543
514 0.1004465262
515 0.1004465127
516 0.1004465019
517 0.1004464932
518 0.1004464863
519 0.1004464807
520 0.1004464763
521 0.1004464728
522 0.10044647
523 0.1004464678
524 0.100446466
525 0.1004464646
526 0.1004464635
527 0.1004464626
528 0.1004464619
529 0.1004464613
530 0.1004464609
531 0.1004464606
532 0.1004464603
533 0.1004464601
534 0.1004464599
535 0.1004464598
536 0.1004464597
537 0.1004464596
538 0.1004464596
539 0.1004464595
540 0.1004464595
541 0.1004464594
542 0.1004464594
543 0.1004464594
544 0.1004464594
545 0.1004464594
546 0.1004464594
547 0.1004464594
548 0.1004464594
549 0.1004464594
550 0.1004464594
551 0.1004464593
552 0.1004464593
553 0.1004464593
554 0.1004464593
555 0.1004464593
556 0.1004464593
557 0.1004464593
558 0.1004464593
559 0.1004464593
560 0.1004464593
561 0.1004464593
562 0.1004464593
563 0.1004464593
564 0.1004464593
565 0.1004464593
566 0.1004464593
567 0.1004464593
568 0.1004464593
569 0.1004464593
570 0.1004464593
571 0.1004464593
572 0.1004464593
573 0.1004464593
574 0.1004464593
575 0.1004464593
576 0.1004464593
577 0.1004464593
578 0.1004464593
579 0.1004464593
580 0.1004464593
581 0.1004464593
582 0.1004464593
583 0.1004464593
584 0.1004464593
585 0.1004464593
586 0.1004464593
587 0.1004464593
588 0.1004464593
589 0.1004464593
590 0.1004464593
591 0.1004464593
592 0.1004464593
593 0.1004464593
594 0.1004464593
595 0.1004464593
596 0.1004464593
597 0.1004464593
598 0.1004464593
599 0.1004464593
600 0.1004464593
601 0.1004464593
602 0.1004464593
603 0.1004464593
604 0.1004464593
605 0.1004464593
606 0.1004464593
607 0.1004464593
608 0.1004464593
609 0.1004464593
610 0.1004464593
611 0.1004464593
612 0.1004464593
613 0.1004464593
614 0.1004464593
615 0.1004464593
616 0.1004464593
617 0.1004464593
618 0.1004464593
619 0.1004464593
620 0.1004464593
621 0.1004464593
622 0.1004464593
623 0.1004464593
624 0.1004464593
625 0.1004464593
626 0.1004464593
627 0.1004464593
628 0.1004464593
629 0.1004464593
630 0.1004464593
631 0.1004464593
632 0.1004464593
633 0.1004464593
634 0.1004464593
635 0.1004464593
636 0.1004464593
637 0.1004464593
638 0.1004464593
639 0.1004464593
640 0.1004464593
641 0.1004464593
642 0.1004464593
643 0.1004464593
644 0.1004464593
645 0.1004464593
646 0.1004464593
647 0.1004464593
648 0.1004464593
649 0.1004464593
650 0.1004464593
651 0.1004464593
652 0.1004464593
653 0.1004464593
654 0.1004464593
655 0.1004464593
656 0.1004464593
657 0.1004464593
658 0.1004464593
659 0.1004464593
660 0.1004464593
661 0.1004464593
662 0.1004464593
663 0.1004464593
664 0.1004464593
665 0.1004464593
666 0.1004464593
667 0.1004464593
668 0.1004464593
669 0.1004464593
670 0.1004464593
671 0.1004464593
672 0.1004464593
673 0.1004464593
674 0.1004464593
675 0.1004464593
676 0.1004464593
677 0.1004464593
678 0.1004464593
679 0.1004464593
680 0.1004464593
681 0.1004464593
682 0.1004464593
683 0.1004464593
684 0.1004464593
685 0.1004464593
686 0.1004464593
687 0.1004464593
688 0.1004464593
689 0.1004464593
690 0.1004464593
691 0.1004464593
692 0.1004464593
693 0.1004464593
694 0.1004464593
695 0.1004464593
696 0.1004464593
697 0.1004464593
698 0.1004464593
699 0.1004464593
700 0.1004464593
701 0.1004464593
702 0.1004464593
703 0.1004464593
704 0.1004464593
705 0.1004464593
706 0.1004464593
707 0.1004464593
708 0.1004464593
709 0.1004464593
710 0.1004464593
711 0.1004464593
712 0.1004464593
713 0.1004464593
714 0.1004464593
715 0.1004464593
716 0.1004464593
717 0.1004464593
718 0.1004464593
719 0.1004464593
720 0.1004464593
721 0.1004464593
722 0.1004464593
723 0.1004464593
724 0.1004464593
725 0.1004464593
726 0.1004464593
727 0.1004464593
728 0.1004464593
729 0.1004464593
730 0.1004464593
731 0.1004464593
732 0.1004464593
733 0.1004464593
734 0.1004464593
735 0.1004464593
736 0.1004464593
737 0.1004464593
738 0.1004464593
739 0.1004464593
740 0.1004464593
741 0.1004464593
742 0.1004464593
743 0.1004464593
744 0.1004464593
745 0.1004464593
746 0.1004464593
747 0.1004464593
748 0.1004464593
749 0.1004464593
750 0.1004464593
751 0.1004464593
752 0.1004464593
753 0.1004464593
754 0.1004464593
755 0.1004464593
756 0.1004464593
757 0.1004464593
758 0.1004464593
759 0.1004464593
760 0.1004464593
761 0.1004464593
762 0.1004464593
763 0.1004464593
764 0.1004464593
765 0.1004464593
766 0.1004464593
767 0.1004464593
768 0.1004464593
769 0.1004464593
770 0.1004464593
771 0.1004464593
772 0.1004464593
773 0.1004464593
774 0.1004464593
775 0.1004464593
776 0.1004464593
777 0.1004464593
778 0.1004464593
779 0.1004464593
780 0.1004464593
781 0.1004464593
782 0.1004464593
783 0.1004464593
784 0.1004464593
785 0.1004464593
786 0.1004464593
787 0.1004464593
788 0.1004464593
789 0.1004464593
790 0.1004464593
791 0.1004464593
792 0.1004464593
793 0.1004464593
794 0.1004464593
795 0.1004464593
796 0.1004464593
797 0.1004464593
798 0.1004464593
799 0.1004464593
800 0.1004464593
801 0.1004464593
802 0.1004464593
803 0.1004464593
804 0.1004464593
805 0.1004464593
806 0.1004464593
807 0.1004464593
808 0.1004464593
809 0.1004464593
810 0.1004464593
811 0.1004464593
812 0.1004464593
813 0.1004464593
814 0.1004464593
815 0.1004464593
816 0.1004464593
817 0.1004464593
818 0.1004464593
819 0.1004464593
820 0.1004464593
821 0.1004464593
822 0.1004464593
823 0.1004464593
824 0.1004464593
825 0.1004464593
826 0.1004464593
827 0.1004464593
828 0.1004464593
829 0.1004464593
830 0.1004464593
831 0.1004464593
832 0.1004464593
833 0.1004464593
834 0.1004464593
835 0.1004464593
836 0.1004464593
837 0.1004464593
838 0.1004464593
839 0.1004464593
840 0.1004464593
841 0.1004464593
842 0.1004464593
843 0.1004464593
844 0.1004464593
845 0.1004464593
846 0.1004464593
847 0.1004464593
848 0.1004464593
849 0.1004464593
850 0.1004464593
851 0.1004464593
852 0.1004464593
853 0.1004464593
854 0.1004464593
855 0.1004464593
856 0.1004464593
857 0.1004464593
858 0.1004464593
859 0.1004464593
860 0.1004464593
861 0.1004464593
862 0.1004464593
863 0.1004464593
864 0.1004464593
865 0.1004464593
866 0.1004464593
867 0.1004464593
868 0.1004464593
869 0.1004464593
870 0.1004464593
871 0.1004464593
872 0.1004464593
873 0.1004464593
874 0.1004464593
875 0.1004464593
876 0.1004464593
877 0.1004464593
878 0.1004464593
879 0.1004464593
880 0.1004464593
881 0.1004464593
882 0.1004464593
883 0.1004464593
884 0.1004464593
885 0.1004464593
886 0.1004464593
887 0.1004464593
888 0.1004464593
889 0.1004464593
890 0.1004464593
891 0.1004464593
892 0.1004464593
893 0.1004464593
894 0.1004464593
895 0.1004464593
896 0.1004464593
897 0.1004464593
898 0.1004464593
899 0.1004464593
900 0.1004464593
901 0.1004464593
902 0.1004464593
903 0.1004464593
904 0.1004464593
905 0.1004464593
906 0.1004464593
907 0.1004464593
908 0.1004464593
909 0.1004464593
910 0.1004464593
911 0.1004464593
912 0.1004464593
913 0.1004464593
914 0.1004464593
915 0.1004464593
916 0.1004464593
917 0.1004464593
918 0.1004464593
919 0.1004464593
920 0.1004464593
921 0.1004464593
922 0.1004464593
923 0.1004464593
924 0.1004464593
925 0.1004464593
926 0.1004464593
927 0.1004464593
928 0.1004464593
929 0.1004464593
930 0.1004464593
931 0.1004464593
932 0.1004464593
933 0.1004464593
934 0.1004464593
935 0.1004464593
936 0.1004464593
937 0.1004464593
938 0.1004464593
939 0.1004464593
940 0.1004464593
941 0.1004464593
942 0.1004464593
943 0.1004464593
944 0.1004464593
945 0.1004464593
946 0.1004464593
947 0.1004464593
948 0.1004464593
949 0.1004464593
950 0.1004464593
951 0.1004464593
952 0.1004464593
953 0.1004464593
954 0.1004464593
955 0.1004464593
956 0.1004464593
957 0.1004464593
958 0.1004464593
959 0.1004464593
960 0.1004464593
961 0.1004464593
962 0.1004464593
963 0.1004464593
964 0.1004464593
965 0.1004464593
966 0.1004464593
967 0.1004464593
968 0.1004464593
969 0.1004464593
970 0.1004464593
971 0.1004464593
972 0.1004464593
973 0.1004464593
974 0.1004464593
975 0.1004464593
976 0.1004464593
977 0.1004464593
978 0.1004464593
979 0.1004464593
980 0.1004464593
981 0.1004464593
982 0.1004464593
983 0.1004464593
984 0.1004464593
985 0.1004464593
986 0.1004464593
987 0.1004464593
988 0.1004464593
989 0.1004464593
990 0.1004464593
991 0.1004464593
992 0.1004464593
993 0.1004464593
994 0.1004464593
995 0.1004464593
996 0.1004464593
997 0.1004464593
998 0.1004464593
999 0.1004464593
1000 0.1004464593
1001 0.1004464593
1002 0.1004464593
1003 0.1004464593
1004 0.1004464593
1005 0.1004464593
1006 0.1004464593
1007 0.1004464593
1008 0.1004464593
1009 0.1004464593
1010 0.1004464593
1011 0.1004464593
1012 0.1004464593
1013 0.1004464593
1014 0.1004464593
1015 0.1004464593
1016 0.1004464594
1017 0.1004464594
1018 0.1004464594
1019 0.1004464594
1020 0.1004464594
1021 0.1004464594
1022 0.1004464594
1023 0.1004464594
