#55051 2910.0016831350438253 0.0045704638231683610353 1 1357 16.000049430220818044 1024 7 1 J1713+0747 0.0000000 
0 26.36866739
1 25.03981891
2 23.7517203
3 22.50524328
4 21.3010669
5 20.1396846
6 19.02141215
7 17.9463961
8 16.91462273
9 15.92592752
10 14.98000484
11 14.07641793
12 13.21460908
13 12.39390978
14 11.61355098
15 10.8726732
16 10.17033654
17 9.505530484
18 8.877183432
19 8.284171955
20 7.725329683
21 7.199455811
22 6.705323196
23 6.241686002
24 5.807286889
25 5.40086372
26 5.021155779
27 4.666909499
28 4.336883691
29 4.029854282
30 3.744618573
31 3.479999015
32 3.234846527
33 3.008043373
34 2.798505604
35 2.605185096
36 2.427071205
37 2.263192053
38 2.112615481
39 1.974449681
40 1.847843544
41 1.731986732
42 1.626109522
43 1.529482422
44 1.441415597
45 1.361258125
46 1.288397102
47 1.222256621
48 1.162296641
49 1.108011766
50 1.058929958
51 1.014611185
52 0.9746460382
53 0.9386543131
54 0.9062835855
55 0.8772077783
56 0.8511257382
57 0.8277598278
58 0.8068545419
59 0.7881751548
60 0.771506403
61 0.7566512104
62 0.7434294576
63 0.7316768003
64 0.7212435372
65 0.7119935316
66 0.7038031846
67 0.6965604637
68 0.6901639844
69 0.6845221453
70 0.679552316
71 0.6751800765
72 0.6713385071
73 0.6679675261
74 0.6650132754
75 0.6624275502
76 0.660167272
77 0.6581940022
78 0.6564734946
79 0.6549752844
80 0.6536723113
81 0.6525405753
82 0.6515588221
83 0.6507082573
84 0.6499722861
85 0.6493362774
86 0.6487873505
87 0.6483141824
88 0.6479068334
89 0.6475565916
90 0.6472558314
91 0.6469978884
92 0.6467769462
93 0.6465879359
94 0.6464264462
95 0.646288644
96 0.6461712027
97 0.6460712398
98 0.6459862611
99 0.6459141113
100 0.6458529306
101 0.6458011164
102 0.6457572898
103 0.645720266
104 0.6456890282
105 0.6456627052
106 0.6456405516
107 0.6456219302
108 0.6456062974
109 0.64559319
110 0.6455822138
111 0.6455730338
112 0.6455653655
113 0.645558968
114 0.6455536375
115 0.6455492014
116 0.6455455143
117 0.6455424536
118 0.645539916
119 0.6455378147
120 0.6455360769
121 0.6455346414
122 0.6455334573
123 0.6455324816
124 0.6455316786
125 0.6455310187
126 0.645530477
127 0.6455300329
128 0.6455296692
129 0.6455293718
130 0.6455291288
131 0.6455289307
132 0.6455287692
133 0.6455286378
134 0.645528531
135 0.6455284443
136 0.645528374
137 0.6455283171
138 0.645528271
139 0.6455282338
140 0.6455282038
141 0.6455281797
142 0.6455281602
143 0.6455281446
144 0.645528132
145 0.645528122
146 0.6455281139
147 0.6455281075
148 0.6455281023
149 0.6455280982
150 0.6455280949
151 0.6455280923
152 0.6455280903
153 0.6455280886
154 0.6455280873
155 0.6455280863
156 0.6455280855
157 0.6455280848
158 0.6455280843
159 0.6455280839
160 0.6455280836
161 0.6455280833
162 0.6455280832
163 0.645528083
164 0.6455280829
165 0.6455280828
166 0.6455280827
167 0.6455280827
168 0.6455280826
169 0.6455280826
170 0.6455280826
171 0.6455280825
172 0.6455280825
173 0.6455280825
174 0.6455280825
175 0.6455280825
176 0.6455280825
177 0.6455280825
178 0.6455280825
179 0.6455280825
180 0.6455280825
181 0.6455280825
182 0.6455280825
183 0.6455280825
184 0.6455280825
185 0.6455280825
186 0.6455280825
187 0.6455280825
188 0.6455280825
189 0.6455280825
190 0.6455280825
191 0.6455280825
192 0.6455280825
193 0.6455280825
194 0.6455280825
195 0.6455280825
196 0.6455280825
197 0.6455280825
198 0.6455280825
199 0.6455280825
200 0.6455280825
201 0.6455280825
202 0.6455280825
203 0.6455280825
204 0.6455280825
205 0.6455280825
206 0.6455280825
207 0.6455280825
208 0.6455280825
209 0.6455280825
210 0.6455280825
211 0.6455280825
212 0.6455280825
213 0.6455280825
214 0.6455280825
215 0.6455280825
216 0.6455280825
217 0.6455280825
218 0.6455280825
219 0.6455280825
220 0.6455280825
221 0.6455280825
222 0.6455280825
223 0.6455280825
224 0.6455280825
225 0.6455280825
226 0.6455280825
227 0.6455280825
228 0.6455280825
229 0.6455280825
230 0.6455280825
231 0.6455280825
232 0.6455280825
233 0.6455280825
234 0.6455280825
235 0.6455280825
236 0.6455280825
237 0.6455280825
238 0.6455280825
239 0.6455280825
240 0.6455280825
241 0.6455280825
242 0.6455280825
243 0.6455280825
244 0.6455280825
245 0.6455280825
246 0.6455280825
247 0.6455280825
248 0.6455280825
249 0.6455280825
250 0.6455280825
251 0.6455280825
252 0.6455280825
253 0.6455280825
254 0.6455280825
255 0.6455280825
256 0.6455280825
257 0.6455280825
258 0.6455280825
259 0.6455280825
260 0.6455280825
261 0.6455280825
262 0.6455280825
263 0.6455280825
264 0.6455280825
265 0.6455280825
266 0.6455280825
267 0.6455280825
268 0.6455280825
269 0.6455280825
270 0.6455280825
271 0.6455280825
272 0.6455280825
273 0.6455280825
274 0.6455280825
275 0.6455280825
276 0.6455280825
277 0.6455280825
278 0.6455280825
279 0.6455280825
280 0.6455280825
281 0.6455280825
282 0.6455280825
283 0.6455280825
284 0.6455280825
285 0.6455280825
286 0.6455280825
287 0.6455280825
288 0.6455280825
289 0.6455280825
290 0.6455280825
291 0.6455280825
292 0.6455280825
293 0.6455280825
294 0.6455280825
295 0.6455280825
296 0.6455280825
297 0.6455280825
298 0.6455280825
299 0.6455280825
300 0.6455280825
301 0.6455280825
302 0.6455280825
303 0.6455280825
304 0.6455280825
305 0.6455280825
306 0.6455280825
307 0.6455280825
308 0.6455280825
309 0.6455280825
310 0.6455280825
311 0.6455280825
312 0.6455280825
313 0.6455280825
314 0.6455280825
315 0.6455280825
316 0.6455280825
317 0.6455280825
318 0.6455280825
319 0.6455280825
320 0.6455280825
321 0.6455280825
322 0.6455280825
323 0.6455280825
324 0.6455280825
325 0.6455280825
326 0.6455280825
327 0.6455280825
328 0.6455280825
329 0.6455280825
330 0.6455280825
331 0.6455280825
332 0.6455280825
333 0.6455280825
334 0.6455280825
335 0.6455280825
336 0.6455280825
337 0.6455280825
338 0.6455280825
339 0.6455280825
340 0.6455280825
341 0.6455280825
342 0.6455280825
343 0.6455280825
344 0.6455280825
345 0.6455280825
346 0.6455280825
347 0.6455280825
348 0.6455280825
349 0.6455280825
350 0.6455280825
351 0.6455280825
352 0.6455280825
353 0.6455280825
354 0.6455280825
355 0.6455280825
356 0.6455280825
357 0.6455280825
358 0.6455280825
359 0.6455280825
360 0.6455280825
361 0.6455280825
362 0.6455280825
363 0.6455280825
364 0.6455280825
365 0.6455280825
366 0.6455280825
367 0.6455280825
368 0.6455280825
369 0.6455280825
370 0.6455280825
371 0.6455280825
372 0.6455280825
373 0.6455280825
374 0.6455280825
375 0.6455280825
376 0.6455280825
377 0.6455280825
378 0.6455280825
379 0.6455280825
380 0.6455280825
381 0.6455280825
382 0.6455280825
383 0.6455280825
384 0.6455280825
385 0.6455280825
386 0.6455280825
387 0.6455280825
388 0.6455280825
389 0.6455280825
390 0.6455280825
391 0.6455280825
392 0.6455280825
393 0.6455280825
394 0.6455280825
395 0.6455280825
396 0.6455280825
397 0.6455280825
398 0.6455280825
399 0.6455280825
400 0.6455280825
401 0.6455280825
402 0.6455280825
403 0.6455280825
404 0.6455280825
405 0.6455280825
406 0.6455280825
407 0.6455280825
408 0.6455280825
409 0.6455280825
410 0.6455280825
411 0.6455280825
412 0.6455280825
413 0.6455280825
414 0.6455280825
415 0.6455280825
416 0.6455280825
417 0.6455280825
418 0.6455280825
419 0.6455280825
420 0.6455280825
421 0.6455280825
422 0.6455280825
423 0.6455280825
424 0.6455280825
425 0.6455280825
426 0.6455280825
427 0.6455280825
428 0.6455280825
429 0.6455280825
430 0.6455280825
431 0.6455280825
432 0.6455280825
433 0.6455280825
434 0.6455280825
435 0.6455280825
436 0.6455280825
437 0.6455280825
438 0.6455280825
439 0.6455280825
440 0.6455280825
441 0.6455280825
442 0.6455280825
443 0.6455280825
444 0.6455280825
445 0.6455280825
446 0.6455280825
447 0.6455280825
448 0.6455280825
449 0.6455280825
450 0.6455280825
451 0.6455280825
452 0.6455280825
453 0.6455280825
454 0.6455280825
455 0.6455280825
456 0.6455280825
457 0.6455280825
458 0.6455280825
459 0.6455280825
460 0.6455280825
461 0.6455280825
462 0.6455280825
463 0.6455280825
464 0.6455280825
465 0.6455280825
466 0.6455280825
467 0.6455280825
468 0.6455280825
469 0.6455280825
470 0.6455280825
471 0.6455280825
472 0.6455280825
473 0.6455280825
474 0.6455280825
475 0.6455280825
476 0.6455280825
477 0.6455280825
478 0.6455280825
479 0.6455280825
480 0.6455280825
481 0.6455280825
482 0.6455280825
483 0.6455280825
484 0.6455280825
485 0.6455280825
486 0.6455280825
487 0.6455280825
488 0.6455280825
489 0.6455280825
490 0.6455280825
491 0.6455280825
492 0.6455280825
493 0.6455280825
494 0.6455280825
495 0.6455280825
496 0.6455280825
497 0.6455280825
498 0.6455280825
499 0.6455280825
500 0.6455280825
501 0.6455280825
502 0.6455280825
503 0.6455280825
504 0.6455280825
505 0.6455280825
506 0.6455280825
507 0.6455280825
508 0.6455280825
509 0.6455280825
510 0.6455280825
511 0.6455280825
512 0.6455280825
513 0.6455280825
514 0.6455280825
515 0.6455280825
516 0.6455280825
517 0.6455280825
518 0.6455280825
519 0.6455280825
520 0.6455280825
521 0.6455280825
522 0.6455280825
523 0.6455280825
524 0.6455280825
525 0.6455280825
526 0.6455280825
527 0.6455280825
528 0.6455280825
529 0.6455280825
530 0.6455280825
531 0.6455280825
532 0.6455280825
533 0.6455280825
534 0.6455280825
535 0.6455280825
536 0.6455280825
537 0.6455280825
538 0.6455280825
539 0.6455280825
540 0.6455280825
541 0.6455280825
542 0.6455280825
543 0.6455280825
544 0.6455280825
545 0.6455280825
546 0.6455280825
547 0.6455280825
548 0.6455280825
549 0.6455280825
550 0.6455280825
551 0.6455280825
552 0.6455280825
553 0.6455280825
554 0.6455280825
555 0.6455280825
556 0.6455280825
557 0.6455280825
558 0.6455280825
559 0.6455280825
560 0.6455280825
561 0.6455280825
562 0.6455280825
563 0.6455280825
564 0.6455280825
565 0.6455280825
566 0.6455280825
567 0.6455280825
568 0.6455280825
569 0.6455280825
570 0.6455280825
571 0.6455280825
572 0.6455280825
573 0.6455280825
574 0.6455280825
575 0.6455280825
576 0.6455280825
577 0.6455280825
578 0.6455280825
579 0.6455280825
580 0.6455280825
581 0.6455280825
582 0.6455280825
583 0.6455280825
584 0.6455280825
585 0.6455280825
586 0.6455280825
587 0.6455280825
588 0.6455280825
589 0.6455280825
590 0.6455280825
591 0.6455280825
592 0.6455280825
593 0.6455280825
594 0.6455280825
595 0.6455280825
596 0.6455280825
597 0.6455280825
598 0.6455280825
599 0.6455280825
600 0.6455280825
601 0.6455280825
602 0.6455280825
603 0.6455280825
604 0.6455280825
605 0.6455280825
606 0.6455280825
607 0.6455280825
608 0.6455280825
609 0.6455280825
610 0.6455280825
611 0.6455280825
612 0.6455280825
613 0.6455280825
614 0.6455280825
615 0.6455280825
616 0.6455280825
617 0.6455280825
618 0.6455280825
619 0.6455280825
620 0.6455280825
621 0.6455280825
622 0.6455280825
623 0.6455280825
624 0.6455280825
625 0.6455280825
626 0.6455280825
627 0.6455280825
628 0.6455280825
629 0.6455280825
630 0.6455280825
631 0.6455280825
632 0.6455280825
633 0.6455280825
634 0.6455280825
635 0.6455280825
636 0.6455280825
637 0.6455280825
638 0.6455280825
639 0.6455280825
640 0.6455280825
641 0.6455280825
642 0.6455280825
643 0.6455280825
644 0.6455280825
645 0.6455280825
646 0.6455280825
647 0.6455280825
648 0.6455280825
649 0.6455280825
650 0.6455280825
651 0.6455280825
652 0.6455280825
653 0.6455280825
654 0.6455280825
655 0.6455280826
656 0.6455280826
657 0.6455280826
658 0.6455280827
659 0.6455280827
660 0.6455280828
661 0.6455280829
662 0.645528083
663 0.6455280831
664 0.6455280833
665 0.6455280835
666 0.6455280837
667 0.6455280841
668 0.6455280845
669 0.6455280849
670 0.6455280856
671 0.6455280863
672 0.6455280872
673 0.6455280884
674 0.6455280898
675 0.6455280916
676 0.6455280938
677 0.6455280964
678 0.6455280997
679 0.6455281037
680 0.6455281087
681 0.6455281148
682 0.6455281222
683 0.6455281313
684 0.6455281424
685 0.645528156
686 0.6455281725
687 0.6455281927
688 0.6455282172
689 0.6455282471
690 0.6455282833
691 0.6455283272
692 0.6455283805
693 0.645528445
694 0.6455285229
695 0.6455286171
696 0.6455287308
697 0.6455288679
698 0.6455290329
699 0.6455292315
700 0.6455294701
701 0.6455297566
702 0.6455301002
703 0.6455305117
704 0.6455310043
705 0.645531593
706 0.6455322962
707 0.645533135
708 0.6455341346
709 0.6455353245
710 0.6455367395
711 0.6455384205
712 0.6455404152
713 0.6455427798
714 0.6455455798
715 0.6455488919
716 0.6455528058
717 0.6455574258
718 0.6455628734
719 0.6455692903
720 0.6455768409
721 0.645585716
722 0.645596137
723 0.6456083601
724 0.6456226818
725 0.6456394446
726 0.6456590438
727 0.6456819349
728 0.6457086425
729 0.6457397698
730 0.6457760097
731 0.6458181568
732 0.6458671221
733 0.6459239478
734 0.6459898257
735 0.6460661162
736 0.6461543709
737 0.6462563573
738 0.6463740859
739 0.6465098415
740 0.6466662171
741 0.6468461521
742 0.6470529741
743 0.6472904463
744 0.6475628187
745 0.6478748854
746 0.6482320475
747 0.6486403827
748 0.6491067211
749 0.6496387292
750 0.6502450015
751 0.6509351605
752 0.6517199665
753 0.6526114363
754 0.6536229736
755 0.6547695096
756 0.6560676558
757 0.6575358692
758 0.6591946313
759 0.66106664
760 0.6631770171
761 0.6655535307
762 0.6682268328
763 0.6712307147
764 0.6746023787
765 0.678382727
766 0.6826166694
767 0.6873534489
768 0.6926469859
769 0.6985562413
770 0.7051455982
771 0.7124852625
772 0.7206516818
773 0.7297279821
774 0.7398044222
775 0.7509788645
776 0.763357261
777 0.7770541539
778 0.7921931882
779 0.8089076357
780 0.8273409271
781 0.8476471903
782 0.8699917924
783 0.8945518812
784 0.9215169243
785 0.9510892407
786 0.9834845207
787 1.018932331
788 1.057676596
789 1.099976059
790 1.146104706
791 1.19635215
792 1.25102398
793 1.310442049
794 1.374944711
795 1.444886987
796 1.520640666
797 1.602594316
798 1.691153215
799 1.786739182
800 1.889790302
801 2.000760547
802 2.120119267
803 2.248350562
804 2.385952515
805 2.533436285
806 2.691325052
807 2.86015281
808 3.040462993
809 3.232806952
810 3.437742247
811 3.655830783
812 3.887636765
813 4.133724483
814 4.394655929
815 4.670988237
816 4.963270961
817 5.272043189
818 5.597830501
819 5.941141785
820 6.302465907
821 6.68226826
822 7.080987201
823 7.499030384
824 7.936771019
825 8.39454406
826 8.872642358
827 9.371312787
828 9.890752374
829 10.43110445
830 10.99245488
831 11.57482831
832 12.17818461
833 12.80241537
834 13.44734063
835 14.11270575
836 14.79817857
837 15.50334674
838 16.22771544
839 16.97070537
840 17.73165102
841 18.50979948
842 19.30430946
843 20.11425088
844 20.93860485
845 21.77626411
846 22.62603399
847 23.48663385
848 24.35669906
849 25.23478347
850 26.11936246
851 27.00883648
852 27.90153515
853 28.79572191
854 29.68959912
855 30.58131377
856 31.4689636
857 32.35060373
858 33.22425372
859 34.08790509
860 34.93952918
861 35.77708539
862 36.59852976
863 37.40182372
864 38.18494326
865 38.94588806
866 39.68269094
867 40.39342729
868 41.07622455
869 41.72927172
870 42.3508287
871 42.93923558
872 43.49292174
873 44.01041464
874 44.49034845
875 44.93147216
876 45.3326575
877 45.69290627
878 46.01135725
879 46.28729258
880 46.52014358
881 46.70949598
882 46.85509449
883 46.95684672
884 47.01482646
885 47.02927621
886 47.00060901
887 46.92940956
888 46.81643455
889 46.66261231
890 46.46904171
891 46.23699026
892 45.96789159
893 45.6633421
894 45.32509704
895 44.95506572
896 44.5553063
897 44.12801967
898 43.67554297
899 43.20034228
900 42.70500498
901 42.19223136
902 41.66482588
903 41.12568791
904 40.57780199
905 40.02422772
906 39.46808927
907 38.91256456
908 38.36087405
909 37.81626932
910 37.28202136
911 36.76140869
912 36.25770516
913 35.77416773
914 35.31402404
915 34.88045989
916 34.47660664
917 34.10552857
918 33.77021027
919 33.47354396
920 33.21831699
921 33.00719931
922 32.84273117
923 32.7273109
924 32.66318298
925 32.65242631
926 32.6969428
927 32.79844629
928 32.95845189
929 33.17826576
930 33.4589754
931 33.8014405
932 34.20628441
933 34.67388632
934 35.20437418
935 35.79761842
936 36.45322655
937 37.17053872
938 37.9486243
939 38.78627946
940 39.68202595
941 40.63411107
942 41.64050878
943 42.69892219
944 43.8067874
945 44.96127854
946 46.15931441
947 47.39756642
948 48.6724679
949 49.98022501
950 51.31682889
951 52.6780693
952 54.05954962
953 55.45670317
954 56.86481081
955 58.27901973
956 59.69436336
957 61.10578242
958 62.50814673
959 63.89627807
960 65.26497353
961 66.60902962
962 67.9232667
963 69.20255372
964 70.44183316
965 71.63614582
966 72.78065557
967 73.87067358
968 74.90168217
969 75.86935787
970 76.76959366
971 77.5985202
972 78.35252583
973 79.02827533
974 79.62272714
975 80.13314898
976 80.55713184
977 80.89260203
978 81.13783139
979 81.29144546
980 81.35242963
981 81.32013311
982 81.19427086
983 80.97492329
984 80.66253384
985 80.25790444
986 79.7621889
987 79.17688421
988 78.50381999
989 77.74514599
990 76.90331783
991 75.98108115
992 74.98145419
993 73.90770901
994 72.76335148
995 71.55210026
996 70.27786474
997 68.94472239
998 67.55689548
999 66.11872743
1000 64.63465893
1001 63.10920403
1002 61.54692642
1003 59.95241591
1004 58.33026542
1005 56.6850486
1006 55.02129812
1007 53.34348494
1008 51.65599849
1009 49.96312803
1010 48.26904517
1011 46.57778771
1012 44.89324483
1013 43.2191437
1014 41.55903756
1015 39.9162953
1016 38.29409249
1017 36.69540401
1018 35.12299813
1019 33.57943205
1020 32.06704894
1021 30.58797636
1022 29.14412603
1023 27.73719489
