#54986 2909.9995868950480218 0.0045701141082743219207 1 1301 16.000049430220818044 1024 7 1 J1713+0747 0.0000000 
0 0.01924900126
1 0.01924900126
2 0.01924900126
3 0.01924900126
4 0.01924900126
5 0.01924900126
6 0.01924900126
7 0.01924900126
8 0.01924900126
9 0.01924900126
10 0.01924900126
11 0.01924900126
12 0.01924900126
13 0.01924900126
14 0.01924900126
15 0.01924900126
16 0.01924900126
17 0.01924900126
18 0.01924900126
19 0.01924900126
20 0.01924900126
21 0.01924900126
22 0.01924900126
23 0.01924900126
24 0.01924900126
25 0.01924900126
26 0.01924900126
27 0.01924900126
28 0.01924900126
29 0.01924900126
30 0.01924900126
31 0.01924900126
32 0.01924900126
33 0.01924900126
34 0.01924900126
35 0.01924900126
36 0.01924900126
37 0.01924900126
38 0.01924900126
39 0.01924900126
40 0.01924900126
41 0.01924900126
42 0.01924900126
43 0.01924900126
44 0.01924900126
45 0.01924900126
46 0.01924900126
47 0.01924900126
48 0.01924900126
49 0.01924900126
50 0.01924900126
51 0.01924900126
52 0.01924900126
53 0.01924900126
54 0.01924900126
55 0.01924900126
56 0.01924900126
57 0.01924900126
58 0.01924900126
59 0.01924900126
60 0.01924900126
61 0.01924900126
62 0.01924900126
63 0.01924900126
64 0.01924900126
65 0.01924900126
66 0.01924900126
67 0.01924900126
68 0.01924900126
69 0.01924900126
70 0.01924900126
71 0.01924900126
72 0.01924900126
73 0.01924900126
74 0.01924900126
75 0.01924900126
76 0.01924900126
77 0.01924900126
78 0.01924900126
79 0.01924900126
80 0.01924900126
81 0.01924900126
82 0.01924900126
83 0.01924900126
84 0.01924900126
85 0.01924900126
86 0.01924900126
87 0.01924900126
88 0.01924900126
89 0.01924900126
90 0.01924900126
91 0.01924900126
92 0.01924900126
93 0.01924900126
94 0.01924900126
95 0.01924900126
96 0.01924900126
97 0.01924900126
98 0.01924900126
99 0.01924900126
100 0.01924900126
101 0.01924900126
102 0.01924900126
103 0.01924900126
104 0.01924900126
105 0.01924900126
106 0.01924900126
107 0.01924900126
108 0.01924900126
109 0.01924900126
110 0.01924900126
111 0.01924900126
112 0.01924900126
113 0.01924900126
114 0.01924900126
115 0.01924900126
116 0.01924900126
117 0.01924900126
118 0.01924900126
119 0.01924900126
120 0.01924900126
121 0.01924900126
122 0.01924900126
123 0.01924900126
124 0.01924900126
125 0.01924900126
126 0.01924900126
127 0.01924900126
128 0.01924900126
129 0.01924900126
130 0.01924900126
131 0.01924900126
132 0.01924900126
133 0.01924900126
134 0.01924900126
135 0.01924900126
136 0.01924900126
137 0.01924900126
138 0.01924900126
139 0.01924900126
140 0.01924900126
141 0.01924900126
142 0.01924900126
143 0.01924900126
144 0.01924900126
145 0.01924900126
146 0.01924900126
147 0.01924900126
148 0.01924900126
149 0.01924900126
150 0.01924900126
151 0.01924900126
152 0.01924900126
153 0.01924900126
154 0.01924900126
155 0.01924900126
156 0.01924900126
157 0.01924900126
158 0.01924900126
159 0.01924900126
160 0.01924900126
161 0.01924900126
162 0.01924900126
163 0.01924900126
164 0.01924900126
165 0.01924900126
166 0.01924900126
167 0.01924900126
168 0.01924900126
169 0.01924900126
170 0.01924900126
171 0.01924900126
172 0.01924900126
173 0.01924900126
174 0.01924900126
175 0.01924900126
176 0.01924900126
177 0.01924900126
178 0.01924900126
179 0.01924900126
180 0.01924900126
181 0.01924900126
182 0.01924900126
183 0.01924900126
184 0.01924900126
185 0.01924900126
186 0.01924900126
187 0.01924900126
188 0.01924900126
189 0.01924900126
190 0.01924900126
191 0.01924900126
192 0.01924900126
193 0.01924900126
194 0.01924900126
195 0.01924900126
196 0.01924900126
197 0.01924900126
198 0.01924900126
199 0.01924900126
200 0.01924900126
201 0.01924900126
202 0.01924900126
203 0.01924900126
204 0.01924900126
205 0.01924900126
206 0.01924900126
207 0.01924900126
208 0.01924900126
209 0.01924900126
210 0.01924900126
211 0.01924900126
212 0.01924900126
213 0.01924900126
214 0.01924900126
215 0.01924900126
216 0.01924900126
217 0.01924900126
218 0.01924900126
219 0.01924900126
220 0.01924900126
221 0.01924900126
222 0.01924900126
223 0.01924900126
224 0.01924900126
225 0.01924900126
226 0.01924900126
227 0.01924900126
228 0.01924900126
229 0.01924900126
230 0.01924900126
231 0.01924900126
232 0.01924900126
233 0.01924900126
234 0.01924900126
235 0.01924900126
236 0.01924900126
237 0.01924900126
238 0.01924900126
239 0.01924900126
240 0.01924900126
241 0.01924900126
242 0.01924900126
243 0.01924900126
244 0.01924900126
245 0.01924900126
246 0.01924900126
247 0.01924900126
248 0.01924900126
249 0.01924900126
250 0.01924900126
251 0.01924900126
252 0.01924900126
253 0.01924900126
254 0.01924900126
255 0.01924900126
256 0.01924900126
257 0.01924900126
258 0.01924900126
259 0.01924900126
260 0.01924900126
261 0.01924900126
262 0.01924900126
263 0.01924900126
264 0.01924900126
265 0.01924900126
266 0.01924900126
267 0.01924900126
268 0.01924900126
269 0.01924900126
270 0.01924900126
271 0.01924900126
272 0.01924900126
273 0.01924900126
274 0.01924900126
275 0.01924900126
276 0.01924900126
277 0.01924900126
278 0.01924900126
279 0.01924900126
280 0.01924900126
281 0.01924900126
282 0.01924900126
283 0.01924900126
284 0.01924900126
285 0.01924900126
286 0.01924900126
287 0.01924900126
288 0.01924900126
289 0.01924900126
290 0.01924900126
291 0.01924900126
292 0.01924900126
293 0.01924900126
294 0.01924900126
295 0.01924900126
296 0.01924900126
297 0.01924900126
298 0.01924900126
299 0.01924900126
300 0.01924900126
301 0.01924900126
302 0.01924900126
303 0.01924900126
304 0.01924900126
305 0.01924900126
306 0.01924900126
307 0.01924900126
308 0.01924900126
309 0.01924900126
310 0.01924900126
311 0.01924900126
312 0.01924900126
313 0.01924900126
314 0.01924900126
315 0.01924900126
316 0.01924900126
317 0.01924900126
318 0.01924900126
319 0.01924900126
320 0.01924900126
321 0.01924900126
322 0.01924900126
323 0.01924900127
324 0.01924900127
325 0.01924900127
326 0.01924900127
327 0.01924900127
328 0.01924900128
329 0.01924900128
330 0.01924900129
331 0.01924900129
332 0.0192490013
333 0.01924900131
334 0.01924900133
335 0.01924900134
336 0.01924900137
337 0.0192490014
338 0.01924900143
339 0.01924900147
340 0.01924900153
341 0.0192490016
342 0.01924900169
343 0.0192490018
344 0.01924900193
345 0.0192490021
346 0.01924900231
347 0.01924900258
348 0.01924900291
349 0.01924900332
350 0.01924900382
351 0.01924900445
352 0.01924900523
353 0.0192490062
354 0.01924900739
355 0.01924900886
356 0.01924901068
357 0.01924901292
358 0.01924901567
359 0.01924901906
360 0.01924902323
361 0.01924902834
362 0.01924903461
363 0.01924904229
364 0.01924905169
365 0.01924906317
366 0.01924907719
367 0.01924909429
368 0.01924911512
369 0.01924914048
370 0.01924917131
371 0.01924920876
372 0.01924925419
373 0.01924930926
374 0.01924937594
375 0.01924945658
376 0.01924955401
377 0.0192496716
378 0.01924981339
379 0.01924998415
380 0.01925018961
381 0.01925043655
382 0.01925073302
383 0.01925108861
384 0.01925151463
385 0.01925202452
386 0.01925263412
387 0.01925336219
388 0.01925423081
389 0.01925526605
390 0.01925649855
391 0.01925796435
392 0.01925970578
393 0.0192617725
394 0.01926422266
395 0.01926712434
396 0.01927055713
397 0.01927461394
398 0.01927940314
399 0.01928505097
400 0.01929170432
401 0.01929953393
402 0.01930873799
403 0.01931954632
404 0.01933222509
405 0.01934708223
406 0.01936447355
407 0.01938480969
408 0.01940856406
409 0.01943628174
410 0.01946858963
411 0.01950620786
412 0.01954996268
413 0.019600801
414 0.01965980666
415 0.01972821883
416 0.01980745251
417 0.01989912161
418 0.02000506464
419 0.0201273735
420 0.0202684255
421 0.02043091902
422 0.02061791322
423 0.02083287197
424 0.02107971268
425 0.02136286022
426 0.02168730652
427 0.02205867633
428 0.02248329957
429 0.02296829092
430 0.02352163715
431 0.02415229283
432 0.024870285
433 0.02568682746
434 0.02661444543
435 0.02766711111
436 0.02886039101
437 0.03021160565
438 0.0317400024
439 0.03346694224
440 0.03541610106
441 0.0376136863
442 0.04008866959
443 0.04287303608
444 0.0460020511
445 0.04951454467
446 0.0534532146
447 0.05786494829
448 0.06280116404
449 0.06831817176
450 0.07447755355
451 0.081346564
452 0.08899855027
453 0.09751339147
454 0.1069779572
455 0.1174865843
456 0.1291415713
457 0.1420536888
458 0.1563427058
459 0.1721379282
460 0.1895787501
461 0.2088152137
462 0.2300085756
463 0.2533318779
464 0.278970519
465 0.3071228218
466 0.3380005945
467 0.3718296805
468 0.4088504914
469 0.4493185188
470 0.4935048194
471 0.5416964667
472 0.5941969636
473 0.6513266091
474 0.7134228117
475 0.7808403426
476 0.8539515212
477 0.9331463243
478 1.018832411
479 1.111435058
480 1.21139699
481 1.319178105
482 1.435255082
483 1.560120861
484 1.694283995
485 1.838267853
486 1.992609682
487 2.157859513
488 2.334578898
489 2.523339488
490 2.72472144
491 2.939311636
492 3.167701736
493 3.410486044
494 3.668259192
495 3.941613644
496 4.231137015
497 4.537409227
498 4.860999479
499 5.202463061
500 5.56233801
501 5.941141619
502 6.339366815
503 6.757478409
504 7.19590925
505 7.655056285
506 8.135276554
507 8.636883133
508 9.160141061
509 9.705263257
510 10.27240646
511 10.86166725
512 11.4730781
513 12.10660359
514 12.76213671
515 13.43949539
516 14.13841923
517 14.85856638
518 15.59951081
519 16.36073982
520 17.14165185
521 17.94155474
522 18.75966427
523 19.59510327
524 20.44690099
525 21.3139931
526 22.1952221
527 23.08933828
528 23.99500117
529 24.91078159
530 25.83516418
531 26.76655056
532 27.70326303
533 28.64354882
534 29.58558489
535 30.52748335
536 31.46729732
537 32.40302738
538 33.33262851
539 34.25401747
540 35.16508069
541 36.06368249
542 36.94767375
543 37.81490091
544 38.6632152
545 39.49048217
546 40.29459145
547 41.07346656
548 41.82507489
549 42.54743773
550 43.23864021
551 43.89684121
552 44.52028315
553 45.1073016
554 45.65633455
555 46.16593155
556 46.63476233
557 47.06162509
558 47.44545437
559 47.78532831
560 48.08047551
561 48.33028112
562 48.53429249
563 48.69222401
564 48.80396133
565 48.8695649
566 48.88927268
567 48.86350214
568 48.79285153
569 48.67810034
570 48.52020894
571 48.32031751
572 48.07974419
573 47.7999824
574 47.48269744
575 47.1297224
576 46.74305324
577 46.32484329
578 45.87739694
579 45.4031628
580 44.90472616
581 44.38480087
582 43.84622068
583 43.29193
584 42.7249742
585 42.14848942
586 41.56569198
587 40.97986728
588 40.39435852
589 39.81255486
590 39.23787947
591 38.67377719
592 38.123702
593 37.59110427
594 37.07941783
595 36.5920469
596 36.13235291
597 35.70364126
598 35.30914798
599 34.95202641
600 34.63533392
601 34.36201866
602 34.13490638
603 33.95668744
604 33.82990393
605 33.75693708
606 33.73999485
607 33.78109988
608 33.88207782
609 34.04454599
610 34.26990263
611 34.55931655
612 34.91371747
613 35.33378695
614 35.8199501
615 36.372368
616 36.99093102
617 37.67525304
618 38.42466667
619 39.23821952
620 40.11467157
621 41.05249376
622 42.04986776
623 43.10468715
624 44.21455978
625 45.37681173
626 46.5884925
627 47.84638182
628 49.14699786
629 50.48660695
630 51.86123488
631 53.26667955
632 54.69852523
633 56.15215824
634 57.62278393
635 59.10544515
636 60.59504194
637 62.08635238
638 63.57405461
639 65.05274982
640 66.51698616
641 67.96128333
642 69.38015792
643 70.76814907
644 72.11984459
645 73.42990714
646 74.69310045
647 75.90431534
648 77.05859537
649 78.15116196
650 79.17743882
651 80.13307544
652 81.01396959
653 81.81628853
654 82.5364889
655 83.171335
656 83.7179155
657 84.17365827
658 84.5363433
659 84.80411369
660 84.97548444
661 85.04934914
662 85.02498439
663 84.90205203
664 84.68059909
665 84.36105542
666 83.94422913
667 83.43129986
668 82.82380982
669 82.12365284
670 81.33306141
671 80.45459186
672 79.49110777
673 78.44576178
674 77.32197601
675 76.123421
676 74.85399369
677 73.51779433
678 72.1191026
679 70.66235318
680 69.15211083
681 67.59304528
682 65.98990604
683 64.34749733
684 62.67065331
685 60.96421379
686 59.23300052
687 57.48179431
688 55.71531305
689 53.93819072
690 52.15495763
691 50.37002189
692 48.58765224
693 46.81196229
694 45.0468963
695 43.29621641
696 41.56349155
697 39.85208783
698 38.16516062
699 36.50564811
700 34.87626654
701 33.27950687
702 31.71763301
703 30.1926814
704 28.70646205
705 27.26056078
706 25.85634275
707 24.49495709
708 23.17734256
709 21.90423417
710 20.67617066
711 19.49350269
712 18.35640175
713 17.26486952
714 16.21874781
715 15.21772872
716 14.26136519
717 13.34908164
718 12.48018471
719 11.65387405
720 10.86925301
721 10.12533917
722 9.4210747
723 8.755336462
724 8.126945755
725 7.534677736
726 6.977270425
727 6.453433271
728 5.961855263
729 5.501212548
730 5.070175546
731 4.667415557
732 4.291610842
733 3.941452186
734 3.615647943
735 3.312928565
736 3.032050633
737 2.771800404
738 2.530996879
739 2.308494424
740 2.103184959
741 1.913999736
742 1.739910739
743 1.579931711
744 1.433118858
745 1.298571245
746 1.175430897
747 1.062882655
748 0.9601537978
749 0.8665134542
750 0.7812718351
751 0.7037793057
752 0.6334253219
753 0.5696372488
754 0.5118790846
755 0.4596501068
756 0.4124834578
757 0.3699446868
758 0.3316302622
759 0.2971660678
760 0.2662058945
761 0.2384299393
762 0.2135433199
763 0.1912746142
764 0.171374431
765 0.153614019
766 0.1377839186
767 0.1236926607
768 0.1111655164
769 0.1000432993
770 0.09018122325
771 0.08144781593
772 0.0737238889
773 0.06690156478
774 0.06088336054
775 0.05558132648
776 0.05091623964
777 0.0468168502
778 0.04321917932
779 0.04006586648
780 0.03730556442
781 0.03489237939
782 0.03278535469
783 0.03094799525
784 0.02934783078
785 0.0279560155
786 0.02674696194
787 0.02569800685
788 0.0247891068
789 0.02400256163
790 0.02332276351
791 0.02273596985
792 0.02223009808
793 0.02179454063
794 0.02141999837
795 0.02109833104
796 0.02082242309
797 0.02058606364
798 0.02038383923
799 0.02021103817
800 0.02006356543
801 0.01993786696
802 0.01983086261
803 0.0197398867
804 0.0196626355
805 0.01959712088
806 0.01954162949
807 0.01949468681
808 0.01945502568
809 0.01942155862
810 0.01939335364
811 0.01936961315
812 0.01934965548
813 0.01933289886
814 0.01931884745
815 0.01930707926
816 0.01929723559
817 0.019289012
818 0.01928215042
819 0.01927643243
820 0.01927167335
821 0.01926771733
822 0.01926443295
823 0.01926170957
824 0.01925945419
825 0.0192575887
826 0.01925604763
827 0.01925477614
828 0.01925372837
829 0.01925286603
830 0.0192521572
831 0.01925157526
832 0.01925109809
833 0.01925070732
834 0.0192503877
835 0.0192501266
836 0.01924991357
837 0.01924973998
838 0.01924959869
839 0.01924948384
840 0.01924939061
841 0.019249315
842 0.01924925377
843 0.01924920425
844 0.01924916424
845 0.01924913196
846 0.01924910595
847 0.01924908501
848 0.01924906818
849 0.01924905467
850 0.01924904383
851 0.01924903515
852 0.01924902821
853 0.01924902267
854 0.01924901824
855 0.01924901471
856 0.01924901191
857 0.01924900968
858 0.0192490079
859 0.0192490065
860 0.01924900539
861 0.01924900451
862 0.01924900381
863 0.01924900326
864 0.01924900283
865 0.01924900249
866 0.01924900222
867 0.01924900201
868 0.01924900185
869 0.01924900172
870 0.01924900162
871 0.01924900154
872 0.01924900147
873 0.01924900143
874 0.01924900139
875 0.01924900136
876 0.01924900134
877 0.01924900132
878 0.01924900131
879 0.0192490013
880 0.01924900129
881 0.01924900128
882 0.01924900128
883 0.01924900127
884 0.01924900127
885 0.01924900127
886 0.01924900127
887 0.01924900126
888 0.01924900126
889 0.01924900126
890 0.01924900126
891 0.01924900126
892 0.01924900126
893 0.01924900126
894 0.01924900126
895 0.01924900126
896 0.01924900126
897 0.01924900126
898 0.01924900126
899 0.01924900126
900 0.01924900126
901 0.01924900126
902 0.01924900126
903 0.01924900126
904 0.01924900126
905 0.01924900126
906 0.01924900126
907 0.01924900126
908 0.01924900126
909 0.01924900126
910 0.01924900126
911 0.01924900126
912 0.01924900126
913 0.01924900126
914 0.01924900126
915 0.01924900126
916 0.01924900126
917 0.01924900126
918 0.01924900126
919 0.01924900126
920 0.01924900126
921 0.01924900126
922 0.01924900126
923 0.01924900126
924 0.01924900126
925 0.01924900126
926 0.01924900126
927 0.01924900126
928 0.01924900126
929 0.01924900126
930 0.01924900126
931 0.01924900126
932 0.01924900126
933 0.01924900126
934 0.01924900126
935 0.01924900126
936 0.01924900126
937 0.01924900126
938 0.01924900126
939 0.01924900126
940 0.01924900126
941 0.01924900126
942 0.01924900126
943 0.01924900126
944 0.01924900126
945 0.01924900126
946 0.01924900126
947 0.01924900126
948 0.01924900126
949 0.01924900126
950 0.01924900126
951 0.01924900126
952 0.01924900126
953 0.01924900126
954 0.01924900126
955 0.01924900126
956 0.01924900126
957 0.01924900126
958 0.01924900126
959 0.01924900126
960 0.01924900126
961 0.01924900126
962 0.01924900126
963 0.01924900126
964 0.01924900126
965 0.01924900126
966 0.01924900126
967 0.01924900126
968 0.01924900126
969 0.01924900126
970 0.01924900126
971 0.01924900126
972 0.01924900126
973 0.01924900126
974 0.01924900126
975 0.01924900126
976 0.01924900126
977 0.01924900126
978 0.01924900126
979 0.01924900126
980 0.01924900126
981 0.01924900126
982 0.01924900126
983 0.01924900126
984 0.01924900126
985 0.01924900126
986 0.01924900126
987 0.01924900126
988 0.01924900126
989 0.01924900126
990 0.01924900126
991 0.01924900126
992 0.01924900126
993 0.01924900126
994 0.01924900126
995 0.01924900126
996 0.01924900126
997 0.01924900126
998 0.01924900126
999 0.01924900126
1000 0.01924900126
1001 0.01924900126
1002 0.01924900126
1003 0.01924900126
1004 0.01924900126
1005 0.01924900126
1006 0.01924900126
1007 0.01924900126
1008 0.01924900126
1009 0.01924900126
1010 0.01924900126
1011 0.01924900126
1012 0.01924900126
1013 0.01924900126
1014 0.01924900126
1015 0.01924900126
1016 0.01924900126
1017 0.01924900126
1018 0.01924900126
1019 0.01924900126
1020 0.01924900126
1021 0.01924900126
1022 0.01924900126
1023 0.01924900126
