#55029 2909.9994672126722046 0.0045703710662208909057 1 1493 16.000049430220818044 1024 7 1 J1713+0747 0.0000000 
0 71.37629071
1 70.96445913
2 70.47215846
3 69.90091061
4 69.25252749
5 68.52909888
6 67.73297881
7 66.86677049
8 65.93331007
9 64.93564913
10 63.87703623
11 62.76089764
12 61.59081722
13 60.37051592
14 59.10383072
15 57.79469343
16 56.44710935
17 55.06513597
18 53.65286198
19 52.21438649
20 50.75379888
21 49.27515914
22 47.7824791
23 46.27970438
24 44.77069735
25 43.25922117
26 41.74892489
27 40.2433298
28 38.74581698
29 37.25961619
30 35.78779604
31 34.33325552
32 32.89871688
33 31.48671988
34 30.09961728
35 28.73957176
36 27.40855399
37 26.10834203
38 24.84052181
39 23.6064888
40 22.40745066
41 21.24443096
42 20.11827367
43 19.02964862
44 17.97905758
45 16.96684108
46 15.99318578
47 15.05813227
48 14.16158341
49 13.30331286
50 12.48297392
51 11.70010855
52 10.95415643
53 10.24446412
54 9.570294102
55 8.930833766
56 8.32520423
57 7.752468947
58 7.211642053
59 6.701696424
60 6.221571402
61 5.770180156
62 5.346416657
63 4.94916225
64 4.577291796
65 4.22967939
66 3.905203633
67 3.602752464
68 3.321227556
69 3.05954827
70 2.816655187
71 2.591513222
72 2.383114334
73 2.190479852
74 2.012662422
75 1.848747616
76 1.697855197
77 1.559140078
78 1.431792994
79 1.315040902
80 1.208147139
81 1.110411353
82 1.021169237
83 0.939792078
84 0.8656861468
85 0.7982919488
86 0.737083353
87 0.6815666178
88 0.6312793307
89 0.5857892792
90 0.5446932654
91 0.5076158806
92 0.4742082513
93 0.4441467683
94 0.4171318097
95 0.3928864674
96 0.3711552847
97 0.3517030128
98 0.3343133928
99 0.3187879683
100 0.304944933
101 0.2926180176
102 0.281655419
103 0.2719187731
104 0.2632821746
105 0.2556312436
106 0.2488622403
107 0.2428812276
108 0.2376032817
109 0.2329517499
110 0.2288575552
111 0.225258545
112 0.2220988854
113 0.2193284966
114 0.2169025293
115 0.2147808806
116 0.2129277465
117 0.2113112098
118 0.2099028613
119 0.2086774522
120 0.2076125767
121 0.2066883811
122 0.2058872996
123 0.2051938136
124 0.2045942334
125 0.2040765002
126 0.2036300078
127 0.2032454407
128 0.2029146294
129 0.2026304194
130 0.2023865546
131 0.2021775718
132 0.2019987075
133 0.2018458141
134 0.2017152852
135 0.2016039899
136 0.2015092135
137 0.2014286056
138 0.2013601344
139 0.2013020455
140 0.2012528266
141 0.2012111755
142 0.2011759729
143 0.2011462577
144 0.2011212059
145 0.2011001122
146 0.2010823733
147 0.2010674745
148 0.2010549766
149 0.2010445058
150 0.2010357443
151 0.2010284223
152 0.2010223108
153 0.2010172161
154 0.2010129744
155 0.2010094472
156 0.2010065178
157 0.2010040879
158 0.2010020749
159 0.2010004093
160 0.2009990329
161 0.2009978969
162 0.2009969604
163 0.2009961894
164 0.2009955554
165 0.2009950347
166 0.2009946077
167 0.2009942578
168 0.2009939716
169 0.2009937376
170 0.2009935467
171 0.2009933911
172 0.2009932643
173 0.2009931613
174 0.2009930776
175 0.2009930098
176 0.2009929548
177 0.2009929103
178 0.2009928743
179 0.2009928453
180 0.2009928219
181 0.2009928031
182 0.2009927879
183 0.2009927757
184 0.200992766
185 0.2009927582
186 0.2009927519
187 0.2009927469
188 0.2009927429
189 0.2009927397
190 0.2009927372
191 0.2009927352
192 0.2009927336
193 0.2009927323
194 0.2009927313
195 0.2009927305
196 0.2009927299
197 0.2009927294
198 0.200992729
199 0.2009927287
200 0.2009927285
201 0.2009927283
202 0.2009927281
203 0.200992728
204 0.2009927279
205 0.2009927278
206 0.2009927278
207 0.2009927277
208 0.2009927277
209 0.2009927277
210 0.2009927277
211 0.2009927276
212 0.2009927276
213 0.2009927276
214 0.2009927276
215 0.2009927276
216 0.2009927276
217 0.2009927276
218 0.2009927276
219 0.2009927276
220 0.2009927276
221 0.2009927276
222 0.2009927276
223 0.2009927276
224 0.2009927276
225 0.2009927276
226 0.2009927276
227 0.2009927276
228 0.2009927276
229 0.2009927276
230 0.2009927276
231 0.2009927276
232 0.2009927276
233 0.2009927276
234 0.2009927276
235 0.2009927276
236 0.2009927276
237 0.2009927276
238 0.2009927276
239 0.2009927276
240 0.2009927276
241 0.2009927276
242 0.2009927276
243 0.2009927276
244 0.2009927276
245 0.2009927276
246 0.2009927276
247 0.2009927276
248 0.2009927276
249 0.2009927276
250 0.2009927276
251 0.2009927276
252 0.2009927276
253 0.2009927276
254 0.2009927276
255 0.2009927276
256 0.2009927276
257 0.2009927276
258 0.2009927276
259 0.2009927276
260 0.2009927276
261 0.2009927276
262 0.2009927276
263 0.2009927276
264 0.2009927276
265 0.2009927276
266 0.2009927276
267 0.2009927276
268 0.2009927276
269 0.2009927276
270 0.2009927276
271 0.2009927276
272 0.2009927276
273 0.2009927276
274 0.2009927276
275 0.2009927276
276 0.2009927276
277 0.2009927276
278 0.2009927276
279 0.2009927276
280 0.2009927276
281 0.2009927276
282 0.2009927276
283 0.2009927276
284 0.2009927276
285 0.2009927276
286 0.2009927276
287 0.2009927276
288 0.2009927276
289 0.2009927276
290 0.2009927276
291 0.2009927276
292 0.2009927276
293 0.2009927276
294 0.2009927276
295 0.2009927276
296 0.2009927276
297 0.2009927276
298 0.2009927276
299 0.2009927276
300 0.2009927276
301 0.2009927276
302 0.2009927276
303 0.2009927276
304 0.2009927276
305 0.2009927276
306 0.2009927276
307 0.2009927276
308 0.2009927276
309 0.2009927276
310 0.2009927276
311 0.2009927276
312 0.2009927276
313 0.2009927276
314 0.2009927276
315 0.2009927276
316 0.2009927276
317 0.2009927276
318 0.2009927276
319 0.2009927276
320 0.2009927276
321 0.2009927276
322 0.2009927276
323 0.2009927276
324 0.2009927276
325 0.2009927276
326 0.2009927276
327 0.2009927276
328 0.2009927276
329 0.2009927276
330 0.2009927276
331 0.2009927276
332 0.2009927276
333 0.2009927276
334 0.2009927276
335 0.2009927276
336 0.2009927276
337 0.2009927276
338 0.2009927276
339 0.2009927276
340 0.2009927276
341 0.2009927276
342 0.2009927276
343 0.2009927276
344 0.2009927276
345 0.2009927276
346 0.2009927276
347 0.2009927276
348 0.2009927276
349 0.2009927276
350 0.2009927276
351 0.2009927276
352 0.2009927276
353 0.2009927276
354 0.2009927276
355 0.2009927276
356 0.2009927276
357 0.2009927276
358 0.2009927276
359 0.2009927276
360 0.2009927276
361 0.2009927276
362 0.2009927276
363 0.2009927276
364 0.2009927276
365 0.2009927276
366 0.2009927276
367 0.2009927276
368 0.2009927276
369 0.2009927276
370 0.2009927276
371 0.2009927276
372 0.2009927276
373 0.2009927276
374 0.2009927276
375 0.2009927276
376 0.2009927276
377 0.2009927276
378 0.2009927276
379 0.2009927276
380 0.2009927276
381 0.2009927276
382 0.2009927276
383 0.2009927276
384 0.2009927276
385 0.2009927276
386 0.2009927276
387 0.2009927276
388 0.2009927276
389 0.2009927276
390 0.2009927276
391 0.2009927276
392 0.2009927276
393 0.2009927276
394 0.2009927276
395 0.2009927276
396 0.2009927276
397 0.2009927276
398 0.2009927276
399 0.2009927276
400 0.2009927276
401 0.2009927276
402 0.2009927276
403 0.2009927276
404 0.2009927276
405 0.2009927276
406 0.2009927276
407 0.2009927276
408 0.2009927276
409 0.2009927276
410 0.2009927276
411 0.2009927276
412 0.2009927276
413 0.2009927276
414 0.2009927276
415 0.2009927276
416 0.2009927276
417 0.2009927276
418 0.2009927276
419 0.2009927276
420 0.2009927276
421 0.2009927276
422 0.2009927276
423 0.2009927276
424 0.2009927276
425 0.2009927276
426 0.2009927276
427 0.2009927276
428 0.2009927276
429 0.2009927276
430 0.2009927276
431 0.2009927276
432 0.2009927276
433 0.2009927276
434 0.2009927276
435 0.2009927276
436 0.2009927276
437 0.2009927276
438 0.2009927276
439 0.2009927276
440 0.2009927276
441 0.2009927276
442 0.2009927276
443 0.2009927276
444 0.2009927276
445 0.2009927276
446 0.2009927276
447 0.2009927276
448 0.2009927276
449 0.2009927276
450 0.2009927276
451 0.2009927276
452 0.2009927276
453 0.2009927276
454 0.2009927276
455 0.2009927276
456 0.2009927276
457 0.2009927276
458 0.2009927276
459 0.2009927276
460 0.2009927276
461 0.2009927276
462 0.2009927276
463 0.2009927276
464 0.2009927276
465 0.2009927276
466 0.2009927276
467 0.2009927276
468 0.2009927276
469 0.2009927276
470 0.2009927276
471 0.2009927276
472 0.2009927276
473 0.2009927276
474 0.2009927276
475 0.2009927276
476 0.2009927276
477 0.2009927276
478 0.2009927276
479 0.2009927276
480 0.2009927276
481 0.2009927276
482 0.2009927276
483 0.2009927276
484 0.2009927276
485 0.2009927276
486 0.2009927276
487 0.2009927276
488 0.2009927276
489 0.2009927276
490 0.2009927276
491 0.2009927276
492 0.2009927276
493 0.2009927276
494 0.2009927276
495 0.2009927276
496 0.2009927276
497 0.2009927276
498 0.2009927276
499 0.2009927276
500 0.2009927276
501 0.2009927276
502 0.2009927276
503 0.2009927276
504 0.2009927276
505 0.2009927276
506 0.2009927276
507 0.2009927276
508 0.2009927276
509 0.2009927276
510 0.2009927276
511 0.2009927276
512 0.2009927276
513 0.2009927276
514 0.2009927276
515 0.2009927276
516 0.2009927276
517 0.2009927276
518 0.2009927276
519 0.2009927276
520 0.2009927276
521 0.2009927276
522 0.2009927276
523 0.2009927276
524 0.2009927276
525 0.2009927276
526 0.2009927276
527 0.2009927276
528 0.2009927276
529 0.2009927276
530 0.2009927276
531 0.2009927276
532 0.2009927276
533 0.2009927276
534 0.2009927276
535 0.2009927276
536 0.2009927276
537 0.2009927276
538 0.2009927276
539 0.2009927276
540 0.2009927276
541 0.2009927276
542 0.2009927276
543 0.2009927276
544 0.2009927276
545 0.2009927276
546 0.2009927276
547 0.2009927276
548 0.2009927276
549 0.2009927276
550 0.2009927276
551 0.2009927276
552 0.2009927276
553 0.2009927276
554 0.2009927276
555 0.2009927276
556 0.2009927276
557 0.2009927276
558 0.2009927276
559 0.2009927276
560 0.2009927276
561 0.2009927276
562 0.2009927276
563 0.2009927276
564 0.2009927276
565 0.2009927276
566 0.2009927276
567 0.2009927276
568 0.2009927276
569 0.2009927276
570 0.2009927276
571 0.2009927276
572 0.2009927276
573 0.2009927276
574 0.2009927276
575 0.2009927276
576 0.2009927276
577 0.2009927276
578 0.2009927276
579 0.2009927276
580 0.2009927276
581 0.2009927276
582 0.2009927276
583 0.2009927276
584 0.2009927276
585 0.2009927276
586 0.2009927276
587 0.2009927276
588 0.2009927276
589 0.2009927276
590 0.2009927276
591 0.2009927276
592 0.2009927276
593 0.2009927276
594 0.2009927276
595 0.2009927276
596 0.2009927276
597 0.2009927276
598 0.2009927276
599 0.2009927276
600 0.2009927276
601 0.2009927276
602 0.2009927276
603 0.2009927276
604 0.2009927276
605 0.2009927276
606 0.2009927276
607 0.2009927276
608 0.2009927276
609 0.2009927276
610 0.2009927276
611 0.2009927276
612 0.2009927276
613 0.2009927276
614 0.2009927276
615 0.2009927276
616 0.2009927276
617 0.2009927276
618 0.2009927276
619 0.2009927276
620 0.2009927276
621 0.2009927276
622 0.2009927276
623 0.2009927276
624 0.2009927276
625 0.2009927276
626 0.2009927276
627 0.2009927276
628 0.2009927276
629 0.2009927276
630 0.2009927276
631 0.2009927276
632 0.2009927276
633 0.2009927276
634 0.2009927276
635 0.2009927276
636 0.2009927276
637 0.2009927276
638 0.2009927276
639 0.2009927276
640 0.2009927276
641 0.2009927276
642 0.2009927276
643 0.2009927276
644 0.2009927276
645 0.2009927276
646 0.2009927276
647 0.2009927276
648 0.2009927276
649 0.2009927276
650 0.2009927276
651 0.2009927276
652 0.2009927276
653 0.2009927276
654 0.2009927276
655 0.2009927276
656 0.2009927276
657 0.2009927276
658 0.2009927276
659 0.2009927276
660 0.2009927276
661 0.2009927276
662 0.2009927276
663 0.2009927276
664 0.2009927276
665 0.2009927276
666 0.2009927276
667 0.2009927276
668 0.2009927276
669 0.2009927276
670 0.2009927276
671 0.2009927276
672 0.2009927276
673 0.2009927276
674 0.2009927276
675 0.2009927276
676 0.2009927276
677 0.2009927276
678 0.2009927276
679 0.2009927276
680 0.2009927276
681 0.2009927276
682 0.2009927276
683 0.2009927276
684 0.2009927276
685 0.2009927276
686 0.2009927276
687 0.2009927276
688 0.2009927276
689 0.2009927276
690 0.2009927276
691 0.2009927276
692 0.2009927276
693 0.2009927277
694 0.2009927277
695 0.2009927277
696 0.2009927277
697 0.2009927278
698 0.2009927278
699 0.2009927279
700 0.2009927279
701 0.200992728
702 0.2009927281
703 0.2009927283
704 0.2009927284
705 0.2009927286
706 0.2009927289
707 0.2009927292
708 0.2009927296
709 0.2009927301
710 0.2009927308
711 0.2009927315
712 0.2009927325
713 0.2009927337
714 0.2009927351
715 0.2009927369
716 0.2009927391
717 0.2009927418
718 0.2009927451
719 0.2009927492
720 0.2009927542
721 0.2009927604
722 0.2009927679
723 0.2009927771
724 0.2009927883
725 0.200992802
726 0.2009928187
727 0.2009928391
728 0.2009928638
729 0.2009928939
730 0.2009929303
731 0.2009929745
732 0.2009930281
733 0.2009930928
734 0.2009931711
735 0.2009932656
736 0.2009933796
737 0.200993517
738 0.2009936822
739 0.2009938809
740 0.2009941196
741 0.2009944059
742 0.200994749
743 0.2009951597
744 0.200995651
745 0.2009962379
746 0.2009969382
747 0.2009977732
748 0.2009987676
749 0.2009999505
750 0.2010013563
751 0.2010030252
752 0.2010050043
753 0.2010073487
754 0.2010101232
755 0.2010134029
756 0.2010172758
757 0.2010218445
758 0.2010272282
759 0.2010335655
760 0.2010410174
761 0.2010497709
762 0.2010600422
763 0.2010720818
764 0.2010861791
765 0.2011026684
766 0.2011219349
767 0.2011444227
768 0.2011706424
769 0.2012011807
770 0.2012367112
771 0.2012780059
772 0.2013259491
773 0.2013815516
774 0.2014459686
775 0.2015205177
776 0.2016067005
777 0.2017062263
778 0.2018210379
779 0.2019533416
780 0.2021056394
781 0.202280765
782 0.2024819248
783 0.2027127411
784 0.2029773024
785 0.2032802167
786 0.2036266718
787 0.2040225002
788 0.2044742522
789 0.2049892739
790 0.2055757943
791 0.2062430197
792 0.2070012364
793 0.2078619234
794 0.2088378738
795 0.2099433274
796 0.2111941139
797 0.2126078074
798 0.2142038937
799 0.2160039502
800 0.2180318384
801 0.220313912
802 0.2228792376
803 0.2257598322
804 0.2289909148
805 0.2326111751
806 0.2366630574
807 0.2411930614
808 0.2462520604
809 0.251895635
810 0.2581844245
811 0.2651844945
812 0.2729677204
813 0.2816121874
814 0.2912026045
815 0.3018307338
816 0.3135958317
817 0.326605103
818 0.3409741646
819 0.3568275174
820 0.3742990253
821 0.3935323976
822 0.4146816724
823 0.4379116995
824 0.4633986165
825 0.4913303182
826 0.5219069116
827 0.5553411557
828 0.591858878
829 0.6316993664
830 0.6751157275
831 0.7223752093
832 0.773759479
833 0.829564853
834 0.89010247
835 0.9556984023
836 1.026693698
837 1.103444347
838 1.186321162
839 1.275709576
840 1.372009333
841 1.475634081
842 1.587010852
843 1.706579428
844 1.834791574
845 1.972110154
846 2.119008098
847 2.275967239
848 2.443477002
849 2.622032941
850 2.812135134
851 3.014286412
852 3.228990446
853 3.456749674
854 3.698063078
855 3.953423805
856 4.223316655
857 4.508215409
858 4.808580043
859 5.124853798
860 5.457460147
861 5.806799646
862 6.173246701
863 6.557146249
864 6.958810381
865 7.378514922
866 7.816495973
867 8.272946463
868 8.748012703
869 9.241790985
870 9.75432424
871 10.28559878
872 10.83554117
873 11.40401521
874 11.9908191
875 12.59568279
876 13.21826558
877 13.85815391
878 14.51485948
879 15.18781764
880 15.8763861
881 16.579844
882 17.29739137
883 18.02814896
884 18.77115847
885 19.52538324
886 20.28970939
887 21.06294734
888 21.84383395
889 22.63103495
890 23.42314797
891 24.21870605
892 25.01618153
893 25.81399052
894 26.61049773
895 27.40402184
896 28.19284123
897 28.97520013
898 29.74931519
899 30.51338239
900 31.26558423
901 32.00409732
902 32.7271001
903 33.43278092
904 34.11934616
905 34.7850286
906 35.42809583
907 36.04685869
908 36.63967974
909 37.20498169
910 37.74125571
911 38.24706955
912 38.7210756
913 39.16201855
914 39.56874286
915 39.94019989
916 40.27545462
917 40.573692
918 40.83422277
919 41.05648891
920 41.24006843
921 41.38467975
922 41.49018537
923 41.55659501
924 41.58406817
925 41.57291595
926 41.52360229
927 41.43674457
928 41.3131135
929 41.15363236
930 40.95937564
931 40.73156695
932 40.47157633
933 40.18091692
934 39.86124099
935 39.51433545
936 39.14211667
937 38.74662479
938 38.33001754
939 37.89456349
940 37.4426348
941 36.97669958
942 36.49931375
943 36.01311256
944 35.52080164
945 35.02514781
946 34.5289695
947 34.03512689
948 33.54651179
949 33.06603729
950 32.5966272
951 32.14120528
952 31.70268435
953 31.28395525
954 30.88787569
955 30.51725906
956 30.17486315
957 29.86337888
958 29.58541901
959 29.34350692
960 29.14006546
961 28.97740585
962 28.8577168
963 28.78305372
964 28.75532821
965 28.77629773
966 28.84755566
967 28.9705216
968 29.1464321
969 29.37633183
970 29.66106521
971 30.0012686
972 30.39736309
973 30.84954789
974 31.35779446
975 31.92184142
976 32.54119024
977 33.21510184
978 33.94259407
979 34.72244028
980 35.55316878
981 36.43306354
982 37.36016591
983 38.33227754
984 39.34696457
985 40.40156293
986 41.49318501
987 42.61872753
988 43.7748807
989 44.95813867
990 46.16481119
991 47.39103655
992 48.63279572
993 49.88592755
994 51.14614525
995 52.40905371
996 53.67016794
997 54.92493228
998 56.16874044
999 57.39695621
1000 58.60493472
1001 59.78804411
1002 60.94168757
1003 62.06132549
1004 63.14249771
1005 64.18084554
1006 65.17213366
1007 66.1122715
1008 66.99733407
1009 67.82358218
1010 68.58748164
1011 69.28572159
1012 69.91523168
1013 70.47319791
1014 70.95707716
1015 71.36461022
1016 71.6938332
1017 71.94308727
1018 72.11102664
1019 72.19662472
1020 72.19917843
1021 72.11831057
1022 71.95397032
1023 71.7064318
