#55095 2910.0014541361520333 0.0045705106267825831509 1 1389 16.000049430220818044 1024 7 1 J1713+0747 0.0000000 
0 -0.4332192958
1 -0.4332192958
2 -0.4332192958
3 -0.4332192958
4 -0.4332192958
5 -0.4332192958
6 -0.4332192958
7 -0.4332192958
8 -0.4332192958
9 -0.4332192958
10 -0.4332192958
11 -0.4332192958
12 -0.4332192958
13 -0.4332192958
14 -0.4332192958
15 -0.4332192958
16 -0.4332192958
17 -0.4332192958
18 -0.4332192958
19 -0.4332192958
20 -0.4332192958
21 -0.4332192958
22 -0.4332192958
23 -0.4332192958
24 -0.4332192958
25 -0.4332192958
26 -0.4332192958
27 -0.4332192958
28 -0.4332192958
29 -0.4332192958
30 -0.4332192958
31 -0.4332192958
32 -0.4332192958
33 -0.4332192958
34 -0.4332192958
35 -0.4332192958
36 -0.4332192958
37 -0.4332192958
38 -0.4332192958
39 -0.4332192958
40 -0.4332192958
41 -0.4332192958
42 -0.4332192958
43 -0.4332192958
44 -0.4332192958
45 -0.4332192958
46 -0.4332192958
47 -0.4332192958
48 -0.4332192958
49 -0.4332192958
50 -0.4332192958
51 -0.4332192958
52 -0.4332192958
53 -0.4332192958
54 -0.4332192958
55 -0.4332192958
56 -0.4332192958
57 -0.4332192958
58 -0.4332192958
59 -0.4332192958
60 -0.4332192958
61 -0.4332192958
62 -0.4332192958
63 -0.4332192958
64 -0.4332192958
65 -0.4332192958
66 -0.4332192958
67 -0.4332192958
68 -0.4332192958
69 -0.4332192958
70 -0.4332192958
71 -0.4332192958
72 -0.4332192958
73 -0.4332192958
74 -0.4332192958
75 -0.4332192958
76 -0.4332192958
77 -0.4332192958
78 -0.4332192958
79 -0.4332192958
80 -0.4332192958
81 -0.4332192958
82 -0.4332192958
83 -0.4332192958
84 -0.4332192958
85 -0.4332192958
86 -0.4332192958
87 -0.4332192958
88 -0.4332192958
89 -0.4332192958
90 -0.4332192958
91 -0.4332192958
92 -0.4332192958
93 -0.4332192958
94 -0.4332192958
95 -0.4332192958
96 -0.4332192958
97 -0.4332192958
98 -0.4332192958
99 -0.4332192958
100 -0.4332192958
101 -0.4332192958
102 -0.4332192958
103 -0.4332192958
104 -0.4332192958
105 -0.4332192958
106 -0.4332192958
107 -0.4332192958
108 -0.4332192958
109 -0.4332192958
110 -0.4332192958
111 -0.4332192958
112 -0.4332192958
113 -0.4332192958
114 -0.4332192958
115 -0.4332192958
116 -0.4332192958
117 -0.4332192958
118 -0.4332192958
119 -0.4332192958
120 -0.4332192958
121 -0.4332192958
122 -0.4332192958
123 -0.4332192958
124 -0.4332192958
125 -0.4332192958
126 -0.4332192958
127 -0.4332192958
128 -0.4332192958
129 -0.4332192958
130 -0.4332192958
131 -0.4332192958
132 -0.4332192958
133 -0.4332192958
134 -0.4332192958
135 -0.4332192958
136 -0.4332192958
137 -0.4332192958
138 -0.4332192958
139 -0.4332192958
140 -0.4332192958
141 -0.4332192958
142 -0.4332192958
143 -0.4332192958
144 -0.4332192958
145 -0.4332192958
146 -0.4332192958
147 -0.4332192958
148 -0.4332192958
149 -0.4332192958
150 -0.4332192958
151 -0.4332192958
152 -0.4332192958
153 -0.4332192958
154 -0.4332192958
155 -0.4332192958
156 -0.4332192958
157 -0.4332192958
158 -0.4332192958
159 -0.4332192958
160 -0.4332192958
161 -0.4332192958
162 -0.4332192958
163 -0.4332192958
164 -0.4332192958
165 -0.4332192958
166 -0.4332192958
167 -0.4332192958
168 -0.4332192958
169 -0.4332192958
170 -0.4332192958
171 -0.4332192958
172 -0.4332192958
173 -0.4332192958
174 -0.4332192958
175 -0.4332192958
176 -0.4332192958
177 -0.4332192958
178 -0.4332192958
179 -0.4332192958
180 -0.4332192958
181 -0.4332192958
182 -0.4332192958
183 -0.4332192958
184 -0.4332192958
185 -0.4332192958
186 -0.4332192958
187 -0.4332192958
188 -0.4332192958
189 -0.4332192958
190 -0.4332192958
191 -0.4332192958
192 -0.4332192958
193 -0.4332192958
194 -0.4332192958
195 -0.4332192958
196 -0.4332192958
197 -0.4332192958
198 -0.4332192958
199 -0.4332192958
200 -0.4332192958
201 -0.4332192958
202 -0.4332192958
203 -0.4332192958
204 -0.4332192958
205 -0.4332192958
206 -0.4332192958
207 -0.4332192958
208 -0.4332192958
209 -0.4332192958
210 -0.4332192958
211 -0.4332192958
212 -0.4332192958
213 -0.4332192958
214 -0.4332192958
215 -0.4332192958
216 -0.4332192958
217 -0.4332192958
218 -0.4332192958
219 -0.4332192958
220 -0.4332192958
221 -0.4332192958
222 -0.4332192958
223 -0.4332192958
224 -0.4332192958
225 -0.4332192958
226 -0.4332192958
227 -0.4332192958
228 -0.4332192958
229 -0.4332192958
230 -0.4332192958
231 -0.4332192958
232 -0.4332192958
233 -0.4332192958
234 -0.4332192958
235 -0.4332192958
236 -0.4332192958
237 -0.4332192958
238 -0.4332192958
239 -0.4332192958
240 -0.4332192958
241 -0.4332192958
242 -0.4332192958
243 -0.4332192958
244 -0.4332192958
245 -0.4332192958
246 -0.4332192958
247 -0.4332192958
248 -0.4332192958
249 -0.4332192958
250 -0.4332192958
251 -0.4332192958
252 -0.4332192958
253 -0.4332192958
254 -0.4332192958
255 -0.4332192958
256 -0.4332192958
257 -0.4332192958
258 -0.4332192958
259 -0.4332192958
260 -0.4332192958
261 -0.4332192958
262 -0.4332192958
263 -0.4332192958
264 -0.4332192958
265 -0.4332192958
266 -0.4332192958
267 -0.4332192958
268 -0.4332192958
269 -0.4332192958
270 -0.4332192958
271 -0.4332192958
272 -0.4332192958
273 -0.4332192958
274 -0.4332192958
275 -0.4332192958
276 -0.4332192958
277 -0.4332192958
278 -0.4332192958
279 -0.4332192958
280 -0.4332192958
281 -0.4332192958
282 -0.4332192958
283 -0.4332192958
284 -0.4332192958
285 -0.4332192958
286 -0.4332192958
287 -0.4332192958
288 -0.4332192958
289 -0.4332192958
290 -0.4332192958
291 -0.4332192958
292 -0.4332192958
293 -0.4332192958
294 -0.4332192958
295 -0.4332192958
296 -0.4332192958
297 -0.4332192958
298 -0.4332192958
299 -0.4332192958
300 -0.4332192958
301 -0.4332192958
302 -0.4332192958
303 -0.4332192958
304 -0.4332192958
305 -0.4332192958
306 -0.4332192958
307 -0.4332192958
308 -0.4332192958
309 -0.4332192958
310 -0.4332192958
311 -0.4332192958
312 -0.4332192958
313 -0.4332192957
314 -0.4332192957
315 -0.4332192957
316 -0.4332192957
317 -0.4332192956
318 -0.4332192956
319 -0.4332192955
320 -0.4332192954
321 -0.4332192953
322 -0.4332192952
323 -0.433219295
324 -0.4332192948
325 -0.4332192946
326 -0.4332192943
327 -0.4332192939
328 -0.4332192934
329 -0.4332192928
330 -0.4332192921
331 -0.4332192912
332 -0.4332192901
333 -0.4332192887
334 -0.433219287
335 -0.4332192849
336 -0.4332192823
337 -0.4332192791
338 -0.4332192752
339 -0.4332192704
340 -0.4332192645
341 -0.4332192573
342 -0.4332192485
343 -0.4332192377
344 -0.4332192245
345 -0.4332192085
346 -0.4332191889
347 -0.4332191651
348 -0.4332191362
349 -0.433219101
350 -0.4332190584
351 -0.4332190067
352 -0.4332189442
353 -0.4332188685
354 -0.4332187771
355 -0.4332186668
356 -0.4332185338
357 -0.4332183737
358 -0.433218181
359 -0.4332179495
360 -0.4332176716
361 -0.4332173382
362 -0.4332169389
363 -0.433216461
364 -0.4332158897
365 -0.4332152074
366 -0.4332143935
367 -0.4332134236
368 -0.4332122689
369 -0.4332108958
370 -0.4332092647
371 -0.4332073291
372 -0.4332050345
373 -0.4332023174
374 -0.4331991032
375 -0.4331953051
376 -0.4331908218
377 -0.4331855351
378 -0.4331793078
379 -0.4331719802
380 -0.433163367
381 -0.4331532536
382 -0.4331413911
383 -0.4331274917
384 -0.433111223
385 -0.4330922014
386 -0.4330699845
387 -0.4330440632
388 -0.4330138521
389 -0.4329786785
390 -0.4329377709
391 -0.4328902452
392 -0.4328350895
393 -0.432771147
394 -0.4326970968
395 -0.4326114328
396 -0.4325124391
397 -0.4323981638
398 -0.4322663887
399 -0.4321145965
400 -0.4319399336
401 -0.4317391689
402 -0.4315086491
403 -0.4312442479
404 -0.4309413105
405 -0.430594593
406 -0.4301981943
407 -0.4297454826
408 -0.4292290142
409 -0.428640444
410 -0.4279704287
411 -0.42720852
412 -0.4263430495
413 -0.4253610017
414 -0.424247878
415 -0.4229875476
416 -0.4215620875
417 -0.4199516087
418 -0.4181340692
419 -0.416085073
420 -0.4137776542
421 -0.4111820452
422 -0.4082654297
423 -0.4049916784
424 -0.4013210677
425 -0.3972099818
426 -0.3926105954
427 -0.3874705402
428 -0.3817325511
429 -0.3753340961
430 -0.3682069869
431 -0.3602769716
432 -0.3514633102
433 -0.3416783338
434 -0.3308269863
435 -0.3188063523
436 -0.305505171
437 -0.2908033371
438 -0.2745713924
439 -0.2566700082
440 -0.2369494619
441 -0.2152491104
442 -0.1913968633
443 -0.1652086591
444 -0.1364879483
445 -0.1050251876
446 -0.07059734915
447 -0.03296745033
448 0.008115891115
449 0.05291887121
450 0.1017228769
451 0.1548248205
452 0.2125374239
453 0.2751894478
454 0.3431258561
455 0.4167079109
456 0.4963131883
457 0.5823355098
458 0.675184779
459 0.7752867185
460 0.8830824972
461 0.9990282419
462 1.123594425
463 1.257265121
464 1.400537129
465 1.553918943
466 1.717929585
467 1.893097272
468 2.079957928
469 2.279053539
470 2.490930329
471 2.716136785
472 2.955221499
473 3.208730855
474 3.47720654
475 3.761182905
476 4.061184153
477 4.377721392
478 4.711289533
479 5.062364061
480 5.431397675
481 5.818816832
482 6.225018175
483 6.650364906
484 7.095183073
485 7.559757835
486 8.044329695
487 8.549090733
488 9.074180877
489 9.61968421
490 10.18562536
491 10.77196601
492 11.3786015
493 12.00535763
494 12.65198767
495 13.3181695
496 14.00350313
497 14.70750838
498 15.42962295
499 16.16920079
500 16.92551085
501 17.69773621
502 18.48497359
503 19.2862334
504 20.10044013
505 20.92643326
506 21.76296871
507 22.6087207
508 23.46228417
509 24.32217775
510 25.18684717
511 26.0546693
512 26.92395655
513 27.79296197
514 28.65988467
515 29.52287582
516 30.3800451
517 31.22946755
518 32.06919083
519 32.89724295
520 33.71164018
521 34.51039545
522 35.29152687
523 36.05306653
524 36.79306954
525 37.50962307
526 38.2008556
527 38.8649461
528 39.5001333
529 40.10472475
530 40.67710588
531 41.21574878
532 41.71922088
533 42.18619317
534 42.61544825
535 43.00588794
536 43.35654041
537 43.66656697
538 43.93526821
539 44.1620897
540 44.34662706
541 44.48863041
542 44.58800822
543 44.64483048
544 44.65933117
545 44.63191003
546 44.56313368
547 44.45373595
548 44.30461756
549 44.11684498
550 43.8916487
551 43.63042072
552 43.33471132
553 43.00622523
554 42.64681706
555 42.2584861
556 41.84337054
557 41.40374105
558 40.94199378
559 40.46064282
560 39.96231217
561 39.44972718
562 38.92570555
563 38.39314789
564 37.8550279
565 37.31438217
566 36.77429963
567 36.2379107
568 35.70837618
569 35.18887587
570 34.68259697
571 34.19272233
572 33.72241848
573 33.27482357
574 32.85303521
575 32.46009821
576 32.09899234
577 31.77261998
578 31.48379388
579 31.23522493
580 31.02951007
581 30.86912023
582 30.75638853
583 30.69349863
584 30.68247336
585 30.72516357
586 30.82323743
587 30.97816999
588 31.19123328
589 31.46348687
590 31.79576894
591 32.188688
592 32.64261527
593 33.15767781
594 33.73375236
595 34.37046014
596 35.06716249
597 35.82295752
598 36.63667778
599 37.50688905
600 38.43189028
601 39.40971469
602 40.43813215
603 41.51465287
604 42.6365324
605 43.80077793
606 45.00415606
607 46.24320187
608 47.51422943
609 48.81334367
610 50.13645359
611 51.47928684
612 52.83740555
613 54.20622346
614 55.58102414
615 56.95698038
616 58.32917459
617 59.69262005
618 61.04228306
619 62.37310571
620 63.68002923
621 64.95801779
622 66.20208257
623 67.40730594
624 68.5688656
625 69.68205863
626 70.74232509
627 71.74527113
628 72.68669152
629 73.56259119
630 74.36920592
631 75.10302182
632 75.76079352
633 76.33956098
634 76.83666469
635 77.24975924
636 77.57682513
637 77.81617863
638 77.96647982
639 78.02673855
640 77.99631834
641 77.87493825
642 77.66267264
643 77.35994882
644 76.9675427
645 76.48657231
646 75.91848945
647 75.26506938
648 74.52839872
649 73.71086163
650 72.81512436
651 71.84411836
652 70.80102205
653 69.68924139
654 68.51238938
655 67.2742647
656 65.97882968
657 64.63018766
658 63.23255998
659 61.79026282
660 60.30768394
661 58.78925957
662 57.23945158
663 55.66272513
664 54.06352685
665 52.44626378
666 50.81528315
667 49.17485314
668 47.52914475
669 45.88221476
670 44.23799006
671 42.60025316
672 40.97262925
673 39.35857453
674 37.76136605
675 36.18409307
676 34.62964977
677 33.10072953
678 31.5998206
679 30.12920316
680 28.69094781
681 27.28691528
682 25.91875752
683 24.58791985
684 23.29564433
685 22.04297408
686 20.83075863
687 19.65966009
688 18.53016007
689 17.44256736
690 16.39702614
691 15.39352473
692 14.43190469
693 13.51187034
694 12.63299839
695 11.79474786
696 10.99646997
697 10.23741806
698 9.516757491
699 8.833575306
700 8.186889809
701 7.575659827
702 6.998793699
703 6.455157929
704 5.943585459
705 5.462883543
706 5.011841185
707 4.589236134
708 4.193841404
709 3.824431332
710 3.479787147
711 3.158702057
712 2.859985865
713 2.58246911
714 2.325006743
715 2.08648136
716 1.865805999
717 1.661926523
718 1.473823604
719 1.300514333
720 1.141053478
721 0.9945344109
722 0.8600897266
723 0.7368915822
724 0.6241517752
725 0.5211215868
726 0.4270914153
727 0.3413902191
728 0.2633847946
729 0.1924789081
730 0.1281123038
731 0.06975960593
732 0.01692913382
733 -0.03083835263
734 -0.073970962
735 -0.1128670197
736 -0.1478964426
737 -0.1794021271
738 -0.2077013408
739 -0.2330871064
740 -0.2558295708
741 -0.2761773505
742 -0.2943588472
743 -0.3105835284
744 -0.3250431674
745 -0.3379130404
746 -0.3493530756
747 -0.359508954
748 -0.3685131591
749 -0.3764859746
750 -0.3835364303
751 -0.389763195
752 -0.3952554181
753 -0.4000935194
754 -0.404349929
755 -0.4080897789
756 -0.411371546
757 -0.4142476513
758 -0.416765014
759 -0.4189655642
760 -0.4208867166
761 -0.4225618057
762 -0.4240204857
763 -0.4252890973
764 -0.4263910026
765 -0.4273468915
766 -0.4281750595
767 -0.4288916611
768 -0.4295109395
769 -0.4300454341
770 -0.4305061681
771 -0.4309028179
772 -0.4312438652
773 -0.4315367337
774 -0.431787912
775 -0.4320030628
776 -0.4321871212
777 -0.4323443821
778 -0.4324785776
779 -0.4325929467
780 -0.4326902959
781 -0.4327730538
782 -0.4328433191
783 -0.4329029026
784 -0.4329533648
785 -0.4329960483
786 -0.433032107
787 -0.4330625309
788 -0.4330881684
789 -0.4331097454
790 -0.4331278824
791 -0.4331431087
792 -0.4331558754
793 -0.4331665665
794 -0.4331755082
795 -0.4331829775
796 -0.433189209
797 -0.4331944014
798 -0.4331987226
799 -0.4332023142
800 -0.4332052957
801 -0.4332077676
802 -0.4332098146
803 -0.4332115075
804 -0.4332129058
805 -0.4332140594
806 -0.4332150099
807 -0.4332157922
808 -0.4332164351
809 -0.4332169628
810 -0.4332173955
811 -0.4332177498
812 -0.4332180396
813 -0.4332182763
814 -0.4332184694
815 -0.4332186267
816 -0.4332187547
817 -0.4332188588
818 -0.4332189433
819 -0.4332190118
820 -0.4332190672
821 -0.4332191121
822 -0.4332191483
823 -0.4332191775
824 -0.4332192011
825 -0.43321922
826 -0.4332192353
827 -0.4332192475
828 -0.4332192573
829 -0.4332192652
830 -0.4332192715
831 -0.4332192765
832 -0.4332192805
833 -0.4332192837
834 -0.4332192862
835 -0.4332192882
836 -0.4332192898
837 -0.4332192911
838 -0.4332192921
839 -0.4332192929
840 -0.4332192935
841 -0.433219294
842 -0.4332192944
843 -0.4332192947
844 -0.433219295
845 -0.4332192952
846 -0.4332192953
847 -0.4332192954
848 -0.4332192955
849 -0.4332192956
850 -0.4332192956
851 -0.4332192957
852 -0.4332192957
853 -0.4332192957
854 -0.4332192958
855 -0.4332192958
856 -0.4332192958
857 -0.4332192958
858 -0.4332192958
859 -0.4332192958
860 -0.4332192958
861 -0.4332192958
862 -0.4332192958
863 -0.4332192958
864 -0.4332192958
865 -0.4332192958
866 -0.4332192958
867 -0.4332192958
868 -0.4332192958
869 -0.4332192958
870 -0.4332192958
871 -0.4332192958
872 -0.4332192958
873 -0.4332192958
874 -0.4332192958
875 -0.4332192958
876 -0.4332192958
877 -0.4332192958
878 -0.4332192958
879 -0.4332192958
880 -0.4332192958
881 -0.4332192958
882 -0.4332192958
883 -0.4332192958
884 -0.4332192958
885 -0.4332192958
886 -0.4332192958
887 -0.4332192958
888 -0.4332192958
889 -0.4332192958
890 -0.4332192958
891 -0.4332192958
892 -0.4332192958
893 -0.4332192958
894 -0.4332192958
895 -0.4332192958
896 -0.4332192958
897 -0.4332192958
898 -0.4332192958
899 -0.4332192958
900 -0.4332192958
901 -0.4332192958
902 -0.4332192958
903 -0.4332192958
904 -0.4332192958
905 -0.4332192958
906 -0.4332192958
907 -0.4332192958
908 -0.4332192958
909 -0.4332192958
910 -0.4332192958
911 -0.4332192958
912 -0.4332192958
913 -0.4332192958
914 -0.4332192958
915 -0.4332192958
916 -0.4332192958
917 -0.4332192958
918 -0.4332192958
919 -0.4332192958
920 -0.4332192958
921 -0.4332192958
922 -0.4332192958
923 -0.4332192958
924 -0.4332192958
925 -0.4332192958
926 -0.4332192958
927 -0.4332192958
928 -0.4332192958
929 -0.4332192958
930 -0.4332192958
931 -0.4332192958
932 -0.4332192958
933 -0.4332192958
934 -0.4332192958
935 -0.4332192958
936 -0.4332192958
937 -0.4332192958
938 -0.4332192958
939 -0.4332192958
940 -0.4332192958
941 -0.4332192958
942 -0.4332192958
943 -0.4332192958
944 -0.4332192958
945 -0.4332192958
946 -0.4332192958
947 -0.4332192958
948 -0.4332192958
949 -0.4332192958
950 -0.4332192958
951 -0.4332192958
952 -0.4332192958
953 -0.4332192958
954 -0.4332192958
955 -0.4332192958
956 -0.4332192958
957 -0.4332192958
958 -0.4332192958
959 -0.4332192958
960 -0.4332192958
961 -0.4332192958
962 -0.4332192958
963 -0.4332192958
964 -0.4332192958
965 -0.4332192958
966 -0.4332192958
967 -0.4332192958
968 -0.4332192958
969 -0.4332192958
970 -0.4332192958
971 -0.4332192958
972 -0.4332192958
973 -0.4332192958
974 -0.4332192958
975 -0.4332192958
976 -0.4332192958
977 -0.4332192958
978 -0.4332192958
979 -0.4332192958
980 -0.4332192958
981 -0.4332192958
982 -0.4332192958
983 -0.4332192958
984 -0.4332192958
985 -0.4332192958
986 -0.4332192958
987 -0.4332192958
988 -0.4332192958
989 -0.4332192958
990 -0.4332192958
991 -0.4332192958
992 -0.4332192958
993 -0.4332192958
994 -0.4332192958
995 -0.4332192958
996 -0.4332192958
997 -0.4332192958
998 -0.4332192958
999 -0.4332192958
1000 -0.4332192958
1001 -0.4332192958
1002 -0.4332192958
1003 -0.4332192958
1004 -0.4332192958
1005 -0.4332192958
1006 -0.4332192958
1007 -0.4332192958
1008 -0.4332192958
1009 -0.4332192958
1010 -0.4332192958
1011 -0.4332192958
1012 -0.4332192958
1013 -0.4332192958
1014 -0.4332192958
1015 -0.4332192958
1016 -0.4332192958
1017 -0.4332192958
1018 -0.4332192958
1019 -0.4332192958
1020 -0.4332192958
1021 -0.4332192958
1022 -0.4332192958
1023 -0.4332192958
