#55183 2910.0017884278905009 0.0045700683769987881372 1 1397 16.000049430220818044 1024 7 1 J1713+0747 0.0000000 
0 -0.1264777863
1 -0.1264777863
2 -0.1264777863
3 -0.1264777863
4 -0.1264777863
5 -0.1264777863
6 -0.1264777863
7 -0.1264777863
8 -0.1264777863
9 -0.1264777863
10 -0.1264777863
11 -0.1264777863
12 -0.1264777863
13 -0.1264777863
14 -0.1264777863
15 -0.1264777863
16 -0.1264777863
17 -0.1264777863
18 -0.1264777863
19 -0.1264777863
20 -0.1264777863
21 -0.1264777863
22 -0.1264777863
23 -0.1264777863
24 -0.1264777863
25 -0.1264777863
26 -0.1264777863
27 -0.1264777863
28 -0.1264777863
29 -0.1264777863
30 -0.1264777863
31 -0.1264777863
32 -0.1264777863
33 -0.1264777863
34 -0.1264777863
35 -0.1264777863
36 -0.1264777863
37 -0.1264777863
38 -0.1264777863
39 -0.1264777863
40 -0.1264777863
41 -0.1264777863
42 -0.1264777863
43 -0.1264777863
44 -0.1264777863
45 -0.1264777863
46 -0.1264777863
47 -0.1264777863
48 -0.1264777863
49 -0.1264777863
50 -0.1264777863
51 -0.1264777863
52 -0.1264777863
53 -0.1264777863
54 -0.1264777863
55 -0.1264777863
56 -0.1264777863
57 -0.1264777863
58 -0.1264777863
59 -0.1264777863
60 -0.1264777863
61 -0.1264777863
62 -0.1264777863
63 -0.1264777863
64 -0.1264777863
65 -0.1264777863
66 -0.1264777863
67 -0.1264777863
68 -0.1264777863
69 -0.1264777863
70 -0.1264777862
71 -0.1264777862
72 -0.1264777862
73 -0.1264777862
74 -0.1264777861
75 -0.1264777861
76 -0.126477786
77 -0.126477786
78 -0.1264777859
79 -0.1264777858
80 -0.1264777857
81 -0.1264777855
82 -0.1264777853
83 -0.1264777851
84 -0.1264777848
85 -0.1264777844
86 -0.1264777839
87 -0.1264777833
88 -0.1264777826
89 -0.1264777817
90 -0.1264777805
91 -0.1264777792
92 -0.1264777775
93 -0.1264777754
94 -0.1264777728
95 -0.1264777696
96 -0.1264777657
97 -0.1264777609
98 -0.126477755
99 -0.1264777478
100 -0.126477739
101 -0.1264777282
102 -0.1264777151
103 -0.126477699
104 -0.1264776795
105 -0.1264776557
106 -0.1264776268
107 -0.1264775917
108 -0.1264775492
109 -0.1264774976
110 -0.1264774351
111 -0.1264773596
112 -0.1264772683
113 -0.1264771582
114 -0.1264770254
115 -0.1264768655
116 -0.1264766732
117 -0.126476442
118 -0.1264761645
119 -0.1264758317
120 -0.126475433
121 -0.1264749559
122 -0.1264743856
123 -0.1264737045
124 -0.126472892
125 -0.1264719237
126 -0.1264707711
127 -0.1264694004
128 -0.1264677722
129 -0.1264658401
130 -0.1264635498
131 -0.1264608377
132 -0.1264576295
133 -0.1264538386
134 -0.1264493639
135 -0.1264440874
136 -0.1264378722
137 -0.1264305591
138 -0.1264219631
139 -0.12641187
140 -0.1264000315
141 -0.1263861606
142 -0.1263699256
143 -0.1263509436
144 -0.1263287736
145 -0.1263029075
146 -0.1262727612
147 -0.1262376638
148 -0.1261968456
149 -0.1261494247
150 -0.1260943916
151 -0.1260305926
152 -0.12595671
153 -0.1258712415
154 -0.1257724758
155 -0.1256584659
156 -0.1255269994
157 -0.1253755656
158 -0.1252013185
159 -0.1250010358
160 -0.124771074
161 -0.1245073178
162 -0.1242051256
163 -0.1238592676
164 -0.1234638595
165 -0.1230122881
166 -0.1224971306
167 -0.121910066
168 -0.1212417779
169 -0.1204818484
170 -0.1196186431
171 -0.1186391852
172 -0.1175290191
173 -0.1162720624
174 -0.1148504464
175 -0.1132443425
176 -0.1114317766
177 -0.1093884282
178 -0.1070874153
179 -0.1044990642
180 -0.1015906623
181 -0.0983261957
182 -0.09466606878
183 -0.09056680691
184 -0.08598074126
185 -0.08085567564
186 -0.07513453519
187 -0.0687549969
188 -0.06164910203
189 -0.05374285076
190 -0.04495577948
191 -0.0352005212
192 -0.02438235008
193 -0.01239871101
194 0.0008612645401
195 0.01551725479
196 0.03169825427
197 0.04954308879
198 0.06920093625
199 0.09083185072
200 0.1146072867
201 0.1407106201
202 0.1693376626
203 0.2006971646
204 0.2350113032
205 0.2725161496
206 0.3134621116
207 0.3581143448
208 0.406753127
209 0.4596741905
210 0.5171890038
211 0.5796249985
212 0.647325732
213 0.7206509799
214 0.7999767513
215 0.8856952179
216 0.9782145506
217 1.077958655
218 1.185366799
219 1.300893124
220 1.425006035
221 1.558187456
222 1.700931955
223 1.853745718
224 2.017145384
225 2.191656715
226 2.377813115
227 2.576153985
228 2.787222912
229 3.011565696
230 3.249728199
231 3.502254042
232 3.76968213
233 4.052544011
234 4.351361088
235 4.666641676
236 4.998877916
237 5.348542558
238 5.716085618
239 6.10193093
240 6.506472604
241 6.930071398
242 7.373051039
243 7.835694494
244 8.318240225
245 8.820878446
246 9.343747404
247 9.886929713
248 10.45044876
249 11.03426523
250 11.63827374
251 12.26229967
252 12.90609612
253 13.56934118
254 14.25163539
255 14.95249945
256 15.67137232
257 16.40760962
258 17.16048232
259 17.92917596
260 18.71279016
261 19.51033864
262 20.32074962
263 21.14286681
264 21.97545072
265 22.81718066
266 23.6666571
267 24.52240462
268 25.38287533
269 26.24645287
270 27.1114569
271 27.97614804
272 28.83873336
273 29.69737235
274 30.55018333
275 31.39525028
276 32.23063009
277 33.0543602
278 33.86446656
279 34.65897193
280 35.43590436
281 36.19330605
282 36.92924217
283 37.64181004
284 38.32914822
285 38.9894457
286 39.62095105
287 40.22198155
288 40.79093209
289 41.32628401
290 41.82661359
291 42.29060039
292 42.71703513
293 43.10482727
294 43.4530122
295 43.76075784
296 44.02737083
297 44.25230219
298 44.43515232
299 44.57567544
300 44.67378339
301 44.7295488
302 44.7432075
303 44.7151603
304 44.64597409
305 44.53638213
306 44.38728371
307 44.19974307
308 43.97498759
309 43.71440532
310 43.41954174
311 43.09209594
312 42.73391606
313 42.34699411
314 41.93346022
315 41.49557617
316 41.03572852
317 40.55642101
318 40.06026661
319 39.54997899
320 39.02836352
321 38.49830792
322 37.96277244
323 37.42477972
324 36.88740428
325 36.35376175
326 35.82699775
327 35.31027662
328 34.80676986
329 34.31964438
330 33.85205067
331 33.40711075
332 32.98790607
333 32.59746533
334 32.23875227
335 31.91465339
336 31.62796582
337 31.38138507
338 31.17749306
339 31.0187461
340 30.90746316
341 30.84581428
342 30.83580924
343 30.87928652
344 30.97790259
345 31.1331216
346 31.34620551
347 31.61820468
348 31.94994901
349 32.34203975
350 32.79484188
351 33.3084773
352 33.88281875
353 34.51748459
354 35.21183454
355 35.96496631
356 36.77571338
357 37.64264372
358 38.5640598
359 39.53799972
360 40.5622396
361 41.63429723
362 42.75143712
363 43.91067676
364 45.10879442
365 46.34233816
366 47.60763632
367 48.90080935
368 50.21778302
369 51.55430291
370 52.90595021
371 54.26815876
372 55.63623323
373 57.00536841
374 58.37066955
375 59.7271735
376 61.06987077
377 62.39372821
378 63.69371226
379 64.96481259
380 66.20206611
381 67.40058099
382 68.55556076
383 69.6623281
384 70.71634842
385 71.71325286
386 72.64886057
387 73.51920027
388 74.32053074
389 75.0493602
390 75.70246436
391 76.27690319
392 76.77003592
393 77.17953459
394 77.50339573
395 77.73995015
396 77.8878709
397 77.94617913
398 77.91424801
399 77.7918045
400 77.57892905
401 77.2760533
402 76.88395563
403 76.40375472
404 75.83690123
405 75.18516745
406 74.45063526
407 73.63568233
408 72.74296676
409 71.77541019
410 70.73617969
411 69.62866835
412 68.45647492
413 67.22338251
414 65.93333666
415 64.5904228
416 63.19884336
417 61.76289472
418 60.28694406
419 58.77540635
420 57.23272172
421 55.6633331
422 54.07166462
423 52.46210063
424 50.83896562
425 49.20650509
426 47.56886746
427 45.93008727
428 44.29406947
429 42.66457514
430 41.04520857
431 39.4394057
432 37.85042403
433 36.28133406
434 34.73501204
435 33.21413435
436 31.72117315
437 30.25839355
438 28.82785206
439 27.43139642
440 26.0706666
441 24.74709705
442 23.46192
443 22.21616984
444 21.01068841
445 19.84613118
446 18.72297417
447 17.64152155
448 16.60191386
449 15.60413671
450 14.64802986
451 13.73329665
452 12.85951366
453 12.02614051
454 11.23252975
455 10.47793673
456 9.761529379
457 9.082397937
458 8.439564379
459 7.831991672
460 7.258592707
461 6.7182389
462 6.20976842
463 5.731994012
464 5.283710396
465 4.863701213
466 4.470745512
467 4.10362376
468 3.761123381
469 3.442043808
470 3.145201067
471 2.869431885
472 2.61359735
473 2.376586109
474 2.15731715
475 1.954742162
476 1.767847503
477 1.5956558
478 1.437227186
479 1.291660225
480 1.158092517
481 1.035701034
482 0.9237021885
483 0.8213516807
484 0.7279441238
485 0.6428124896
486 0.565327386
487 0.4948961915
488 0.4309620654
489 0.3730028537
490 0.320529909
491 0.2730868405
492 0.2302482108
493 0.1916181939
494 0.1568292064
495 0.1255405267
496 0.09743690981
497 0.07222721082
498 0.04964302276
499 0.02943733846
500 0.01138324185
501 -0.00472736539
502 -0.01908499733
503 -0.0318637735
504 -0.04322256206
505 -0.0533060739
506 -0.06224590628
507 -0.07016153479
508 -0.07716125339
509 -0.08334306216
510 -0.08879550356
511 -0.09359844763
512 -0.09782382736
513 -0.1015363255
514 -0.1047940145
515 -0.1076489508
516 -0.1101477262
517 -0.1123319771
518 -0.1142388549
519 -0.1159014587
520 -0.1173492324
521 -0.1186083295
522 -0.119701945
523 -0.1206506204
524 -0.1214725195
525 -0.1221836803
526 -0.1227982424
527 -0.123328654
528 -0.1237858578
529 -0.1241794593
530 -0.1245178777
531 -0.1248084821
532 -0.1250577127
533 -0.1252711902
534 -0.1254538129
535 -0.1256098435
536 -0.1257429861
537 -0.1258564552
538 -0.1259530362
539 -0.126035139
540 -0.1261048466
541 -0.1261639557
542 -0.126214015
543 -0.1262563568
544 -0.126292126
545 -0.1263223049
546 -0.1263477354
547 -0.1263691377
548 -0.1263871274
549 -0.1264022296
550 -0.1264148921
551 -0.1264254957
552 -0.126434364
553 -0.1264417717
554 -0.1264479518
555 -0.1264531012
556 -0.1264573865
557 -0.1264609482
558 -0.1264639048
559 -0.126466356
560 -0.1264683858
561 -0.1264700644
562 -0.126471451
563 -0.1264725948
564 -0.1264735373
565 -0.1264743129
566 -0.1264749503
567 -0.1264754735
568 -0.1264759025
569 -0.1264762538
570 -0.126476541
571 -0.1264767757
572 -0.1264769671
573 -0.1264771231
574 -0.12647725
575 -0.1264773531
576 -0.1264774369
577 -0.1264775048
578 -0.1264775597
579 -0.1264776042
580 -0.1264776401
581 -0.1264776691
582 -0.1264776924
583 -0.1264777112
584 -0.1264777263
585 -0.1264777384
586 -0.1264777481
587 -0.1264777559
588 -0.1264777622
589 -0.1264777671
590 -0.1264777711
591 -0.1264777743
592 -0.1264777768
593 -0.1264777788
594 -0.1264777804
595 -0.1264777816
596 -0.1264777826
597 -0.1264777834
598 -0.126477784
599 -0.1264777845
600 -0.1264777849
601 -0.1264777852
602 -0.1264777854
603 -0.1264777856
604 -0.1264777858
605 -0.1264777859
606 -0.126477786
607 -0.1264777861
608 -0.1264777861
609 -0.1264777862
610 -0.1264777862
611 -0.1264777862
612 -0.1264777862
613 -0.1264777863
614 -0.1264777863
615 -0.1264777863
616 -0.1264777863
617 -0.1264777863
618 -0.1264777863
619 -0.1264777863
620 -0.1264777863
621 -0.1264777863
622 -0.1264777863
623 -0.1264777863
624 -0.1264777863
625 -0.1264777863
626 -0.1264777863
627 -0.1264777863
628 -0.1264777863
629 -0.1264777863
630 -0.1264777863
631 -0.1264777863
632 -0.1264777863
633 -0.1264777863
634 -0.1264777863
635 -0.1264777863
636 -0.1264777863
637 -0.1264777863
638 -0.1264777863
639 -0.1264777863
640 -0.1264777863
641 -0.1264777863
642 -0.1264777863
643 -0.1264777863
644 -0.1264777863
645 -0.1264777863
646 -0.1264777863
647 -0.1264777863
648 -0.1264777863
649 -0.1264777863
650 -0.1264777863
651 -0.1264777863
652 -0.1264777863
653 -0.1264777863
654 -0.1264777863
655 -0.1264777863
656 -0.1264777863
657 -0.1264777863
658 -0.1264777863
659 -0.1264777863
660 -0.1264777863
661 -0.1264777863
662 -0.1264777863
663 -0.1264777863
664 -0.1264777863
665 -0.1264777863
666 -0.1264777863
667 -0.1264777863
668 -0.1264777863
669 -0.1264777863
670 -0.1264777863
671 -0.1264777863
672 -0.1264777863
673 -0.1264777863
674 -0.1264777863
675 -0.1264777863
676 -0.1264777863
677 -0.1264777863
678 -0.1264777863
679 -0.1264777863
680 -0.1264777863
681 -0.1264777863
682 -0.1264777863
683 -0.1264777863
684 -0.1264777863
685 -0.1264777863
686 -0.1264777863
687 -0.1264777863
688 -0.1264777863
689 -0.1264777863
690 -0.1264777863
691 -0.1264777863
692 -0.1264777863
693 -0.1264777863
694 -0.1264777863
695 -0.1264777863
696 -0.1264777863
697 -0.1264777863
698 -0.1264777863
699 -0.1264777863
700 -0.1264777863
701 -0.1264777863
702 -0.1264777863
703 -0.1264777863
704 -0.1264777863
705 -0.1264777863
706 -0.1264777863
707 -0.1264777863
708 -0.1264777863
709 -0.1264777863
710 -0.1264777863
711 -0.1264777863
712 -0.1264777863
713 -0.1264777863
714 -0.1264777863
715 -0.1264777863
716 -0.1264777863
717 -0.1264777863
718 -0.1264777863
719 -0.1264777863
720 -0.1264777863
721 -0.1264777863
722 -0.1264777863
723 -0.1264777863
724 -0.1264777863
725 -0.1264777863
726 -0.1264777863
727 -0.1264777863
728 -0.1264777863
729 -0.1264777863
730 -0.1264777863
731 -0.1264777863
732 -0.1264777863
733 -0.1264777863
734 -0.1264777863
735 -0.1264777863
736 -0.1264777863
737 -0.1264777863
738 -0.1264777863
739 -0.1264777863
740 -0.1264777863
741 -0.1264777863
742 -0.1264777863
743 -0.1264777863
744 -0.1264777863
745 -0.1264777863
746 -0.1264777863
747 -0.1264777863
748 -0.1264777863
749 -0.1264777863
750 -0.1264777863
751 -0.1264777863
752 -0.1264777863
753 -0.1264777863
754 -0.1264777863
755 -0.1264777863
756 -0.1264777863
757 -0.1264777863
758 -0.1264777863
759 -0.1264777863
760 -0.1264777863
761 -0.1264777863
762 -0.1264777863
763 -0.1264777863
764 -0.1264777863
765 -0.1264777863
766 -0.1264777863
767 -0.1264777863
768 -0.1264777863
769 -0.1264777863
770 -0.1264777863
771 -0.1264777863
772 -0.1264777863
773 -0.1264777863
774 -0.1264777863
775 -0.1264777863
776 -0.1264777863
777 -0.1264777863
778 -0.1264777863
779 -0.1264777863
780 -0.1264777863
781 -0.1264777863
782 -0.1264777863
783 -0.1264777863
784 -0.1264777863
785 -0.1264777863
786 -0.1264777863
787 -0.1264777863
788 -0.1264777863
789 -0.1264777863
790 -0.1264777863
791 -0.1264777863
792 -0.1264777863
793 -0.1264777863
794 -0.1264777863
795 -0.1264777863
796 -0.1264777863
797 -0.1264777863
798 -0.1264777863
799 -0.1264777863
800 -0.1264777863
801 -0.1264777863
802 -0.1264777863
803 -0.1264777863
804 -0.1264777863
805 -0.1264777863
806 -0.1264777863
807 -0.1264777863
808 -0.1264777863
809 -0.1264777863
810 -0.1264777863
811 -0.1264777863
812 -0.1264777863
813 -0.1264777863
814 -0.1264777863
815 -0.1264777863
816 -0.1264777863
817 -0.1264777863
818 -0.1264777863
819 -0.1264777863
820 -0.1264777863
821 -0.1264777863
822 -0.1264777863
823 -0.1264777863
824 -0.1264777863
825 -0.1264777863
826 -0.1264777863
827 -0.1264777863
828 -0.1264777863
829 -0.1264777863
830 -0.1264777863
831 -0.1264777863
832 -0.1264777863
833 -0.1264777863
834 -0.1264777863
835 -0.1264777863
836 -0.1264777863
837 -0.1264777863
838 -0.1264777863
839 -0.1264777863
840 -0.1264777863
841 -0.1264777863
842 -0.1264777863
843 -0.1264777863
844 -0.1264777863
845 -0.1264777863
846 -0.1264777863
847 -0.1264777863
848 -0.1264777863
849 -0.1264777863
850 -0.1264777863
851 -0.1264777863
852 -0.1264777863
853 -0.1264777863
854 -0.1264777863
855 -0.1264777863
856 -0.1264777863
857 -0.1264777863
858 -0.1264777863
859 -0.1264777863
860 -0.1264777863
861 -0.1264777863
862 -0.1264777863
863 -0.1264777863
864 -0.1264777863
865 -0.1264777863
866 -0.1264777863
867 -0.1264777863
868 -0.1264777863
869 -0.1264777863
870 -0.1264777863
871 -0.1264777863
872 -0.1264777863
873 -0.1264777863
874 -0.1264777863
875 -0.1264777863
876 -0.1264777863
877 -0.1264777863
878 -0.1264777863
879 -0.1264777863
880 -0.1264777863
881 -0.1264777863
882 -0.1264777863
883 -0.1264777863
884 -0.1264777863
885 -0.1264777863
886 -0.1264777863
887 -0.1264777863
888 -0.1264777863
889 -0.1264777863
890 -0.1264777863
891 -0.1264777863
892 -0.1264777863
893 -0.1264777863
894 -0.1264777863
895 -0.1264777863
896 -0.1264777863
897 -0.1264777863
898 -0.1264777863
899 -0.1264777863
900 -0.1264777863
901 -0.1264777863
902 -0.1264777863
903 -0.1264777863
904 -0.1264777863
905 -0.1264777863
906 -0.1264777863
907 -0.1264777863
908 -0.1264777863
909 -0.1264777863
910 -0.1264777863
911 -0.1264777863
912 -0.1264777863
913 -0.1264777863
914 -0.1264777863
915 -0.1264777863
916 -0.1264777863
917 -0.1264777863
918 -0.1264777863
919 -0.1264777863
920 -0.1264777863
921 -0.1264777863
922 -0.1264777863
923 -0.1264777863
924 -0.1264777863
925 -0.1264777863
926 -0.1264777863
927 -0.1264777863
928 -0.1264777863
929 -0.1264777863
930 -0.1264777863
931 -0.1264777863
932 -0.1264777863
933 -0.1264777863
934 -0.1264777863
935 -0.1264777863
936 -0.1264777863
937 -0.1264777863
938 -0.1264777863
939 -0.1264777863
940 -0.1264777863
941 -0.1264777863
942 -0.1264777863
943 -0.1264777863
944 -0.1264777863
945 -0.1264777863
946 -0.1264777863
947 -0.1264777863
948 -0.1264777863
949 -0.1264777863
950 -0.1264777863
951 -0.1264777863
952 -0.1264777863
953 -0.1264777863
954 -0.1264777863
955 -0.1264777863
956 -0.1264777863
957 -0.1264777863
958 -0.1264777863
959 -0.1264777863
960 -0.1264777863
961 -0.1264777863
962 -0.1264777863
963 -0.1264777863
964 -0.1264777863
965 -0.1264777863
966 -0.1264777863
967 -0.1264777863
968 -0.1264777863
969 -0.1264777863
970 -0.1264777863
971 -0.1264777863
972 -0.1264777863
973 -0.1264777863
974 -0.1264777863
975 -0.1264777863
976 -0.1264777863
977 -0.1264777863
978 -0.1264777863
979 -0.1264777863
980 -0.1264777863
981 -0.1264777863
982 -0.1264777863
983 -0.1264777863
984 -0.1264777863
985 -0.1264777863
986 -0.1264777863
987 -0.1264777863
988 -0.1264777863
989 -0.1264777863
990 -0.1264777863
991 -0.1264777863
992 -0.1264777863
993 -0.1264777863
994 -0.1264777863
995 -0.1264777863
996 -0.1264777863
997 -0.1264777863
998 -0.1264777863
999 -0.1264777863
1000 -0.1264777863
1001 -0.1264777863
1002 -0.1264777863
1003 -0.1264777863
1004 -0.1264777863
1005 -0.1264777863
1006 -0.1264777863
1007 -0.1264777863
1008 -0.1264777863
1009 -0.1264777863
1010 -0.1264777863
1011 -0.1264777863
1012 -0.1264777863
1013 -0.1264777863
1014 -0.1264777863
1015 -0.1264777863
1016 -0.1264777863
1017 -0.1264777863
1018 -0.1264777863
1019 -0.1264777863
1020 -0.1264777863
1021 -0.1264777863
1022 -0.1264777863
1023 -0.1264777863
