#53606 2910.0008892424666609 0.0045705046789239131555 1 1365 16.000049430220818044 1024 7 1 J1713+0747 0.0000000 
0 44.16473005
1 45.36048416
2 46.59466875
3 47.86368618
4 49.16371888
5 50.49074192
6 51.8405369
7 53.20870723
8 54.59069463
9 55.98179697
10 57.37718716
11 58.77193322
12 60.16101927
13 61.53936746
14 62.90186068
15 64.24336585
16 65.55875784
17 66.84294368
18 68.09088705
19 69.29763281
20 70.45833148
21 71.56826344
22 72.62286277
23 73.61774045
24 74.54870685
25 75.41179332
26 76.20327271
27 76.9196787
28 77.55782372
29 78.11481541
30 78.58807149
31 78.97533284
32 79.27467477
33 79.48451639
34 79.60362793
35 79.63113609
36 79.5665272
37 79.40964838
38 79.16070647
39 78.82026491
40 78.38923853
41 77.86888631
42 77.26080213
43 76.56690365
44 75.78941939
45 74.93087411
46 73.99407256
47 72.98208187
48 71.89821257
49 70.74599845
50 69.52917548
51 68.25165985
52 66.91752539
53 65.53098041
54 64.09634436
55 62.6180242
56 61.1004909
57 59.5482561
58 57.96584907
59 56.35779421
60 54.72858926
61 53.08268416
62 51.42446094
63 49.7582146
64 48.08813508
65 46.41829053
66 44.75261179
67 43.09487833
68 41.44870553
69 39.81753345
70 38.20461704
71 36.61301792
72 35.04559758
73 33.50501203
74 31.99370799
75 30.51392044
76 29.06767152
77 27.65677077
78 26.28281666
79 24.94719917
80 23.65110365
81 22.39551553
82 21.18122609
83 20.008839
84 18.87877764
85 17.79129311
86 16.74647271
87 15.74424901
88 14.78440924
89 13.86660499
90 12.99036206
91 12.1550906
92 11.36009505
93 10.60458433
94 9.887681662
95 9.208434478
96 8.56582393
97 7.958774227
98 7.386161624
99 6.846823063
100 6.33956442
101 5.863168326
102 5.416401555
103 4.998021943
104 4.606784828
105 4.241449013
106 3.900782236
107 3.583566155
108 3.288600854
109 3.014708862
110 2.760738724
111 2.525568112
112 2.308106506
113 2.10729746
114 1.922120472
115 1.75159249
116 1.594769053
117 1.450745121
118 1.318655593
119 1.197675552
120 1.087020254
121 0.985944891
122 0.8937441404
123 0.8097515411
124 0.7333387028
125 0.6639143768
126 0.6009234088
127 0.5438455908
128 0.4921944318
129 0.4455158628
130 0.4033868933
131 0.3654142326
132 0.3312328886
133 0.300504758
134 0.2729172163
135 0.2481817186
136 0.2260324195
137 0.2062248182
138 0.1885344369
139 0.1727555366
140 0.1586998746
141 0.1461955084
142 0.1350856472
143 0.1252275549
144 0.1164915044
145 0.1087597849
146 0.1019257619
147 0.09589299129
148 0.09057438476
149 0.08589142734
150 0.0817734452
151 0.07815692247
152 0.0749848653
153 0.07220621151
154 0.06977528383
155 0.06765128465
156 0.0657978304
157 0.06418252323
158 0.06277655796
159 0.06155436224
160 0.06049326766
161 0.05957320996
162 0.05877645624
163 0.05808735719
164 0.05749212263
165 0.05697861846
166 0.05653618337
167 0.05615546369
168 0.05582826494
169 0.05554741855
170 0.05530666241
171 0.05510053415
172 0.05492427578
173 0.05477374883
174 0.05464535873
175 0.05453598782
176 0.05444293587
177 0.0543638675
178 0.05429676572
179 0.05423989095
180 0.05419174499
181 0.05415103932
182 0.0541166673
183 0.05408767979
184 0.05406326392
185 0.05404272444
186 0.05402546752
187 0.05401098669
188 0.05399885056
189 0.05398869219
190 0.05398019988
191 0.05397310927
192 0.05396719637
193 0.05396227172
194 0.05395817527
195 0.05395477198
196 0.05395194809
197 0.05394960787
198 0.0539476709
199 0.05394606968
200 0.05394474766
201 0.05394365752
202 0.0539427597
203 0.0539420212
204 0.05394141449
205 0.05394091667
206 0.05394050872
207 0.05394017481
208 0.05393990186
209 0.05393967901
210 0.05393949728
211 0.05393934928
212 0.0539392289
213 0.05393913109
214 0.05393905173
215 0.05393898742
216 0.05393893537
217 0.05393889329
218 0.05393885931
219 0.05393883191
220 0.05393880985
221 0.0539387921
222 0.05393877784
223 0.05393876639
224 0.05393875722
225 0.05393874988
226 0.05393874401
227 0.05393873933
228 0.05393873559
229 0.05393873262
230 0.05393873025
231 0.05393872837
232 0.05393872687
233 0.05393872569
234 0.05393872475
235 0.05393872401
236 0.05393872343
237 0.05393872297
238 0.0539387226
239 0.05393872232
240 0.05393872209
241 0.05393872192
242 0.05393872178
243 0.05393872167
244 0.05393872159
245 0.05393872152
246 0.05393872147
247 0.05393872143
248 0.0539387214
249 0.05393872137
250 0.05393872135
251 0.05393872134
252 0.05393872133
253 0.05393872132
254 0.05393872131
255 0.05393872131
256 0.0539387213
257 0.0539387213
258 0.0539387213
259 0.0539387213
260 0.0539387213
261 0.05393872129
262 0.05393872129
263 0.05393872129
264 0.05393872129
265 0.05393872129
266 0.05393872129
267 0.05393872129
268 0.05393872129
269 0.05393872129
270 0.05393872129
271 0.05393872129
272 0.05393872129
273 0.05393872129
274 0.05393872129
275 0.05393872129
276 0.05393872129
277 0.05393872129
278 0.05393872129
279 0.05393872129
280 0.05393872129
281 0.05393872129
282 0.05393872129
283 0.05393872129
284 0.05393872129
285 0.05393872129
286 0.05393872129
287 0.05393872129
288 0.05393872129
289 0.05393872129
290 0.05393872129
291 0.05393872129
292 0.05393872129
293 0.05393872129
294 0.05393872129
295 0.05393872129
296 0.05393872129
297 0.05393872129
298 0.05393872129
299 0.05393872129
300 0.05393872129
301 0.05393872129
302 0.05393872129
303 0.05393872129
304 0.05393872129
305 0.05393872129
306 0.05393872129
307 0.05393872129
308 0.05393872129
309 0.05393872129
310 0.05393872129
311 0.05393872129
312 0.05393872129
313 0.05393872129
314 0.05393872129
315 0.05393872129
316 0.05393872129
317 0.05393872129
318 0.05393872129
319 0.05393872129
320 0.05393872129
321 0.05393872129
322 0.05393872129
323 0.05393872129
324 0.05393872129
325 0.05393872129
326 0.05393872129
327 0.05393872129
328 0.05393872129
329 0.05393872129
330 0.05393872129
331 0.05393872129
332 0.05393872129
333 0.05393872129
334 0.05393872129
335 0.05393872129
336 0.05393872129
337 0.05393872129
338 0.05393872129
339 0.05393872129
340 0.05393872129
341 0.05393872129
342 0.05393872129
343 0.05393872129
344 0.05393872129
345 0.05393872129
346 0.05393872129
347 0.05393872129
348 0.05393872129
349 0.05393872129
350 0.05393872129
351 0.05393872129
352 0.05393872129
353 0.05393872129
354 0.05393872129
355 0.05393872129
356 0.05393872129
357 0.05393872129
358 0.05393872129
359 0.05393872129
360 0.05393872129
361 0.05393872129
362 0.05393872129
363 0.05393872129
364 0.05393872129
365 0.05393872129
366 0.05393872129
367 0.05393872129
368 0.05393872129
369 0.05393872129
370 0.05393872129
371 0.05393872129
372 0.05393872129
373 0.05393872129
374 0.05393872129
375 0.05393872129
376 0.05393872129
377 0.05393872129
378 0.05393872129
379 0.05393872129
380 0.05393872129
381 0.05393872129
382 0.05393872129
383 0.05393872129
384 0.05393872129
385 0.05393872129
386 0.05393872129
387 0.05393872129
388 0.05393872129
389 0.05393872129
390 0.05393872129
391 0.05393872129
392 0.05393872129
393 0.05393872129
394 0.05393872129
395 0.05393872129
396 0.05393872129
397 0.05393872129
398 0.05393872129
399 0.05393872129
400 0.05393872129
401 0.05393872129
402 0.05393872129
403 0.05393872129
404 0.05393872129
405 0.05393872129
406 0.05393872129
407 0.05393872129
408 0.05393872129
409 0.05393872129
410 0.05393872129
411 0.05393872129
412 0.05393872129
413 0.05393872129
414 0.05393872129
415 0.05393872129
416 0.05393872129
417 0.05393872129
418 0.05393872129
419 0.05393872129
420 0.05393872129
421 0.05393872129
422 0.05393872129
423 0.05393872129
424 0.05393872129
425 0.05393872129
426 0.05393872129
427 0.05393872129
428 0.05393872129
429 0.05393872129
430 0.05393872129
431 0.05393872129
432 0.05393872129
433 0.05393872129
434 0.05393872129
435 0.05393872129
436 0.05393872129
437 0.05393872129
438 0.05393872129
439 0.05393872129
440 0.05393872129
441 0.05393872129
442 0.05393872129
443 0.05393872129
444 0.05393872129
445 0.05393872129
446 0.05393872129
447 0.05393872129
448 0.05393872129
449 0.05393872129
450 0.05393872129
451 0.05393872129
452 0.05393872129
453 0.05393872129
454 0.05393872129
455 0.05393872129
456 0.05393872129
457 0.05393872129
458 0.05393872129
459 0.05393872129
460 0.05393872129
461 0.05393872129
462 0.05393872129
463 0.05393872129
464 0.05393872129
465 0.05393872129
466 0.05393872129
467 0.05393872129
468 0.05393872129
469 0.05393872129
470 0.05393872129
471 0.05393872129
472 0.05393872129
473 0.05393872129
474 0.05393872129
475 0.05393872129
476 0.05393872129
477 0.05393872129
478 0.05393872129
479 0.05393872129
480 0.05393872129
481 0.05393872129
482 0.05393872129
483 0.05393872129
484 0.05393872129
485 0.05393872129
486 0.05393872129
487 0.05393872129
488 0.05393872129
489 0.05393872129
490 0.05393872129
491 0.05393872129
492 0.05393872129
493 0.05393872129
494 0.05393872129
495 0.05393872129
496 0.05393872129
497 0.05393872129
498 0.05393872129
499 0.05393872129
500 0.05393872129
501 0.05393872129
502 0.05393872129
503 0.05393872129
504 0.05393872129
505 0.05393872129
506 0.05393872129
507 0.05393872129
508 0.05393872129
509 0.05393872129
510 0.05393872129
511 0.05393872129
512 0.05393872129
513 0.05393872129
514 0.05393872129
515 0.05393872129
516 0.05393872129
517 0.05393872129
518 0.05393872129
519 0.05393872129
520 0.05393872129
521 0.05393872129
522 0.05393872129
523 0.05393872129
524 0.05393872129
525 0.05393872129
526 0.05393872129
527 0.05393872129
528 0.05393872129
529 0.05393872129
530 0.05393872129
531 0.05393872129
532 0.05393872129
533 0.05393872129
534 0.05393872129
535 0.05393872129
536 0.05393872129
537 0.05393872129
538 0.05393872129
539 0.05393872129
540 0.05393872129
541 0.05393872129
542 0.05393872129
543 0.05393872129
544 0.05393872129
545 0.05393872129
546 0.05393872129
547 0.05393872129
548 0.05393872129
549 0.05393872129
550 0.05393872129
551 0.05393872129
552 0.05393872129
553 0.05393872129
554 0.05393872129
555 0.05393872129
556 0.05393872129
557 0.05393872129
558 0.05393872129
559 0.05393872129
560 0.05393872129
561 0.05393872129
562 0.05393872129
563 0.05393872129
564 0.05393872129
565 0.05393872129
566 0.05393872129
567 0.05393872129
568 0.05393872129
569 0.05393872129
570 0.05393872129
571 0.05393872129
572 0.05393872129
573 0.05393872129
574 0.05393872129
575 0.05393872129
576 0.05393872129
577 0.05393872129
578 0.05393872129
579 0.05393872129
580 0.05393872129
581 0.05393872129
582 0.05393872129
583 0.05393872129
584 0.05393872129
585 0.05393872129
586 0.05393872129
587 0.05393872129
588 0.05393872129
589 0.05393872129
590 0.05393872129
591 0.05393872129
592 0.05393872129
593 0.05393872129
594 0.05393872129
595 0.05393872129
596 0.05393872129
597 0.05393872129
598 0.05393872129
599 0.05393872129
600 0.05393872129
601 0.05393872129
602 0.05393872129
603 0.05393872129
604 0.05393872129
605 0.05393872129
606 0.05393872129
607 0.05393872129
608 0.05393872129
609 0.05393872129
610 0.05393872129
611 0.05393872129
612 0.05393872129
613 0.05393872129
614 0.05393872129
615 0.05393872129
616 0.05393872129
617 0.05393872129
618 0.05393872129
619 0.05393872129
620 0.05393872129
621 0.05393872129
622 0.05393872129
623 0.05393872129
624 0.05393872129
625 0.05393872129
626 0.05393872129
627 0.05393872129
628 0.05393872129
629 0.05393872129
630 0.05393872129
631 0.05393872129
632 0.05393872129
633 0.05393872129
634 0.05393872129
635 0.05393872129
636 0.05393872129
637 0.05393872129
638 0.05393872129
639 0.05393872129
640 0.05393872129
641 0.05393872129
642 0.05393872129
643 0.05393872129
644 0.05393872129
645 0.05393872129
646 0.05393872129
647 0.05393872129
648 0.05393872129
649 0.05393872129
650 0.05393872129
651 0.05393872129
652 0.05393872129
653 0.05393872129
654 0.05393872129
655 0.05393872129
656 0.05393872129
657 0.05393872129
658 0.05393872129
659 0.05393872129
660 0.05393872129
661 0.05393872129
662 0.05393872129
663 0.05393872129
664 0.05393872129
665 0.05393872129
666 0.05393872129
667 0.05393872129
668 0.05393872129
669 0.05393872129
670 0.05393872129
671 0.05393872129
672 0.05393872129
673 0.05393872129
674 0.05393872129
675 0.05393872129
676 0.05393872129
677 0.05393872129
678 0.05393872129
679 0.05393872129
680 0.05393872129
681 0.05393872129
682 0.05393872129
683 0.05393872129
684 0.05393872129
685 0.05393872129
686 0.05393872129
687 0.05393872129
688 0.05393872129
689 0.05393872129
690 0.05393872129
691 0.05393872129
692 0.05393872129
693 0.05393872129
694 0.05393872129
695 0.05393872129
696 0.05393872129
697 0.05393872129
698 0.05393872129
699 0.05393872129
700 0.05393872129
701 0.05393872129
702 0.05393872129
703 0.05393872129
704 0.05393872129
705 0.05393872129
706 0.05393872129
707 0.05393872129
708 0.05393872129
709 0.05393872129
710 0.05393872129
711 0.05393872129
712 0.05393872129
713 0.05393872129
714 0.05393872129
715 0.05393872129
716 0.05393872129
717 0.05393872129
718 0.05393872129
719 0.05393872129
720 0.05393872129
721 0.0539387213
722 0.0539387213
723 0.0539387213
724 0.0539387213
725 0.0539387213
726 0.05393872131
727 0.05393872131
728 0.05393872132
729 0.05393872133
730 0.05393872133
731 0.05393872135
732 0.05393872136
733 0.05393872138
734 0.0539387214
735 0.05393872143
736 0.05393872147
737 0.05393872151
738 0.05393872157
739 0.05393872164
740 0.05393872173
741 0.05393872185
742 0.05393872199
743 0.05393872216
744 0.05393872238
745 0.05393872266
746 0.053938723
747 0.05393872342
748 0.05393872394
749 0.05393872459
750 0.05393872539
751 0.05393872639
752 0.05393872761
753 0.05393872913
754 0.053938731
755 0.0539387333
756 0.05393873614
757 0.05393873962
758 0.0539387439
759 0.05393874915
760 0.05393875558
761 0.05393876346
762 0.05393877309
763 0.05393878485
764 0.05393879921
765 0.05393881672
766 0.05393883804
767 0.05393886397
768 0.05393889549
769 0.05393893375
770 0.05393898015
771 0.05393903636
772 0.05393910438
773 0.05393918662
774 0.05393928593
775 0.05393940574
776 0.05393955013
777 0.05393972394
778 0.05393993297
779 0.05394018407
780 0.05394048541
781 0.05394084665
782 0.05394127925
783 0.05394179675
784 0.05394241517
785 0.0539431534
786 0.05394403375
787 0.05394508244
788 0.05394633037
789 0.05394781382
790 0.05394957537
791 0.05395166496
792 0.05395414105
793 0.05395707204
794 0.05396053783
795 0.05396463168
796 0.05396946229
797 0.05397515623
798 0.05398186068
799 0.05398974663
800 0.05399901247
801 0.05400988812
802 0.05402263972
803 0.05403757503
804 0.05405504942
805 0.05407547288
806 0.05409931775
807 0.05412712763
808 0.05415952735
809 0.05419723431
810 0.05424107119
811 0.05429198024
812 0.05435103946
813 0.05441948062
814 0.05449870956
815 0.05459032881
816 0.05469616297
817 0.05481828695
818 0.05495905746
819 0.05512114806
820 0.05530758805
821 0.05552180564
822 0.05576767572
823 0.05604957272
824 0.05637242892
825 0.05674179872
826 0.05716392935
827 0.05764583862
828 0.05819540009
829 0.05882143636
830 0.05953382108
831 0.06034359019
832 0.06126306313
833 0.06230597464
834 0.06348761779
835 0.06482499892
836 0.06633700525
837 0.0680445857
838 0.06997094572
839 0.07214175679
840 0.07458538106
841 0.07733311203
842 0.08041943163
843 0.08388228422
844 0.08776336825
845 0.09210844558
846 0.0969676691
847 0.1023959288
848 0.1084532162
849 0.1152050075
850 0.1227226648
851 0.1310838557
852 0.14037299
853 0.1506816737
854 0.1621091784
855 0.1747629263
856 0.1887589876
857 0.2042225906
858 0.2212886411
859 0.24010225
860 0.2608192651
861 0.2836068063
862 0.3086437986
863 0.336121502
864 0.3662440313
865 0.3992288647
866 0.4353073344
867 0.4747250942
868 0.5177425609
869 0.5646353205
870 0.6156944959
871 0.6712270683
872 0.731556146
873 0.7970211733
874 0.8679780725
875 0.9447993119
876 1.027873891
877 1.117607238
878 1.214421004
879 1.318752764
880 1.431055588
881 1.551797505
882 1.681460838
883 1.820541391
884 1.969547511
885 2.128998994
886 2.299425832
887 2.481366815
888 2.675367955
889 2.881980756
890 3.101760307
891 3.33526321
892 3.583045335
893 3.845659408
894 4.123652431
895 4.417562936
896 4.727918091
897 5.055230644
898 5.399995732
899 5.762687556
900 6.143755935
901 6.543622758
902 6.962678335
903 7.401277687
904 7.85973677
905 8.33832867
906 8.837279782
907 9.356765998
908 9.896908937
909 10.45777223
910 11.03935789
911 11.6416028
912 12.26437539
913 12.90747237
914 13.57061583
915 14.25345044
916 14.95554098
917 15.67637017
918 16.41533676
919 17.17175409
920 17.94484888
921 18.73376053
922 19.53754085
923 20.35515417
924 21.18547795
925 22.02730393
926 22.87933972
927 23.74021091
928 24.60846371
929 25.48256816
930 26.36092177
931 27.24185381
932 28.12362999
933 29.00445777
934 29.88249207
935 30.75584155
936 31.62257525
937 32.48072976
938 33.32831669
939 34.16333065
940 34.98375742
941 35.7875825
942 36.57279992
943 37.33742121
944 38.0794846
945 38.79706425
946 39.48827965
947 40.15130492
948 40.78437818
949 41.38581072
950 41.95399612
951 42.48741911
952 42.98466417
953 43.44442389
954 43.86550691
955 44.24684548
956 44.5875026
957 44.88667863
958 45.1437174
959 45.3581117
960 45.52950826
961 45.65771202
962 45.74268978
963 45.78457314
964 45.78366079
965 45.74042003
966 45.65548762
967 45.52966989
968 45.36394209
969 45.15944703
970 44.91749303
971 44.63955108
972 44.32725139
973 43.98237918
974 43.60686986
975 43.20280348
976 42.77239866
977 42.31800586
978 41.84210007
979 41.34727298
980 40.83622463
981 40.31175456
982 39.77675253
983 39.2341888
984 38.68710401
985 38.13859867
986 37.59182244
987 37.04996294
988 36.5162344
989 35.99386604
990 35.48609027
991 34.99613062
992 34.52718963
993 34.08243655
994 33.66499496
995 33.27793036
996 32.92423768
997 32.6068288
998 32.32852019
999 32.09202047
1000 31.8999182
1001 31.75466974
1002 31.65858732
1003 31.61382731
1004 31.62237883
1005 31.6860525
1006 31.80646976
1007 31.98505248
1008 32.22301299
1009 32.52134478
1010 32.88081365
1011 33.30194956
1012 33.78503913
1013 34.33011897
1014 34.93696978
1015 35.60511135
1016 36.33379854
1017 37.12201824
1018 37.96848742
1019 38.87165229
1020 39.82968872
1021 40.84050379
1022 41.9017387
1023 43.01077298
