#55161 2909.9997441147525516 0.0045702173895815776175 1 1405 16.000049430220818044 1024 7 1 J1713+0747 0.0000000 
0 0.2481990578
1 0.2483226121
2 0.2484649756
3 0.2486288363
4 0.2488172383
5 0.2490336254
6 0.2492818881
7 0.2495664165
8 0.2498921584
9 0.250264683
10 0.2506902517
11 0.2511758945
12 0.2517294954
13 0.2523598845
14 0.2530769392
15 0.2538916949
16 0.2548164642
17 0.2558649681
18 0.2570524772
19 0.2583959647
20 0.2599142722
21 0.2616282882
22 0.2635611399
23 0.2657384
24 0.268188308
25 0.2709420068
26 0.2740337957
27 0.2775013996
28 0.281386255
29 0.285733814
30 0.2905938648
31 0.296020871
32 0.3020743278
33 0.3088191363
34 0.3163259957
35 0.3246718118
36 0.3339401229
37 0.3442215414
38 0.3556142097
39 0.368224271
40 0.3821663512
41 0.3975640526
42 0.4145504558
43 0.4332686278
44 0.4538721347
45 0.4765255547
46 0.5014049899
47 0.5286985715
48 0.5586069563
49 0.5913438083
50 0.627136263
51 0.6662253678
52 0.7088664941
53 0.7553297144
54 0.8059001401
55 0.8608782123
56 0.9205799394
57 0.9853370755
58 1.055497232
59 1.131423912
60 1.213496471
61 1.302109977
62 1.397674988
63 1.500617213
64 1.611377067
65 1.730409114
66 1.858181369
67 1.995174485
68 2.14188079
69 2.298803182
70 2.466453882
71 2.645353017
72 2.836027067
73 3.03900713
74 3.254827039
75 3.484021309
76 3.727122925
77 3.984660962
78 4.257158051
79 4.545127691
80 4.849071407
81 5.169475773
82 5.506809295
83 5.861519174
84 6.234027963
85 6.624730117
86 7.033988472
87 7.46213065
88 7.909445425
89 8.376179059
90 8.862531633
91 9.368653401
92 9.894641181
93 10.44053482
94 11.00631373
95 11.59189363
96 12.19712327
97 12.82178155
98 13.46557464
99 14.12813352
100 14.8090116
101 15.50768281
102 16.22353989
103 16.95589308
104 17.70396916
105 18.4669109
106 19.24377693
107 20.03354207
108 20.83509805
109 21.64725477
110 22.46874203
111 23.29821173
112 24.13424064
113 24.97533355
114 25.8199271
115 26.66639396
116 27.51304756
117 28.35814738
118 29.19990456
119 30.03648814
120 30.86603154
121 31.68663965
122 32.4963961
123 33.29337104
124 34.07562912
125 34.8412378
126 35.58827583
127 36.31484203
128 37.01906406
129 37.6991074
130 38.35318431
131 38.97956285
132 39.57657574
133 40.14262923
134 40.67621168
135 41.17590209
136 41.6403782
137 42.06842441
138 42.45893925
139 42.81094256
140 43.12358208
141 43.39613967
142 43.62803699
143 43.81884055
144 43.96826627
145 44.07618335
146 44.14261755
147 44.16775375
148 44.15193792
149 44.09567834
150 43.99964614
151 43.86467512
152 43.69176092
153 43.48205946
154 43.23688465
155 42.95770551
156 42.64614255
157 42.3039635
158 41.93307847
159 41.53553438
160 41.11350894
161 40.66930394
162 40.20533807
163 39.72413923
164 39.2283363
165 38.72065049
166 38.20388629
167 37.68092196
168 37.15469972
169 36.62821555
170 36.1045087
171 35.58665093
172 35.0777355
173 34.58086593
174 34.09914458
175 33.63566106
176 33.19348047
177 32.77563164
178 32.38509517
179 32.02479148
180 31.69756885
181 31.40619146
182 31.15332747
183 30.94153718
184 30.77326127
185 30.65080931
186 30.57634827
187 30.55189142
188 30.57928741
189 30.66020971
190 30.79614639
191 30.98839031
192 31.2380298
193 31.54593983
194 31.91277378
195 32.33895585
196 32.82467409
197 33.36987434
198 33.97425477
199 34.63726153
200 35.35808511
201 36.1356579
202 36.96865263
203 37.85548206
204 38.7942997
205 39.78300184
206 40.81923077
207 41.9003793
208 43.02359656
209 44.18579519
210 45.38365985
211 46.61365703
212 47.87204631
213 49.15489285
214 50.45808125
215 51.77733063
216 53.10821102
217 54.44616078
218 55.78650521
219 57.12447617
220 58.45523256
221 59.77388168
222 61.07550123
223 62.35516194
224 63.60795065
225 64.82899369
226 66.01348038
227 67.15668664
228 68.25399842
229 69.30093477
230 70.2931706
231 71.22655867
232 72.09715095
233 72.90121894
234 73.63527299
235 74.29608039
236 74.88068207
237 75.3864079
238 75.81089029
239 76.15207616
240 76.40823711
241 76.57797768
242 76.66024175
243 76.65431681
244 76.5598364
245 76.37678037
246 76.10547314
247 75.74658002
248 75.30110142
249 74.77036518
250 74.1560171
251 73.46000953
252 72.68458841
253 71.83227861
254 70.90586784
255 69.90838925
256 68.84310278
257 67.71347544
258 66.5231608
259 65.27597758
260 63.97588782
261 62.62697452
262 61.23341911
263 59.79947878
264 58.32946397
265 56.82771602
266 55.29858521
267 53.74640945
268 52.17549347
269 50.59008897
270 48.99437556
271 47.39244281
272 45.7882734
273 44.18572741
274 42.588528
275 41.00024832
276 39.42429982
277 37.86392199
278 36.32217352
279 34.80192485
280 33.3058522
281 31.83643299
282 30.3959426
283 28.98645257
284 27.60982997
285 26.2677381
286 24.96163836
287 23.69279317
288 22.46226998
289 21.27094619
290 20.11951496
291 19.00849178
292 17.93822176
293 16.90888746
294 15.92051731
295 14.97299441
296 14.06606565
297 13.19935111
298 12.37235366
299 11.58446855
300 10.83499315
301 10.12313653
302 9.448028988
303 8.808731405
304 8.204244325
305 7.633516806
306 7.095454935
307 6.58892999
308 6.112786211
309 5.665848166
310 5.24692768
311 4.854830308
312 4.488361359
313 4.146331447
314 3.827561573
315 3.530887743
316 3.25516512
317 2.999271733
318 2.762111732
319 2.542618231
320 2.33975573
321 2.152522152
322 1.979950509
323 1.821110211
324 1.67510806
325 1.541088924
326 1.418236146
327 1.305771678
328 1.202955993
329 1.109087777
330 1.023503437
331 0.9455764377
332 0.8747164901
333 0.8103686183
334 0.7520121149
335 0.699159408
336 0.651354856
337 0.6081734852
338 0.5692196855
339 0.5341258774
340 0.502551162
341 0.4741799659
342 0.44872069
343 0.4259043717
344 0.4054833672
345 0.3872300624
346 0.3709356155
347 0.356408738
348 0.3434745181
349 0.3319732879
350 0.3217595388
351 0.3127008854
352 0.3046770805
353 0.2975790798
354 0.2913081588
355 0.2857750795
356 0.2808993077
357 0.2766082795
358 0.2728367156
359 0.2695259816
360 0.2666234939
361 0.2640821685
362 0.26185991
363 0.2599191414
364 0.25822637
365 0.2567517884
366 0.2554689093
367 0.2543542313
368 0.2533869327
369 0.2525485941
370 0.2518229452
371 0.251195635
372 0.2506540243
373 0.2501869977
374 0.2497847942
375 0.2494388544
376 0.2491416838
377 0.2488867297
378 0.2486682707
379 0.248481319
380 0.2483215322
381 0.248185135
382 0.2480688504
383 0.2479698374
384 0.2478856366
385 0.2478141222
386 0.247753459
387 0.2477020652
388 0.247658579
389 0.2476218299
390 0.247590813
391 0.2475646671
392 0.2475426547
393 0.2475241456
394 0.2475086017
395 0.2474955643
396 0.2474846429
397 0.2474755055
398 0.2474678702
399 0.247461498
400 0.2474561867
401 0.247451765
402 0.2474480887
403 0.2474450358
404 0.2474425039
405 0.2474404065
406 0.2474386713
407 0.2474372376
408 0.2474360544
409 0.2474350792
410 0.2474342764
411 0.2474336163
412 0.2474330743
413 0.2474326298
414 0.2474322657
415 0.2474319678
416 0.2474317244
417 0.2474315257
418 0.2474313638
419 0.247431232
420 0.2474311249
421 0.2474310378
422 0.2474309673
423 0.2474309101
424 0.2474308639
425 0.2474308265
426 0.2474307963
427 0.247430772
428 0.2474307524
429 0.2474307367
430 0.2474307241
431 0.2474307139
432 0.2474307058
433 0.2474306993
434 0.2474306941
435 0.24743069
436 0.2474306867
437 0.2474306841
438 0.247430682
439 0.2474306803
440 0.247430679
441 0.2474306779
442 0.2474306771
443 0.2474306765
444 0.2474306759
445 0.2474306755
446 0.2474306752
447 0.247430675
448 0.2474306748
449 0.2474306746
450 0.2474306745
451 0.2474306744
452 0.2474306743
453 0.2474306743
454 0.2474306742
455 0.2474306742
456 0.2474306742
457 0.2474306741
458 0.2474306741
459 0.2474306741
460 0.2474306741
461 0.2474306741
462 0.2474306741
463 0.2474306741
464 0.2474306741
465 0.2474306741
466 0.2474306741
467 0.2474306741
468 0.2474306741
469 0.2474306741
470 0.2474306741
471 0.2474306741
472 0.2474306741
473 0.2474306741
474 0.2474306741
475 0.2474306741
476 0.2474306741
477 0.2474306741
478 0.2474306741
479 0.2474306741
480 0.2474306741
481 0.2474306741
482 0.2474306741
483 0.2474306741
484 0.2474306741
485 0.2474306741
486 0.2474306741
487 0.2474306741
488 0.2474306741
489 0.2474306741
490 0.2474306741
491 0.2474306741
492 0.2474306741
493 0.2474306741
494 0.2474306741
495 0.2474306741
496 0.2474306741
497 0.2474306741
498 0.2474306741
499 0.2474306741
500 0.2474306741
501 0.2474306741
502 0.2474306741
503 0.2474306741
504 0.2474306741
505 0.2474306741
506 0.2474306741
507 0.2474306741
508 0.2474306741
509 0.2474306741
510 0.2474306741
511 0.2474306741
512 0.2474306741
513 0.2474306741
514 0.2474306741
515 0.2474306741
516 0.2474306741
517 0.2474306741
518 0.2474306741
519 0.2474306741
520 0.2474306741
521 0.2474306741
522 0.2474306741
523 0.2474306741
524 0.2474306741
525 0.2474306741
526 0.2474306741
527 0.2474306741
528 0.2474306741
529 0.2474306741
530 0.2474306741
531 0.2474306741
532 0.2474306741
533 0.2474306741
534 0.2474306741
535 0.2474306741
536 0.2474306741
537 0.2474306741
538 0.2474306741
539 0.2474306741
540 0.2474306741
541 0.2474306741
542 0.2474306741
543 0.2474306741
544 0.2474306741
545 0.2474306741
546 0.2474306741
547 0.2474306741
548 0.2474306741
549 0.2474306741
550 0.2474306741
551 0.2474306741
552 0.2474306741
553 0.2474306741
554 0.2474306741
555 0.2474306741
556 0.2474306741
557 0.2474306741
558 0.2474306741
559 0.2474306741
560 0.2474306741
561 0.2474306741
562 0.2474306741
563 0.2474306741
564 0.2474306741
565 0.2474306741
566 0.2474306741
567 0.2474306741
568 0.2474306741
569 0.2474306741
570 0.2474306741
571 0.2474306741
572 0.2474306741
573 0.2474306741
574 0.2474306741
575 0.2474306741
576 0.2474306741
577 0.2474306741
578 0.2474306741
579 0.2474306741
580 0.2474306741
581 0.2474306741
582 0.2474306741
583 0.2474306741
584 0.2474306741
585 0.2474306741
586 0.2474306741
587 0.2474306741
588 0.2474306741
589 0.2474306741
590 0.2474306741
591 0.2474306741
592 0.2474306741
593 0.2474306741
594 0.2474306741
595 0.2474306741
596 0.2474306741
597 0.2474306741
598 0.2474306741
599 0.2474306741
600 0.2474306741
601 0.2474306741
602 0.2474306741
603 0.2474306741
604 0.2474306741
605 0.2474306741
606 0.2474306741
607 0.2474306741
608 0.2474306741
609 0.2474306741
610 0.2474306741
611 0.2474306741
612 0.2474306741
613 0.2474306741
614 0.2474306741
615 0.2474306741
616 0.2474306741
617 0.2474306741
618 0.2474306741
619 0.2474306741
620 0.2474306741
621 0.2474306741
622 0.2474306741
623 0.2474306741
624 0.2474306741
625 0.2474306741
626 0.2474306741
627 0.2474306741
628 0.2474306741
629 0.2474306741
630 0.2474306741
631 0.2474306741
632 0.2474306741
633 0.2474306741
634 0.2474306741
635 0.2474306741
636 0.2474306741
637 0.2474306741
638 0.2474306741
639 0.2474306741
640 0.2474306741
641 0.2474306741
642 0.2474306741
643 0.2474306741
644 0.2474306741
645 0.2474306741
646 0.2474306741
647 0.2474306741
648 0.2474306741
649 0.2474306741
650 0.2474306741
651 0.2474306741
652 0.2474306741
653 0.2474306741
654 0.2474306741
655 0.2474306741
656 0.2474306741
657 0.2474306741
658 0.2474306741
659 0.2474306741
660 0.2474306741
661 0.2474306741
662 0.2474306741
663 0.2474306741
664 0.2474306741
665 0.2474306741
666 0.2474306741
667 0.2474306741
668 0.2474306741
669 0.2474306741
670 0.2474306741
671 0.2474306741
672 0.2474306741
673 0.2474306741
674 0.2474306741
675 0.2474306741
676 0.2474306741
677 0.2474306741
678 0.2474306741
679 0.2474306741
680 0.2474306741
681 0.2474306741
682 0.2474306741
683 0.2474306741
684 0.2474306741
685 0.2474306741
686 0.2474306741
687 0.2474306741
688 0.2474306741
689 0.2474306741
690 0.2474306741
691 0.2474306741
692 0.2474306741
693 0.2474306741
694 0.2474306741
695 0.2474306741
696 0.2474306741
697 0.2474306741
698 0.2474306741
699 0.2474306741
700 0.2474306741
701 0.2474306741
702 0.2474306741
703 0.2474306741
704 0.2474306741
705 0.2474306741
706 0.2474306741
707 0.2474306741
708 0.2474306741
709 0.2474306741
710 0.2474306741
711 0.2474306741
712 0.2474306741
713 0.2474306741
714 0.2474306741
715 0.2474306741
716 0.2474306741
717 0.2474306741
718 0.2474306741
719 0.2474306741
720 0.2474306741
721 0.2474306741
722 0.2474306741
723 0.2474306741
724 0.2474306741
725 0.2474306741
726 0.2474306741
727 0.2474306741
728 0.2474306741
729 0.2474306741
730 0.2474306741
731 0.2474306741
732 0.2474306741
733 0.2474306741
734 0.2474306741
735 0.2474306741
736 0.2474306741
737 0.2474306741
738 0.2474306741
739 0.2474306741
740 0.2474306741
741 0.2474306741
742 0.2474306741
743 0.2474306741
744 0.2474306741
745 0.2474306741
746 0.2474306741
747 0.2474306741
748 0.2474306741
749 0.2474306741
750 0.2474306741
751 0.2474306741
752 0.2474306741
753 0.2474306741
754 0.2474306741
755 0.2474306741
756 0.2474306741
757 0.2474306741
758 0.2474306741
759 0.2474306741
760 0.2474306741
761 0.2474306741
762 0.2474306741
763 0.2474306741
764 0.2474306741
765 0.2474306741
766 0.2474306741
767 0.2474306741
768 0.2474306741
769 0.2474306741
770 0.2474306741
771 0.2474306741
772 0.2474306741
773 0.2474306741
774 0.2474306741
775 0.2474306741
776 0.2474306741
777 0.2474306741
778 0.2474306741
779 0.2474306741
780 0.2474306741
781 0.2474306741
782 0.2474306741
783 0.2474306741
784 0.2474306741
785 0.2474306741
786 0.2474306741
787 0.2474306741
788 0.2474306741
789 0.2474306741
790 0.2474306741
791 0.2474306741
792 0.2474306741
793 0.2474306741
794 0.2474306741
795 0.2474306741
796 0.2474306741
797 0.2474306741
798 0.2474306741
799 0.2474306741
800 0.2474306741
801 0.2474306741
802 0.2474306741
803 0.2474306741
804 0.2474306741
805 0.2474306741
806 0.2474306741
807 0.2474306741
808 0.2474306741
809 0.2474306741
810 0.2474306741
811 0.2474306741
812 0.2474306741
813 0.2474306741
814 0.2474306741
815 0.2474306741
816 0.2474306741
817 0.2474306741
818 0.2474306741
819 0.2474306741
820 0.2474306741
821 0.2474306741
822 0.2474306741
823 0.2474306741
824 0.2474306741
825 0.2474306741
826 0.2474306741
827 0.2474306741
828 0.2474306741
829 0.2474306741
830 0.2474306741
831 0.2474306741
832 0.2474306741
833 0.2474306741
834 0.2474306741
835 0.2474306741
836 0.2474306741
837 0.2474306741
838 0.2474306741
839 0.2474306741
840 0.2474306741
841 0.2474306741
842 0.2474306741
843 0.2474306741
844 0.2474306741
845 0.2474306741
846 0.2474306741
847 0.2474306741
848 0.2474306741
849 0.2474306741
850 0.2474306741
851 0.2474306741
852 0.2474306741
853 0.2474306741
854 0.2474306741
855 0.2474306741
856 0.2474306741
857 0.2474306741
858 0.2474306741
859 0.2474306741
860 0.2474306741
861 0.2474306741
862 0.2474306741
863 0.2474306741
864 0.2474306741
865 0.2474306741
866 0.2474306741
867 0.2474306741
868 0.2474306741
869 0.2474306741
870 0.2474306741
871 0.2474306741
872 0.2474306741
873 0.2474306741
874 0.2474306741
875 0.2474306741
876 0.2474306741
877 0.2474306741
878 0.2474306741
879 0.2474306741
880 0.2474306741
881 0.2474306741
882 0.2474306741
883 0.2474306741
884 0.2474306741
885 0.2474306741
886 0.2474306741
887 0.2474306741
888 0.2474306741
889 0.2474306741
890 0.2474306741
891 0.2474306741
892 0.2474306741
893 0.2474306741
894 0.2474306741
895 0.2474306741
896 0.2474306741
897 0.2474306741
898 0.2474306741
899 0.2474306741
900 0.2474306741
901 0.2474306741
902 0.2474306741
903 0.2474306741
904 0.2474306741
905 0.2474306741
906 0.2474306741
907 0.2474306741
908 0.2474306741
909 0.2474306741
910 0.2474306741
911 0.2474306741
912 0.2474306741
913 0.2474306741
914 0.2474306741
915 0.2474306741
916 0.2474306741
917 0.2474306741
918 0.2474306741
919 0.2474306741
920 0.2474306741
921 0.2474306741
922 0.2474306741
923 0.2474306741
924 0.2474306741
925 0.2474306741
926 0.2474306741
927 0.2474306741
928 0.2474306741
929 0.2474306741
930 0.2474306741
931 0.2474306741
932 0.2474306741
933 0.2474306741
934 0.2474306741
935 0.2474306741
936 0.2474306741
937 0.2474306741
938 0.2474306741
939 0.2474306741
940 0.2474306741
941 0.2474306742
942 0.2474306742
943 0.2474306742
944 0.2474306743
945 0.2474306743
946 0.2474306744
947 0.2474306744
948 0.2474306745
949 0.2474306747
950 0.2474306748
951 0.247430675
952 0.2474306752
953 0.2474306755
954 0.2474306758
955 0.2474306763
956 0.2474306768
957 0.2474306775
958 0.2474306783
959 0.2474306794
960 0.2474306806
961 0.2474306822
962 0.2474306842
963 0.2474306865
964 0.2474306895
965 0.2474306931
966 0.2474306975
967 0.2474307029
968 0.2474307096
969 0.2474307177
970 0.2474307277
971 0.2474307398
972 0.2474307547
973 0.2474307727
974 0.2474307947
975 0.2474308215
976 0.247430854
977 0.2474308934
978 0.2474309412
979 0.2474309991
980 0.2474310691
981 0.2474311538
982 0.2474312559
983 0.2474313791
984 0.2474315276
985 0.2474317062
986 0.2474319209
987 0.2474321787
988 0.2474324879
989 0.2474328586
990 0.2474333022
991 0.2474338327
992 0.2474344665
993 0.2474352227
994 0.2474361241
995 0.2474371975
996 0.2474384744
997 0.2474399916
998 0.2474417926
999 0.2474439282
1000 0.2474464577
1001 0.2474494508
1002 0.2474529888
1003 0.2474571662
1004 0.2474620935
1005 0.2474678991
1006 0.2474747325
1007 0.2474827669
1008 0.2474922036
1009 0.2475032754
1010 0.247516252
1011 0.247531445
1012 0.2475492139
1013 0.2475699735
1014 0.2475942014
1015 0.247622447
1016 0.2476553416
1017 0.2476936095
1018 0.2477380813
1019 0.2477897075
1020 0.2478495753
1021 0.2479189264
1022 0.2479991774
1023 0.2480919422
