#55139 2910.0052864028490878 0.0045703529777203263235 1 1381 16.000049430220818044 1024 7 1 J1713+0747 0.0000000 
0 55.9170087
1 54.27607396
2 52.62105504
3 50.95628743
4 49.28600864
5 47.6143409
6 45.94527511
7 44.28265618
8 42.63016976
9 40.99133041
10 39.3694712
11 37.76773488
12 36.18906646
13 34.63620729
14 33.11169067
15 31.6178388
16 30.15676115
17 28.73035422
18 27.34030247
19 25.98808058
20 24.67495674
21 23.40199706
22 22.17007093
23 20.97985726
24 19.83185147
25 18.72637331
26 17.6635751
27 16.64345062
28 15.66584437
29 14.73046116
30 13.83687596
31 12.98454387
32 12.17281021
33 11.4009206
34 10.66803097
35 9.973217421
36 9.315485919
37 8.693781722
38 8.106998516
39 7.553987204
40 7.033564326
41 6.544520058
42 6.085625788
43 5.655641223
44 5.253321032
45 4.87742101
46 4.526703744
47 4.199943804
48 3.895932439
49 3.613481796
50 3.351428674
51 3.10863782
52 2.884004781
53 2.676458342
54 2.484962549
55 2.308518363
56 2.146164946
57 1.996980611
58 1.86008347
59 1.734631779
60 1.619824033
61 1.51489881
62 1.419134412
63 1.331848303
64 1.252396382
65 1.180172107
66 1.114605493
67 1.055162001
68 1.00134134
69 0.9526761908
70 0.9087308851
71 0.8691000344
72 0.833407137
73 0.8013031686
74 0.7724651705
75 0.7465948437
76 0.7234171591
77 0.7026789908
78 0.6841477794
79 0.6676102309
80 0.6528710562
81 0.6397517551
82 0.6280894475
83 0.6177357541
84 0.60855573
85 0.6004268487
86 0.5932380413
87 0.5868887876
88 0.5812882599
89 0.57635452
90 0.5720137656
91 0.5681996272
92 0.5648525133
93 0.5619190006
94 0.5593512705
95 0.5571065862
96 0.5551468113
97 0.5534379664
98 0.5519498219
99 0.5506555246
100 0.5495312561
101 0.548555922
102 0.5477108676
103 0.5469796202
104 0.5463476556
105 0.5458021864
106 0.5453319703
107 0.5449271385
108 0.5445790399
109 0.5442801023
110 0.5440237071
111 0.5438040774
112 0.5436161787
113 0.5434556291
114 0.5433186209
115 0.5432018494
116 0.5431024506
117 0.5430179464
118 0.5429461952
119 0.5428853488
120 0.5428338147
121 0.5427902224
122 0.5427533944
123 0.5427223199
124 0.542696133
125 0.5426740925
126 0.5426555652
127 0.5426400104
128 0.5426269677
129 0.542616045
130 0.5426069091
131 0.5425992773
132 0.5425929099
133 0.542587604
134 0.5425831883
135 0.5425795178
136 0.5425764708
137 0.5425739443
138 0.5425718522
139 0.5425701218
140 0.5425686924
141 0.5425675132
142 0.5425665415
143 0.5425657418
144 0.5425650845
145 0.5425645449
146 0.5425641025
147 0.5425637402
148 0.5425634439
149 0.5425632019
150 0.5425630044
151 0.5425628435
152 0.5425627126
153 0.5425626062
154 0.5425625198
155 0.5425624497
156 0.542562393
157 0.5425623471
158 0.54256231
159 0.5425622801
160 0.542562256
161 0.5425622366
162 0.542562221
163 0.5425622085
164 0.5425621985
165 0.5425621904
166 0.542562184
167 0.5425621789
168 0.5425621748
169 0.5425621715
170 0.5425621689
171 0.5425621669
172 0.5425621652
173 0.5425621639
174 0.5425621629
175 0.5425621621
176 0.5425621614
177 0.5425621609
178 0.5425621605
179 0.5425621602
180 0.54256216
181 0.5425621598
182 0.5425621596
183 0.5425621595
184 0.5425621594
185 0.5425621593
186 0.5425621593
187 0.5425621592
188 0.5425621592
189 0.5425621592
190 0.5425621591
191 0.5425621591
192 0.5425621591
193 0.5425621591
194 0.5425621591
195 0.5425621591
196 0.5425621591
197 0.5425621591
198 0.5425621591
199 0.5425621591
200 0.5425621591
201 0.5425621591
202 0.5425621591
203 0.5425621591
204 0.5425621591
205 0.5425621591
206 0.5425621591
207 0.5425621591
208 0.5425621591
209 0.5425621591
210 0.5425621591
211 0.5425621591
212 0.5425621591
213 0.5425621591
214 0.5425621591
215 0.5425621591
216 0.5425621591
217 0.5425621591
218 0.5425621591
219 0.5425621591
220 0.5425621591
221 0.5425621591
222 0.5425621591
223 0.5425621591
224 0.5425621591
225 0.5425621591
226 0.5425621591
227 0.5425621591
228 0.5425621591
229 0.5425621591
230 0.5425621591
231 0.5425621591
232 0.5425621591
233 0.5425621591
234 0.5425621591
235 0.5425621591
236 0.5425621591
237 0.5425621591
238 0.5425621591
239 0.5425621591
240 0.5425621591
241 0.5425621591
242 0.5425621591
243 0.5425621591
244 0.5425621591
245 0.5425621591
246 0.5425621591
247 0.5425621591
248 0.5425621591
249 0.5425621591
250 0.5425621591
251 0.5425621591
252 0.5425621591
253 0.5425621591
254 0.5425621591
255 0.5425621591
256 0.5425621591
257 0.5425621591
258 0.5425621591
259 0.5425621591
260 0.5425621591
261 0.5425621591
262 0.5425621591
263 0.5425621591
264 0.5425621591
265 0.5425621591
266 0.5425621591
267 0.5425621591
268 0.5425621591
269 0.5425621591
270 0.5425621591
271 0.5425621591
272 0.5425621591
273 0.5425621591
274 0.5425621591
275 0.5425621591
276 0.5425621591
277 0.5425621591
278 0.5425621591
279 0.5425621591
280 0.5425621591
281 0.5425621591
282 0.5425621591
283 0.5425621591
284 0.5425621591
285 0.5425621591
286 0.5425621591
287 0.5425621591
288 0.5425621591
289 0.5425621591
290 0.5425621591
291 0.5425621591
292 0.5425621591
293 0.5425621591
294 0.5425621591
295 0.5425621591
296 0.5425621591
297 0.5425621591
298 0.5425621591
299 0.5425621591
300 0.5425621591
301 0.5425621591
302 0.5425621591
303 0.5425621591
304 0.5425621591
305 0.5425621591
306 0.5425621591
307 0.5425621591
308 0.5425621591
309 0.5425621591
310 0.5425621591
311 0.5425621591
312 0.5425621591
313 0.5425621591
314 0.5425621591
315 0.5425621591
316 0.5425621591
317 0.5425621591
318 0.5425621591
319 0.5425621591
320 0.5425621591
321 0.5425621591
322 0.5425621591
323 0.5425621591
324 0.5425621591
325 0.5425621591
326 0.5425621591
327 0.5425621591
328 0.5425621591
329 0.5425621591
330 0.5425621591
331 0.5425621591
332 0.5425621591
333 0.5425621591
334 0.5425621591
335 0.5425621591
336 0.5425621591
337 0.5425621591
338 0.5425621591
339 0.5425621591
340 0.5425621591
341 0.5425621591
342 0.5425621591
343 0.5425621591
344 0.5425621591
345 0.5425621591
346 0.5425621591
347 0.5425621591
348 0.5425621591
349 0.5425621591
350 0.5425621591
351 0.5425621591
352 0.5425621591
353 0.5425621591
354 0.5425621591
355 0.5425621591
356 0.5425621591
357 0.5425621591
358 0.5425621591
359 0.5425621591
360 0.5425621591
361 0.5425621591
362 0.5425621591
363 0.5425621591
364 0.5425621591
365 0.5425621591
366 0.5425621591
367 0.5425621591
368 0.5425621591
369 0.5425621591
370 0.5425621591
371 0.5425621591
372 0.5425621591
373 0.5425621591
374 0.5425621591
375 0.5425621591
376 0.5425621591
377 0.5425621591
378 0.5425621591
379 0.5425621591
380 0.5425621591
381 0.5425621591
382 0.5425621591
383 0.5425621591
384 0.5425621591
385 0.5425621591
386 0.5425621591
387 0.5425621591
388 0.5425621591
389 0.5425621591
390 0.5425621591
391 0.5425621591
392 0.5425621591
393 0.5425621591
394 0.5425621591
395 0.5425621591
396 0.5425621591
397 0.5425621591
398 0.5425621591
399 0.5425621591
400 0.5425621591
401 0.5425621591
402 0.5425621591
403 0.5425621591
404 0.5425621591
405 0.5425621591
406 0.5425621591
407 0.5425621591
408 0.5425621591
409 0.5425621591
410 0.5425621591
411 0.5425621591
412 0.5425621591
413 0.5425621591
414 0.5425621591
415 0.5425621591
416 0.5425621591
417 0.5425621591
418 0.5425621591
419 0.5425621591
420 0.5425621591
421 0.5425621591
422 0.5425621591
423 0.5425621591
424 0.5425621591
425 0.5425621591
426 0.5425621591
427 0.5425621591
428 0.5425621591
429 0.5425621591
430 0.5425621591
431 0.5425621591
432 0.5425621591
433 0.5425621591
434 0.5425621591
435 0.5425621591
436 0.5425621591
437 0.5425621591
438 0.5425621591
439 0.5425621591
440 0.5425621591
441 0.5425621591
442 0.5425621591
443 0.5425621591
444 0.5425621591
445 0.5425621591
446 0.5425621591
447 0.5425621591
448 0.5425621591
449 0.5425621591
450 0.5425621591
451 0.5425621591
452 0.5425621591
453 0.5425621591
454 0.5425621591
455 0.5425621591
456 0.5425621591
457 0.5425621591
458 0.5425621591
459 0.5425621591
460 0.5425621591
461 0.5425621591
462 0.5425621591
463 0.5425621591
464 0.5425621591
465 0.5425621591
466 0.5425621591
467 0.5425621591
468 0.5425621591
469 0.5425621591
470 0.5425621591
471 0.5425621591
472 0.5425621591
473 0.5425621591
474 0.5425621591
475 0.5425621591
476 0.5425621591
477 0.5425621591
478 0.5425621591
479 0.5425621591
480 0.5425621591
481 0.5425621591
482 0.5425621591
483 0.5425621591
484 0.5425621591
485 0.5425621591
486 0.5425621591
487 0.5425621591
488 0.5425621591
489 0.5425621591
490 0.5425621591
491 0.5425621591
492 0.5425621591
493 0.5425621591
494 0.5425621591
495 0.5425621591
496 0.5425621591
497 0.5425621591
498 0.5425621591
499 0.5425621591
500 0.5425621591
501 0.5425621591
502 0.5425621591
503 0.5425621591
504 0.5425621591
505 0.5425621591
506 0.5425621591
507 0.5425621591
508 0.5425621591
509 0.5425621591
510 0.5425621591
511 0.5425621591
512 0.5425621591
513 0.5425621591
514 0.5425621591
515 0.5425621591
516 0.5425621591
517 0.5425621591
518 0.5425621591
519 0.5425621591
520 0.5425621591
521 0.5425621591
522 0.5425621591
523 0.5425621591
524 0.5425621591
525 0.5425621591
526 0.5425621591
527 0.5425621591
528 0.5425621591
529 0.5425621591
530 0.5425621591
531 0.5425621591
532 0.5425621591
533 0.5425621591
534 0.5425621591
535 0.5425621591
536 0.5425621591
537 0.5425621591
538 0.5425621591
539 0.5425621591
540 0.5425621591
541 0.5425621591
542 0.5425621591
543 0.5425621591
544 0.5425621591
545 0.5425621591
546 0.5425621591
547 0.5425621591
548 0.5425621591
549 0.5425621591
550 0.5425621591
551 0.5425621591
552 0.5425621591
553 0.5425621591
554 0.5425621591
555 0.5425621591
556 0.5425621591
557 0.5425621591
558 0.5425621591
559 0.5425621591
560 0.5425621591
561 0.5425621591
562 0.5425621591
563 0.5425621591
564 0.5425621591
565 0.5425621591
566 0.5425621591
567 0.5425621591
568 0.5425621591
569 0.5425621591
570 0.5425621591
571 0.5425621591
572 0.5425621591
573 0.5425621591
574 0.5425621591
575 0.5425621591
576 0.5425621591
577 0.5425621591
578 0.5425621591
579 0.5425621591
580 0.5425621591
581 0.5425621591
582 0.5425621591
583 0.5425621591
584 0.5425621591
585 0.5425621591
586 0.5425621591
587 0.5425621591
588 0.5425621591
589 0.5425621591
590 0.5425621591
591 0.5425621591
592 0.5425621591
593 0.5425621591
594 0.5425621591
595 0.5425621591
596 0.5425621591
597 0.5425621591
598 0.5425621591
599 0.5425621591
600 0.5425621591
601 0.5425621591
602 0.5425621591
603 0.5425621591
604 0.5425621591
605 0.5425621591
606 0.5425621591
607 0.5425621591
608 0.5425621591
609 0.5425621591
610 0.5425621591
611 0.5425621591
612 0.5425621591
613 0.5425621591
614 0.5425621591
615 0.5425621591
616 0.5425621591
617 0.5425621591
618 0.5425621591
619 0.5425621591
620 0.5425621591
621 0.5425621591
622 0.5425621591
623 0.5425621591
624 0.5425621591
625 0.5425621591
626 0.5425621591
627 0.5425621591
628 0.5425621591
629 0.5425621591
630 0.5425621591
631 0.5425621591
632 0.5425621591
633 0.5425621591
634 0.5425621591
635 0.5425621591
636 0.5425621591
637 0.5425621591
638 0.5425621591
639 0.5425621591
640 0.5425621591
641 0.5425621591
642 0.5425621591
643 0.5425621591
644 0.5425621591
645 0.5425621591
646 0.5425621591
647 0.5425621591
648 0.5425621591
649 0.5425621591
650 0.5425621591
651 0.5425621591
652 0.5425621591
653 0.5425621591
654 0.5425621591
655 0.5425621591
656 0.5425621591
657 0.5425621591
658 0.5425621591
659 0.5425621591
660 0.5425621591
661 0.5425621591
662 0.5425621591
663 0.5425621591
664 0.5425621591
665 0.5425621591
666 0.5425621591
667 0.5425621591
668 0.5425621591
669 0.5425621591
670 0.5425621591
671 0.5425621591
672 0.5425621591
673 0.5425621591
674 0.5425621592
675 0.5425621592
676 0.5425621592
677 0.5425621593
678 0.5425621593
679 0.5425621594
680 0.5425621595
681 0.5425621596
682 0.5425621597
683 0.5425621599
684 0.5425621601
685 0.5425621603
686 0.5425621606
687 0.542562161
688 0.5425621615
689 0.5425621621
690 0.5425621628
691 0.5425621637
692 0.5425621649
693 0.5425621663
694 0.542562168
695 0.5425621701
696 0.5425621727
697 0.5425621759
698 0.5425621799
699 0.5425621847
700 0.5425621906
701 0.5425621979
702 0.5425622068
703 0.5425622177
704 0.5425622309
705 0.5425622471
706 0.5425622668
707 0.5425622908
708 0.5425623199
709 0.5425623554
710 0.5425623983
711 0.5425624504
712 0.5425625135
713 0.5425625897
714 0.5425626818
715 0.542562793
716 0.5425629271
717 0.5425630885
718 0.5425632827
719 0.5425635162
720 0.5425637964
721 0.5425641325
722 0.5425645352
723 0.542565017
724 0.5425655931
725 0.5425662812
726 0.542567102
727 0.5425680801
728 0.5425692446
729 0.5425706295
730 0.5425722747
731 0.5425742271
732 0.5425765416
733 0.5425792825
734 0.5425825249
735 0.5425863565
736 0.5425908796
737 0.5425962133
738 0.5426024962
739 0.5426098896
740 0.5426185804
741 0.5426287854
742 0.5426407558
743 0.5426547821
744 0.5426712
745 0.5426903968
746 0.5427128192
747 0.5427389812
748 0.5427694742
749 0.5428049773
750 0.5428462698
751 0.5428942445
752 0.5429499235
753 0.5430144752
754 0.5430892337
755 0.5431757206
756 0.5432756691
757 0.5433910511
758 0.5435241077
759 0.543677382
760 0.5438537573
761 0.5440564983
762 0.5442892964
763 0.5445563214
764 0.544862277
765 0.5452124627
766 0.5456128424
767 0.5460701186
768 0.5465918151
769 0.5471863668
770 0.5478632181
771 0.5486329308
772 0.5495073008
773 0.5504994862
774 0.5516241453
775 0.5528975872
776 0.554337934
777 0.5559652966
778 0.5578019639
779 0.5598726064
780 0.5622044947
781 0.5648277342
782 0.5677755154
783 0.5710843812
784 0.5747945118
785 0.578950027
786 0.5835993066
787 0.5887953293
788 0.5945960301
789 0.6010646761
790 0.6082702606
791 0.6162879161
792 0.6251993441
793 0.6350932627
794 0.6460658704
795 0.6582213249
796 0.6716722367
797 0.6865401742
798 0.70295618
799 0.7210612961
800 0.7410070946
801 0.7629562123
802 0.7870828855
803 0.8135734818
804 0.8426270251
805 0.8744557093
806 0.9092853975
807 0.9473560994
808 0.9889224249
809 1.034254005
810 1.083635875
811 1.137368819
812 1.195769657
813 1.259171482
814 1.327923826
815 1.402392764
816 1.48296093
817 1.570027452
818 1.664007787
819 1.765333463
820 1.874451699
821 1.99182492
822 2.117930135
823 2.25325819
824 2.398312879
825 2.553609913
826 2.719675731
827 2.897046158
828 3.086264902
829 3.287881885
830 3.502451406
831 3.730530133
832 3.972674928
833 4.229440497
834 4.50137688
835 4.789026765
836 5.092922654
837 5.413583867
838 5.751513401
839 6.107194659
840 6.481088047
841 6.873627458
842 7.285216668
843 7.716225639
844 8.166986766
845 8.637791077
846 9.128884417
847 9.640463623
848 10.17267273
849 10.72559924
850 11.29927042
851 11.89364978
852 12.50863364
853 13.14404784
854 13.79964468
855 14.47510008
856 15.17001099
857 15.88389306
858 16.61617864
859 17.36621513
860 18.13326371
861 18.9164984
862 19.7150056
863 20.52778408
864 21.35374539
865 22.19171475
866 23.04043247
867 23.89855591
868 24.76466182
869 25.63724939
870 26.5147437
871 27.39549972
872 28.27780689
873 29.15989413
874 30.03993546
875 30.91605599
876 31.78633843
877 32.64883012
878 33.50155032
879 34.34249802
880 35.16966004
881 35.98101945
882 36.77456427
883 37.54829638
884 38.3002407
885 39.02845432
886 39.73103594
887 40.40613517
888 41.0519619
889 41.66679556
890 42.24899429
891 42.79700389
892 43.30936654
893 43.78472932
894 44.22185226
895 44.6196161
896 44.97702962
897 45.29323645
898 45.56752139
899 45.79931619
900 45.98820472
901 46.13392752
902 46.23638572
903 46.2956443
904 46.31193457
905 46.28565609
906 46.21737774
907 46.10783813
908 45.95794527
909 45.76877551
910 45.5415717
911 45.27774077
912 44.97885043
913 44.64662529
914 44.2829423
915 43.88982545
916 43.46943996
917 43.02408574
918 42.55619034
919 42.06830133
920 41.56307812
921 41.04328335
922 40.51177371
923 39.97149042
924 39.42544927
925 38.87673023
926 38.32846684
927 37.78383513
928 37.2460424
929 36.71831566
930 36.20388988
931 35.70599603
932 35.22784898
933 34.77263525
934 34.34350065
935 33.94353789
936 33.57577407
937 33.24315823
938 32.94854889
939 32.69470165
940 32.48425686
941 32.31972745
942 32.20348689
943 32.1377574
944 32.12459834
945 32.16589496
946 32.26334744
947 32.41846037
948 32.6325326
949 32.90664767
950 33.24166476
951 33.63821022
952 34.09666982
953 34.61718172
954 35.19963027
955 35.84364061
956 36.54857425
957 37.31352564
958 38.13731974
959 39.01851077
960 39.95538208
961 40.94594727
962 41.98795249
963 43.07888022
964 44.2159542
965 45.39614584
966 46.61618206
967 47.87255439
968 49.16152963
969 50.47916184
970 51.82130568
971 53.18363119
972 54.56163978
973 55.95068157
974 57.3459739
975 58.74262089
976 60.13563414
977 61.51995431
978 62.89047351
979 64.24205841
980 65.56957396
981 66.86790749
982 68.13199311
983 69.35683632
984 70.53753848
985 71.66932123
986 72.74755045
987 73.76775976
988 74.72567341
989 75.61722816
990 76.43859434
991 77.18619568
992 77.85672778
993 78.44717527
994 78.95482726
995 79.37729123
996 79.71250501
997 79.95874696
998 80.11464409
999 80.17917828
1000 80.15169025
1001 80.03188159
1002 79.81981456
1003 79.51590978
1004 79.1209419
1005 78.63603312
1006 78.06264474
1007 77.40256681
1008 76.65790589
1009 75.83107108
1010 74.9247584
1011 73.94193374
1012 72.88581433
1013 71.75984912
1014 70.56769797
1015 69.31321004
1016 68.00040141
1017 66.63343213
1018 65.21658292
1019 63.7542316
1020 62.25082949
1021 60.71087801
1022 59.13890544
1023 57.53944419
