#55073 2910.0002685723287179 0.0045705129317840948594 1 1405 16.000049430220818044 1024 7 1 J1713+0747 0.0000000 
0 12.21467657
1 12.85698051
2 13.51847131
3 14.19873534
4 14.89727945
5 15.61352908
6 16.34682675
7 17.09643093
8 17.86151528
9 18.6411683
10 19.43439343
11 20.24010956
12 21.05715212
13 21.88427451
14 22.72015014
15 23.56337494
16 24.41247036
17 25.26588694
18 26.12200831
19 26.97915578
20 27.83559336
21 28.68953332
22 29.53914219
23 30.3825472
24 31.21784315
25 32.04309972
26 32.85636906
27 33.6556938
28 34.43911526
29 35.20468205
30 35.95045869
31 36.67453461
32 37.37503306
33 38.05012028
34 38.6980145
35 39.31699511
36 39.90541152
37 40.46169213
38 40.98435286
39 41.47200566
40 41.92336658
41 42.33726359
42 42.71264395
43 43.04858121
44 43.34428171
45 43.59909054
46 43.81249702
47 43.98413954
48 44.11380983
49 44.20145654
50 44.24718824
51 44.25127568
52 44.21415338
53 44.13642053
54 44.01884116
55 43.86234362
56 43.66801937
57 43.43712098
58 43.17105958
59 42.87140146
60 42.53986413
61 42.17831171
62 41.78874959
63 41.3733186
64 40.93428855
65 40.47405117
66 39.99511258
67 39.50008524
68 38.99167937
69 38.47269401
70 37.94600759
71 37.41456815
72 36.88138323
73 36.34950933
74 35.82204124
75 35.30210091
76 34.79282627
77 34.29735969
78 33.81883636
79 33.36037248
80 32.92505333
81 32.51592123
82 32.13596351
83 31.78810034
84 31.47517266
85 31.19993003
86 30.96501869
87 30.77296953
88 30.62618639
89 30.52693437
90 30.47732841
91 30.47932218
92 30.53469715
93 30.6450521
94 30.81179301
95 31.03612331
96 31.31903477
97 31.6612988
98 32.06345848
99 32.52582121
100 33.04845206
101 33.631168
102 34.27353291
103 34.97485356
104 35.73417652
105 36.55028615
106 37.42170367
107 38.34668736
108 39.32323399
109 40.34908148
110 41.4217128
111 42.53836126
112 43.69601707
113 44.8914353
114 46.12114519
115 47.38146082
116 48.66849316
117 49.97816341
118 51.30621773
119 52.64824309
120 53.99968451
121 55.35586324
122 56.7119962
123 58.06321625
124 59.40459341
125 60.73115683
126 62.03791742
127 63.31989099
128 64.57212177
129 65.78970617
130 66.9678167
131 68.10172569
132 69.18682893
133 70.21866884
134 71.19295712
135 72.10559673
136 72.95270297
137 73.73062356
138 74.43595756
139 75.06557301
140 75.61662305
141 76.08656062
142 76.47315132
143 76.77448467
144 76.98898336
145 77.11541069
146 77.1528759
147 77.10083762
148 76.95910512
149 76.7278376
150 76.40754138
151 75.99906507
152 75.50359276
153 74.92263526
154 74.25801954
155 73.51187633
156 72.6866261
157 71.78496351
158 70.80984037
159 69.76444736
160 68.65219461
161 67.4766913
162 66.24172439
163 64.95123671
164 63.60930459
165 62.2201151
166 60.78794315
167 59.3171286
168 57.81205355
169 56.27711992
170 54.71672748
171 53.1352526
172 51.53702758
173 49.92632105
174 48.30731917
175 46.68410804
176 45.06065724
177 43.44080466
178 41.82824257
179 40.22650516
180 38.63895741
181 37.06878547
182 35.51898841
183 33.99237147
184 32.49154071
185 31.01889912
186 29.57664407
187 28.16676608
188 26.79104894
189 25.45107099
190 24.14820757
191 22.8836346
192 21.65833303
193 20.4730944
194 19.32852706
195 18.22506322
196 17.16296663
197 16.14234082
198 15.16313784
199 14.22516733
200 13.32810591
201 12.47150683
202 11.65480965
203 10.87735009
204 10.13836976
205 9.437025881
206 8.772400828
207 8.143511453
208 7.549318181
209 6.988733791
210 6.460631859
211 5.963854817
212 5.497221615
213 5.059534947
214 4.649588036
215 4.266170951
216 3.908076455
217 3.574105388
218 3.26307156
219 2.973806193
220 2.705161883
221 2.456016122
222 2.225274372
223 2.011872727
224 1.814780159
225 1.633000382
226 1.465573355
227 1.311576437
228 1.170125225
229 1.040374094
230 0.9215164661
231 0.8127848294
232 0.7134505286
233 0.6228233568
234 0.5402509635
235 0.465118106
236 0.3968457613
237 0.3348901205
238 0.2787414838
239 0.2279230739
240 0.1819897846
241 0.1405268791
242 0.103148653
243 0.06949707537
244 0.03924041732
245 0.01207188185
246 -0.01229175826
247 -0.0341115049
248 -0.05362745455
249 -0.07106008739
250 -0.08661152037
251 -0.1004667198
252 -0.1127946698
253 -0.1237494943
254 -0.1334715297
255 -0.1420883472
256 -0.1497157242
257 -0.1564585639
258 -0.1624117631
259 -0.1676610292
260 -0.172283647
261 -0.1763491962
262 -0.179920221
263 -0.183052854
264 -0.185797395
265 -0.1881988477
266 -0.1902974155
267 -0.1921289584
268 -0.1937254142
269 -0.1951151838
270 -0.1963234855
271 -0.1973726778
272 -0.1982825541
273 -0.1990706111
274 -0.1997522925
275 -0.2003412094
276 -0.2008493407
277 -0.2012872131
278 -0.2016640638
279 -0.2019879867
280 -0.2022660635
281 -0.2025044815
282 -0.2027086389
283 -0.2028832384
284 -0.2030323713
285 -0.2031595916
286 -0.2032679823
287 -0.2033602143
288 -0.2034385978
289 -0.2035051283
290 -0.2035615275
291 -0.203609278
292 -0.2036496554
293 -0.2036837554
294 -0.2037125178
295 -0.2037367477
296 -0.2037571338
297 -0.2037742645
298 -0.2037886415
299 -0.2038006924
300 -0.203810781
301 -0.2038192162
302 -0.2038262602
303 -0.2038321352
304 -0.2038370289
305 -0.2038411003
306 -0.2038444832
307 -0.2038472906
308 -0.2038496176
309 -0.2038515438
310 -0.2038531364
311 -0.2038544515
312 -0.2038555361
313 -0.2038564295
314 -0.2038571645
315 -0.2038577684
316 -0.203858264
317 -0.2038586701
318 -0.2038590026
319 -0.2038592745
320 -0.2038594965
321 -0.2038596775
322 -0.203859825
323 -0.203859945
324 -0.2038600424
325 -0.2038601216
326 -0.2038601857
327 -0.2038602376
328 -0.2038602795
329 -0.2038603134
330 -0.2038603408
331 -0.2038603628
332 -0.2038603805
333 -0.2038603947
334 -0.2038604061
335 -0.2038604153
336 -0.2038604226
337 -0.2038604285
338 -0.2038604332
339 -0.2038604369
340 -0.2038604399
341 -0.2038604422
342 -0.2038604441
343 -0.2038604456
344 -0.2038604468
345 -0.2038604477
346 -0.2038604485
347 -0.2038604491
348 -0.2038604495
349 -0.2038604499
350 -0.2038604502
351 -0.2038604504
352 -0.2038604506
353 -0.2038604507
354 -0.2038604508
355 -0.2038604509
356 -0.203860451
357 -0.203860451
358 -0.2038604511
359 -0.2038604511
360 -0.2038604511
361 -0.2038604511
362 -0.2038604511
363 -0.2038604512
364 -0.2038604512
365 -0.2038604512
366 -0.2038604512
367 -0.2038604512
368 -0.2038604512
369 -0.2038604512
370 -0.2038604512
371 -0.2038604512
372 -0.2038604512
373 -0.2038604512
374 -0.2038604512
375 -0.2038604512
376 -0.2038604512
377 -0.2038604512
378 -0.2038604512
379 -0.2038604512
380 -0.2038604512
381 -0.2038604512
382 -0.2038604512
383 -0.2038604512
384 -0.2038604512
385 -0.2038604512
386 -0.2038604512
387 -0.2038604512
388 -0.2038604512
389 -0.2038604512
390 -0.2038604512
391 -0.2038604512
392 -0.2038604512
393 -0.2038604512
394 -0.2038604512
395 -0.2038604512
396 -0.2038604512
397 -0.2038604512
398 -0.2038604512
399 -0.2038604512
400 -0.2038604512
401 -0.2038604512
402 -0.2038604512
403 -0.2038604512
404 -0.2038604512
405 -0.2038604512
406 -0.2038604512
407 -0.2038604512
408 -0.2038604512
409 -0.2038604512
410 -0.2038604512
411 -0.2038604512
412 -0.2038604512
413 -0.2038604512
414 -0.2038604512
415 -0.2038604512
416 -0.2038604512
417 -0.2038604512
418 -0.2038604512
419 -0.2038604512
420 -0.2038604512
421 -0.2038604512
422 -0.2038604512
423 -0.2038604512
424 -0.2038604512
425 -0.2038604512
426 -0.2038604512
427 -0.2038604512
428 -0.2038604512
429 -0.2038604512
430 -0.2038604512
431 -0.2038604512
432 -0.2038604512
433 -0.2038604512
434 -0.2038604512
435 -0.2038604512
436 -0.2038604512
437 -0.2038604512
438 -0.2038604512
439 -0.2038604512
440 -0.2038604512
441 -0.2038604512
442 -0.2038604512
443 -0.2038604512
444 -0.2038604512
445 -0.2038604512
446 -0.2038604512
447 -0.2038604512
448 -0.2038604512
449 -0.2038604512
450 -0.2038604512
451 -0.2038604512
452 -0.2038604512
453 -0.2038604512
454 -0.2038604512
455 -0.2038604512
456 -0.2038604512
457 -0.2038604512
458 -0.2038604512
459 -0.2038604512
460 -0.2038604512
461 -0.2038604512
462 -0.2038604512
463 -0.2038604512
464 -0.2038604512
465 -0.2038604512
466 -0.2038604512
467 -0.2038604512
468 -0.2038604512
469 -0.2038604512
470 -0.2038604512
471 -0.2038604512
472 -0.2038604512
473 -0.2038604512
474 -0.2038604512
475 -0.2038604512
476 -0.2038604512
477 -0.2038604512
478 -0.2038604512
479 -0.2038604512
480 -0.2038604512
481 -0.2038604512
482 -0.2038604512
483 -0.2038604512
484 -0.2038604512
485 -0.2038604512
486 -0.2038604512
487 -0.2038604512
488 -0.2038604512
489 -0.2038604512
490 -0.2038604512
491 -0.2038604512
492 -0.2038604512
493 -0.2038604512
494 -0.2038604512
495 -0.2038604512
496 -0.2038604512
497 -0.2038604512
498 -0.2038604512
499 -0.2038604512
500 -0.2038604512
501 -0.2038604512
502 -0.2038604512
503 -0.2038604512
504 -0.2038604512
505 -0.2038604512
506 -0.2038604512
507 -0.2038604512
508 -0.2038604512
509 -0.2038604512
510 -0.2038604512
511 -0.2038604512
512 -0.2038604512
513 -0.2038604512
514 -0.2038604512
515 -0.2038604512
516 -0.2038604512
517 -0.2038604512
518 -0.2038604512
519 -0.2038604512
520 -0.2038604512
521 -0.2038604512
522 -0.2038604512
523 -0.2038604512
524 -0.2038604512
525 -0.2038604512
526 -0.2038604512
527 -0.2038604512
528 -0.2038604512
529 -0.2038604512
530 -0.2038604512
531 -0.2038604512
532 -0.2038604512
533 -0.2038604512
534 -0.2038604512
535 -0.2038604512
536 -0.2038604512
537 -0.2038604512
538 -0.2038604512
539 -0.2038604512
540 -0.2038604512
541 -0.2038604512
542 -0.2038604512
543 -0.2038604512
544 -0.2038604512
545 -0.2038604512
546 -0.2038604512
547 -0.2038604512
548 -0.2038604512
549 -0.2038604512
550 -0.2038604512
551 -0.2038604512
552 -0.2038604512
553 -0.2038604512
554 -0.2038604512
555 -0.2038604512
556 -0.2038604512
557 -0.2038604512
558 -0.2038604512
559 -0.2038604512
560 -0.2038604512
561 -0.2038604512
562 -0.2038604512
563 -0.2038604512
564 -0.2038604512
565 -0.2038604512
566 -0.2038604512
567 -0.2038604512
568 -0.2038604512
569 -0.2038604512
570 -0.2038604512
571 -0.2038604512
572 -0.2038604512
573 -0.2038604512
574 -0.2038604512
575 -0.2038604512
576 -0.2038604512
577 -0.2038604512
578 -0.2038604512
579 -0.2038604512
580 -0.2038604512
581 -0.2038604512
582 -0.2038604512
583 -0.2038604512
584 -0.2038604512
585 -0.2038604512
586 -0.2038604512
587 -0.2038604512
588 -0.2038604512
589 -0.2038604512
590 -0.2038604512
591 -0.2038604512
592 -0.2038604512
593 -0.2038604512
594 -0.2038604512
595 -0.2038604512
596 -0.2038604512
597 -0.2038604512
598 -0.2038604512
599 -0.2038604512
600 -0.2038604512
601 -0.2038604512
602 -0.2038604512
603 -0.2038604512
604 -0.2038604512
605 -0.2038604512
606 -0.2038604512
607 -0.2038604512
608 -0.2038604512
609 -0.2038604512
610 -0.2038604512
611 -0.2038604512
612 -0.2038604512
613 -0.2038604512
614 -0.2038604512
615 -0.2038604512
616 -0.2038604512
617 -0.2038604512
618 -0.2038604512
619 -0.2038604512
620 -0.2038604512
621 -0.2038604512
622 -0.2038604512
623 -0.2038604512
624 -0.2038604512
625 -0.2038604512
626 -0.2038604512
627 -0.2038604512
628 -0.2038604512
629 -0.2038604512
630 -0.2038604512
631 -0.2038604512
632 -0.2038604512
633 -0.2038604512
634 -0.2038604512
635 -0.2038604512
636 -0.2038604512
637 -0.2038604512
638 -0.2038604512
639 -0.2038604512
640 -0.2038604512
641 -0.2038604512
642 -0.2038604512
643 -0.2038604512
644 -0.2038604512
645 -0.2038604512
646 -0.2038604512
647 -0.2038604512
648 -0.2038604512
649 -0.2038604512
650 -0.2038604512
651 -0.2038604512
652 -0.2038604512
653 -0.2038604512
654 -0.2038604512
655 -0.2038604512
656 -0.2038604512
657 -0.2038604512
658 -0.2038604512
659 -0.2038604512
660 -0.2038604512
661 -0.2038604512
662 -0.2038604512
663 -0.2038604512
664 -0.2038604512
665 -0.2038604512
666 -0.2038604512
667 -0.2038604512
668 -0.2038604512
669 -0.2038604512
670 -0.2038604512
671 -0.2038604512
672 -0.2038604512
673 -0.2038604512
674 -0.2038604512
675 -0.2038604512
676 -0.2038604512
677 -0.2038604512
678 -0.2038604512
679 -0.2038604512
680 -0.2038604512
681 -0.2038604512
682 -0.2038604512
683 -0.2038604512
684 -0.2038604512
685 -0.2038604512
686 -0.2038604512
687 -0.2038604512
688 -0.2038604512
689 -0.2038604512
690 -0.2038604512
691 -0.2038604512
692 -0.2038604512
693 -0.2038604512
694 -0.2038604512
695 -0.2038604512
696 -0.2038604512
697 -0.2038604512
698 -0.2038604512
699 -0.2038604512
700 -0.2038604512
701 -0.2038604512
702 -0.2038604512
703 -0.2038604512
704 -0.2038604512
705 -0.2038604512
706 -0.2038604512
707 -0.2038604512
708 -0.2038604512
709 -0.2038604512
710 -0.2038604512
711 -0.2038604512
712 -0.2038604512
713 -0.2038604512
714 -0.2038604512
715 -0.2038604512
716 -0.2038604512
717 -0.2038604512
718 -0.2038604512
719 -0.2038604512
720 -0.2038604512
721 -0.2038604512
722 -0.2038604512
723 -0.2038604512
724 -0.2038604512
725 -0.2038604512
726 -0.2038604512
727 -0.2038604512
728 -0.2038604512
729 -0.2038604512
730 -0.2038604512
731 -0.2038604512
732 -0.2038604512
733 -0.2038604512
734 -0.2038604512
735 -0.2038604512
736 -0.2038604512
737 -0.2038604512
738 -0.2038604512
739 -0.2038604512
740 -0.2038604512
741 -0.2038604512
742 -0.2038604512
743 -0.2038604512
744 -0.2038604512
745 -0.2038604512
746 -0.2038604512
747 -0.2038604512
748 -0.2038604512
749 -0.2038604512
750 -0.2038604512
751 -0.2038604512
752 -0.2038604512
753 -0.2038604512
754 -0.2038604512
755 -0.2038604512
756 -0.2038604512
757 -0.2038604512
758 -0.2038604512
759 -0.2038604512
760 -0.2038604512
761 -0.2038604512
762 -0.2038604512
763 -0.2038604512
764 -0.2038604512
765 -0.2038604512
766 -0.2038604512
767 -0.2038604512
768 -0.2038604512
769 -0.2038604512
770 -0.2038604512
771 -0.2038604512
772 -0.2038604512
773 -0.2038604512
774 -0.2038604512
775 -0.2038604512
776 -0.2038604512
777 -0.2038604512
778 -0.2038604512
779 -0.2038604512
780 -0.2038604512
781 -0.2038604512
782 -0.2038604512
783 -0.2038604512
784 -0.2038604512
785 -0.2038604512
786 -0.2038604512
787 -0.2038604512
788 -0.2038604512
789 -0.2038604512
790 -0.2038604512
791 -0.2038604512
792 -0.2038604512
793 -0.2038604512
794 -0.2038604512
795 -0.2038604512
796 -0.2038604512
797 -0.2038604512
798 -0.2038604512
799 -0.2038604512
800 -0.2038604512
801 -0.2038604512
802 -0.2038604512
803 -0.2038604512
804 -0.2038604512
805 -0.2038604512
806 -0.2038604512
807 -0.2038604512
808 -0.2038604512
809 -0.2038604512
810 -0.2038604512
811 -0.2038604512
812 -0.2038604512
813 -0.2038604512
814 -0.2038604512
815 -0.2038604512
816 -0.2038604512
817 -0.2038604512
818 -0.2038604512
819 -0.2038604512
820 -0.2038604512
821 -0.2038604512
822 -0.2038604512
823 -0.2038604512
824 -0.2038604512
825 -0.2038604512
826 -0.2038604512
827 -0.2038604512
828 -0.2038604512
829 -0.2038604512
830 -0.2038604512
831 -0.2038604512
832 -0.2038604512
833 -0.2038604512
834 -0.2038604512
835 -0.2038604512
836 -0.2038604512
837 -0.2038604512
838 -0.2038604512
839 -0.2038604512
840 -0.2038604512
841 -0.2038604512
842 -0.2038604511
843 -0.2038604511
844 -0.2038604511
845 -0.2038604511
846 -0.2038604511
847 -0.203860451
848 -0.203860451
849 -0.2038604509
850 -0.2038604509
851 -0.2038604508
852 -0.2038604507
853 -0.2038604505
854 -0.2038604504
855 -0.2038604502
856 -0.2038604499
857 -0.2038604496
858 -0.2038604492
859 -0.2038604487
860 -0.2038604481
861 -0.2038604473
862 -0.2038604464
863 -0.2038604452
864 -0.2038604438
865 -0.203860442
866 -0.2038604398
867 -0.2038604371
868 -0.2038604338
869 -0.2038604298
870 -0.2038604248
871 -0.2038604187
872 -0.2038604112
873 -0.2038604021
874 -0.2038603909
875 -0.2038603773
876 -0.2038603607
877 -0.2038603404
878 -0.2038603158
879 -0.2038602859
880 -0.2038602495
881 -0.2038602055
882 -0.2038601521
883 -0.2038600874
884 -0.2038600093
885 -0.2038599149
886 -0.203859801
887 -0.2038596638
888 -0.2038594985
889 -0.2038592998
890 -0.203859061
891 -0.2038587744
892 -0.2038584308
893 -0.2038580192
894 -0.2038575269
895 -0.2038569384
896 -0.2038562358
897 -0.2038553979
898 -0.2038543997
899 -0.2038532116
900 -0.2038517991
901 -0.2038501216
902 -0.2038481315
903 -0.203845773
904 -0.2038429808
905 -0.2038396787
906 -0.2038357777
907 -0.2038311741
908 -0.2038257471
909 -0.2038193561
910 -0.2038118378
911 -0.2038030029
912 -0.2037926318
913 -0.2037804701
914 -0.203766224
915 -0.2037495539
916 -0.2037300679
917 -0.2037073146
918 -0.2036807745
919 -0.2036498501
920 -0.2036138556
921 -0.2035720041
922 -0.2035233946
923 -0.2034669959
924 -0.2034016295
925 -0.2033259502
926 -0.2032384246
927 -0.2031373062
928 -0.2030206088
929 -0.2028860762
930 -0.2027311484
931 -0.2025529242
932 -0.2023481202
933 -0.2021130244
934 -0.2018434456
935 -0.2015346577
936 -0.2011813374
937 -0.2007774967
938 -0.2003164078
939 -0.1997905216
940 -0.1991913777
941 -0.1985095062
942 -0.1977343212
943 -0.1968540034
944 -0.1958553741
945 -0.1947237567
946 -0.1934428281
947 -0.191994457
948 -0.1903585298
949 -0.1885127629
950 -0.1864325006
951 -0.1840904988
952 -0.1814566929
953 -0.1784979496
954 -0.1751778028
955 -0.1714561721
956 -0.1672890641
957 -0.1626282564
958 -0.1574209627
959 -0.1516094815
960 -0.1451308253
961 -0.1379163326
962 -0.1298912627
963 -0.1209743725
964 -0.1110774778
965 -0.100104998
966 -0.08795348715
967 -0.07451115135
968 -0.05965735436
969 -0.04326211369
970 -0.02518558878
971 -0.005277563981
972 0.01662307102
973 0.04068884021
974 0.06710419632
975 0.09606602818
976 0.1277841562
977 0.1624818116
978 0.2003960942
979 0.2417784048
980 0.286894844
981 0.3360265751
982 0.3894701419
983 0.4475377364
984 0.5105574095
985 0.5788732172
986 0.6528452954
987 0.7328498561
988 0.8192790972
989 0.912541018
990 1.013059134
991 1.121272083
992 1.237633112
993 1.362609444
994 1.496681513
995 1.640342061
996 1.794095095
997 1.958454688
998 2.133943635
999 2.321091945
1000 2.520435178
1001 2.732512607
1002 2.957865228
1003 3.197033596
1004 3.450555501
1005 3.718963475
1006 4.00278215
1007 4.302525453
1008 4.61869366
1009 4.951770307
1010 5.302218971
1011 5.670479939
1012 6.056966763
1013 6.462062733
1014 6.886117268
1015 7.329442256
1016 7.792308357
1017 8.274941291
1018 8.777518128
1019 9.300163618
1020 9.84294657
1021 10.40587632
1022 10.98889929
1023 11.59189573
