#55161 2910.0011166506452565 0.0045702173895815776175 1 1477 16.000049430220818044 1024 7 1 J1713+0747 0.0000000 
0 -0.2544546819
1 -0.2544546819
2 -0.2544546819
3 -0.2544546819
4 -0.2544546819
5 -0.2544546819
6 -0.2544546819
7 -0.2544546819
8 -0.2544546819
9 -0.2544546819
10 -0.2544546819
11 -0.2544546819
12 -0.2544546819
13 -0.2544546819
14 -0.2544546819
15 -0.2544546819
16 -0.2544546819
17 -0.2544546819
18 -0.2544546819
19 -0.2544546819
20 -0.2544546819
21 -0.2544546819
22 -0.2544546819
23 -0.2544546819
24 -0.2544546819
25 -0.2544546819
26 -0.2544546819
27 -0.2544546819
28 -0.2544546819
29 -0.2544546819
30 -0.2544546819
31 -0.2544546819
32 -0.2544546819
33 -0.2544546819
34 -0.2544546819
35 -0.2544546819
36 -0.2544546819
37 -0.2544546819
38 -0.2544546819
39 -0.2544546819
40 -0.2544546819
41 -0.2544546819
42 -0.2544546819
43 -0.2544546819
44 -0.2544546819
45 -0.2544546819
46 -0.2544546819
47 -0.2544546819
48 -0.2544546819
49 -0.2544546819
50 -0.2544546819
51 -0.2544546819
52 -0.2544546819
53 -0.2544546819
54 -0.2544546819
55 -0.2544546819
56 -0.2544546819
57 -0.2544546819
58 -0.2544546819
59 -0.2544546819
60 -0.2544546819
61 -0.2544546819
62 -0.2544546819
63 -0.2544546819
64 -0.2544546819
65 -0.2544546819
66 -0.2544546819
67 -0.2544546819
68 -0.2544546819
69 -0.2544546819
70 -0.2544546819
71 -0.2544546819
72 -0.2544546819
73 -0.2544546819
74 -0.2544546819
75 -0.2544546819
76 -0.2544546819
77 -0.2544546819
78 -0.2544546819
79 -0.2544546819
80 -0.2544546819
81 -0.2544546819
82 -0.2544546819
83 -0.2544546819
84 -0.2544546819
85 -0.2544546819
86 -0.2544546819
87 -0.2544546819
88 -0.2544546819
89 -0.2544546819
90 -0.2544546819
91 -0.2544546819
92 -0.2544546819
93 -0.2544546819
94 -0.2544546819
95 -0.2544546819
96 -0.2544546819
97 -0.2544546819
98 -0.2544546819
99 -0.2544546819
100 -0.2544546819
101 -0.2544546819
102 -0.2544546819
103 -0.2544546819
104 -0.2544546819
105 -0.2544546819
106 -0.2544546819
107 -0.2544546819
108 -0.2544546819
109 -0.2544546819
110 -0.2544546819
111 -0.2544546819
112 -0.2544546819
113 -0.2544546819
114 -0.2544546819
115 -0.2544546819
116 -0.2544546819
117 -0.2544546819
118 -0.2544546819
119 -0.2544546819
120 -0.2544546819
121 -0.2544546819
122 -0.2544546819
123 -0.2544546819
124 -0.2544546819
125 -0.2544546819
126 -0.2544546819
127 -0.2544546819
128 -0.2544546819
129 -0.2544546819
130 -0.2544546819
131 -0.2544546819
132 -0.2544546819
133 -0.2544546819
134 -0.2544546819
135 -0.2544546819
136 -0.2544546819
137 -0.2544546819
138 -0.2544546819
139 -0.2544546819
140 -0.2544546819
141 -0.2544546819
142 -0.2544546819
143 -0.2544546819
144 -0.2544546819
145 -0.2544546819
146 -0.2544546819
147 -0.2544546819
148 -0.2544546819
149 -0.2544546819
150 -0.2544546819
151 -0.2544546819
152 -0.2544546819
153 -0.2544546819
154 -0.2544546819
155 -0.2544546819
156 -0.2544546819
157 -0.2544546819
158 -0.2544546819
159 -0.2544546819
160 -0.2544546819
161 -0.2544546819
162 -0.2544546819
163 -0.2544546819
164 -0.2544546819
165 -0.2544546819
166 -0.2544546819
167 -0.2544546819
168 -0.2544546819
169 -0.2544546819
170 -0.2544546819
171 -0.2544546819
172 -0.2544546819
173 -0.2544546819
174 -0.2544546819
175 -0.2544546819
176 -0.2544546819
177 -0.2544546819
178 -0.2544546819
179 -0.2544546819
180 -0.2544546819
181 -0.2544546819
182 -0.2544546819
183 -0.2544546819
184 -0.2544546819
185 -0.2544546819
186 -0.2544546819
187 -0.2544546819
188 -0.2544546819
189 -0.2544546819
190 -0.2544546819
191 -0.2544546819
192 -0.2544546819
193 -0.2544546819
194 -0.2544546819
195 -0.2544546819
196 -0.2544546819
197 -0.2544546819
198 -0.2544546819
199 -0.2544546819
200 -0.2544546819
201 -0.2544546819
202 -0.2544546819
203 -0.2544546819
204 -0.2544546819
205 -0.2544546819
206 -0.2544546819
207 -0.2544546819
208 -0.2544546819
209 -0.2544546819
210 -0.2544546819
211 -0.2544546819
212 -0.2544546819
213 -0.2544546819
214 -0.2544546819
215 -0.2544546819
216 -0.2544546819
217 -0.2544546819
218 -0.2544546819
219 -0.2544546819
220 -0.2544546819
221 -0.2544546819
222 -0.2544546819
223 -0.2544546818
224 -0.2544546818
225 -0.2544546818
226 -0.2544546818
227 -0.2544546817
228 -0.2544546817
229 -0.2544546816
230 -0.2544546816
231 -0.2544546815
232 -0.2544546814
233 -0.2544546812
234 -0.2544546811
235 -0.2544546808
236 -0.2544546806
237 -0.2544546803
238 -0.2544546798
239 -0.2544546793
240 -0.2544546787
241 -0.2544546779
242 -0.254454677
243 -0.2544546758
244 -0.2544546743
245 -0.2544546725
246 -0.2544546703
247 -0.2544546676
248 -0.2544546642
249 -0.2544546601
250 -0.254454655
251 -0.2544546488
252 -0.2544546412
253 -0.254454632
254 -0.2544546206
255 -0.2544546068
256 -0.2544545899
257 -0.2544545694
258 -0.2544545444
259 -0.2544545141
260 -0.2544544772
261 -0.2544544326
262 -0.2544543785
263 -0.254454313
264 -0.2544542339
265 -0.2544541383
266 -0.2544540231
267 -0.2544538842
268 -0.2544537171
269 -0.2544535161
270 -0.2544532747
271 -0.254452985
272 -0.2544526378
273 -0.254452222
274 -0.2544517248
275 -0.2544511306
276 -0.2544504214
277 -0.2544495759
278 -0.2544485687
279 -0.2544473704
280 -0.2544459461
281 -0.254444255
282 -0.2544422493
283 -0.2544398729
284 -0.2544370603
285 -0.254433735
286 -0.2544298076
287 -0.254425174
288 -0.254419713
289 -0.2544132838
290 -0.2544057226
291 -0.2543968395
292 -0.2543864145
293 -0.254374193
294 -0.2543598804
295 -0.254343137
296 -0.2543235705
297 -0.2543007292
298 -0.2542740935
299 -0.2542430659
300 -0.2542069608
301 -0.2541649919
302 -0.2541162588
303 -0.2540597316
304 -0.2539942337
305 -0.2539184223
306 -0.253830767
307 -0.2537295257
308 -0.2536127175
309 -0.2534780929
310 -0.2533231002
311 -0.2531448489
312 -0.2529400681
313 -0.2527050615
314 -0.2524356568
315 -0.2521271505
316 -0.2517742465
317 -0.2513709892
318 -0.2509106894
319 -0.2503858435
320 -0.2497880447
321 -0.2491078861
322 -0.2483348554
323 -0.2474572196
324 -0.2464618996
325 -0.2453343351
326 -0.2440583371
327 -0.2426159292
328 -0.2409871759
329 -0.2391499982
330 -0.2370799748
331 -0.2347501293
332 -0.2321307023
333 -0.2291889077
334 -0.2258886737
335 -0.2221903664
336 -0.2180504974
337 -0.2134214134
338 -0.2082509697
339 -0.2024821851
340 -0.1960528802
341 -0.1888952981
342 -0.1809357086
343 -0.1720939956
344 -0.162283229
345 -0.1514092217
346 -0.1393700731
347 -0.1260556996
348 -0.1113473547
349 -0.09511714014
350 -0.07722750976
351 -0.05753076919
352 -0.03586857369
353 -0.01207142738
354 0.01404181293
355 0.04266442543
356 0.07400229852
357 0.1082743892
358 0.1457131596
359 0.1865649872
360 0.2310905423
361 0.2795651281
362 0.3322789766
363 0.3895374938
364 0.4516614488
365 0.5189870983
366 0.591866241
367 0.6706661937
368 0.7557696822
369 0.8475746398
370 0.9464939058
371 1.052954817
372 1.167398687
373 1.290280156
374 1.422066429
375 1.563236361
376 1.714279418
377 1.875694483
378 2.04798852
379 2.231675077
380 2.427272637
381 2.635302812
382 2.856288373
383 3.090751121
384 3.339209603
385 3.602176669
386 3.880156874
387 4.17364374
388 4.483116869
389 4.809038932
390 5.151852527
391 5.511976933
392 5.889804762
393 6.285698529
394 6.699987151
395 7.132962404
396 7.584875338
397 8.055932697
398 8.546293338
399 9.056064695
400 9.585299299
401 10.13399139
402 10.70207362
403 11.28941396
404 11.89581266
405 12.52099954
406 13.1646314
407 13.82628973
408 14.50547871
409 15.20162348
410 15.91406876
411 16.64207785
412 17.38483198
413 18.1414301
414 18.91088905
415 19.69214421
416 20.48405062
417 21.28538452
418 22.09484542
419 22.91105864
420 23.73257836
421 24.55789117
422 25.38542005
423 26.21352895
424 27.04052775
425 27.86467772
426 28.68419748
427 29.49726924
428 30.30204565
429 31.09665685
430 31.87921792
431 32.64783672
432 33.40062188
433 34.1356911
434 34.85117962
435 35.54524885
436 36.21609511
437 36.86195837
438 37.48113106
439 38.07196681
440 38.63288909
441 39.16239972
442 39.65908717
443 40.12163465
444 40.54882782
445 40.93956231
446 41.29285069
447 41.60782917
448 41.88376371
449 42.12005571
450 42.3162471
451 42.47202494
452 42.58722532
453 42.66183677
454 42.69600287
455 42.69002435
456 42.64436048
457 42.55962966
458 42.43660956
459 42.27623633
460 42.0796033
461 41.84795891
462 41.58270403
463 41.28538856
464 40.95770746
465 40.60149608
466 40.21872494
467 39.8114939
468 39.38202579
469 38.93265948
470 38.46584248
471 37.98412299
472 37.49014159
473 36.98662242
474 36.47636404
475 35.96222984
476 35.4471382
477 34.93405229
478 34.42596961
479 33.92591123
480 33.43691094
481 32.96200402
482 32.504216
483 32.06655123
484 31.65198128
485 31.26343335
486 30.9037786
487 30.5758204
488 30.28228265
489 30.02579811
490 29.8088968
491 29.63399453
492 29.50338147
493 29.41921103
494 29.38348887
495 29.39806216
496 29.46460918
497 29.58462922
498 29.75943292
499 29.99013303
500 30.27763563
501 30.62263196
502 31.02559083
503 31.48675167
504 32.00611837
505 32.58345381
506 33.21827531
507 33.90985094
508 34.65719685
509 35.45907549
510 36.31399505
511 37.2202099
512 38.1757223
513 39.17828523
514 40.22540649
515 41.31435416
516 42.44216322
517 43.60564357
518 44.80138938
519 46.02578972
520 47.27504049
521 48.54515767
522 49.83199182
523 51.13124373
524 52.43848129
525 53.74915741
526 55.05862894
527 56.36217657
528 57.65502546
529 58.93236665
530 60.18937909
531 61.42125205
532 62.62320795
533 63.79052537
534 64.91856207
535 66.00277799
536 67.03875793
537 68.02223382
538 68.94910652
539 69.81546678
540 70.61761541
541 71.35208244
542 72.01564506
543 72.60534434
544 73.11850045
545 73.55272648
546 73.90594042
547 74.17637562
548 74.36258927
549 74.4634691
550 74.47823807
551 74.40645718
552 74.24802623
553 74.0031826
554 73.67249804
555 73.25687357
556 72.75753237
557 72.17601096
558 71.51414843
559 70.77407418
560 69.95819393
561 69.0691743
562 68.10992614
563 67.08358649
564 65.9934996
565 64.84319701
566 63.63637681
567 62.37688235
568 61.06868053
569 59.71583976
570 58.32250782
571 56.89288977
572 55.43122608
573 53.94177102
574 52.42877167
575 50.89644743
576 49.34897039
577 47.79044648
578 46.22489765
579 44.65624512
580 43.0882938
581 41.52471786
582 39.96904773
583 38.42465827
584 36.89475845
585 35.38238235
586 33.89038153
587 32.42141891
588 30.97796391
589 29.562289
590 28.1764676
591 26.82237319
592 25.50167973
593 24.21586316
594 22.96620407
595 21.75379136
596 20.57952681
597 19.44413063
598 18.34814768
599 17.29195441
600 16.27576645
601 15.29964672
602 14.36351389
603 13.46715129
604 12.61021606
605 11.7922484
606 11.01268109
607 10.27084889
608 9.565997988
609 8.897295346
610 8.263837862
611 7.664661345
612 7.098749219
613 6.565040935
614 6.062440033
615 5.589821839
616 5.146040766
617 4.729937189
618 4.340343889
619 3.976092046
620 3.636016775
621 3.31896221
622 3.023786126
623 2.749364108
624 2.49459328
625 2.258395591
626 2.039720692
627 1.837548402
628 1.650890784
629 1.478793862
630 1.320338982
631 1.174643854
632 1.040863284
633 0.9181896355
634 0.8058530189
635 0.7031212579
636 0.6092996374
637 0.5237304613
638 0.4457924426
639 0.3748999435
640 0.3105020886
641 0.252081767
642 0.1991545443
643 0.1512674989
644 0.1079979991
645 0.06895243678
646 0.03376492851
647 0.00209599877
648 -0.02636874528
649 -0.05191993683
650 -0.07482576169
651 -0.09533325196
652 -0.1136695544
653 -0.1300431678
654 -0.1446451438
655 -0.157650249
656 -0.1692180821
657 -0.1794941465
658 -0.1886108748
659 -0.1966886043
660 -0.203836503
661 -0.2101534459
662 -0.2157288405
663 -0.2206434051
664 -0.2249698965
665 -0.2287737924
666 -0.232113927
667 -0.2350430827
668 -0.2376085391
669 -0.2398525814
670 -0.2418129704
671 -0.2435233744
672 -0.245013768
673 -0.2463107965
674 -0.2474381104
675 -0.2484166702
676 -0.2492650251
677 -0.2499995659
678 -0.2506347547
679 -0.2511833332
680 -0.2516565106
681 -0.2520641341
682 -0.2524148412
683 -0.2527161976
684 -0.2529748207
685 -0.25319649
686 -0.253386246
687 -0.2535484784
688 -0.2536870045
689 -0.2538051397
690 -0.2539057585
691 -0.2539913504
692 -0.2540640682
693 -0.2541257705
694 -0.2541780603
695 -0.2542223179
696 -0.2542597301
697 -0.254291316
698 -0.2543179495
699 -0.2543403791
700 -0.2543592446
701 -0.2543750925
702 -0.2543883889
703 -0.2543995306
704 -0.254408855
705 -0.254416649
706 -0.2544231554
707 -0.2544285804
708 -0.2544330978
709 -0.254436855
710 -0.2544399759
711 -0.2544425651
712 -0.2544447105
713 -0.2544464859
714 -0.2544479533
715 -0.2544491647
716 -0.2544501634
717 -0.2544509858
718 -0.2544516622
719 -0.2544522178
720 -0.2544526736
721 -0.254453047
722 -0.2544533526
723 -0.2544536024
724 -0.2544538063
725 -0.2544539726
726 -0.2544541079
727 -0.254454218
728 -0.2544543075
729 -0.25445438
730 -0.2544544388
731 -0.2544544864
732 -0.2544545249
733 -0.2544545559
734 -0.2544545809
735 -0.2544546011
736 -0.2544546173
737 -0.2544546303
738 -0.2544546408
739 -0.2544546491
740 -0.2544546558
741 -0.2544546612
742 -0.2544546655
743 -0.2544546689
744 -0.2544546716
745 -0.2544546737
746 -0.2544546755
747 -0.2544546768
748 -0.2544546779
749 -0.2544546787
750 -0.2544546794
751 -0.25445468
752 -0.2544546804
753 -0.2544546807
754 -0.254454681
755 -0.2544546812
756 -0.2544546813
757 -0.2544546815
758 -0.2544546816
759 -0.2544546816
760 -0.2544546817
761 -0.2544546817
762 -0.2544546818
763 -0.2544546818
764 -0.2544546818
765 -0.2544546818
766 -0.2544546819
767 -0.2544546819
768 -0.2544546819
769 -0.2544546819
770 -0.2544546819
771 -0.2544546819
772 -0.2544546819
773 -0.2544546819
774 -0.2544546819
775 -0.2544546819
776 -0.2544546819
777 -0.2544546819
778 -0.2544546819
779 -0.2544546819
780 -0.2544546819
781 -0.2544546819
782 -0.2544546819
783 -0.2544546819
784 -0.2544546819
785 -0.2544546819
786 -0.2544546819
787 -0.2544546819
788 -0.2544546819
789 -0.2544546819
790 -0.2544546819
791 -0.2544546819
792 -0.2544546819
793 -0.2544546819
794 -0.2544546819
795 -0.2544546819
796 -0.2544546819
797 -0.2544546819
798 -0.2544546819
799 -0.2544546819
800 -0.2544546819
801 -0.2544546819
802 -0.2544546819
803 -0.2544546819
804 -0.2544546819
805 -0.2544546819
806 -0.2544546819
807 -0.2544546819
808 -0.2544546819
809 -0.2544546819
810 -0.2544546819
811 -0.2544546819
812 -0.2544546819
813 -0.2544546819
814 -0.2544546819
815 -0.2544546819
816 -0.2544546819
817 -0.2544546819
818 -0.2544546819
819 -0.2544546819
820 -0.2544546819
821 -0.2544546819
822 -0.2544546819
823 -0.2544546819
824 -0.2544546819
825 -0.2544546819
826 -0.2544546819
827 -0.2544546819
828 -0.2544546819
829 -0.2544546819
830 -0.2544546819
831 -0.2544546819
832 -0.2544546819
833 -0.2544546819
834 -0.2544546819
835 -0.2544546819
836 -0.2544546819
837 -0.2544546819
838 -0.2544546819
839 -0.2544546819
840 -0.2544546819
841 -0.2544546819
842 -0.2544546819
843 -0.2544546819
844 -0.2544546819
845 -0.2544546819
846 -0.2544546819
847 -0.2544546819
848 -0.2544546819
849 -0.2544546819
850 -0.2544546819
851 -0.2544546819
852 -0.2544546819
853 -0.2544546819
854 -0.2544546819
855 -0.2544546819
856 -0.2544546819
857 -0.2544546819
858 -0.2544546819
859 -0.2544546819
860 -0.2544546819
861 -0.2544546819
862 -0.2544546819
863 -0.2544546819
864 -0.2544546819
865 -0.2544546819
866 -0.2544546819
867 -0.2544546819
868 -0.2544546819
869 -0.2544546819
870 -0.2544546819
871 -0.2544546819
872 -0.2544546819
873 -0.2544546819
874 -0.2544546819
875 -0.2544546819
876 -0.2544546819
877 -0.2544546819
878 -0.2544546819
879 -0.2544546819
880 -0.2544546819
881 -0.2544546819
882 -0.2544546819
883 -0.2544546819
884 -0.2544546819
885 -0.2544546819
886 -0.2544546819
887 -0.2544546819
888 -0.2544546819
889 -0.2544546819
890 -0.2544546819
891 -0.2544546819
892 -0.2544546819
893 -0.2544546819
894 -0.2544546819
895 -0.2544546819
896 -0.2544546819
897 -0.2544546819
898 -0.2544546819
899 -0.2544546819
900 -0.2544546819
901 -0.2544546819
902 -0.2544546819
903 -0.2544546819
904 -0.2544546819
905 -0.2544546819
906 -0.2544546819
907 -0.2544546819
908 -0.2544546819
909 -0.2544546819
910 -0.2544546819
911 -0.2544546819
912 -0.2544546819
913 -0.2544546819
914 -0.2544546819
915 -0.2544546819
916 -0.2544546819
917 -0.2544546819
918 -0.2544546819
919 -0.2544546819
920 -0.2544546819
921 -0.2544546819
922 -0.2544546819
923 -0.2544546819
924 -0.2544546819
925 -0.2544546819
926 -0.2544546819
927 -0.2544546819
928 -0.2544546819
929 -0.2544546819
930 -0.2544546819
931 -0.2544546819
932 -0.2544546819
933 -0.2544546819
934 -0.2544546819
935 -0.2544546819
936 -0.2544546819
937 -0.2544546819
938 -0.2544546819
939 -0.2544546819
940 -0.2544546819
941 -0.2544546819
942 -0.2544546819
943 -0.2544546819
944 -0.2544546819
945 -0.2544546819
946 -0.2544546819
947 -0.2544546819
948 -0.2544546819
949 -0.2544546819
950 -0.2544546819
951 -0.2544546819
952 -0.2544546819
953 -0.2544546819
954 -0.2544546819
955 -0.2544546819
956 -0.2544546819
957 -0.2544546819
958 -0.2544546819
959 -0.2544546819
960 -0.2544546819
961 -0.2544546819
962 -0.2544546819
963 -0.2544546819
964 -0.2544546819
965 -0.2544546819
966 -0.2544546819
967 -0.2544546819
968 -0.2544546819
969 -0.2544546819
970 -0.2544546819
971 -0.2544546819
972 -0.2544546819
973 -0.2544546819
974 -0.2544546819
975 -0.2544546819
976 -0.2544546819
977 -0.2544546819
978 -0.2544546819
979 -0.2544546819
980 -0.2544546819
981 -0.2544546819
982 -0.2544546819
983 -0.2544546819
984 -0.2544546819
985 -0.2544546819
986 -0.2544546819
987 -0.2544546819
988 -0.2544546819
989 -0.2544546819
990 -0.2544546819
991 -0.2544546819
992 -0.2544546819
993 -0.2544546819
994 -0.2544546819
995 -0.2544546819
996 -0.2544546819
997 -0.2544546819
998 -0.2544546819
999 -0.2544546819
1000 -0.2544546819
1001 -0.2544546819
1002 -0.2544546819
1003 -0.2544546819
1004 -0.2544546819
1005 -0.2544546819
1006 -0.2544546819
1007 -0.2544546819
1008 -0.2544546819
1009 -0.2544546819
1010 -0.2544546819
1011 -0.2544546819
1012 -0.2544546819
1013 -0.2544546819
1014 -0.2544546819
1015 -0.2544546819
1016 -0.2544546819
1017 -0.2544546819
1018 -0.2544546819
1019 -0.2544546819
1020 -0.2544546819
1021 -0.2544546819
1022 -0.2544546819
1023 -0.2544546819
