#55161 2910.001254725743028 0.0045702173895815776175 1 1293 16.000049430220818044 1024 7 1 J1713+0747 0.0000000 
0 -0.2130083454
1 -0.2130083454
2 -0.2130083454
3 -0.2130083454
4 -0.2130083454
5 -0.2130083454
6 -0.2130083454
7 -0.2130083454
8 -0.2130083454
9 -0.2130083454
10 -0.2130083454
11 -0.2130083454
12 -0.2130083454
13 -0.2130083454
14 -0.2130083454
15 -0.2130083454
16 -0.2130083454
17 -0.2130083454
18 -0.2130083454
19 -0.2130083454
20 -0.2130083454
21 -0.2130083454
22 -0.2130083454
23 -0.2130083454
24 -0.2130083454
25 -0.2130083454
26 -0.2130083454
27 -0.2130083454
28 -0.2130083454
29 -0.2130083454
30 -0.2130083454
31 -0.2130083454
32 -0.2130083454
33 -0.2130083454
34 -0.2130083454
35 -0.2130083454
36 -0.2130083454
37 -0.2130083454
38 -0.2130083454
39 -0.2130083454
40 -0.2130083454
41 -0.2130083454
42 -0.2130083454
43 -0.2130083454
44 -0.2130083454
45 -0.2130083454
46 -0.2130083454
47 -0.2130083454
48 -0.2130083454
49 -0.2130083454
50 -0.2130083454
51 -0.2130083454
52 -0.2130083454
53 -0.2130083454
54 -0.2130083454
55 -0.2130083454
56 -0.2130083454
57 -0.2130083454
58 -0.2130083454
59 -0.2130083454
60 -0.2130083454
61 -0.2130083454
62 -0.2130083454
63 -0.2130083454
64 -0.2130083454
65 -0.2130083454
66 -0.2130083454
67 -0.2130083454
68 -0.2130083454
69 -0.2130083454
70 -0.2130083454
71 -0.2130083454
72 -0.2130083454
73 -0.2130083454
74 -0.2130083454
75 -0.2130083454
76 -0.2130083454
77 -0.2130083454
78 -0.2130083454
79 -0.2130083454
80 -0.2130083454
81 -0.2130083454
82 -0.2130083454
83 -0.2130083454
84 -0.2130083454
85 -0.2130083454
86 -0.2130083454
87 -0.2130083454
88 -0.2130083454
89 -0.2130083454
90 -0.2130083454
91 -0.2130083454
92 -0.2130083454
93 -0.2130083454
94 -0.2130083454
95 -0.2130083454
96 -0.2130083454
97 -0.2130083454
98 -0.2130083454
99 -0.2130083454
100 -0.2130083454
101 -0.2130083454
102 -0.2130083454
103 -0.2130083454
104 -0.2130083454
105 -0.2130083454
106 -0.2130083454
107 -0.2130083454
108 -0.2130083454
109 -0.2130083454
110 -0.2130083454
111 -0.2130083454
112 -0.2130083454
113 -0.2130083454
114 -0.2130083454
115 -0.2130083454
116 -0.2130083454
117 -0.2130083454
118 -0.2130083454
119 -0.2130083454
120 -0.2130083454
121 -0.2130083454
122 -0.2130083454
123 -0.2130083454
124 -0.2130083454
125 -0.2130083454
126 -0.2130083454
127 -0.2130083454
128 -0.2130083454
129 -0.2130083454
130 -0.2130083454
131 -0.2130083454
132 -0.2130083454
133 -0.2130083454
134 -0.2130083454
135 -0.2130083454
136 -0.2130083454
137 -0.2130083454
138 -0.2130083454
139 -0.2130083454
140 -0.2130083454
141 -0.2130083454
142 -0.2130083454
143 -0.2130083454
144 -0.2130083454
145 -0.2130083454
146 -0.2130083454
147 -0.2130083454
148 -0.2130083454
149 -0.2130083454
150 -0.2130083454
151 -0.2130083454
152 -0.2130083454
153 -0.2130083454
154 -0.2130083454
155 -0.2130083454
156 -0.2130083454
157 -0.2130083454
158 -0.2130083454
159 -0.2130083454
160 -0.2130083454
161 -0.2130083454
162 -0.2130083454
163 -0.2130083454
164 -0.2130083454
165 -0.2130083454
166 -0.2130083454
167 -0.2130083454
168 -0.2130083454
169 -0.2130083454
170 -0.2130083454
171 -0.2130083454
172 -0.2130083454
173 -0.2130083454
174 -0.2130083454
175 -0.2130083454
176 -0.2130083454
177 -0.2130083454
178 -0.2130083454
179 -0.2130083454
180 -0.2130083454
181 -0.2130083454
182 -0.2130083454
183 -0.2130083454
184 -0.2130083454
185 -0.2130083454
186 -0.2130083454
187 -0.2130083454
188 -0.2130083454
189 -0.2130083454
190 -0.2130083454
191 -0.2130083454
192 -0.2130083454
193 -0.2130083454
194 -0.2130083454
195 -0.2130083454
196 -0.2130083454
197 -0.2130083454
198 -0.2130083454
199 -0.2130083454
200 -0.2130083454
201 -0.2130083454
202 -0.2130083454
203 -0.2130083454
204 -0.2130083454
205 -0.2130083454
206 -0.2130083454
207 -0.2130083454
208 -0.2130083454
209 -0.2130083454
210 -0.2130083454
211 -0.2130083454
212 -0.2130083454
213 -0.2130083454
214 -0.2130083454
215 -0.2130083454
216 -0.2130083454
217 -0.2130083454
218 -0.2130083454
219 -0.2130083454
220 -0.2130083454
221 -0.2130083454
222 -0.2130083454
223 -0.2130083454
224 -0.2130083454
225 -0.2130083454
226 -0.2130083454
227 -0.2130083454
228 -0.2130083454
229 -0.2130083454
230 -0.2130083454
231 -0.2130083454
232 -0.2130083454
233 -0.2130083454
234 -0.2130083454
235 -0.2130083454
236 -0.2130083454
237 -0.2130083454
238 -0.2130083454
239 -0.2130083454
240 -0.2130083454
241 -0.2130083454
242 -0.2130083454
243 -0.2130083454
244 -0.2130083454
245 -0.2130083454
246 -0.2130083454
247 -0.2130083453
248 -0.2130083453
249 -0.2130083453
250 -0.2130083453
251 -0.2130083453
252 -0.2130083453
253 -0.2130083453
254 -0.2130083453
255 -0.2130083453
256 -0.2130083452
257 -0.2130083452
258 -0.2130083452
259 -0.2130083451
260 -0.213008345
261 -0.2130083449
262 -0.2130083448
263 -0.2130083447
264 -0.2130083445
265 -0.2130083443
266 -0.2130083441
267 -0.2130083438
268 -0.2130083434
269 -0.2130083429
270 -0.2130083423
271 -0.2130083415
272 -0.2130083406
273 -0.2130083394
274 -0.213008338
275 -0.2130083362
276 -0.213008334
277 -0.2130083314
278 -0.2130083281
279 -0.213008324
280 -0.213008319
281 -0.2130083129
282 -0.2130083054
283 -0.2130082963
284 -0.2130082851
285 -0.2130082714
286 -0.2130082548
287 -0.2130082345
288 -0.2130082098
289 -0.2130081797
290 -0.2130081432
291 -0.2130080989
292 -0.2130080452
293 -0.2130079801
294 -0.2130079014
295 -0.2130078064
296 -0.2130076916
297 -0.2130075532
298 -0.2130073864
299 -0.2130071858
300 -0.2130069446
301 -0.2130066549
302 -0.2130063075
303 -0.2130058911
304 -0.2130053927
305 -0.2130047968
306 -0.2130040849
307 -0.2130032354
308 -0.2130022228
309 -0.213001017
310 -0.2129995827
311 -0.2129978785
312 -0.2129958555
313 -0.2129934568
314 -0.2129906156
315 -0.2129872537
316 -0.21298328
317 -0.212978588
318 -0.212973054
319 -0.2129665335
320 -0.2129588588
321 -0.2129498354
322 -0.2129392373
323 -0.2129268029
324 -0.2129122296
325 -0.2128951675
326 -0.2128752128
327 -0.2128518998
328 -0.2128246925
329 -0.2127929738
330 -0.212756035
331 -0.212713063
332 -0.2126631253
333 -0.2126051547
334 -0.2125379307
335 -0.2124600593
336 -0.2123699503
337 -0.2122657918
338 -0.2121455218
339 -0.2120067965
340 -0.2118469549
341 -0.2116629798
342 -0.2114514539
343 -0.2112085119
344 -0.2109297869
345 -0.2106103512
346 -0.2102446514
347 -0.2098264365
348 -0.2093486792
349 -0.208803489
350 -0.2081820177
351 -0.207474355
352 -0.2066694154
353 -0.2057548147
354 -0.2047167345
355 -0.203539777
356 -0.2022068053
357 -0.2006987721
358 -0.1989945341
359 -0.1970706513
360 -0.194901172
361 -0.1924574009
362 -0.1897076508
363 -0.1866169775
364 -0.1831468958
365 -0.1792550775
366 -0.1748950309
367 -0.1700157599
368 -0.1645614042
369 -0.1584708595
370 -0.1516773775
371 -0.1441081464
372 -0.1356838513
373 -0.1263182161
374 -0.1159175256
375 -0.1043801317
376 -0.09159594062
377 -0.07744588658
378 -0.0618013907
379 -0.04452380821
380 -0.02546386589
381 -0.004461092376
382 0.01865675606
383 0.04407427073
384 0.0719889634
385 0.1026118327
386 0.1361679197
387 0.172896848
388 0.2130533434
389 0.2569077268
390 0.304746375
391 0.3568721438
392 0.4136047448
393 0.475281071
394 0.5422554618
395 0.6148999023
396 0.6936041457
397 0.7787757546
398 0.870840049
399 0.9702399562
400 1.077435751
401 1.192904681
402 1.317140466
403 1.450652663
404 1.593965898
405 1.747618937
406 1.912163611
407 2.088163581
408 2.276192927
409 2.476834569
410 2.690678515
411 2.91831992
412 3.160356973
413 3.417388593
414 3.690011944
415 3.978819774
416 4.284397566
417 4.607320527
418 4.9481504
419 5.307432125
420 5.685690349
421 6.083425792
422 6.5011115
423 6.939188981
424 7.398064255
425 7.87810383
426 8.379630622
427 8.902919855
428 9.448194949
429 10.01562343
430 10.6053129
431 11.21730706
432 11.85158186
433 12.50804178
434 13.18651628
435 13.88675644
436 14.60843186
437 15.3511278
438 16.11434261
439 16.89748554
440 17.69987482
441 18.52073625
442 19.35920209
443 20.21431046
444 21.08500522
445 21.97013629
446 22.86846052
447 23.77864312
448 24.69925956
449 25.62879806
450 26.56566268
451 27.50817696
452 28.45458805
453 29.40307154
454 30.35173673
455 31.29863253
456 32.24175382
457 33.17904835
458 34.10842412
459 35.02775724
460 35.93490016
461 36.82769031
462 37.70395912
463 38.56154127
464 39.39828428
465 40.21205824
466 41.00076574
467 41.76235188
468 42.49481433
469 43.1962134
470 43.86468202
471 44.49843564
472 45.09578187
473 45.65512998
474 46.17500005
475 46.65403174
476 47.09099279
477 47.48478689
478 47.83446121
479 48.13921329
480 48.39839736
481 48.61153008
482 48.77829556
483 48.89854973
484 48.97232398
485 48.99982807
486 48.98145225
487 48.91776866
488 48.80953191
489 48.65767889
490 48.46332781
491 48.22777641
492 47.95249948
493 47.6391455
494 47.28953267
495 46.90564405
496 46.48962216
497 46.04376273
498 45.57050794
499 45.07243887
500 44.55226751
501 44.01282803
502 43.45706766
503 42.88803693
504 42.30887953
505 41.72282167
506 41.13316105
507 40.54325545
508 39.95651095
509 39.3763699
510 38.80629857
511 38.24977451
512 37.71027381
513 37.19125808
514 36.69616129
515 36.22837655
516 35.79124276
517 35.38803119
518 35.02193209
519 34.69604128
520 34.41334678
521 34.17671558
522 33.98888048
523 33.85242712
524 33.76978123
525 33.74319611
526 33.77474046
527 33.86628649
528 34.01949853
529 34.23582202
530 34.51647307
531 34.86242859
532 35.27441708
533 35.75291009
534 36.29811453
535 36.90996572
536 37.5881215
537 38.33195715
538 39.14056152
539 40.01273416
540 40.94698371
541 41.94152748
542 42.99429232
543 44.10291693
544 45.26475544
545 46.47688251
546 47.73609989
547 49.03894447
548 50.38169779
549 51.76039717
550 53.17084821
551 54.60863891
552 56.06915518
553 57.54759777
554 59.03900063
555 60.53825047
556 62.04010764
557 63.53922808
558 65.03018634
559 66.50749949
560 67.96565179
561 69.39912008
562 70.8023996
563 72.17003021
564 73.49662276
565 74.77688549
566 76.00565029
567 77.17789862
568 78.28878686
569 79.33367107
570 80.30813084
571 81.20799208
572 82.02934861
573 82.76858244
574 83.42238248
575 83.98776157
576 84.46207181
577 84.84301784
578 85.1286683
579 85.31746497
580 85.40822993
581 85.40017041
582 85.29288132
583 85.08634564
584 84.78093242
585 84.37739255
586 83.8768523
587 83.28080475
588 82.591099
589 81.80992752
590 80.93981146
591 79.98358429
592 78.94437375
593 77.82558227
594 76.63086609
595 75.36411318
596 74.02942018
597 72.63106846
598 71.17349959
599 69.66129035
600 68.09912743
601 66.49178205
602 64.84408474
603 63.16090027
604 61.44710313
605 59.70755357
606 57.94707435
607 56.17042848
608 54.38229793
609 52.58726348
610 50.78978586
611 48.99418822
612 47.20464005
613 45.42514256
614 43.65951559
615 41.91138618
616 40.18417859
617 38.4811061
618 36.80516425
619 35.15912576
620 33.54553695
621 31.96671567
622 30.42475071
623 28.92150255
624 27.45860545
625 26.03747079
626 24.65929156
627 23.32504788
628 22.03551352
629 20.79126329
630 19.59268122
631 18.43996931
632 17.33315704
633 16.27211113
634 15.25654587
635 14.28603361
636 13.36001549
637 12.47781226
638 11.63863511
639 10.84159647
640 10.08572065
641 9.369954326
642 8.693176705
643 8.054209453
644 7.451826215
645 6.884761762
646 6.351720691
647 5.851385671
648 5.382425198
649 4.943500847
650 4.533274008
651 4.1504121
652 3.793594259
653 3.461516504
654 3.152896384
655 2.866477124
656 2.601031267
657 2.355363852
658 2.128315123
659 1.918762803
660 1.725623954
661 1.547856446
662 1.384460053
663 1.234477218
664 1.096993493
665 0.9711376959
666 0.8560818016
667 0.7510405988
668 0.6552711315
669 0.5680719543
670 0.4887822237
671 0.4167806477
672 0.3514843142
673 0.2923474213
674 0.2388599248
675 0.1905461233
676 0.1469631964
677 0.10769971
678 0.07237410433
679 0.04063317467
680 0.01215055818
681 -0.01337476525
682 -0.03621994862
683 -0.05663972253
684 -0.07486780296
685 -0.09111825636
686 -0.105586818
687 -0.1184521601
688 -0.1298771062
689 -0.1400097914
690 -0.148984766
691 -0.1569240413
692 -0.1639380795
693 -0.170126726
694 -0.1755800856
695 -0.1803793439
696 -0.1845975349
697 -0.1883002566
698 -0.1915463364
699 -0.194388448
700 -0.1968736829
701 -0.1990440773
702 -0.2009370977
703 -0.202586087
704 -0.2040206737
705 -0.205267146
706 -0.2063487937
707 -0.2072862192
708 -0.208097621
709 -0.2087990503
710 -0.2094046433
711 -0.2099268319
712 -0.2103765328
713 -0.2107633185
714 -0.2110955707
715 -0.2113806176
716 -0.2116248573
717 -0.2118338677
718 -0.2120125049
719 -0.2121649902
720 -0.2122949884
721 -0.2124056762
722 -0.2124998034
723 -0.2125797472
724 -0.2126475596
725 -0.2127050091
726 -0.2127536184
727 -0.2127946962
728 -0.212829366
729 -0.2128585906
730 -0.2128831945
731 -0.2129038823
732 -0.2129212555
733 -0.212935827
734 -0.2129480333
735 -0.2129582456
736 -0.2129667789
737 -0.2129739003
738 -0.2129798361
739 -0.2129847775
740 -0.2129888859
741 -0.2129922975
742 -0.212995127
743 -0.2129974707
744 -0.2129994097
745 -0.2130010118
746 -0.2130023339
747 -0.2130034236
748 -0.2130043206
749 -0.2130050581
750 -0.2130056638
751 -0.2130061604
752 -0.2130065673
753 -0.2130069001
754 -0.213007172
755 -0.213007394
756 -0.2130075748
757 -0.2130077221
758 -0.2130078418
759 -0.213007939
760 -0.2130080179
761 -0.2130080817
762 -0.2130081334
763 -0.2130081751
764 -0.2130082088
765 -0.213008236
766 -0.2130082578
767 -0.2130082754
768 -0.2130082895
769 -0.2130083008
770 -0.2130083099
771 -0.2130083172
772 -0.213008323
773 -0.2130083276
774 -0.2130083313
775 -0.2130083342
776 -0.2130083366
777 -0.2130083384
778 -0.2130083399
779 -0.213008341
780 -0.213008342
781 -0.2130083427
782 -0.2130083433
783 -0.2130083437
784 -0.2130083441
785 -0.2130083444
786 -0.2130083446
787 -0.2130083448
788 -0.2130083449
789 -0.213008345
790 -0.2130083451
791 -0.2130083451
792 -0.2130083452
793 -0.2130083452
794 -0.2130083453
795 -0.2130083453
796 -0.2130083453
797 -0.2130083453
798 -0.2130083453
799 -0.2130083453
800 -0.2130083453
801 -0.2130083453
802 -0.2130083454
803 -0.2130083454
804 -0.2130083454
805 -0.2130083454
806 -0.2130083454
807 -0.2130083454
808 -0.2130083454
809 -0.2130083454
810 -0.2130083454
811 -0.2130083454
812 -0.2130083454
813 -0.2130083454
814 -0.2130083454
815 -0.2130083454
816 -0.2130083454
817 -0.2130083454
818 -0.2130083454
819 -0.2130083454
820 -0.2130083454
821 -0.2130083454
822 -0.2130083454
823 -0.2130083454
824 -0.2130083454
825 -0.2130083454
826 -0.2130083454
827 -0.2130083454
828 -0.2130083454
829 -0.2130083454
830 -0.2130083454
831 -0.2130083454
832 -0.2130083454
833 -0.2130083454
834 -0.2130083454
835 -0.2130083454
836 -0.2130083454
837 -0.2130083454
838 -0.2130083454
839 -0.2130083454
840 -0.2130083454
841 -0.2130083454
842 -0.2130083454
843 -0.2130083454
844 -0.2130083454
845 -0.2130083454
846 -0.2130083454
847 -0.2130083454
848 -0.2130083454
849 -0.2130083454
850 -0.2130083454
851 -0.2130083454
852 -0.2130083454
853 -0.2130083454
854 -0.2130083454
855 -0.2130083454
856 -0.2130083454
857 -0.2130083454
858 -0.2130083454
859 -0.2130083454
860 -0.2130083454
861 -0.2130083454
862 -0.2130083454
863 -0.2130083454
864 -0.2130083454
865 -0.2130083454
866 -0.2130083454
867 -0.2130083454
868 -0.2130083454
869 -0.2130083454
870 -0.2130083454
871 -0.2130083454
872 -0.2130083454
873 -0.2130083454
874 -0.2130083454
875 -0.2130083454
876 -0.2130083454
877 -0.2130083454
878 -0.2130083454
879 -0.2130083454
880 -0.2130083454
881 -0.2130083454
882 -0.2130083454
883 -0.2130083454
884 -0.2130083454
885 -0.2130083454
886 -0.2130083454
887 -0.2130083454
888 -0.2130083454
889 -0.2130083454
890 -0.2130083454
891 -0.2130083454
892 -0.2130083454
893 -0.2130083454
894 -0.2130083454
895 -0.2130083454
896 -0.2130083454
897 -0.2130083454
898 -0.2130083454
899 -0.2130083454
900 -0.2130083454
901 -0.2130083454
902 -0.2130083454
903 -0.2130083454
904 -0.2130083454
905 -0.2130083454
906 -0.2130083454
907 -0.2130083454
908 -0.2130083454
909 -0.2130083454
910 -0.2130083454
911 -0.2130083454
912 -0.2130083454
913 -0.2130083454
914 -0.2130083454
915 -0.2130083454
916 -0.2130083454
917 -0.2130083454
918 -0.2130083454
919 -0.2130083454
920 -0.2130083454
921 -0.2130083454
922 -0.2130083454
923 -0.2130083454
924 -0.2130083454
925 -0.2130083454
926 -0.2130083454
927 -0.2130083454
928 -0.2130083454
929 -0.2130083454
930 -0.2130083454
931 -0.2130083454
932 -0.2130083454
933 -0.2130083454
934 -0.2130083454
935 -0.2130083454
936 -0.2130083454
937 -0.2130083454
938 -0.2130083454
939 -0.2130083454
940 -0.2130083454
941 -0.2130083454
942 -0.2130083454
943 -0.2130083454
944 -0.2130083454
945 -0.2130083454
946 -0.2130083454
947 -0.2130083454
948 -0.2130083454
949 -0.2130083454
950 -0.2130083454
951 -0.2130083454
952 -0.2130083454
953 -0.2130083454
954 -0.2130083454
955 -0.2130083454
956 -0.2130083454
957 -0.2130083454
958 -0.2130083454
959 -0.2130083454
960 -0.2130083454
961 -0.2130083454
962 -0.2130083454
963 -0.2130083454
964 -0.2130083454
965 -0.2130083454
966 -0.2130083454
967 -0.2130083454
968 -0.2130083454
969 -0.2130083454
970 -0.2130083454
971 -0.2130083454
972 -0.2130083454
973 -0.2130083454
974 -0.2130083454
975 -0.2130083454
976 -0.2130083454
977 -0.2130083454
978 -0.2130083454
979 -0.2130083454
980 -0.2130083454
981 -0.2130083454
982 -0.2130083454
983 -0.2130083454
984 -0.2130083454
985 -0.2130083454
986 -0.2130083454
987 -0.2130083454
988 -0.2130083454
989 -0.2130083454
990 -0.2130083454
991 -0.2130083454
992 -0.2130083454
993 -0.2130083454
994 -0.2130083454
995 -0.2130083454
996 -0.2130083454
997 -0.2130083454
998 -0.2130083454
999 -0.2130083454
1000 -0.2130083454
1001 -0.2130083454
1002 -0.2130083454
1003 -0.2130083454
1004 -0.2130083454
1005 -0.2130083454
1006 -0.2130083454
1007 -0.2130083454
1008 -0.2130083454
1009 -0.2130083454
1010 -0.2130083454
1011 -0.2130083454
1012 -0.2130083454
1013 -0.2130083454
1014 -0.2130083454
1015 -0.2130083454
1016 -0.2130083454
1017 -0.2130083454
1018 -0.2130083454
1019 -0.2130083454
1020 -0.2130083454
1021 -0.2130083454
1022 -0.2130083454
1023 -0.2130083454
