#55139 2910.0056941196391214 0.0045703529777203263235 1 1373 16.000049430220818044 1024 7 1 J1713+0747 0.0000000 
0 34.81161988
1 34.37955597
2 33.97612081
3 33.60434372
4 33.26717809
5 32.96748888
6 32.70804029
7 32.49148346
8 32.32034425
9 32.19701129
10 32.12372412
11 32.1025616
12 32.13543066
13 32.22405528
14 32.36996595
15 32.57448952
16 32.83873953
17 33.16360708
18 33.54975235
19 33.99759672
20 34.50731567
21 35.07883246
22 35.7118126
23 36.40565932
24 37.15950997
25 37.9722335
26 38.84242894
27 39.76842519
28 40.74828186
29 41.77979146
30 42.8604829
31 43.98762624
32 45.15823887
33 46.36909309
34 47.616725
35 48.89744494
36 50.20734915
37 51.54233297
38 52.89810532
39 54.27020446
40 55.65401511
41 57.0447867
42 58.43765274
43 59.82765134
44 61.20974651
45 62.57885045
46 63.92984648
47 65.25761258
48 66.55704541
49 67.82308461
50 69.05073726
51 70.23510241
52 71.37139534
53 72.45497162
54 73.48135061
55 74.44623833
56 75.34554951
57 76.1754287
58 76.93227022
59 77.61273682
60 78.21377698
61 78.73264062
62 79.16689312
63 79.51442764
64 79.77347548
65 79.94261455
66 80.02077583
67 80.00724766
68 79.90167811
69 79.70407502
70 79.41480415
71 79.03458502
72 78.56448488
73 78.0059105
74 77.3605982
75 76.63060184
76 75.81827922
77 74.92627671
78 73.95751243
79 72.91515805
80 71.8026193
81 70.62351544
82 69.38165783
83 68.08102766
84 66.7257532
85 65.32008656
86 63.86838023
87 62.37506359
88 60.84461944
89 59.28156085
90 57.69040842
91 56.07566808
92 54.44180963
93 52.79324613
94 51.13431417
95 49.46925534
96 47.80219878
97 46.13714501
98 44.47795109
99 42.82831717
100 41.19177446
101 39.57167468
102 37.97118097
103 36.39326032
104 34.84067743
105 33.31599007
106 31.8215459
107 30.35948059
108 28.93171738
109 27.53996785
110 26.18573397
111 24.87031123
112 23.59479287
113 22.3600751
114 21.16686318
115 20.01567831
116 18.90686526
117 17.8406006
118 16.8169014
119 15.83563448
120 14.89652587
121 13.99917064
122 13.14304281
123 12.32750542
124 11.55182055
125 10.81515937
126 10.11661193
127 9.455196937
128 8.829871128
129 8.239538469
130 7.683058962
131 7.159257097
132 6.6669299
133 6.204854544
134 5.771795518
135 5.366511317
136 4.987760658
137 4.634308214
138 4.304929855
139 3.998417405
140 3.713582927
141 3.44926253
142 3.204319724
143 2.977648333
144 2.768174983
145 2.574861186
146 2.396705039
147 2.232742561
148 2.082048694
149 1.943737985
150 1.816964981
151 1.700924357
152 1.594850798
153 1.498018667
154 1.409741478
155 1.32937119
156 1.25629736
157 1.189946155
158 1.129779265
159 1.075292716
160 1.026015612
161 0.9815088189
162 0.9413636092
163 0.9052002709
164 0.8726667061
165 0.8434370219
166 0.8172101274
167 0.7937083447
168 0.772676042
169 0.7538782956
170 0.7370995873
171 0.7221425402
172 0.7088267001
173 0.6969873615
174 0.6864744454
175 0.6771514263
176 0.6688943124
177 0.6615906787
178 0.6551387528
179 0.6494465538
180 0.6444310826
181 0.6400175639
182 0.6361387374
183 0.6327341968
184 0.6297497766
185 0.6271369818
186 0.6248524613
187 0.6228575218
188 0.6211176796
189 0.6196022495
190 0.6182839671
191 0.6171386444
192 0.6161448544
193 0.615283644
194 0.6145382736
195 0.61389398
196 0.6133377628
197 0.6128581898
198 0.6124452232
199 0.6120900621
200 0.6117850011
201 0.6115233039
202 0.6112990899
203 0.6111072326
204 0.6109432695
205 0.6108033216
206 0.6106840218
207 0.6105824517
208 0.6104960851
209 0.6104227387
210 0.6103605277
211 0.6103078279
212 0.6102632411
213 0.6102255657
214 0.6101937702
215 0.6101669706
216 0.6101444102
217 0.6101254422
218 0.6101095146
219 0.6100961566
220 0.6100849678
221 0.6100756075
222 0.6100677868
223 0.6100612606
224 0.6100558214
225 0.6100512938
226 0.6100475297
227 0.6100444043
228 0.6100418124
229 0.6100396656
230 0.6100378897
231 0.6100364225
232 0.6100352118
233 0.610034214
234 0.6100333927
235 0.6100327175
236 0.6100321631
237 0.6100317084
238 0.6100313361
239 0.6100310315
240 0.6100307826
241 0.6100305795
242 0.610030414
243 0.6100302793
244 0.6100301698
245 0.6100300809
246 0.6100300087
247 0.6100299503
248 0.6100299031
249 0.6100298649
250 0.6100298341
251 0.6100298093
252 0.6100297893
253 0.6100297732
254 0.6100297603
255 0.61002975
256 0.6100297417
257 0.610029735
258 0.6100297297
259 0.6100297255
260 0.6100297221
261 0.6100297195
262 0.6100297173
263 0.6100297156
264 0.6100297143
265 0.6100297132
266 0.6100297124
267 0.6100297117
268 0.6100297112
269 0.6100297108
270 0.6100297105
271 0.6100297102
272 0.61002971
273 0.6100297098
274 0.6100297097
275 0.6100297096
276 0.6100297095
277 0.6100297095
278 0.6100297094
279 0.6100297094
280 0.6100297094
281 0.6100297094
282 0.6100297093
283 0.6100297093
284 0.6100297093
285 0.6100297093
286 0.6100297093
287 0.6100297093
288 0.6100297093
289 0.6100297093
290 0.6100297093
291 0.6100297093
292 0.6100297093
293 0.6100297093
294 0.6100297093
295 0.6100297093
296 0.6100297093
297 0.6100297093
298 0.6100297093
299 0.6100297093
300 0.6100297093
301 0.6100297093
302 0.6100297093
303 0.6100297093
304 0.6100297093
305 0.6100297093
306 0.6100297093
307 0.6100297093
308 0.6100297093
309 0.6100297093
310 0.6100297093
311 0.6100297093
312 0.6100297093
313 0.6100297093
314 0.6100297093
315 0.6100297093
316 0.6100297093
317 0.6100297093
318 0.6100297093
319 0.6100297093
320 0.6100297093
321 0.6100297093
322 0.6100297093
323 0.6100297093
324 0.6100297093
325 0.6100297093
326 0.6100297093
327 0.6100297093
328 0.6100297093
329 0.6100297093
330 0.6100297093
331 0.6100297093
332 0.6100297093
333 0.6100297093
334 0.6100297093
335 0.6100297093
336 0.6100297093
337 0.6100297093
338 0.6100297093
339 0.6100297093
340 0.6100297093
341 0.6100297093
342 0.6100297093
343 0.6100297093
344 0.6100297093
345 0.6100297093
346 0.6100297093
347 0.6100297093
348 0.6100297093
349 0.6100297093
350 0.6100297093
351 0.6100297093
352 0.6100297093
353 0.6100297093
354 0.6100297093
355 0.6100297093
356 0.6100297093
357 0.6100297093
358 0.6100297093
359 0.6100297093
360 0.6100297093
361 0.6100297093
362 0.6100297093
363 0.6100297093
364 0.6100297093
365 0.6100297093
366 0.6100297093
367 0.6100297093
368 0.6100297093
369 0.6100297093
370 0.6100297093
371 0.6100297093
372 0.6100297093
373 0.6100297093
374 0.6100297093
375 0.6100297093
376 0.6100297093
377 0.6100297093
378 0.6100297093
379 0.6100297093
380 0.6100297093
381 0.6100297093
382 0.6100297093
383 0.6100297093
384 0.6100297093
385 0.6100297093
386 0.6100297093
387 0.6100297093
388 0.6100297093
389 0.6100297093
390 0.6100297093
391 0.6100297093
392 0.6100297093
393 0.6100297093
394 0.6100297093
395 0.6100297093
396 0.6100297093
397 0.6100297093
398 0.6100297093
399 0.6100297093
400 0.6100297093
401 0.6100297093
402 0.6100297093
403 0.6100297093
404 0.6100297093
405 0.6100297093
406 0.6100297093
407 0.6100297093
408 0.6100297093
409 0.6100297093
410 0.6100297093
411 0.6100297093
412 0.6100297093
413 0.6100297093
414 0.6100297093
415 0.6100297093
416 0.6100297093
417 0.6100297093
418 0.6100297093
419 0.6100297093
420 0.6100297093
421 0.6100297093
422 0.6100297093
423 0.6100297093
424 0.6100297093
425 0.6100297093
426 0.6100297093
427 0.6100297093
428 0.6100297093
429 0.6100297093
430 0.6100297093
431 0.6100297093
432 0.6100297093
433 0.6100297093
434 0.6100297093
435 0.6100297093
436 0.6100297093
437 0.6100297093
438 0.6100297093
439 0.6100297093
440 0.6100297093
441 0.6100297093
442 0.6100297093
443 0.6100297093
444 0.6100297093
445 0.6100297093
446 0.6100297093
447 0.6100297093
448 0.6100297093
449 0.6100297093
450 0.6100297093
451 0.6100297093
452 0.6100297093
453 0.6100297093
454 0.6100297093
455 0.6100297093
456 0.6100297093
457 0.6100297093
458 0.6100297093
459 0.6100297093
460 0.6100297093
461 0.6100297093
462 0.6100297093
463 0.6100297093
464 0.6100297093
465 0.6100297093
466 0.6100297093
467 0.6100297093
468 0.6100297093
469 0.6100297093
470 0.6100297093
471 0.6100297093
472 0.6100297093
473 0.6100297093
474 0.6100297093
475 0.6100297093
476 0.6100297093
477 0.6100297093
478 0.6100297093
479 0.6100297093
480 0.6100297093
481 0.6100297093
482 0.6100297093
483 0.6100297093
484 0.6100297093
485 0.6100297093
486 0.6100297093
487 0.6100297093
488 0.6100297093
489 0.6100297093
490 0.6100297093
491 0.6100297093
492 0.6100297093
493 0.6100297093
494 0.6100297093
495 0.6100297093
496 0.6100297093
497 0.6100297093
498 0.6100297093
499 0.6100297093
500 0.6100297093
501 0.6100297093
502 0.6100297093
503 0.6100297093
504 0.6100297093
505 0.6100297093
506 0.6100297093
507 0.6100297093
508 0.6100297093
509 0.6100297093
510 0.6100297093
511 0.6100297093
512 0.6100297093
513 0.6100297093
514 0.6100297093
515 0.6100297093
516 0.6100297093
517 0.6100297093
518 0.6100297093
519 0.6100297093
520 0.6100297093
521 0.6100297093
522 0.6100297093
523 0.6100297093
524 0.6100297093
525 0.6100297093
526 0.6100297093
527 0.6100297093
528 0.6100297093
529 0.6100297093
530 0.6100297093
531 0.6100297093
532 0.6100297093
533 0.6100297093
534 0.6100297093
535 0.6100297093
536 0.6100297093
537 0.6100297093
538 0.6100297093
539 0.6100297093
540 0.6100297093
541 0.6100297093
542 0.6100297093
543 0.6100297093
544 0.6100297093
545 0.6100297093
546 0.6100297093
547 0.6100297093
548 0.6100297093
549 0.6100297093
550 0.6100297093
551 0.6100297093
552 0.6100297093
553 0.6100297093
554 0.6100297093
555 0.6100297093
556 0.6100297093
557 0.6100297093
558 0.6100297093
559 0.6100297093
560 0.6100297093
561 0.6100297093
562 0.6100297093
563 0.6100297093
564 0.6100297093
565 0.6100297093
566 0.6100297093
567 0.6100297093
568 0.6100297093
569 0.6100297093
570 0.6100297093
571 0.6100297093
572 0.6100297093
573 0.6100297093
574 0.6100297093
575 0.6100297093
576 0.6100297093
577 0.6100297093
578 0.6100297093
579 0.6100297093
580 0.6100297093
581 0.6100297093
582 0.6100297093
583 0.6100297093
584 0.6100297093
585 0.6100297093
586 0.6100297093
587 0.6100297093
588 0.6100297093
589 0.6100297093
590 0.6100297093
591 0.6100297093
592 0.6100297093
593 0.6100297093
594 0.6100297093
595 0.6100297093
596 0.6100297093
597 0.6100297093
598 0.6100297093
599 0.6100297093
600 0.6100297093
601 0.6100297093
602 0.6100297093
603 0.6100297093
604 0.6100297093
605 0.6100297093
606 0.6100297093
607 0.6100297093
608 0.6100297093
609 0.6100297093
610 0.6100297093
611 0.6100297093
612 0.6100297093
613 0.6100297093
614 0.6100297093
615 0.6100297093
616 0.6100297093
617 0.6100297093
618 0.6100297093
619 0.6100297093
620 0.6100297093
621 0.6100297093
622 0.6100297093
623 0.6100297093
624 0.6100297093
625 0.6100297093
626 0.6100297093
627 0.6100297093
628 0.6100297093
629 0.6100297093
630 0.6100297093
631 0.6100297093
632 0.6100297093
633 0.6100297093
634 0.6100297093
635 0.6100297093
636 0.6100297093
637 0.6100297093
638 0.6100297093
639 0.6100297093
640 0.6100297093
641 0.6100297093
642 0.6100297093
643 0.6100297093
644 0.6100297093
645 0.6100297093
646 0.6100297093
647 0.6100297093
648 0.6100297093
649 0.6100297093
650 0.6100297093
651 0.6100297093
652 0.6100297093
653 0.6100297093
654 0.6100297093
655 0.6100297093
656 0.6100297093
657 0.6100297093
658 0.6100297093
659 0.6100297093
660 0.6100297093
661 0.6100297093
662 0.6100297093
663 0.6100297093
664 0.6100297093
665 0.6100297093
666 0.6100297093
667 0.6100297093
668 0.6100297093
669 0.6100297093
670 0.6100297093
671 0.6100297093
672 0.6100297093
673 0.6100297093
674 0.6100297093
675 0.6100297093
676 0.6100297093
677 0.6100297093
678 0.6100297093
679 0.6100297093
680 0.6100297093
681 0.6100297093
682 0.6100297093
683 0.6100297093
684 0.6100297093
685 0.6100297093
686 0.6100297093
687 0.6100297093
688 0.6100297093
689 0.6100297093
690 0.6100297093
691 0.6100297093
692 0.6100297093
693 0.6100297093
694 0.6100297093
695 0.6100297093
696 0.6100297093
697 0.6100297093
698 0.6100297093
699 0.6100297093
700 0.6100297093
701 0.6100297093
702 0.6100297093
703 0.6100297093
704 0.6100297093
705 0.6100297093
706 0.6100297093
707 0.6100297093
708 0.6100297093
709 0.6100297093
710 0.6100297093
711 0.6100297093
712 0.6100297093
713 0.6100297093
714 0.6100297093
715 0.6100297093
716 0.6100297093
717 0.6100297093
718 0.6100297093
719 0.6100297093
720 0.6100297093
721 0.6100297093
722 0.6100297093
723 0.6100297093
724 0.6100297093
725 0.6100297093
726 0.6100297093
727 0.6100297093
728 0.6100297093
729 0.6100297093
730 0.6100297093
731 0.6100297093
732 0.6100297093
733 0.6100297093
734 0.6100297093
735 0.6100297093
736 0.6100297093
737 0.6100297093
738 0.6100297093
739 0.6100297093
740 0.6100297093
741 0.6100297093
742 0.6100297093
743 0.6100297093
744 0.6100297093
745 0.6100297093
746 0.6100297093
747 0.6100297093
748 0.6100297093
749 0.6100297093
750 0.6100297093
751 0.6100297093
752 0.6100297093
753 0.6100297093
754 0.6100297093
755 0.6100297093
756 0.6100297093
757 0.6100297093
758 0.6100297093
759 0.6100297093
760 0.6100297093
761 0.6100297093
762 0.6100297093
763 0.6100297093
764 0.6100297094
765 0.6100297094
766 0.6100297094
767 0.6100297094
768 0.6100297095
769 0.6100297095
770 0.6100297096
771 0.6100297097
772 0.6100297098
773 0.6100297099
774 0.6100297101
775 0.6100297102
776 0.6100297105
777 0.6100297108
778 0.6100297112
779 0.6100297116
780 0.6100297122
781 0.6100297129
782 0.6100297138
783 0.6100297149
784 0.6100297162
785 0.6100297179
786 0.6100297199
787 0.6100297225
788 0.6100297256
789 0.6100297294
790 0.6100297341
791 0.6100297398
792 0.6100297468
793 0.6100297554
794 0.6100297659
795 0.6100297788
796 0.6100297944
797 0.6100298135
798 0.6100298367
799 0.610029865
800 0.6100298993
801 0.6100299409
802 0.6100299913
803 0.6100300524
804 0.6100301263
805 0.6100302156
806 0.6100303234
807 0.6100304533
808 0.6100306099
809 0.6100307982
810 0.6100310247
811 0.6100312965
812 0.6100316226
813 0.6100320134
814 0.6100324811
815 0.6100330404
816 0.6100337084
817 0.6100345054
818 0.6100354554
819 0.6100365866
820 0.610037932
821 0.6100395306
822 0.610041428
823 0.6100436777
824 0.6100463422
825 0.6100494948
826 0.6100532208
827 0.61005762
828 0.6100628084
829 0.6100689213
830 0.6100761155
831 0.6100845737
832 0.6100945071
833 0.6101061607
834 0.6101198181
835 0.6101358067
836 0.6101545047
837 0.6101763478
838 0.610201838
839 0.6102315528
840 0.6102661554
841 0.6103064069
842 0.6103531798
843 0.6104074726
844 0.6104704275
845 0.6105433484
846 0.610627723
847 0.6107252461
848 0.6108378465
849 0.6109677162
850 0.6111173436
851 0.6112895502
852 0.6114875313
853 0.6117149006
854 0.6119757409
855 0.6122746586
856 0.6126168445
857 0.6130081411
858 0.6134551161
859 0.613965143
860 0.6145464899
861 0.6152084164
862 0.6159612792
863 0.6168166477
864 0.6177874296
865 0.6188880073
866 0.6201343855
867 0.6215443521
868 0.6231376508
869 0.6249361676
870 0.6269641321
871 0.6292483329
872 0.631818349
873 0.634706797
874 0.6379495957
875 0.6415862465
876 0.6456601331
877 0.6502188378
878 0.6553144768
879 0.6610040537
880 0.6673498316
881 0.6744197235
882 0.682287701
883 0.6910342205
884 0.7007466671
885 0.7115198146
886 0.7234563007
887 0.7366671172
888 0.751272112
889 0.7674005026
890 0.7851913985
891 0.8047943296
892 0.8263697791
893 0.850089717
894 0.8761381308
895 0.904711551
896 0.9360195645
897 0.9702853156
898 1.007745985
899 1.048653248
900 1.093273694
901 1.141889224
902 1.194797392
903 1.252311702
904 1.314761857
905 1.382493932
906 1.455870487
907 1.535270597
908 1.621089801
909 1.713739957
910 1.813648988
911 1.921260533
912 2.037033476
913 2.161441342
914 2.29497158
915 2.438124694
916 2.591413232
917 2.755360634
918 2.930499909
919 3.117372165
920 3.31652497
921 3.52851054
922 3.753883772
923 3.99320009
924 4.247013136
925 4.515872286
926 4.80032
927 5.100889016
928 5.418099388
929 5.752455376
930 6.104442198
931 6.474522661
932 6.863133671
933 7.270682645
934 7.697543844
935 8.144054633
936 8.610511704
937 9.097167261
938 9.604225216
939 10.1318374
940 10.6800998
941 11.24904892
942 11.83865821
943 12.44883458
944 13.07941518
945 13.73016427
946 14.40077033
947 15.09084349
948 15.79991312
949 16.52742581
950 17.27274367
951 18.03514299
952 18.81381324
953 19.60785659
954 20.41628777
955 21.23803445
956 22.07193805
957 22.91675508
958 23.77115896
959 24.63374239
960 25.50302021
961 26.3774328
962 27.25535
963 28.13507556
964 29.01485213
965 29.8928667
966 30.76725656
967 31.63611573
968 32.49750185
969 33.34944343
970 34.18994761
971 35.0170081
972 35.82861361
973 36.62275646
974 37.39744145
975 38.15069493
976 38.88057399
977 39.58517574
978 40.26264671
979 40.91119209
980 41.52908506
981 42.11467591
982 42.66640099
983 43.18279152
984 43.662482
985 44.10421841
986 44.50686597
987 44.8694165
988 45.19099527
989 45.47086746
990 45.70844392
991 45.90328648
992 46.05511255
993 46.16379913
994 46.22938615
995 46.25207912
996 46.23225105
997 46.17044371
998 46.06736809
999 45.92390422
1000 45.74110019
1001 45.52017047
1002 45.26249354
1003 44.96960877
1004 44.64321262
1005 44.28515417
1006 43.89743002
1007 43.48217846
1008 43.04167316
1009 42.57831616
1010 42.09463036
1011 41.59325147
1012 41.07691943
1013 40.54846943
1014 40.01082239
1015 39.4669751
1016 38.91998997
1017 38.37298442
1018 37.82911995
1019 37.29159095
1020 36.7636132
1021 36.24841221
1022 35.74921133
1023 35.26921965
