#55161 2910.0021314015372007 0.0045702173895815776175 1 1453 16.000049430220818044 1024 7 1 J1713+0747 0.0000000 
0 0.3337884492
1 0.3337884492
2 0.3337884492
3 0.3337884492
4 0.3337884492
5 0.3337884492
6 0.3337884492
7 0.3337884492
8 0.3337884492
9 0.3337884492
10 0.3337884492
11 0.3337884492
12 0.3337884492
13 0.3337884492
14 0.3337884492
15 0.3337884492
16 0.3337884492
17 0.3337884492
18 0.3337884492
19 0.3337884492
20 0.3337884492
21 0.3337884492
22 0.3337884492
23 0.3337884492
24 0.3337884492
25 0.3337884492
26 0.3337884492
27 0.3337884492
28 0.3337884492
29 0.3337884492
30 0.3337884492
31 0.3337884492
32 0.3337884492
33 0.3337884492
34 0.3337884492
35 0.3337884492
36 0.3337884492
37 0.3337884492
38 0.3337884492
39 0.3337884492
40 0.3337884492
41 0.3337884492
42 0.3337884492
43 0.3337884492
44 0.3337884492
45 0.3337884492
46 0.3337884492
47 0.3337884492
48 0.3337884492
49 0.3337884492
50 0.3337884492
51 0.3337884492
52 0.3337884492
53 0.3337884492
54 0.3337884492
55 0.3337884492
56 0.3337884492
57 0.3337884492
58 0.3337884492
59 0.3337884492
60 0.3337884492
61 0.3337884492
62 0.3337884492
63 0.3337884492
64 0.3337884492
65 0.3337884492
66 0.3337884492
67 0.3337884492
68 0.3337884492
69 0.3337884492
70 0.3337884492
71 0.3337884492
72 0.3337884492
73 0.3337884492
74 0.3337884492
75 0.3337884492
76 0.3337884492
77 0.3337884492
78 0.3337884492
79 0.3337884492
80 0.3337884492
81 0.3337884492
82 0.3337884492
83 0.3337884492
84 0.3337884492
85 0.3337884492
86 0.3337884492
87 0.3337884492
88 0.3337884492
89 0.3337884492
90 0.3337884492
91 0.3337884492
92 0.3337884492
93 0.3337884492
94 0.3337884492
95 0.3337884492
96 0.3337884492
97 0.3337884492
98 0.3337884492
99 0.3337884492
100 0.3337884492
101 0.3337884492
102 0.3337884492
103 0.3337884492
104 0.3337884492
105 0.3337884492
106 0.3337884492
107 0.3337884492
108 0.3337884492
109 0.3337884492
110 0.3337884492
111 0.3337884492
112 0.3337884492
113 0.3337884492
114 0.3337884492
115 0.3337884492
116 0.3337884492
117 0.3337884492
118 0.3337884492
119 0.3337884492
120 0.3337884492
121 0.3337884492
122 0.3337884492
123 0.3337884492
124 0.3337884492
125 0.3337884492
126 0.3337884492
127 0.3337884492
128 0.3337884492
129 0.3337884492
130 0.3337884492
131 0.3337884492
132 0.3337884492
133 0.3337884492
134 0.3337884492
135 0.3337884492
136 0.3337884492
137 0.3337884492
138 0.3337884492
139 0.3337884492
140 0.3337884492
141 0.3337884492
142 0.3337884492
143 0.3337884492
144 0.3337884492
145 0.3337884492
146 0.3337884492
147 0.3337884492
148 0.3337884492
149 0.3337884492
150 0.3337884492
151 0.3337884492
152 0.3337884492
153 0.3337884492
154 0.3337884492
155 0.3337884492
156 0.3337884492
157 0.3337884492
158 0.3337884492
159 0.3337884492
160 0.3337884492
161 0.3337884492
162 0.3337884492
163 0.3337884492
164 0.3337884492
165 0.3337884492
166 0.3337884492
167 0.3337884492
168 0.3337884492
169 0.3337884492
170 0.3337884492
171 0.3337884492
172 0.3337884492
173 0.3337884492
174 0.3337884492
175 0.3337884492
176 0.3337884492
177 0.3337884492
178 0.3337884492
179 0.3337884492
180 0.3337884492
181 0.3337884492
182 0.3337884492
183 0.3337884492
184 0.3337884492
185 0.3337884492
186 0.3337884492
187 0.3337884492
188 0.3337884492
189 0.3337884492
190 0.3337884492
191 0.3337884492
192 0.3337884492
193 0.3337884492
194 0.3337884492
195 0.3337884492
196 0.3337884492
197 0.3337884492
198 0.3337884492
199 0.3337884492
200 0.3337884492
201 0.3337884492
202 0.3337884492
203 0.3337884492
204 0.3337884492
205 0.3337884492
206 0.3337884492
207 0.3337884492
208 0.3337884492
209 0.3337884492
210 0.3337884492
211 0.3337884492
212 0.3337884492
213 0.3337884492
214 0.3337884492
215 0.3337884492
216 0.3337884492
217 0.3337884492
218 0.3337884492
219 0.3337884492
220 0.3337884492
221 0.3337884492
222 0.3337884492
223 0.3337884492
224 0.3337884492
225 0.3337884492
226 0.3337884492
227 0.3337884492
228 0.3337884492
229 0.3337884492
230 0.3337884492
231 0.3337884492
232 0.3337884492
233 0.3337884492
234 0.3337884492
235 0.3337884492
236 0.3337884492
237 0.3337884492
238 0.3337884492
239 0.3337884492
240 0.3337884492
241 0.3337884492
242 0.3337884492
243 0.3337884492
244 0.3337884492
245 0.3337884492
246 0.3337884492
247 0.3337884492
248 0.3337884492
249 0.3337884492
250 0.3337884492
251 0.3337884492
252 0.3337884492
253 0.3337884492
254 0.3337884492
255 0.3337884492
256 0.3337884492
257 0.3337884492
258 0.3337884492
259 0.3337884492
260 0.3337884492
261 0.3337884492
262 0.3337884492
263 0.3337884492
264 0.3337884492
265 0.3337884492
266 0.3337884492
267 0.3337884492
268 0.3337884492
269 0.3337884492
270 0.3337884492
271 0.3337884492
272 0.3337884492
273 0.3337884492
274 0.3337884492
275 0.3337884492
276 0.3337884492
277 0.3337884492
278 0.3337884492
279 0.3337884492
280 0.3337884492
281 0.3337884492
282 0.3337884492
283 0.3337884492
284 0.3337884492
285 0.3337884492
286 0.3337884492
287 0.3337884492
288 0.3337884492
289 0.3337884492
290 0.3337884492
291 0.3337884492
292 0.3337884492
293 0.3337884492
294 0.3337884492
295 0.3337884492
296 0.3337884492
297 0.3337884492
298 0.3337884492
299 0.3337884492
300 0.3337884492
301 0.3337884492
302 0.3337884492
303 0.3337884492
304 0.3337884492
305 0.3337884492
306 0.3337884492
307 0.3337884492
308 0.3337884492
309 0.3337884492
310 0.3337884492
311 0.3337884492
312 0.3337884492
313 0.3337884492
314 0.3337884492
315 0.3337884492
316 0.3337884492
317 0.3337884492
318 0.3337884492
319 0.3337884492
320 0.3337884492
321 0.3337884492
322 0.3337884492
323 0.3337884492
324 0.3337884492
325 0.3337884492
326 0.3337884492
327 0.3337884492
328 0.3337884492
329 0.3337884492
330 0.3337884492
331 0.3337884492
332 0.3337884492
333 0.3337884492
334 0.3337884492
335 0.3337884492
336 0.3337884492
337 0.3337884492
338 0.3337884492
339 0.3337884492
340 0.3337884492
341 0.3337884492
342 0.3337884492
343 0.3337884492
344 0.3337884492
345 0.3337884492
346 0.3337884492
347 0.3337884492
348 0.3337884492
349 0.3337884492
350 0.3337884492
351 0.3337884492
352 0.3337884492
353 0.3337884492
354 0.3337884492
355 0.3337884492
356 0.3337884492
357 0.3337884492
358 0.3337884492
359 0.3337884492
360 0.3337884492
361 0.3337884492
362 0.3337884492
363 0.3337884492
364 0.3337884492
365 0.3337884492
366 0.3337884492
367 0.3337884492
368 0.3337884492
369 0.3337884492
370 0.3337884492
371 0.3337884492
372 0.3337884492
373 0.3337884492
374 0.3337884492
375 0.3337884492
376 0.3337884492
377 0.3337884492
378 0.3337884492
379 0.3337884492
380 0.3337884492
381 0.3337884492
382 0.3337884492
383 0.3337884492
384 0.3337884492
385 0.3337884492
386 0.3337884492
387 0.3337884492
388 0.3337884492
389 0.3337884492
390 0.3337884492
391 0.3337884492
392 0.3337884492
393 0.3337884492
394 0.3337884492
395 0.3337884492
396 0.3337884492
397 0.3337884492
398 0.3337884492
399 0.3337884492
400 0.3337884492
401 0.3337884492
402 0.3337884492
403 0.3337884492
404 0.3337884492
405 0.3337884492
406 0.3337884492
407 0.3337884492
408 0.3337884492
409 0.3337884492
410 0.3337884492
411 0.3337884492
412 0.3337884492
413 0.3337884492
414 0.3337884492
415 0.3337884492
416 0.3337884492
417 0.3337884492
418 0.3337884492
419 0.3337884492
420 0.3337884492
421 0.3337884492
422 0.3337884492
423 0.3337884492
424 0.3337884492
425 0.3337884492
426 0.3337884492
427 0.3337884492
428 0.3337884492
429 0.3337884492
430 0.3337884492
431 0.3337884492
432 0.3337884492
433 0.3337884492
434 0.3337884492
435 0.3337884492
436 0.3337884492
437 0.3337884492
438 0.3337884492
439 0.3337884492
440 0.3337884492
441 0.3337884492
442 0.3337884492
443 0.3337884492
444 0.3337884492
445 0.3337884492
446 0.3337884492
447 0.3337884492
448 0.3337884492
449 0.3337884492
450 0.3337884492
451 0.3337884492
452 0.3337884493
453 0.3337884493
454 0.3337884493
455 0.3337884494
456 0.3337884494
457 0.3337884495
458 0.3337884496
459 0.3337884497
460 0.3337884498
461 0.33378845
462 0.3337884502
463 0.3337884504
464 0.3337884508
465 0.3337884512
466 0.3337884516
467 0.3337884523
468 0.333788453
469 0.3337884539
470 0.3337884551
471 0.3337884565
472 0.3337884583
473 0.3337884604
474 0.3337884631
475 0.3337884664
476 0.3337884704
477 0.3337884753
478 0.3337884814
479 0.3337884888
480 0.3337884978
481 0.3337885089
482 0.3337885224
483 0.3337885388
484 0.3337885588
485 0.3337885832
486 0.3337886128
487 0.3337886487
488 0.3337886923
489 0.3337887451
490 0.333788809
491 0.3337888862
492 0.3337889795
493 0.333789092
494 0.3337892276
495 0.3337893909
496 0.3337895872
497 0.333789823
498 0.333790106
499 0.3337904453
500 0.3337908515
501 0.3337913375
502 0.3337919183
503 0.3337926116
504 0.3337934383
505 0.3337944231
506 0.333795595
507 0.333796988
508 0.3337986421
509 0.3338006043
510 0.3338029294
511 0.3338056816
512 0.3338089359
513 0.33381278
514 0.3338173157
515 0.3338226621
516 0.3338289572
517 0.3338363615
518 0.3338450614
519 0.3338552727
520 0.3338672451
521 0.3338812676
522 0.3338976738
523 0.3339168486
524 0.3339392354
525 0.3339653444
526 0.3339957621
527 0.3340311619
528 0.3340723161
529 0.3341201091
530 0.3341755527
531 0.3342398031
532 0.3343141798
533 0.3344001869
534 0.3344995369
535 0.3346141773
536 0.3347463199
537 0.3348984741
538 0.3350734827
539 0.3352745633
540 0.3355053525
541 0.3357699554
542 0.336073001
543 0.3364197017
544 0.3368159202
545 0.3372682422
546 0.3377840564
547 0.3383716419
548 0.339040264
549 0.3398002785
550 0.3406632454
551 0.3416420526
552 0.3427510502
553 0.3440061954
554 0.3454252101
555 0.3470277505
556 0.3488355895
557 0.3508728138
558 0.3531660339
559 0.3557446103
560 0.3586408946
561 0.3618904861
562 0.3655325058
563 0.3696098861
564 0.3741696783
565 0.3792633769
566 0.3849472617
567 0.3912827564
568 0.3983368056
569 0.4061822677
570 0.4148983245
571 0.424570907
572 0.4352931351
573 0.4471657727
574 0.4602976937
575 0.4748063603
576 0.4908183098
577 0.508469649
578 0.527906553
579 0.5492857664
580 0.572775103
581 0.598553942
582 0.6268137155
583 0.6577583849
584 0.6916048997
585 0.7285836367
586 0.7689388123
587 0.8129288633
588 0.8608267908
589 0.912920461
590 0.9695128564
591 1.030922271
592 1.097482442
593 1.169542615
594 1.247467524
595 1.331637301
596 1.422447279
597 1.520307706
598 1.62564335
599 1.738892992
600 1.860508796
601 1.990955556
602 2.130709807
603 2.280258799
604 2.440099328
605 2.610736413
606 2.792681828
607 2.98645247
608 3.192568578
609 3.411551782
610 3.643923002
611 3.890200185
612 4.150895882
613 4.426514679
614 4.717550477
615 5.024483629
616 5.34777795
617 5.687877596
618 6.045203835
619 6.42015172
620 6.813086672
621 7.224340997
622 7.654210349
623 8.102950166
624 8.570772085
625 9.057840375
626 9.564268398
627 10.09011513
628 10.63538177
629 11.20000845
630 11.78387107
631 12.38677835
632 13.00846898
633 13.64860913
634 14.30679002
635 14.98252597
636 15.6752526
637 16.38432544
638 17.10901886
639 17.84852538
640 18.60195544
641 19.36833747
642 20.14661856
643 20.93566544
644 21.734266
645 22.54113132
646 23.35489812
647 24.17413176
648 24.99732968
649 25.8229254
650 26.64929297
651 27.47475185
652 28.29757238
653 29.11598159
654 29.92816946
655 30.73229564
656 31.52649647
657 32.30889242
658 33.07759577
659 33.83071868
660 34.56638135
661 35.28272052
662 35.97789801
663 36.65010946
664 37.29759306
665 37.91863831
666 38.51159479
667 39.07488076
668 39.60699169
669 40.10650856
670 40.57210594
671 41.00255979
672 41.39675492
673 41.75369208
674 42.0724946
675 42.35241463
676 42.5928388
677 42.79329346
678 42.95344924
679 43.07312508
680 43.15229164
681 43.19107407
682 43.18975413
683 43.1487716
684 43.06872508
685 42.95037209
686 42.79462842
687 42.6025669
688 42.37541542
689 42.11455431
690 41.82151305
691 41.49796636
692 41.14572963
693 40.76675376
694 40.36311944
695 39.93703083
696 39.49080872
697 39.02688316
698 38.54778568
699 38.05614094
700 37.55465804
701 37.04612143
702 36.53338139
703 36.01934421
704 35.50696209
705 34.99922272
706 34.49913858
707 34.00973608
708 33.53404446
709 33.07508456
710 32.63585738
711 32.21933257
712 31.8284369
713 31.46604252
714 31.13495532
715 30.83790326
716 30.5775247
717 30.35635682
718 30.17682414
719 30.04122717
720 29.9517312
721 29.91035535
722 29.91896183
723 29.97924551
724 30.09272382
725 30.26072702
726 30.48438895
727 30.76463822
728 31.10218998
729 31.49753827
730 31.95094902
731 32.46245375
732 33.03184413
733 33.65866726
734 34.3422219
735 35.08155567
736 35.8754632
737 36.72248539
738 37.62090977
739 38.56877204
740 39.56385871
741 40.60371116
742 41.6856308
743 42.80668562
744 43.96371802
745 45.15335396
746 46.37201343
747 47.61592222
748 48.88112496
749 50.16349948
750 51.45877226
751 52.76253517
752 54.07026319
753 55.3773332
754 56.67904372
755 57.97063543
756 59.24731244
757 60.50426419
758 61.73668782
759 62.93981086
760 64.10891422
761 65.23935514
762 66.32659015
763 67.36619776
764 68.35390076
765 69.28558798
766 70.15733534
767 70.9654261
768 71.70637007
769 72.37692168
770 72.9740968
771 73.49518812
772 73.93777908
773 74.29975612
774 74.57931919
775 74.77499052
776 74.88562152
777 74.91039764
778 74.84884145
779 74.7008136
780 74.46651185
781 74.1464681
782 73.74154351
783 73.25292163
784 72.6820998
785 72.03087866
786 71.30134999
787 70.49588306
788 69.61710934
789 68.66790599
790 67.65137806
791 66.57083962
792 65.42979397
793 64.23191307
794 62.98101633
795 61.68104899
796 60.33606015
797 58.95018067
798 57.52760117
799 56.07255009
800 54.58927215
801 53.08200731
802 51.55497025
803 50.01233067
804 48.4581944
805 46.89658548
806 45.33142936
807 43.76653711
808 42.20559101
809 40.65213131
810 39.10954435
811 37.58105206
812 36.0697028
813 34.57836364
814 33.10971405
815 31.66624089
816 30.25023482
817 28.86378807
818 27.50879339
819 26.1869443
820 24.89973653
821 23.64847046
822 22.43425475
823 21.25801076
824 20.12047796
825 19.02222008
826 17.96363197
827 16.94494711
828 15.96624559
829 15.02746257
830 14.12839712
831 13.26872129
832 12.44798937
833 11.66564735
834 10.9210423
835 10.21343184
836 9.541993425
837 8.905833556
838 8.30399674
839 7.735474211
840 7.199212364
841 6.69412084
842 6.219080254
843 5.772949522
844 5.354572776
845 4.962785843
846 4.596422279
847 4.254318949
848 3.935321147
849 3.638287269
850 3.362093018
851 3.10563518
852 2.867834955
853 2.647640873
854 2.444031297
855 2.256016548
856 2.082640653
857 1.922982745
858 1.776158139
859 1.641319096
860 1.517655315
861 1.404394152
862 1.300800613
863 1.206177123
864 1.119863109
865 1.041234408
866 0.9697025267
867 0.9047137685
868 0.845748251
869 0.7923188293
870 0.7439699429
871 0.7002764017
872 0.6608421264
873 0.6252988559
874 0.5933048342
875 0.5645434891
876 0.5387221109
877 0.5155705411
878 0.4948398793
879 0.4763012143
880 0.4597443851
881 0.4449767782
882 0.4318221639
883 0.4201195754
884 0.4097222336
885 0.400496519
886 0.3923209925
887 0.3850854658
888 0.3786901209
889 0.3730446805
890 0.3680676264
891 0.3636854666
892 0.35983205
893 0.3564479265
894 0.3534797513
895 0.3508797325
896 0.348605119
897 0.3466177273
898 0.344883506
899 0.3433721342
900 0.3420566539
901 0.3409131331
902 0.3399203578
903 0.3390595514
904 0.3383141193
905 0.3376694169
906 0.3371125399
907 0.3366321335
908 0.3362182216
909 0.3358620517
910 0.335555956
911 0.335293227
912 0.3350680054
913 0.3348751801
914 0.3347102994
915 0.3345694912
916 0.3344493924
917 0.334347086
918 0.3342600458
919 0.3341860868
920 0.3341233221
921 0.3340701241
922 0.3340250913
923 0.3339870183
924 0.3339548697
925 0.3339277577
926 0.333904922
927 0.333885712
928 0.3338695723
929 0.3338560292
930 0.3338446791
931 0.3338351789
932 0.3338272368
933 0.3338206058
934 0.3338150762
935 0.3338104708
936 0.33380664
937 0.3338034575
938 0.3338008168
939 0.3337986285
940 0.3337968172
941 0.33379532
942 0.3337940838
943 0.3337930644
944 0.3337922249
945 0.3337915344
946 0.3337909671
947 0.3337905017
948 0.3337901203
949 0.3337898081
950 0.3337895529
951 0.3337893445
952 0.3337891746
953 0.3337890362
954 0.3337889237
955 0.3337888323
956 0.3337887581
957 0.3337886979
958 0.3337886493
959 0.3337886099
960 0.3337885782
961 0.3337885526
962 0.3337885319
963 0.3337885153
964 0.333788502
965 0.3337884913
966 0.3337884827
967 0.3337884759
968 0.3337884704
969 0.333788466
970 0.3337884625
971 0.3337884597
972 0.3337884575
973 0.3337884558
974 0.3337884544
975 0.3337884533
976 0.3337884524
977 0.3337884517
978 0.3337884512
979 0.3337884507
980 0.3337884504
981 0.3337884501
982 0.3337884499
983 0.3337884497
984 0.3337884496
985 0.3337884495
986 0.3337884494
987 0.3337884494
988 0.3337884493
989 0.3337884493
990 0.3337884493
991 0.3337884492
992 0.3337884492
993 0.3337884492
994 0.3337884492
995 0.3337884492
996 0.3337884492
997 0.3337884492
998 0.3337884492
999 0.3337884492
1000 0.3337884492
1001 0.3337884492
1002 0.3337884492
1003 0.3337884492
1004 0.3337884492
1005 0.3337884492
1006 0.3337884492
1007 0.3337884492
1008 0.3337884492
1009 0.3337884492
1010 0.3337884492
1011 0.3337884492
1012 0.3337884492
1013 0.3337884492
1014 0.3337884492
1015 0.3337884492
1016 0.3337884492
1017 0.3337884492
1018 0.3337884492
1019 0.3337884492
1020 0.3337884492
1021 0.3337884492
1022 0.3337884492
1023 0.3337884492
