#55161 2910.0005281654999916 0.0045702173895815776175 1 1389 16.000049430220818044 1024 7 1 J1713+0747 0.0000000 
0 0.164708594
1 0.164708594
2 0.164708594
3 0.164708594
4 0.164708594
5 0.164708594
6 0.164708594
7 0.164708594
8 0.164708594
9 0.164708594
10 0.164708594
11 0.164708594
12 0.164708594
13 0.164708594
14 0.164708594
15 0.164708594
16 0.164708594
17 0.164708594
18 0.164708594
19 0.164708594
20 0.164708594
21 0.164708594
22 0.164708594
23 0.164708594
24 0.164708594
25 0.164708594
26 0.164708594
27 0.164708594
28 0.164708594
29 0.164708594
30 0.164708594
31 0.164708594
32 0.164708594
33 0.164708594
34 0.164708594
35 0.164708594
36 0.164708594
37 0.164708594
38 0.164708594
39 0.164708594
40 0.164708594
41 0.164708594
42 0.164708594
43 0.164708594
44 0.164708594
45 0.164708594
46 0.164708594
47 0.164708594
48 0.164708594
49 0.164708594
50 0.164708594
51 0.164708594
52 0.164708594
53 0.164708594
54 0.164708594
55 0.164708594
56 0.164708594
57 0.164708594
58 0.164708594
59 0.164708594
60 0.164708594
61 0.164708594
62 0.164708594
63 0.164708594
64 0.164708594
65 0.164708594
66 0.164708594
67 0.164708594
68 0.164708594
69 0.164708594
70 0.164708594
71 0.164708594
72 0.164708594
73 0.164708594
74 0.164708594
75 0.164708594
76 0.164708594
77 0.164708594
78 0.164708594
79 0.164708594
80 0.164708594
81 0.164708594
82 0.164708594
83 0.164708594
84 0.164708594
85 0.164708594
86 0.164708594
87 0.164708594
88 0.164708594
89 0.164708594
90 0.164708594
91 0.1647085941
92 0.1647085941
93 0.1647085941
94 0.1647085941
95 0.1647085942
96 0.1647085942
97 0.1647085943
98 0.1647085944
99 0.1647085945
100 0.1647085946
101 0.1647085948
102 0.164708595
103 0.1647085953
104 0.1647085956
105 0.164708596
106 0.1647085965
107 0.1647085971
108 0.1647085978
109 0.1647085988
110 0.1647085999
111 0.1647086013
112 0.1647086031
113 0.1647086053
114 0.1647086079
115 0.1647086112
116 0.1647086152
117 0.1647086202
118 0.1647086262
119 0.1647086337
120 0.1647086427
121 0.1647086538
122 0.1647086674
123 0.1647086839
124 0.164708704
125 0.1647087285
126 0.1647087582
127 0.1647087944
128 0.1647088382
129 0.1647088913
130 0.1647089556
131 0.1647090333
132 0.1647091272
133 0.1647092405
134 0.1647093771
135 0.1647095415
136 0.1647097394
137 0.1647099771
138 0.1647102624
139 0.1647106045
140 0.1647110143
141 0.1647115047
142 0.1647120908
143 0.1647127907
144 0.1647136255
145 0.1647146203
146 0.1647158042
147 0.164717212
148 0.1647188841
149 0.1647208681
150 0.1647232197
151 0.164726004
152 0.1647292971
153 0.164733188
154 0.1647377803
155 0.1647431946
156 0.1647495715
157 0.164757074
158 0.1647658915
159 0.1647762435
160 0.1647883842
161 0.1648026076
162 0.1648192532
163 0.1648387129
164 0.1648614383
165 0.1648879492
166 0.1649188434
167 0.1649548073
168 0.1649966282
169 0.1650452084
170 0.1651015802
171 0.1651669234
172 0.1652425853
173 0.1653301018
174 0.1654312223
175 0.1655479366
176 0.1656825056
177 0.1658374947
178 0.1660158117
179 0.1662207481
180 0.1664560253
181 0.166725846
182 0.1670349497
183 0.1673886758
184 0.1677930313
185 0.1682547659
186 0.1687814548
187 0.169381589
188 0.1700646735
189 0.1708413356
190 0.171723442
191 0.172724227
192 0.1738584305
193 0.175142449
194 0.1765944978
195 0.178234787
196 0.1800857104
197 0.1821720492
198 0.1845211909
199 0.1871633626
200 0.190131882
201 0.193463424
202 0.1971983047
203 0.2013807832
204 0.2060593813
205 0.2112872208
206 0.2171223802
207 0.2236282684
208 0.2308740175
209 0.2389348931
210 0.2478927227
211 0.2578363395
212 0.2688620439
213 0.2810740788
214 0.2945851189
215 0.3095167721
216 0.3260000909
217 0.344176092
218 0.3641962822
219 0.3862231858
220 0.4104308734
221 0.4370054858
222 0.4661457515
223 0.4980634923
224 0.5329841123
225 0.571147067
226 0.6128063057
227 0.6582306818
228 0.7077043264
229 0.761526977
230 0.8200142562
231 0.8834978931
232 0.95232588
233 1.026862557
234 1.10748862
235 1.194601035
236 1.288612867
237 1.389953001
238 1.499065751
239 1.616410358
240 1.742460359
241 1.877702823
242 2.022637452
243 2.177775534
244 2.343638747
245 2.520757806
246 2.709670953
247 2.910922276
248 3.125059871
249 3.352633831
250 3.594194065
251 3.850287955
252 4.121457843
253 4.408238355
254 4.711153577
255 5.030714065
256 5.367413726
257 5.721726562
258 6.094103287
259 6.484967842
260 6.894713815
261 7.32370078
262 7.772250582
263 8.240643577
264 8.729114857
265 9.237850482
266 9.766983733
267 10.31659143
268 10.88669032
269 11.47723357
270 12.08810744
271 12.71912805
272 13.37003838
273 14.04050554
274 14.7301182
275 15.43838437
276 16.16472951
277 16.9084949
278 17.66893646
279 18.44522392
280 19.23644043
281 20.04158257
282 20.85956091
283 21.68920093
284 22.52924451
285 23.37835193
286 24.23510431
287 25.09800669
288 25.96549149
289 26.83592263
290 27.70760004
291 28.57876477
292 29.44760459
293 30.31225996
294 31.17083063
295 32.02138252
296 32.8619551
297 33.6905691
298 34.5052346
299 35.30395938
300 36.08475754
301 36.84565839
302 37.58471545
303 38.30001561
304 38.98968834
305 39.65191497
306 40.28493788
307 40.88706967
308 41.45670217
309 41.99231525
310 42.49248542
311 42.95589411
312 43.38133568
313 43.76772495
314 44.11410436
315 44.41965064
316 44.68368096
317 44.90565855
318 45.0851977
319 45.22206815
320 45.31619885
321 45.36768107
322 45.37677076
323 45.34389031
324 45.26962947
325 45.15474565
326 45.00016351
327 44.80697371
328 44.5764311
329 44.30995205
330 44.00911123
331 43.67563757
332 43.31140969
333 42.91845053
334 42.49892154
335 42.05511608
336 41.58945243
337 41.10446607
338 40.60280165
339 40.08720427
340 39.56051044
341 39.02563856
342 38.48557901
343 37.94338387
344 37.40215633
345 36.86503975
346 36.3352065
347 35.8158465
348 35.3101556
349 34.82132371
350 34.35252287
351 33.90689506
352 33.48754004
353 33.09750307
354 32.73976256
355 32.41721774
356 32.13267642
357 31.88884268
358 31.68830477
359 31.53352309
360 31.4268183
361 31.37035975
362 31.36615403
363 31.41603394
364 31.52164767
365 31.68444853
366 31.90568499
367 32.18639128
368 32.52737857
369 32.92922673
370 33.39227675
371 33.91662396
372 34.502112
373 35.14832767
374 35.85459671
375 36.61998057
376 37.44327421
377 38.32300504
378 39.25743296
379 40.2445517
380 41.28209134
381 42.36752218
382 43.49805987
383 44.67067202
384 45.88208608
385 47.12879863
386 48.40708613
387 49.71301695
388 51.04246484
389 52.39112365
390 53.75452348
391 55.12804788
392 56.50695235
393 57.8863839
394 59.26140161
395 60.62699808
396 61.97812169
397 63.30969956
398 64.616661
399 65.89396143
400 67.13660651
401 68.33967642
402 69.49835006
403 70.60792909
404 71.66386156
405 72.66176502
406 73.59744897
407 74.46693637
408 75.26648423
409 75.99260301
410 76.64207466
411 77.21196926
412 77.69966009
413 78.10283702
414 78.41951805
415 78.64805902
416 78.78716139
417 78.83587793
418 78.79361639
419 78.66014111
420 78.4355725
421 78.1203844
422 77.71539945
423 77.22178238
424 76.64103134
425 75.97496736
426 75.22572194
427 74.39572301
428 73.48767927
429 72.50456302
430 71.44959174
431 70.32620847
432 69.13806112
433 67.88898098
434 66.58296051
435 65.22413059
436 63.81673746
437 62.3651194
438 60.8736835
439 59.34688245
440 57.78919175
441 56.20508733
442 54.59902377
443 52.97541327
444 51.33860555
445 49.69286865
446 48.04237086
447 46.39116391
448 44.74316727
449 43.10215395
450 41.4717376
451 39.85536102
452 38.25628622
453 36.67758584
454 35.12213615
455 33.59261139
456 32.0914797
457 30.6210003
458 29.18322217
459 27.77998393
460 26.41291506
461 25.08343825
462 23.79277288
463 22.54193949
464 21.33176528
465 20.16289036
466 19.03577484
467 17.95070656
468 16.90780942
469 15.90705219
470 14.94825773
471 14.03111248
472 13.15517625
473 12.31989211
474 11.52459632
475 10.76852828
476 10.05084043
477 9.37060796
478 8.726838329
479 8.118480544
480 7.544434131
481 7.003557758
482 6.494677485
483 6.016594603
484 5.568093034
485 5.147946283
486 4.754923923
487 4.387797596
488 4.045346542
489 3.726362635
490 3.429654954
491 3.154053865
492 2.898414659
493 2.661620731
494 2.442586331
495 2.2402589
496 2.053621008
497 1.881691929
498 1.723528847
499 1.578227754
500 1.444924029
501 1.322792741
502 1.2110487
503 1.108946269
504 1.01577897
505 0.9308789047
506 0.8536160096
507 0.7833971679
508 0.7196652006
509 0.6618977532
510 0.6096060982
511 0.5623338684
512 0.5196557393
513 0.4811760723
514 0.4465275348
515 0.4153697064
516 0.3873876849
517 0.3622906993
518 0.3398107405
519 0.3197012152
520 0.3017356314
521 0.285706319
522 0.271423192
523 0.2587125547
524 0.2474159549
525 0.2373890872
526 0.2285007468
527 0.2206318364
528 0.2136744238
529 0.2075308541
530 0.2021129122
531 0.1973410372
532 0.1931435872
533 0.1894561525
534 0.1862209155
535 0.1833860572
536 0.1809052065
537 0.1787369308
538 0.176844267
539 0.1751942894
540 0.1737577131
541 0.1725085303
542 0.1714236788
543 0.1704827383
544 0.1696676551
545 0.1689624911
546 0.1683531966
547 0.1678274051
548 0.1673742473
549 0.1669841836
550 0.1666488539
551 0.1663609422
552 0.1661140554
553 0.165902615
554 0.1657217602
555 0.1655672616
556 0.1654354447
557 0.165323121
558 0.1652275284
559 0.165146277
560 0.165077302
561 0.1650188221
562 0.1649693026
563 0.1649274232
564 0.1648920496
565 0.1648622085
566 0.1648370662
567 0.1648159094
568 0.1647981285
569 0.1647832035
570 0.1647706915
571 0.1647602154
572 0.1647514548
573 0.1647441381
574 0.1647380348
575 0.1647329501
576 0.1647287193
577 0.1647252033
578 0.164722285
579 0.1647198659
580 0.164717863
581 0.1647162068
582 0.164714839
583 0.1647137108
584 0.1647127813
585 0.1647120166
586 0.1647113881
587 0.1647108723
588 0.1647104494
589 0.1647101033
590 0.1647098202
591 0.164709589
592 0.1647094004
593 0.1647092468
594 0.1647091218
595 0.1647090202
596 0.1647089378
597 0.1647088709
598 0.1647088168
599 0.1647087731
600 0.1647087377
601 0.1647087092
602 0.1647086863
603 0.1647086678
604 0.1647086529
605 0.164708641
606 0.1647086315
607 0.1647086238
608 0.1647086177
609 0.1647086128
610 0.1647086089
611 0.1647086058
612 0.1647086033
613 0.1647086014
614 0.1647085998
615 0.1647085986
616 0.1647085976
617 0.1647085968
618 0.1647085962
619 0.1647085957
620 0.1647085953
621 0.164708595
622 0.1647085948
623 0.1647085946
624 0.1647085945
625 0.1647085944
626 0.1647085943
627 0.1647085942
628 0.1647085942
629 0.1647085941
630 0.1647085941
631 0.1647085941
632 0.164708594
633 0.164708594
634 0.164708594
635 0.164708594
636 0.164708594
637 0.164708594
638 0.164708594
639 0.164708594
640 0.164708594
641 0.164708594
642 0.164708594
643 0.164708594
644 0.164708594
645 0.164708594
646 0.164708594
647 0.164708594
648 0.164708594
649 0.164708594
650 0.164708594
651 0.164708594
652 0.164708594
653 0.164708594
654 0.164708594
655 0.164708594
656 0.164708594
657 0.164708594
658 0.164708594
659 0.164708594
660 0.164708594
661 0.164708594
662 0.164708594
663 0.164708594
664 0.164708594
665 0.164708594
666 0.164708594
667 0.164708594
668 0.164708594
669 0.164708594
670 0.164708594
671 0.164708594
672 0.164708594
673 0.164708594
674 0.164708594
675 0.164708594
676 0.164708594
677 0.164708594
678 0.164708594
679 0.164708594
680 0.164708594
681 0.164708594
682 0.164708594
683 0.164708594
684 0.164708594
685 0.164708594
686 0.164708594
687 0.164708594
688 0.164708594
689 0.164708594
690 0.164708594
691 0.164708594
692 0.164708594
693 0.164708594
694 0.164708594
695 0.164708594
696 0.164708594
697 0.164708594
698 0.164708594
699 0.164708594
700 0.164708594
701 0.164708594
702 0.164708594
703 0.164708594
704 0.164708594
705 0.164708594
706 0.164708594
707 0.164708594
708 0.164708594
709 0.164708594
710 0.164708594
711 0.164708594
712 0.164708594
713 0.164708594
714 0.164708594
715 0.164708594
716 0.164708594
717 0.164708594
718 0.164708594
719 0.164708594
720 0.164708594
721 0.164708594
722 0.164708594
723 0.164708594
724 0.164708594
725 0.164708594
726 0.164708594
727 0.164708594
728 0.164708594
729 0.164708594
730 0.164708594
731 0.164708594
732 0.164708594
733 0.164708594
734 0.164708594
735 0.164708594
736 0.164708594
737 0.164708594
738 0.164708594
739 0.164708594
740 0.164708594
741 0.164708594
742 0.164708594
743 0.164708594
744 0.164708594
745 0.164708594
746 0.164708594
747 0.164708594
748 0.164708594
749 0.164708594
750 0.164708594
751 0.164708594
752 0.164708594
753 0.164708594
754 0.164708594
755 0.164708594
756 0.164708594
757 0.164708594
758 0.164708594
759 0.164708594
760 0.164708594
761 0.164708594
762 0.164708594
763 0.164708594
764 0.164708594
765 0.164708594
766 0.164708594
767 0.164708594
768 0.164708594
769 0.164708594
770 0.164708594
771 0.164708594
772 0.164708594
773 0.164708594
774 0.164708594
775 0.164708594
776 0.164708594
777 0.164708594
778 0.164708594
779 0.164708594
780 0.164708594
781 0.164708594
782 0.164708594
783 0.164708594
784 0.164708594
785 0.164708594
786 0.164708594
787 0.164708594
788 0.164708594
789 0.164708594
790 0.164708594
791 0.164708594
792 0.164708594
793 0.164708594
794 0.164708594
795 0.164708594
796 0.164708594
797 0.164708594
798 0.164708594
799 0.164708594
800 0.164708594
801 0.164708594
802 0.164708594
803 0.164708594
804 0.164708594
805 0.164708594
806 0.164708594
807 0.164708594
808 0.164708594
809 0.164708594
810 0.164708594
811 0.164708594
812 0.164708594
813 0.164708594
814 0.164708594
815 0.164708594
816 0.164708594
817 0.164708594
818 0.164708594
819 0.164708594
820 0.164708594
821 0.164708594
822 0.164708594
823 0.164708594
824 0.164708594
825 0.164708594
826 0.164708594
827 0.164708594
828 0.164708594
829 0.164708594
830 0.164708594
831 0.164708594
832 0.164708594
833 0.164708594
834 0.164708594
835 0.164708594
836 0.164708594
837 0.164708594
838 0.164708594
839 0.164708594
840 0.164708594
841 0.164708594
842 0.164708594
843 0.164708594
844 0.164708594
845 0.164708594
846 0.164708594
847 0.164708594
848 0.164708594
849 0.164708594
850 0.164708594
851 0.164708594
852 0.164708594
853 0.164708594
854 0.164708594
855 0.164708594
856 0.164708594
857 0.164708594
858 0.164708594
859 0.164708594
860 0.164708594
861 0.164708594
862 0.164708594
863 0.164708594
864 0.164708594
865 0.164708594
866 0.164708594
867 0.164708594
868 0.164708594
869 0.164708594
870 0.164708594
871 0.164708594
872 0.164708594
873 0.164708594
874 0.164708594
875 0.164708594
876 0.164708594
877 0.164708594
878 0.164708594
879 0.164708594
880 0.164708594
881 0.164708594
882 0.164708594
883 0.164708594
884 0.164708594
885 0.164708594
886 0.164708594
887 0.164708594
888 0.164708594
889 0.164708594
890 0.164708594
891 0.164708594
892 0.164708594
893 0.164708594
894 0.164708594
895 0.164708594
896 0.164708594
897 0.164708594
898 0.164708594
899 0.164708594
900 0.164708594
901 0.164708594
902 0.164708594
903 0.164708594
904 0.164708594
905 0.164708594
906 0.164708594
907 0.164708594
908 0.164708594
909 0.164708594
910 0.164708594
911 0.164708594
912 0.164708594
913 0.164708594
914 0.164708594
915 0.164708594
916 0.164708594
917 0.164708594
918 0.164708594
919 0.164708594
920 0.164708594
921 0.164708594
922 0.164708594
923 0.164708594
924 0.164708594
925 0.164708594
926 0.164708594
927 0.164708594
928 0.164708594
929 0.164708594
930 0.164708594
931 0.164708594
932 0.164708594
933 0.164708594
934 0.164708594
935 0.164708594
936 0.164708594
937 0.164708594
938 0.164708594
939 0.164708594
940 0.164708594
941 0.164708594
942 0.164708594
943 0.164708594
944 0.164708594
945 0.164708594
946 0.164708594
947 0.164708594
948 0.164708594
949 0.164708594
950 0.164708594
951 0.164708594
952 0.164708594
953 0.164708594
954 0.164708594
955 0.164708594
956 0.164708594
957 0.164708594
958 0.164708594
959 0.164708594
960 0.164708594
961 0.164708594
962 0.164708594
963 0.164708594
964 0.164708594
965 0.164708594
966 0.164708594
967 0.164708594
968 0.164708594
969 0.164708594
970 0.164708594
971 0.164708594
972 0.164708594
973 0.164708594
974 0.164708594
975 0.164708594
976 0.164708594
977 0.164708594
978 0.164708594
979 0.164708594
980 0.164708594
981 0.164708594
982 0.164708594
983 0.164708594
984 0.164708594
985 0.164708594
986 0.164708594
987 0.164708594
988 0.164708594
989 0.164708594
990 0.164708594
991 0.164708594
992 0.164708594
993 0.164708594
994 0.164708594
995 0.164708594
996 0.164708594
997 0.164708594
998 0.164708594
999 0.164708594
1000 0.164708594
1001 0.164708594
1002 0.164708594
1003 0.164708594
1004 0.164708594
1005 0.164708594
1006 0.164708594
1007 0.164708594
1008 0.164708594
1009 0.164708594
1010 0.164708594
1011 0.164708594
1012 0.164708594
1013 0.164708594
1014 0.164708594
1015 0.164708594
1016 0.164708594
1017 0.164708594
1018 0.164708594
1019 0.164708594
1020 0.164708594
1021 0.164708594
1022 0.164708594
1023 0.164708594
