#55095 2909.9998404900490929 0.0045705106267825831509 1 1333 16.000049430220818044 1024 7 1 J1713+0747 0.0000000 
0 0.2118039175
1 0.2118044824
2 0.2118051572
3 0.2118059626
4 0.2118069226
5 0.2118080659
6 0.2118094259
7 0.2118110421
8 0.2118129607
9 0.2118152357
10 0.2118179308
11 0.2118211199
12 0.2118248897
13 0.2118293411
14 0.2118345921
15 0.2118407794
16 0.2118480624
17 0.2118566262
18 0.2118666851
19 0.2118784878
20 0.2118923219
21 0.2119085197
22 0.2119274651
23 0.2119496006
24 0.2119754359
25 0.2120055574
26 0.2120406388
27 0.2120814533
28 0.2121288874
29 0.2121839561
30 0.2122478199
31 0.2123218047
32 0.2124074231
33 0.2125063985
34 0.2126206927
35 0.2127525356
36 0.2129044591
37 0.2130793344
38 0.2132804135
39 0.2135113753
40 0.2137763764
41 0.2140801078
42 0.2144278561
43 0.2148255731
44 0.2152799501
45 0.215798501
46 0.2163896525
47 0.2170628436
48 0.2178286338
49 0.2186988206
50 0.2196865689
51 0.2208065501
52 0.2220750936
53 0.2235103514
54 0.2251324747
55 0.2269638057
56 0.2290290831
57 0.2313556638
58 0.2339737594
59 0.2369166909
60 0.2402211589
61 0.2439275328
62 0.2480801573
63 0.2527276785
64 0.2579233877
65 0.2637255851
66 0.2701979622
67 0.2774100036
68 0.2854374077
69 0.2943625253
70 0.3042748171
71 0.315271327
72 0.3274571733
73 0.3409460531
74 0.355860761
75 0.3723337193
76 0.3905075177
77 0.4105354598
78 0.4325821146
79 0.4568238687
80 0.4834494772
81 0.5126606076
82 0.544672375
83 0.5797138615
84 0.6180286169
85 0.6598751347
86 0.7055272967
87 0.755274782
88 0.8094234328
89 0.8682955706
90 0.9322302556
91 1.001583483
92 1.076728305
93 1.158054878
94 1.245970421
95 1.340899072
96 1.443281656
97 1.553575326
98 1.672253094
99 1.799803234
100 1.936728545
101 2.083545481
102 2.240783124
103 2.408982009
104 2.58869278
105 2.780474692
106 2.984893934
107 3.202521781
108 3.433932579
109 3.679701541
110 3.940402377
111 4.216604749
112 4.50887155
113 4.817756021
114 5.143798704
115 5.487524244
116 5.849438046
117 6.230022799
118 6.629734882
119 7.049000662
120 7.488212707
121 7.947725919
122 8.427853632
123 8.928863662
124 9.450974366
125 9.994350711
126 10.55910039
127 11.14527001
128 11.75284138
129 12.38172792
130 13.03177127
131 13.70273799
132 14.39431663
133 15.10611492
134 15.8376573
135 16.58838278
136 17.35764308
137 18.14470124
138 18.94873053
139 19.76881384
140 20.60394352
141 21.45302168
142 22.31486096
143 23.18818586
144 24.07163455
145 24.96376123
146 25.86303904
147 26.76786348
148 27.6765564
149 28.58737058
150 29.49849472
151 30.40805911
152 31.31414167
153 32.21477455
154 33.10795123
155 33.99163395
156 34.86376165
157 35.72225821
158 36.56504113
159 37.39003035
160 38.19515746
161 38.97837503
162 39.73766615
163 40.471054
164 41.17661157
165 41.85247128
166 42.4968346
167 43.10798154
168 43.68427996
169 44.22419469
170 44.72629632
171 45.18926974
172 45.61192218
173 45.99319094
174 46.33215059
175 46.62801963
176 46.88016664
177 47.0881158
178 47.25155177
179 47.37032393
180 47.44444995
181 47.4741186
182 47.45969188
183 47.4017064
184 47.30087399
185 47.15808157
186 46.97439029
187 46.75103389
188 46.4894163
189 46.19110857
190 45.857845
191 45.49151864
192 45.09417602
193 44.66801133
194 44.21535985
195 43.73869088
196 43.24059995
197 42.72380062
198 42.19111564
199 41.64546773
200 41.08986977
201 40.52741465
202 39.96126474
203 39.39464088
204 38.83081118
205 38.27307944
206 37.72477328
207 37.18923208
208 36.66979471
209 36.16978706
210 35.69250941
211 35.24122374
212 34.81914091
213 34.42940776
214 34.07509429
215 33.75918075
216 33.4845448
217 33.25394879
218 33.07002713
219 32.9352738
220 32.85203011
221 32.82247265
222 32.84860156
223 32.9322291
224 33.0749687
225 33.27822429
226 33.54318033
227 33.8707922
228 34.26177735
229 34.71660703
230 35.23549886
231 35.81841012
232 36.46503193
233 37.17478442
234 37.94681286
235 38.77998486
236 39.67288871
237 40.62383289
238 41.63084685
239 42.69168309
240 43.80382051
241 44.96446921
242 46.17057669
243 47.41883546
244 48.70569209
245 50.02735775
246 51.37982016
247 52.75885701
248 54.16005078
249 55.57880486
250 57.01036113
251 58.44981864
252 59.89215358
253 61.33224027
254 62.76487323
255 64.18479003
256 65.58669501
257 66.96528354
258 68.31526684
259 69.63139711
260 70.90849289
261 72.14146438
262 73.32533867
263 74.45528468
264 75.52663758
265 76.53492256
266 77.47587784
267 78.34547662
268 79.13994793
269 79.85579618
270 80.48981924
271 81.03912495
272 81.50114591
273 81.87365248
274 82.15476379
275 82.34295678
276 82.43707321
277 82.43632439
278 82.34029393
279 82.14893811
280 81.86258424
281 81.48192669
282 81.00802088
283 80.44227515
284 79.78644061
285 79.04259908
286 78.21314912
287 77.30079047
288 76.30850678
289 75.23954694
290 74.09740512
291 72.88579961
292 71.60865076
293 70.27005805
294 68.87427658
295 67.42569304
296 65.92880147
297 64.38817892
298 62.80846111
299 61.19431846
300 59.55043241
301 57.88147238
302 56.19207342
303 54.48681473
304 52.77019913
305 51.04663368
306 49.32041139
307 47.59569437
308 45.87649822
309 44.16667793
310 42.46991517
311 40.78970718
312 39.12935716
313 37.49196618
314 35.88042662
315 34.2974172
316 32.7453994
317 31.22661538
318 29.74308731
319 28.296618
320 26.88879284
321 25.52098286
322 24.19434903
323 22.90984743
324 21.66823553
325 20.47007913
326 19.31576021
327 18.20548534
328 17.13929465
329 16.11707133
330 15.13855139
331 14.20333379
332 13.31089073
333 12.46057801
334 11.65164546
335 10.88324729
336 10.15445236
337 9.464254208
338 8.8115809
339 8.195304534
340 7.614250436
341 7.067205964
342 6.552928902
343 6.070155406
344 5.617607491
345 5.194000029
346 4.798047257
347 4.428468782
348 4.083995077
349 3.763372483
350 3.465367706
351 3.188771834
352 2.932403872
353 2.695113823
354 2.475785321
355 2.273337851
356 2.08672856
357 1.91495369
358 1.757049667
359 1.612093848
360 1.479204968
361 1.357543316
362 1.246310639
363 1.144749837
364 1.052144433
365 0.9678178756
366 0.8911326758
367 0.8214894064
368 0.7583255857
369 0.701114464
370 0.6493637304
371 0.6026141572
372 0.5604381994
373 0.5224385607
374 0.4882467423
375 0.4575215841
376 0.4299478108
377 0.4052345905
378 0.383114116
379 0.3633402148
380 0.3456869943
381 0.3299475275
382 0.3159325839
383 0.3034694076
384 0.292400547
385 0.2825827373
386 0.2738858361
387 0.2661918151
388 0.2593938053
389 0.2533951978
390 0.2481087986
391 0.2434560353
392 0.2393662166
393 0.2357758416
394 0.232627957
395 0.2298715611
396 0.2274610523
397 0.2253557197
398 0.2235192741
399 0.2219194165
400 0.2205274431
401 0.2193178832
402 0.2182681688
403 0.2173583337
404 0.2165707397
405 0.2158898279
406 0.2153018944
407 0.2147948859
408 0.2143582173
409 0.2139826056
410 0.2136599221
411 0.2133830586
412 0.2131458089
413 0.2129427613
414 0.2127692044
415 0.2126210419
416 0.2124947173
417 0.2123871476
418 0.2122956633
419 0.2122179571
420 0.2121520367
421 0.2120961848
422 0.212048923
423 0.2120089802
424 0.2119752653
425 0.211946843
426 0.2119229123
427 0.2119027887
428 0.2118858877
429 0.211871711
430 0.2118598343
431 0.2118498969
432 0.2118415926
433 0.2118346615
434 0.2118288839
435 0.2118240737
436 0.211820074
437 0.2118167524
438 0.2118139974
439 0.211811715
440 0.2118098267
441 0.2118082663
442 0.2118069785
443 0.2118059169
444 0.211805043
445 0.2118043244
446 0.2118037343
447 0.2118032503
448 0.2118028538
449 0.2118025294
450 0.2118022643
451 0.211802048
452 0.2118018716
453 0.211801728
454 0.2118016113
455 0.2118015165
456 0.2118014396
457 0.2118013773
458 0.2118013269
459 0.2118012862
460 0.2118012533
461 0.2118012268
462 0.2118012055
463 0.2118011883
464 0.2118011746
465 0.2118011635
466 0.2118011547
467 0.2118011476
468 0.2118011419
469 0.2118011374
470 0.2118011338
471 0.2118011309
472 0.2118011286
473 0.2118011268
474 0.2118011254
475 0.2118011243
476 0.2118011234
477 0.2118011227
478 0.2118011221
479 0.2118011216
480 0.2118011213
481 0.211801121
482 0.2118011208
483 0.2118011206
484 0.2118011205
485 0.2118011204
486 0.2118011203
487 0.2118011203
488 0.2118011202
489 0.2118011202
490 0.2118011201
491 0.2118011201
492 0.2118011201
493 0.2118011201
494 0.2118011201
495 0.2118011201
496 0.2118011201
497 0.2118011201
498 0.2118011201
499 0.21180112
500 0.21180112
501 0.21180112
502 0.21180112
503 0.21180112
504 0.21180112
505 0.21180112
506 0.21180112
507 0.21180112
508 0.21180112
509 0.21180112
510 0.21180112
511 0.21180112
512 0.21180112
513 0.21180112
514 0.21180112
515 0.21180112
516 0.21180112
517 0.21180112
518 0.21180112
519 0.21180112
520 0.21180112
521 0.21180112
522 0.21180112
523 0.21180112
524 0.21180112
525 0.21180112
526 0.21180112
527 0.21180112
528 0.21180112
529 0.21180112
530 0.21180112
531 0.21180112
532 0.21180112
533 0.21180112
534 0.21180112
535 0.21180112
536 0.21180112
537 0.21180112
538 0.21180112
539 0.21180112
540 0.21180112
541 0.21180112
542 0.21180112
543 0.21180112
544 0.21180112
545 0.21180112
546 0.21180112
547 0.21180112
548 0.21180112
549 0.21180112
550 0.21180112
551 0.21180112
552 0.21180112
553 0.21180112
554 0.21180112
555 0.21180112
556 0.21180112
557 0.21180112
558 0.21180112
559 0.21180112
560 0.21180112
561 0.21180112
562 0.21180112
563 0.21180112
564 0.21180112
565 0.21180112
566 0.21180112
567 0.21180112
568 0.21180112
569 0.21180112
570 0.21180112
571 0.21180112
572 0.21180112
573 0.21180112
574 0.21180112
575 0.21180112
576 0.21180112
577 0.21180112
578 0.21180112
579 0.21180112
580 0.21180112
581 0.21180112
582 0.21180112
583 0.21180112
584 0.21180112
585 0.21180112
586 0.21180112
587 0.21180112
588 0.21180112
589 0.21180112
590 0.21180112
591 0.21180112
592 0.21180112
593 0.21180112
594 0.21180112
595 0.21180112
596 0.21180112
597 0.21180112
598 0.21180112
599 0.21180112
600 0.21180112
601 0.21180112
602 0.21180112
603 0.21180112
604 0.21180112
605 0.21180112
606 0.21180112
607 0.21180112
608 0.21180112
609 0.21180112
610 0.21180112
611 0.21180112
612 0.21180112
613 0.21180112
614 0.21180112
615 0.21180112
616 0.21180112
617 0.21180112
618 0.21180112
619 0.21180112
620 0.21180112
621 0.21180112
622 0.21180112
623 0.21180112
624 0.21180112
625 0.21180112
626 0.21180112
627 0.21180112
628 0.21180112
629 0.21180112
630 0.21180112
631 0.21180112
632 0.21180112
633 0.21180112
634 0.21180112
635 0.21180112
636 0.21180112
637 0.21180112
638 0.21180112
639 0.21180112
640 0.21180112
641 0.21180112
642 0.21180112
643 0.21180112
644 0.21180112
645 0.21180112
646 0.21180112
647 0.21180112
648 0.21180112
649 0.21180112
650 0.21180112
651 0.21180112
652 0.21180112
653 0.21180112
654 0.21180112
655 0.21180112
656 0.21180112
657 0.21180112
658 0.21180112
659 0.21180112
660 0.21180112
661 0.21180112
662 0.21180112
663 0.21180112
664 0.21180112
665 0.21180112
666 0.21180112
667 0.21180112
668 0.21180112
669 0.21180112
670 0.21180112
671 0.21180112
672 0.21180112
673 0.21180112
674 0.21180112
675 0.21180112
676 0.21180112
677 0.21180112
678 0.21180112
679 0.21180112
680 0.21180112
681 0.21180112
682 0.21180112
683 0.21180112
684 0.21180112
685 0.21180112
686 0.21180112
687 0.21180112
688 0.21180112
689 0.21180112
690 0.21180112
691 0.21180112
692 0.21180112
693 0.21180112
694 0.21180112
695 0.21180112
696 0.21180112
697 0.21180112
698 0.21180112
699 0.21180112
700 0.21180112
701 0.21180112
702 0.21180112
703 0.21180112
704 0.21180112
705 0.21180112
706 0.21180112
707 0.21180112
708 0.21180112
709 0.21180112
710 0.21180112
711 0.21180112
712 0.21180112
713 0.21180112
714 0.21180112
715 0.21180112
716 0.21180112
717 0.21180112
718 0.21180112
719 0.21180112
720 0.21180112
721 0.21180112
722 0.21180112
723 0.21180112
724 0.21180112
725 0.21180112
726 0.21180112
727 0.21180112
728 0.21180112
729 0.21180112
730 0.21180112
731 0.21180112
732 0.21180112
733 0.21180112
734 0.21180112
735 0.21180112
736 0.21180112
737 0.21180112
738 0.21180112
739 0.21180112
740 0.21180112
741 0.21180112
742 0.21180112
743 0.21180112
744 0.21180112
745 0.21180112
746 0.21180112
747 0.21180112
748 0.21180112
749 0.21180112
750 0.21180112
751 0.21180112
752 0.21180112
753 0.21180112
754 0.21180112
755 0.21180112
756 0.21180112
757 0.21180112
758 0.21180112
759 0.21180112
760 0.21180112
761 0.21180112
762 0.21180112
763 0.21180112
764 0.21180112
765 0.21180112
766 0.21180112
767 0.21180112
768 0.21180112
769 0.21180112
770 0.21180112
771 0.21180112
772 0.21180112
773 0.21180112
774 0.21180112
775 0.21180112
776 0.21180112
777 0.21180112
778 0.21180112
779 0.21180112
780 0.21180112
781 0.21180112
782 0.21180112
783 0.21180112
784 0.21180112
785 0.21180112
786 0.21180112
787 0.21180112
788 0.21180112
789 0.21180112
790 0.21180112
791 0.21180112
792 0.21180112
793 0.21180112
794 0.21180112
795 0.21180112
796 0.21180112
797 0.21180112
798 0.21180112
799 0.21180112
800 0.21180112
801 0.21180112
802 0.21180112
803 0.21180112
804 0.21180112
805 0.21180112
806 0.21180112
807 0.21180112
808 0.21180112
809 0.21180112
810 0.21180112
811 0.21180112
812 0.21180112
813 0.21180112
814 0.21180112
815 0.21180112
816 0.21180112
817 0.21180112
818 0.21180112
819 0.21180112
820 0.21180112
821 0.21180112
822 0.21180112
823 0.21180112
824 0.21180112
825 0.21180112
826 0.21180112
827 0.21180112
828 0.21180112
829 0.21180112
830 0.21180112
831 0.21180112
832 0.21180112
833 0.21180112
834 0.21180112
835 0.21180112
836 0.21180112
837 0.21180112
838 0.21180112
839 0.21180112
840 0.21180112
841 0.21180112
842 0.21180112
843 0.21180112
844 0.21180112
845 0.21180112
846 0.21180112
847 0.21180112
848 0.21180112
849 0.21180112
850 0.21180112
851 0.21180112
852 0.21180112
853 0.21180112
854 0.21180112
855 0.21180112
856 0.21180112
857 0.21180112
858 0.21180112
859 0.21180112
860 0.21180112
861 0.21180112
862 0.21180112
863 0.21180112
864 0.21180112
865 0.21180112
866 0.21180112
867 0.21180112
868 0.21180112
869 0.21180112
870 0.21180112
871 0.21180112
872 0.21180112
873 0.21180112
874 0.21180112
875 0.21180112
876 0.21180112
877 0.21180112
878 0.21180112
879 0.21180112
880 0.21180112
881 0.21180112
882 0.21180112
883 0.21180112
884 0.21180112
885 0.21180112
886 0.21180112
887 0.21180112
888 0.21180112
889 0.21180112
890 0.21180112
891 0.21180112
892 0.21180112
893 0.21180112
894 0.21180112
895 0.21180112
896 0.21180112
897 0.21180112
898 0.21180112
899 0.21180112
900 0.21180112
901 0.21180112
902 0.21180112
903 0.21180112
904 0.21180112
905 0.21180112
906 0.21180112
907 0.21180112
908 0.21180112
909 0.21180112
910 0.21180112
911 0.21180112
912 0.21180112
913 0.21180112
914 0.21180112
915 0.21180112
916 0.21180112
917 0.21180112
918 0.21180112
919 0.21180112
920 0.21180112
921 0.21180112
922 0.21180112
923 0.21180112
924 0.21180112
925 0.21180112
926 0.21180112
927 0.21180112
928 0.21180112
929 0.21180112
930 0.21180112
931 0.21180112
932 0.21180112
933 0.21180112
934 0.21180112
935 0.21180112
936 0.21180112
937 0.21180112
938 0.21180112
939 0.21180112
940 0.21180112
941 0.21180112
942 0.21180112
943 0.21180112
944 0.21180112
945 0.21180112
946 0.21180112
947 0.21180112
948 0.21180112
949 0.21180112
950 0.21180112
951 0.21180112
952 0.21180112
953 0.21180112
954 0.21180112
955 0.21180112
956 0.21180112
957 0.21180112
958 0.21180112
959 0.21180112
960 0.21180112
961 0.21180112
962 0.21180112
963 0.21180112
964 0.21180112
965 0.21180112
966 0.2118011201
967 0.2118011201
968 0.2118011201
969 0.2118011201
970 0.2118011201
971 0.2118011201
972 0.2118011201
973 0.2118011201
974 0.2118011201
975 0.2118011201
976 0.2118011202
977 0.2118011202
978 0.2118011202
979 0.2118011203
980 0.2118011203
981 0.2118011204
982 0.2118011205
983 0.2118011207
984 0.2118011208
985 0.211801121
986 0.2118011212
987 0.2118011215
988 0.2118011219
989 0.2118011224
990 0.211801123
991 0.2118011237
992 0.2118011246
993 0.2118011257
994 0.211801127
995 0.2118011287
996 0.2118011307
997 0.2118011333
998 0.2118011364
999 0.2118011402
1000 0.211801145
1001 0.2118011507
1002 0.2118011578
1003 0.2118011665
1004 0.211801177
1005 0.21180119
1006 0.2118012057
1007 0.211801225
1008 0.2118012484
1009 0.2118012768
1010 0.2118013114
1011 0.2118013533
1012 0.2118014042
1013 0.2118014658
1014 0.2118015403
1015 0.2118016304
1016 0.2118017391
1017 0.2118018702
1018 0.2118020282
1019 0.2118022183
1020 0.2118024468
1021 0.2118027213
1022 0.2118030505
1023 0.2118034451
