#55117 2910.0018171455145475 0.0045704553186177668961 1 1293 16.000049430220818044 1024 7 1 J1713+0747 0.0000000 
0 0.4557271149
1 0.4557271147
2 0.4557271145
3 0.4557271144
4 0.4557271143
5 0.4557271142
6 0.4557271142
7 0.4557271141
8 0.4557271141
9 0.4557271141
10 0.4557271141
11 0.455727114
12 0.455727114
13 0.455727114
14 0.455727114
15 0.455727114
16 0.455727114
17 0.455727114
18 0.455727114
19 0.455727114
20 0.455727114
21 0.455727114
22 0.455727114
23 0.455727114
24 0.455727114
25 0.455727114
26 0.455727114
27 0.455727114
28 0.455727114
29 0.455727114
30 0.455727114
31 0.455727114
32 0.455727114
33 0.455727114
34 0.455727114
35 0.455727114
36 0.455727114
37 0.455727114
38 0.455727114
39 0.455727114
40 0.455727114
41 0.455727114
42 0.455727114
43 0.455727114
44 0.455727114
45 0.455727114
46 0.455727114
47 0.455727114
48 0.455727114
49 0.455727114
50 0.455727114
51 0.455727114
52 0.455727114
53 0.455727114
54 0.455727114
55 0.455727114
56 0.455727114
57 0.455727114
58 0.455727114
59 0.455727114
60 0.455727114
61 0.455727114
62 0.455727114
63 0.455727114
64 0.455727114
65 0.455727114
66 0.455727114
67 0.455727114
68 0.455727114
69 0.455727114
70 0.455727114
71 0.455727114
72 0.455727114
73 0.455727114
74 0.455727114
75 0.455727114
76 0.455727114
77 0.455727114
78 0.455727114
79 0.455727114
80 0.455727114
81 0.455727114
82 0.455727114
83 0.455727114
84 0.455727114
85 0.455727114
86 0.455727114
87 0.455727114
88 0.455727114
89 0.455727114
90 0.455727114
91 0.455727114
92 0.455727114
93 0.455727114
94 0.455727114
95 0.455727114
96 0.455727114
97 0.455727114
98 0.455727114
99 0.455727114
100 0.455727114
101 0.455727114
102 0.455727114
103 0.455727114
104 0.455727114
105 0.455727114
106 0.455727114
107 0.455727114
108 0.455727114
109 0.455727114
110 0.455727114
111 0.455727114
112 0.455727114
113 0.455727114
114 0.455727114
115 0.455727114
116 0.455727114
117 0.455727114
118 0.455727114
119 0.455727114
120 0.455727114
121 0.455727114
122 0.455727114
123 0.455727114
124 0.455727114
125 0.455727114
126 0.455727114
127 0.455727114
128 0.455727114
129 0.455727114
130 0.455727114
131 0.455727114
132 0.455727114
133 0.455727114
134 0.455727114
135 0.455727114
136 0.455727114
137 0.455727114
138 0.455727114
139 0.455727114
140 0.455727114
141 0.455727114
142 0.455727114
143 0.455727114
144 0.455727114
145 0.455727114
146 0.455727114
147 0.455727114
148 0.455727114
149 0.455727114
150 0.455727114
151 0.455727114
152 0.455727114
153 0.455727114
154 0.455727114
155 0.455727114
156 0.455727114
157 0.455727114
158 0.455727114
159 0.455727114
160 0.455727114
161 0.455727114
162 0.455727114
163 0.455727114
164 0.455727114
165 0.455727114
166 0.455727114
167 0.455727114
168 0.455727114
169 0.455727114
170 0.455727114
171 0.455727114
172 0.455727114
173 0.455727114
174 0.455727114
175 0.455727114
176 0.455727114
177 0.455727114
178 0.455727114
179 0.455727114
180 0.455727114
181 0.455727114
182 0.455727114
183 0.455727114
184 0.455727114
185 0.455727114
186 0.455727114
187 0.455727114
188 0.455727114
189 0.455727114
190 0.455727114
191 0.455727114
192 0.455727114
193 0.455727114
194 0.455727114
195 0.455727114
196 0.455727114
197 0.455727114
198 0.455727114
199 0.455727114
200 0.455727114
201 0.455727114
202 0.455727114
203 0.455727114
204 0.455727114
205 0.455727114
206 0.455727114
207 0.455727114
208 0.455727114
209 0.455727114
210 0.455727114
211 0.455727114
212 0.455727114
213 0.455727114
214 0.455727114
215 0.455727114
216 0.455727114
217 0.455727114
218 0.455727114
219 0.455727114
220 0.455727114
221 0.455727114
222 0.455727114
223 0.455727114
224 0.455727114
225 0.455727114
226 0.455727114
227 0.455727114
228 0.455727114
229 0.455727114
230 0.455727114
231 0.455727114
232 0.455727114
233 0.455727114
234 0.455727114
235 0.455727114
236 0.455727114
237 0.455727114
238 0.455727114
239 0.455727114
240 0.455727114
241 0.455727114
242 0.455727114
243 0.455727114
244 0.455727114
245 0.455727114
246 0.455727114
247 0.455727114
248 0.455727114
249 0.455727114
250 0.455727114
251 0.455727114
252 0.455727114
253 0.455727114
254 0.455727114
255 0.455727114
256 0.455727114
257 0.455727114
258 0.455727114
259 0.455727114
260 0.455727114
261 0.455727114
262 0.455727114
263 0.455727114
264 0.455727114
265 0.455727114
266 0.455727114
267 0.455727114
268 0.455727114
269 0.455727114
270 0.455727114
271 0.455727114
272 0.455727114
273 0.455727114
274 0.455727114
275 0.455727114
276 0.455727114
277 0.455727114
278 0.455727114
279 0.455727114
280 0.455727114
281 0.455727114
282 0.455727114
283 0.455727114
284 0.455727114
285 0.455727114
286 0.455727114
287 0.455727114
288 0.455727114
289 0.455727114
290 0.455727114
291 0.455727114
292 0.455727114
293 0.455727114
294 0.455727114
295 0.455727114
296 0.455727114
297 0.455727114
298 0.455727114
299 0.455727114
300 0.455727114
301 0.455727114
302 0.455727114
303 0.455727114
304 0.455727114
305 0.455727114
306 0.455727114
307 0.455727114
308 0.455727114
309 0.455727114
310 0.455727114
311 0.455727114
312 0.455727114
313 0.455727114
314 0.455727114
315 0.455727114
316 0.455727114
317 0.455727114
318 0.455727114
319 0.455727114
320 0.455727114
321 0.455727114
322 0.455727114
323 0.455727114
324 0.455727114
325 0.455727114
326 0.455727114
327 0.455727114
328 0.455727114
329 0.455727114
330 0.455727114
331 0.455727114
332 0.455727114
333 0.455727114
334 0.455727114
335 0.455727114
336 0.455727114
337 0.455727114
338 0.455727114
339 0.455727114
340 0.455727114
341 0.455727114
342 0.455727114
343 0.455727114
344 0.455727114
345 0.455727114
346 0.455727114
347 0.455727114
348 0.455727114
349 0.455727114
350 0.455727114
351 0.455727114
352 0.455727114
353 0.455727114
354 0.455727114
355 0.455727114
356 0.455727114
357 0.455727114
358 0.455727114
359 0.455727114
360 0.455727114
361 0.455727114
362 0.455727114
363 0.455727114
364 0.455727114
365 0.455727114
366 0.455727114
367 0.455727114
368 0.455727114
369 0.455727114
370 0.455727114
371 0.455727114
372 0.455727114
373 0.455727114
374 0.455727114
375 0.455727114
376 0.455727114
377 0.455727114
378 0.455727114
379 0.455727114
380 0.455727114
381 0.455727114
382 0.455727114
383 0.455727114
384 0.455727114
385 0.455727114
386 0.455727114
387 0.455727114
388 0.455727114
389 0.455727114
390 0.455727114
391 0.455727114
392 0.455727114
393 0.455727114
394 0.455727114
395 0.455727114
396 0.455727114
397 0.455727114
398 0.455727114
399 0.455727114
400 0.455727114
401 0.455727114
402 0.455727114
403 0.455727114
404 0.455727114
405 0.455727114
406 0.455727114
407 0.455727114
408 0.455727114
409 0.455727114
410 0.455727114
411 0.455727114
412 0.455727114
413 0.455727114
414 0.455727114
415 0.455727114
416 0.455727114
417 0.455727114
418 0.455727114
419 0.455727114
420 0.455727114
421 0.455727114
422 0.455727114
423 0.455727114
424 0.455727114
425 0.455727114
426 0.455727114
427 0.455727114
428 0.455727114
429 0.455727114
430 0.455727114
431 0.455727114
432 0.455727114
433 0.455727114
434 0.455727114
435 0.455727114
436 0.455727114
437 0.455727114
438 0.455727114
439 0.455727114
440 0.455727114
441 0.455727114
442 0.455727114
443 0.455727114
444 0.455727114
445 0.455727114
446 0.455727114
447 0.455727114
448 0.455727114
449 0.455727114
450 0.455727114
451 0.455727114
452 0.455727114
453 0.455727114
454 0.455727114
455 0.455727114
456 0.455727114
457 0.455727114
458 0.455727114
459 0.455727114
460 0.455727114
461 0.455727114
462 0.455727114
463 0.455727114
464 0.455727114
465 0.455727114
466 0.455727114
467 0.455727114
468 0.455727114
469 0.455727114
470 0.455727114
471 0.455727114
472 0.455727114
473 0.455727114
474 0.455727114
475 0.455727114
476 0.455727114
477 0.455727114
478 0.455727114
479 0.455727114
480 0.455727114
481 0.455727114
482 0.455727114
483 0.455727114
484 0.455727114
485 0.455727114
486 0.455727114
487 0.455727114
488 0.455727114
489 0.455727114
490 0.455727114
491 0.455727114
492 0.4557271141
493 0.4557271141
494 0.4557271141
495 0.4557271141
496 0.4557271142
497 0.4557271142
498 0.4557271143
499 0.4557271143
500 0.4557271144
501 0.4557271145
502 0.4557271147
503 0.4557271149
504 0.4557271151
505 0.4557271154
506 0.4557271157
507 0.4557271161
508 0.4557271167
509 0.4557271173
510 0.4557271181
511 0.4557271192
512 0.4557271204
513 0.4557271219
514 0.4557271238
515 0.4557271262
516 0.4557271291
517 0.4557271326
518 0.455727137
519 0.4557271423
520 0.4557271489
521 0.4557271569
522 0.4557271667
523 0.4557271787
524 0.4557271933
525 0.4557272112
526 0.4557272329
527 0.4557272594
528 0.4557272915
529 0.4557273306
530 0.4557273779
531 0.4557274353
532 0.4557275048
533 0.4557275888
534 0.4557276903
535 0.4557278127
536 0.4557279603
537 0.455728138
538 0.4557283517
539 0.4557286086
540 0.4557289169
541 0.4557292866
542 0.4557297294
543 0.4557302592
544 0.4557308926
545 0.4557316488
546 0.4557325507
547 0.4557336255
548 0.4557349047
549 0.4557364256
550 0.4557382322
551 0.4557403757
552 0.4557429162
553 0.4557459242
554 0.4557494819
555 0.4557536853
556 0.4557586463
557 0.4557644953
558 0.455771384
559 0.4557794887
560 0.4557890137
561 0.4558001962
562 0.4558133107
563 0.4558286747
564 0.4558466549
565 0.4558676745
566 0.4558922213
567 0.4559208566
568 0.4559542259
569 0.4559930705
570 0.4560382406
571 0.4560907106
572 0.4561515952
573 0.4562221684
574 0.456303885
575 0.4563984035
576 0.4565076128
577 0.4566336615
578 0.4567789908
579 0.4569463706
580 0.4571389405
581 0.4573602542
582 0.4576143299
583 0.4579057047
584 0.4582394958
585 0.4586214678
586 0.4590581055
587 0.4595566962
588 0.4601254178
589 0.4607734364
590 0.4615110133
591 0.4623496207
592 0.4633020687
593 0.4643826433
594 0.4656072556
595 0.4669936047
596 0.4685613527
597 0.4703323141
598 0.4723306606
599 0.4745831401
600 0.477119313
601 0.4799718044
602 0.4831765741
603 0.486773205
604 0.4908052088
605 0.4953203521
606 0.5003710009
607 0.5060144848
608 0.5123134811
609 0.5193364189
610 0.5271579017
611 0.5358591509
612 0.5455284666
613 0.5562617077
614 0.5681627884
615 0.5813441912
616 0.5959274946
617 0.6120439133
618 0.62983485
619 0.6494524559
620 0.6710601962
621 0.6948334204
622 0.7209599309
623 0.7496405487
624 0.7810896703
625 0.8155358125
626 0.8532221398
627 0.8944069694
628 0.9393642474
629 0.9883839909
630 1.04177269
631 1.099853661
632 1.162967348
633 1.231471557
634 1.305741628
635 1.386170521
636 1.473168825
637 1.56716467
638 1.668603529
639 1.777947926
640 1.895677011
641 2.022286013
642 2.158285561
643 2.30420086
644 2.460570715
645 2.627946407
646 2.806890396
647 2.997974861
648 3.201780073
649 3.418892579
650 3.649903218
651 3.895404951
652 4.155990508
653 4.43224986
654 4.724767507
655 5.034119595
656 5.360870861
657 5.705571419
658 6.06875339
659 6.450927388
660 6.852578877
661 7.274164412
662 7.716107777
663 8.178796038
664 8.662575538
665 9.167747847
666 9.694565689
667 10.24322888
668 10.81388029
669 11.40660188
670 12.0214108
671 12.65825564
672 13.31701279
673 13.99748301
674 14.69938818
675 15.42236836
676 16.165979
677 16.92968864
678 17.71287673
679 18.51483202
680 19.33475122
681 20.17173813
682 21.0248032
683 21.89286362
684 22.77474382
685 23.66917656
686 24.57480452
687 25.49018243
688 26.41377976
689 27.343984
690 28.27910443
691 29.21737655
692 30.15696694
693 31.09597885
694 32.03245808
695 32.96439964
696 33.88975466
697 34.80643798
698 35.71233599
699 36.60531502
700 37.48323002
701 38.3439336
702 39.18528533
703 40.00516125
704 40.80146368
705 41.572131
706 42.31514766
707 43.02855412
708 43.71045678
709 44.35903788
710 44.97256516
711 45.54940141
712 46.08801372
713 46.58698237
714 47.04500948
715 47.46092713
716 47.83370506
717 48.16245786
718 48.44645159
719 48.68510981
720 48.87801897
721 49.02493316
722 49.12577815
723 49.18065466
724 49.189841
725 49.15379487
726 49.0731544
727 48.94873845
728 48.7815461
729 48.57275539
730 48.32372128
731 48.03597282
732 47.71120959
733 47.35129745
734 46.95826346
735 46.53429025
736 46.08170959
737 45.60299537
738 45.10075602
739 44.57772619
740 44.03675808
741 43.48081202
742 42.91294678
743 42.3363092
744 41.75412362
745 41.16968069
746 40.58632603
747 40.00744837
748 39.43646756
749 38.87682221
750 38.33195712
751 37.80531056
752 37.30030132
753 36.82031564
754 36.36869407
755 35.94871821
756 35.56359744
757 35.21645565
758 34.91031795
759 34.6480975
760 34.43258241
761 34.26642282
762 34.15211808
763 34.09200425
764 34.08824181
765 34.14280374
766 34.2574639
767 34.43378589
768 34.67311243
769 34.97655514
770 35.3449851
771 35.77902394
772 36.27903569
773 36.84511952
774 37.47710319
775 38.17453756
776 38.93669204
777 39.76255111
778 40.65081198
779 41.59988344
780 42.607886
781 43.67265322
782 44.79173456
783 45.9623995
784 47.18164315
785 48.44619335
786 49.75251917
787 51.096841
788 52.4751421
789 53.88318165
790 55.31650921
791 56.77048069
792 58.2402757
793 59.72091616
794 61.20728624
795 62.69415346
796 64.17619085
797 65.64800011
798 67.10413562
799 68.53912914
800 69.94751517
801 71.32385669
802 72.66277118
803 73.95895678
804 75.20721845
805 76.40249375
806 77.53987842
807 78.61465122
808 79.62229811
809 80.55853549
810 81.41933231
811 82.20093097
812 82.89986678
813 83.51298587
814 84.03746138
815 84.47080787
816 84.81089377
817 85.0559518
818 85.2045873
819 85.25578437
820 85.20890978
821 85.06371469
822 84.82033401
823 84.47928361
824 84.04145521
825 83.50810919
826 82.88086516
827 82.16169061
828 81.35288749
829 80.45707707
830 79.47718301
831 78.41641284
832 77.27823814
833 76.06637326
834 74.78475313
835 73.43751001
836 72.02894955
837 70.5635263
838 69.04581878
839 67.48050444
840 65.87233448
841 64.22610901
842 62.54665234
843 60.83878894
844 59.10731995
845 57.35700055
846 55.59251827
847 53.81847232
848 52.03935417
849 50.25952937
850 48.48322073
851 46.71449297
852 44.95723885
853 43.21516684
854 41.49179038
855 39.79041871
856 38.11414925
857 36.46586164
858 34.84821327
859 33.26363635
860 31.71433641
861 30.20229228
862 28.72925736
863 27.29676222
864 25.90611829
865 24.5584228
866 23.25456461
867 21.99523106
868 20.78091554
869 19.61192588
870 18.48839332
871 17.41028203
872 16.37739899
873 15.38940435
874 14.44582185
875 13.54604954
876 12.6893705
877 11.87496356
878 11.10191393
879 10.36922372
880 9.675822133
881 9.02057553
882 8.402297049
883 7.819755915
884 7.271686318
885 6.756795859
886 6.273773522
887 5.821297164
888 5.398040486
889 5.002679509
890 4.633898518
891 4.290395488
892 3.970886996
893 3.674112627
894 3.398838879
895 3.143862587
896 2.908013881
897 2.690158698
898 2.489200869
899 2.304083803
900 2.133791794
901 1.977350973
902 1.833829934
903 1.702340058
904 1.582035559
905 1.472113281
906 1.371812274
907 1.28041316
908 1.197237331
909 1.121645994
910 1.053039075
911 0.9908540219
912 0.9345645106
913 0.8836790803
914 0.8377397116
915 0.7963203639
916 0.7590254874
917 0.7254885212
918 0.6953703902
919 0.6683580105
920 0.6441628136
921 0.622519296
922 0.6031836027
923 0.5859321487
924 0.5705602853
925 0.5568810139
926 0.5447237508
927 0.5339331457
928 0.524367955
929 0.5158999712
930 0.508413009
931 0.5018019482
932 0.4959718322
933 0.490837022
934 0.486320404
935 0.4823526504
936 0.4788715307
937 0.4758212715
938 0.4731519644
939 0.4708190169
940 0.4687826479
941 0.4670074221
942 0.4654618231
943 0.4641178622
944 0.4629507206
945 0.4619384235
946 0.4610615431
947 0.4603029286
948 0.4596474616
949 0.4590818351
950 0.4585943535
951 0.458174752
952 0.4578140355
953 0.4575043321
954 0.4572387632
955 0.4570113269
956 0.4568167933
957 0.4566506122
958 0.4565088302
959 0.4563880172
960 0.4562852015
961 0.4561978121
962 0.4561236278
963 0.4560607322
964 0.4560074746
965 0.4559624346
966 0.4559243919
967 0.4558922998
968 0.4558652614
969 0.4558425094
970 0.4558233881
971 0.4558073384
972 0.4557938837
973 0.4557826184
974 0.4557731982
975 0.4557653306
976 0.4557587679
977 0.4557533005
978 0.4557487514
979 0.455744971
980 0.4557418332
981 0.4557392322
982 0.4557370788
983 0.4557352982
984 0.4557338276
985 0.4557326146
986 0.4557316154
987 0.4557307932
988 0.4557301175
989 0.455729563
990 0.4557291085
991 0.4557287363
992 0.455728432
993 0.4557281835
994 0.4557279808
995 0.4557278157
996 0.4557276813
997 0.4557275721
998 0.4557274835
999 0.4557274117
1000 0.4557273535
1001 0.4557273065
1002 0.4557272685
1003 0.4557272379
1004 0.4557272132
1005 0.4557271933
1006 0.4557271774
1007 0.4557271645
1008 0.4557271543
1009 0.4557271461
1010 0.4557271395
1011 0.4557271342
1012 0.45572713
1013 0.4557271267
1014 0.455727124
1015 0.4557271219
1016 0.4557271203
1017 0.4557271189
1018 0.4557271179
1019 0.455727117
1020 0.4557271164
1021 0.4557271159
1022 0.4557271155
1023 0.4557271151
