#55029 2909.9972699961926872 0.0045703710662208909057 1 1437 16.000049430220818044 1024 7 1 J1713+0747 0.0000000 
0 0.03645735897
1 0.03645735897
2 0.03645735897
3 0.03645735897
4 0.03645735897
5 0.03645735897
6 0.03645735897
7 0.03645735897
8 0.03645735897
9 0.03645735897
10 0.03645735897
11 0.03645735897
12 0.03645735897
13 0.03645735897
14 0.03645735897
15 0.03645735897
16 0.03645735897
17 0.03645735897
18 0.03645735897
19 0.03645735897
20 0.03645735897
21 0.03645735897
22 0.03645735897
23 0.03645735897
24 0.03645735897
25 0.03645735897
26 0.03645735897
27 0.03645735897
28 0.03645735897
29 0.03645735897
30 0.03645735897
31 0.03645735897
32 0.03645735897
33 0.03645735897
34 0.03645735897
35 0.03645735897
36 0.03645735897
37 0.03645735897
38 0.03645735897
39 0.03645735897
40 0.03645735897
41 0.03645735897
42 0.03645735897
43 0.03645735897
44 0.03645735897
45 0.03645735897
46 0.03645735897
47 0.03645735897
48 0.03645735897
49 0.03645735897
50 0.03645735897
51 0.03645735897
52 0.03645735897
53 0.03645735897
54 0.03645735897
55 0.03645735897
56 0.03645735897
57 0.03645735897
58 0.03645735897
59 0.03645735897
60 0.03645735897
61 0.03645735897
62 0.03645735897
63 0.03645735897
64 0.03645735897
65 0.03645735897
66 0.03645735897
67 0.03645735897
68 0.03645735897
69 0.03645735897
70 0.03645735897
71 0.03645735897
72 0.03645735897
73 0.03645735897
74 0.03645735897
75 0.03645735897
76 0.03645735897
77 0.03645735897
78 0.03645735897
79 0.03645735897
80 0.03645735897
81 0.03645735897
82 0.03645735897
83 0.03645735897
84 0.03645735897
85 0.03645735897
86 0.03645735897
87 0.03645735897
88 0.03645735897
89 0.03645735897
90 0.03645735897
91 0.03645735897
92 0.03645735897
93 0.03645735897
94 0.03645735897
95 0.03645735897
96 0.03645735897
97 0.03645735897
98 0.03645735897
99 0.03645735897
100 0.03645735897
101 0.03645735897
102 0.03645735897
103 0.03645735897
104 0.03645735897
105 0.03645735897
106 0.03645735897
107 0.03645735897
108 0.03645735897
109 0.03645735897
110 0.03645735897
111 0.03645735897
112 0.03645735897
113 0.03645735897
114 0.03645735897
115 0.03645735897
116 0.03645735897
117 0.03645735897
118 0.03645735897
119 0.03645735897
120 0.03645735897
121 0.03645735897
122 0.03645735897
123 0.03645735897
124 0.03645735897
125 0.03645735897
126 0.03645735897
127 0.03645735897
128 0.03645735897
129 0.03645735897
130 0.03645735897
131 0.03645735897
132 0.03645735897
133 0.03645735897
134 0.03645735897
135 0.03645735897
136 0.03645735897
137 0.03645735897
138 0.03645735897
139 0.03645735897
140 0.03645735897
141 0.03645735897
142 0.03645735897
143 0.03645735897
144 0.03645735897
145 0.03645735897
146 0.03645735897
147 0.03645735897
148 0.03645735897
149 0.03645735897
150 0.03645735897
151 0.03645735897
152 0.03645735897
153 0.03645735897
154 0.03645735897
155 0.03645735897
156 0.03645735897
157 0.03645735897
158 0.03645735897
159 0.03645735897
160 0.03645735897
161 0.03645735897
162 0.03645735897
163 0.03645735897
164 0.03645735897
165 0.03645735897
166 0.03645735897
167 0.03645735897
168 0.03645735897
169 0.03645735897
170 0.03645735897
171 0.03645735897
172 0.03645735897
173 0.03645735897
174 0.03645735897
175 0.03645735897
176 0.03645735897
177 0.03645735897
178 0.03645735897
179 0.03645735897
180 0.03645735897
181 0.03645735897
182 0.03645735897
183 0.03645735898
184 0.03645735898
185 0.03645735898
186 0.03645735898
187 0.03645735898
188 0.03645735898
189 0.03645735898
190 0.03645735898
191 0.03645735898
192 0.03645735899
193 0.03645735899
194 0.03645735899
195 0.036457359
196 0.03645735901
197 0.03645735902
198 0.03645735903
199 0.03645735904
200 0.03645735906
201 0.03645735908
202 0.03645735911
203 0.03645735914
204 0.03645735919
205 0.03645735925
206 0.03645735932
207 0.0364573594
208 0.03645735951
209 0.03645735965
210 0.03645735982
211 0.03645736003
212 0.0364573603
213 0.03645736062
214 0.03645736103
215 0.03645736154
216 0.03645736217
217 0.03645736294
218 0.03645736391
219 0.0364573651
220 0.03645736656
221 0.03645736837
222 0.0364573706
223 0.03645737334
224 0.03645737672
225 0.03645738086
226 0.03645738593
227 0.03645739216
228 0.03645739978
229 0.0364574091
230 0.03645742048
231 0.03645743437
232 0.0364574513
233 0.03645747192
234 0.036457497
235 0.03645752748
236 0.03645756448
237 0.03645760935
238 0.0364576637
239 0.03645772947
240 0.03645780898
241 0.036457905
242 0.03645802082
243 0.03645816039
244 0.03645832841
245 0.03645853045
246 0.03645877315
247 0.03645906438
248 0.03645941349
249 0.03645983154
250 0.03646033161
251 0.03646092916
252 0.03646164246
253 0.03646249301
254 0.03646350616
255 0.03646471172
256 0.03646614473
257 0.0364678463
258 0.03646986462
259 0.03647225614
260 0.03647508686
261 0.0364784339
262 0.03648238727
263 0.03648705187
264 0.03649254981
265 0.03649902314
266 0.03650663682
267 0.03651558226
268 0.03652608127
269 0.0365383906
270 0.0365528071
271 0.03656967357
272 0.03658938543
273 0.03661239822
274 0.03663923619
275 0.0366705019
276 0.03670688709
277 0.03674918498
278 0.03679830408
279 0.03685528366
280 0.03692131119
281 0.03699774186
282 0.03708612036
283 0.03718820535
284 0.0373059966
285 0.03744176536
286 0.03759808806
287 0.03777788378
288 0.03798445575
289 0.03822153742
290 0.03849334324
291 0.03880462479
292 0.03916073268
293 0.03956768453
294 0.04003223978
295 0.04056198161
296 0.04116540672
297 0.0418520234
298 0.04263245853
299 0.04351857415
300 0.04452359416
301 0.04566224189
302 0.04695088901
303 0.04840771666
304 0.05005288926
305 0.05190874176
306 0.05399998096
307 0.05635390137
308 0.05900061644
309 0.06197330552
310 0.06530847712
311 0.06904624893
312 0.07323064498
313 0.07790991016
314 0.08313684248
315 0.08896914297
316 0.09546978335
317 0.1027073912
318 0.1107566525
319 0.1196987305
320 0.1296217015
321 0.140621005
322 0.1527999081
323 0.1662699836
324 0.1811515978
325 0.1975744089
326 0.215677872
327 0.2356117491
328 0.2575366207
329 0.2816243969
330 0.3080588237
331 0.3370359806
332 0.3687647668
333 0.4034673694
334 0.441379711
335 0.4827518693
336 0.5278484657
337 0.5769490142
338 0.6303482272
339 0.6883562698
340 0.751298957
341 0.8195178858
342 0.8933704968
343 0.9732300558
344 1.05948555
345 1.152541488
346 1.252817605
347 1.360748451
348 1.476782869
349 1.601383345
350 1.735025237
351 1.87819586
352 2.03139343
353 2.195125864
354 2.369909425
355 2.556267213
356 2.754727492
357 2.965821865
358 3.190083274
359 3.428043846
360 3.680232574
361 3.947172838
362 4.229379771
363 4.527357476
364 4.841596097
365 5.172568755
366 5.520728358
367 5.886504296
368 6.270299037
369 6.672484638
370 7.093399178
371 7.533343148
372 7.992575801
373 8.4713115
374 8.969716066
375 9.487903169
376 10.02593078
377 10.58379769
378 11.16144017
379 11.75872878
380 12.37546527
381 13.01137979
382 13.66612824
383 14.33928992
384 15.03036544
385 15.73877497
386 16.46385678
387 17.2048662
388 17.96097493
389 18.73127079
390 19.51475785
391 20.31035708
392 21.11690743
393 21.93316736
394 22.75781696
395 23.58946045
396 24.42662927
397 25.26778564
398 26.11132665
399 26.95558878
400 27.79885301
401 28.63935032
402 29.47526771
403 30.30475459
404 31.12592964
405 31.93688807
406 32.73570913
407 33.52046408
408 34.28922432
409 35.04006987
410 35.77109795
411 36.48043179
412 37.16622949
413 37.82669302
414 38.4600771
415 39.06469819
416 39.63894328
417 40.18127857
418 40.69025796
419 41.16453129
420 41.60285231
421 42.00408626
422 42.36721711
423 42.69135433
424 42.97573925
425 43.2197508
426 43.42291088
427 43.58488892
428 43.70550609
429 43.78473865
430 43.8227208
431 43.81974681
432 43.77627245
433 43.69291577
434 43.57045715
435 43.40983865
436 43.2121627
437 42.97869003
438 42.71083704
439 42.41017232
440 42.07841268
441 41.71741846
442 41.32918823
443 40.9158529
444 40.47966924
445 40.02301291
446 39.54837091
447 39.05833353
448 38.55558589
449 38.04289905
450 37.5231206
451 36.99916505
452 36.47400371
453 35.95065436
454 35.43217063
455 34.92163103
456 34.42212785
457 33.93675583
458 33.46860063
459 33.02072721
460 32.59616804
461 32.19791126
462 31.82888875
463 31.49196426
464 31.18992138
465 30.92545174
466 30.7011431
467 30.51946766
468 30.38277045
469 30.29325795
470 30.25298681
471 30.26385296
472 30.32758095
473 30.44571362
474 30.61960224
475 30.85039701
476 31.13903811
477 31.48624733
478 31.89252023
479 32.35811907
480 32.88306641
481 33.4671395
482 34.1098656
483 34.81051809
484 35.56811368
485 36.38141057
486 37.24890773
487 38.1688453
488 39.13920619
489 40.15771894
490 41.22186177
491 42.328868
492 43.47573277
493 44.65922106
494 45.87587717
495 47.12203539
496 48.39383212
497 49.68721924
498 50.99797882
499 52.32173897
500 53.65399095
501 54.99010737
502 56.3253614
503 57.65494696
504 58.97399974
505 60.27761894
506 61.56088969
507 62.81890588
508 64.04679342
509 65.23973366
510 66.39298687
511 67.50191571
512 68.56200838
513 69.56890134
514 70.51840161
515 71.40650819
516 72.22943268
517 72.98361892
518 73.66576137
519 74.27282226
520 74.80204722
521 75.25097948
522 75.61747226
523 75.8996995
524 76.09616472
525 76.20570796
526 76.22751074
527 76.16109903
528 76.00634425
529 75.76346211
530 75.43300956
531 75.01587968
532 74.51329465
533 73.92679678
534 73.25823783
535 72.50976649
536 71.6838143
537 70.7830801
538 69.81051298
539 68.76929415
540 67.66281755
541 66.49466964
542 65.26860834
543 63.98854134
544 62.65850398
545 61.28263682
546 59.86516308
547 58.41036609
548 56.92256697
549 55.40610259
550 53.86530409
551 52.30447601
552 50.7278761
553 49.13969615
554 47.54404366
555 45.94492472
556 44.34622799
557 42.75170998
558 41.16498155
559 39.58949589
560 38.02853781
561 36.48521446
562 34.96244748
563 33.4629666
564 31.98930462
565 30.54379378
566 29.1285635
567 27.74553938
568 26.39644355
569 25.08279611
570 23.80591773
571 22.56693335
572 21.36677676
573 20.20619617
574 19.08576049
575 18.00586642
576 16.96674607
577 15.96847519
578 15.01098183
579 14.09405535
580 13.2173557
581 12.38042295
582 11.58268686
583 10.82347653
584 10.10203005
585 9.417504003
586 8.768982827
587 8.155487997
588 7.575986911
589 7.02940149
590 6.514616428
591 6.030487069
592 5.575846882
593 5.1495145
594 4.750300329
595 4.377012688
596 4.028463498
597 3.703473488
598 3.400876952
599 3.119526031
600 2.85829455
601 2.6160814
602 2.391813507
603 2.18444837
604 1.992976216
605 1.81642177
606 1.653845677
607 1.50434558
608 1.367056898
609 1.241153311
610 1.125846976
611 1.020388508
612 0.9240667427
613 0.8362082938
614 0.7561769489
615 0.6833729032
616 0.6172318654
617 0.5572240481
618 0.502853065
619 0.4536547499
620 0.4091959144
621 0.3690730592
622 0.3329110524
623 0.3003617878
624 0.2711028344
625 0.2448360869
626 0.2212864266
627 0.2002004013
628 0.1813449292
629 0.1645060359
630 0.1494876259
631 0.1361102959
632 0.1242101914
633 0.11363791
634 0.1042574533
635 0.09594522806
636 0.08858909862
637 0.08208748981
638 0.07634854064
639 0.07128930826
640 0.06683502116
641 0.06291838062
642 0.05947890886
643 0.05646234256
644 0.05382006976
645 0.05150860842
646 0.04948912477
647 0.04772698929
648 0.04619136843
649 0.04485485
650 0.04369310014
651 0.04268455
652 0.04181011001
653 0.04105290998
654 0.04039806308
655 0.03983245205
656 0.03934453572
657 0.03892417453
658 0.03856247325
659 0.03825163959
660 0.0379848573
661 0.03775617253
662 0.03756039214
663 0.03739299303
664 0.03725004127
665 0.03712812026
666 0.03702426688
667 0.03693591492
668 0.03686084511
669 0.03679714085
670 0.03674314928
671 0.03669744698
672 0.03665880983
673 0.03662618659
674 0.03659867568
675 0.03657550504
676 0.03655601433
677 0.03653963964
678 0.0365259
679 0.03651438578
680 0.0365047486
681 0.03649669252
682 0.03648996656
683 0.03648435812
684 0.03647968734
685 0.03647580231
686 0.03647257488
687 0.03646989708
688 0.03646767807
689 0.03646584153
690 0.03646432344
691 0.03646307014
692 0.03646203673
693 0.03646118568
694 0.0364604857
695 0.03645991067
696 0.03645943888
697 0.03645905228
698 0.03645873587
699 0.03645847724
700 0.03645826609
701 0.03645809392
702 0.03645795371
703 0.03645783967
704 0.03645774703
705 0.03645767186
706 0.03645761095
707 0.03645756165
708 0.0364575218
709 0.03645748963
710 0.03645746369
711 0.0364574428
712 0.03645742599
713 0.03645741249
714 0.03645740166
715 0.03645739298
716 0.03645738603
717 0.03645738047
718 0.03645737604
719 0.0364573725
720 0.03645736969
721 0.03645736745
722 0.03645736567
723 0.03645736425
724 0.03645736313
725 0.03645736225
726 0.03645736155
727 0.036457361
728 0.03645736056
729 0.03645736022
730 0.03645735995
731 0.03645735973
732 0.03645735957
733 0.03645735944
734 0.03645735933
735 0.03645735925
736 0.03645735919
737 0.03645735914
738 0.0364573591
739 0.03645735907
740 0.03645735905
741 0.03645735903
742 0.03645735902
743 0.03645735901
744 0.036457359
745 0.03645735899
746 0.03645735899
747 0.03645735899
748 0.03645735898
749 0.03645735898
750 0.03645735898
751 0.03645735898
752 0.03645735898
753 0.03645735898
754 0.03645735898
755 0.03645735898
756 0.03645735897
757 0.03645735897
758 0.03645735897
759 0.03645735897
760 0.03645735897
761 0.03645735897
762 0.03645735897
763 0.03645735897
764 0.03645735897
765 0.03645735897
766 0.03645735897
767 0.03645735897
768 0.03645735897
769 0.03645735897
770 0.03645735897
771 0.03645735897
772 0.03645735897
773 0.03645735897
774 0.03645735897
775 0.03645735897
776 0.03645735897
777 0.03645735897
778 0.03645735897
779 0.03645735897
780 0.03645735897
781 0.03645735897
782 0.03645735897
783 0.03645735897
784 0.03645735897
785 0.03645735897
786 0.03645735897
787 0.03645735897
788 0.03645735897
789 0.03645735897
790 0.03645735897
791 0.03645735897
792 0.03645735897
793 0.03645735897
794 0.03645735897
795 0.03645735897
796 0.03645735897
797 0.03645735897
798 0.03645735897
799 0.03645735897
800 0.03645735897
801 0.03645735897
802 0.03645735897
803 0.03645735897
804 0.03645735897
805 0.03645735897
806 0.03645735897
807 0.03645735897
808 0.03645735897
809 0.03645735897
810 0.03645735897
811 0.03645735897
812 0.03645735897
813 0.03645735897
814 0.03645735897
815 0.03645735897
816 0.03645735897
817 0.03645735897
818 0.03645735897
819 0.03645735897
820 0.03645735897
821 0.03645735897
822 0.03645735897
823 0.03645735897
824 0.03645735897
825 0.03645735897
826 0.03645735897
827 0.03645735897
828 0.03645735897
829 0.03645735897
830 0.03645735897
831 0.03645735897
832 0.03645735897
833 0.03645735897
834 0.03645735897
835 0.03645735897
836 0.03645735897
837 0.03645735897
838 0.03645735897
839 0.03645735897
840 0.03645735897
841 0.03645735897
842 0.03645735897
843 0.03645735897
844 0.03645735897
845 0.03645735897
846 0.03645735897
847 0.03645735897
848 0.03645735897
849 0.03645735897
850 0.03645735897
851 0.03645735897
852 0.03645735897
853 0.03645735897
854 0.03645735897
855 0.03645735897
856 0.03645735897
857 0.03645735897
858 0.03645735897
859 0.03645735897
860 0.03645735897
861 0.03645735897
862 0.03645735897
863 0.03645735897
864 0.03645735897
865 0.03645735897
866 0.03645735897
867 0.03645735897
868 0.03645735897
869 0.03645735897
870 0.03645735897
871 0.03645735897
872 0.03645735897
873 0.03645735897
874 0.03645735897
875 0.03645735897
876 0.03645735897
877 0.03645735897
878 0.03645735897
879 0.03645735897
880 0.03645735897
881 0.03645735897
882 0.03645735897
883 0.03645735897
884 0.03645735897
885 0.03645735897
886 0.03645735897
887 0.03645735897
888 0.03645735897
889 0.03645735897
890 0.03645735897
891 0.03645735897
892 0.03645735897
893 0.03645735897
894 0.03645735897
895 0.03645735897
896 0.03645735897
897 0.03645735897
898 0.03645735897
899 0.03645735897
900 0.03645735897
901 0.03645735897
902 0.03645735897
903 0.03645735897
904 0.03645735897
905 0.03645735897
906 0.03645735897
907 0.03645735897
908 0.03645735897
909 0.03645735897
910 0.03645735897
911 0.03645735897
912 0.03645735897
913 0.03645735897
914 0.03645735897
915 0.03645735897
916 0.03645735897
917 0.03645735897
918 0.03645735897
919 0.03645735897
920 0.03645735897
921 0.03645735897
922 0.03645735897
923 0.03645735897
924 0.03645735897
925 0.03645735897
926 0.03645735897
927 0.03645735897
928 0.03645735897
929 0.03645735897
930 0.03645735897
931 0.03645735897
932 0.03645735897
933 0.03645735897
934 0.03645735897
935 0.03645735897
936 0.03645735897
937 0.03645735897
938 0.03645735897
939 0.03645735897
940 0.03645735897
941 0.03645735897
942 0.03645735897
943 0.03645735897
944 0.03645735897
945 0.03645735897
946 0.03645735897
947 0.03645735897
948 0.03645735897
949 0.03645735897
950 0.03645735897
951 0.03645735897
952 0.03645735897
953 0.03645735897
954 0.03645735897
955 0.03645735897
956 0.03645735897
957 0.03645735897
958 0.03645735897
959 0.03645735897
960 0.03645735897
961 0.03645735897
962 0.03645735897
963 0.03645735897
964 0.03645735897
965 0.03645735897
966 0.03645735897
967 0.03645735897
968 0.03645735897
969 0.03645735897
970 0.03645735897
971 0.03645735897
972 0.03645735897
973 0.03645735897
974 0.03645735897
975 0.03645735897
976 0.03645735897
977 0.03645735897
978 0.03645735897
979 0.03645735897
980 0.03645735897
981 0.03645735897
982 0.03645735897
983 0.03645735897
984 0.03645735897
985 0.03645735897
986 0.03645735897
987 0.03645735897
988 0.03645735897
989 0.03645735897
990 0.03645735897
991 0.03645735897
992 0.03645735897
993 0.03645735897
994 0.03645735897
995 0.03645735897
996 0.03645735897
997 0.03645735897
998 0.03645735897
999 0.03645735897
1000 0.03645735897
1001 0.03645735897
1002 0.03645735897
1003 0.03645735897
1004 0.03645735897
1005 0.03645735897
1006 0.03645735897
1007 0.03645735897
1008 0.03645735897
1009 0.03645735897
1010 0.03645735897
1011 0.03645735897
1012 0.03645735897
1013 0.03645735897
1014 0.03645735897
1015 0.03645735897
1016 0.03645735897
1017 0.03645735897
1018 0.03645735897
1019 0.03645735897
1020 0.03645735897
1021 0.03645735897
1022 0.03645735897
1023 0.03645735897
