#55117 2910.0013343843452134 0.0045704553186177668961 1 1301 16.000049430220818044 1024 7 1 J1713+0747 0.0000000 
0 -0.1721846202
1 -0.1721846202
2 -0.1721846202
3 -0.1721846202
4 -0.1721846202
5 -0.1721846202
6 -0.1721846202
7 -0.1721846202
8 -0.1721846202
9 -0.1721846202
10 -0.1721846202
11 -0.1721846202
12 -0.1721846202
13 -0.1721846202
14 -0.1721846202
15 -0.1721846202
16 -0.1721846202
17 -0.1721846202
18 -0.1721846202
19 -0.1721846202
20 -0.1721846202
21 -0.1721846202
22 -0.1721846202
23 -0.1721846202
24 -0.1721846202
25 -0.1721846202
26 -0.1721846202
27 -0.1721846202
28 -0.1721846202
29 -0.1721846202
30 -0.1721846202
31 -0.1721846202
32 -0.1721846202
33 -0.1721846202
34 -0.1721846202
35 -0.1721846202
36 -0.1721846202
37 -0.1721846202
38 -0.1721846202
39 -0.1721846202
40 -0.1721846202
41 -0.1721846202
42 -0.1721846202
43 -0.1721846202
44 -0.1721846202
45 -0.1721846202
46 -0.1721846202
47 -0.1721846202
48 -0.1721846202
49 -0.1721846202
50 -0.1721846202
51 -0.1721846202
52 -0.1721846202
53 -0.1721846202
54 -0.1721846202
55 -0.1721846202
56 -0.1721846202
57 -0.1721846202
58 -0.1721846202
59 -0.1721846202
60 -0.1721846202
61 -0.1721846202
62 -0.1721846202
63 -0.1721846202
64 -0.1721846202
65 -0.1721846202
66 -0.1721846202
67 -0.1721846202
68 -0.1721846202
69 -0.1721846202
70 -0.1721846202
71 -0.1721846202
72 -0.1721846202
73 -0.1721846202
74 -0.1721846202
75 -0.1721846202
76 -0.1721846202
77 -0.1721846202
78 -0.1721846202
79 -0.1721846202
80 -0.1721846202
81 -0.1721846202
82 -0.1721846202
83 -0.1721846202
84 -0.1721846202
85 -0.1721846202
86 -0.1721846202
87 -0.1721846202
88 -0.1721846202
89 -0.1721846202
90 -0.1721846202
91 -0.1721846202
92 -0.1721846202
93 -0.1721846202
94 -0.1721846202
95 -0.1721846202
96 -0.1721846202
97 -0.1721846202
98 -0.1721846202
99 -0.1721846202
100 -0.1721846202
101 -0.1721846202
102 -0.1721846202
103 -0.1721846202
104 -0.1721846202
105 -0.1721846202
106 -0.1721846202
107 -0.1721846202
108 -0.1721846202
109 -0.1721846202
110 -0.1721846202
111 -0.1721846202
112 -0.1721846202
113 -0.1721846202
114 -0.1721846202
115 -0.1721846202
116 -0.1721846202
117 -0.1721846202
118 -0.1721846202
119 -0.1721846202
120 -0.1721846202
121 -0.1721846202
122 -0.1721846202
123 -0.1721846202
124 -0.1721846202
125 -0.1721846202
126 -0.1721846202
127 -0.1721846202
128 -0.1721846202
129 -0.1721846202
130 -0.1721846202
131 -0.1721846202
132 -0.1721846202
133 -0.1721846202
134 -0.1721846202
135 -0.1721846202
136 -0.1721846202
137 -0.1721846202
138 -0.1721846202
139 -0.1721846202
140 -0.1721846202
141 -0.1721846202
142 -0.1721846202
143 -0.1721846202
144 -0.1721846202
145 -0.1721846202
146 -0.1721846202
147 -0.1721846202
148 -0.1721846202
149 -0.1721846202
150 -0.1721846202
151 -0.1721846202
152 -0.1721846202
153 -0.1721846202
154 -0.1721846202
155 -0.1721846202
156 -0.1721846202
157 -0.1721846202
158 -0.1721846202
159 -0.1721846202
160 -0.1721846202
161 -0.1721846202
162 -0.1721846202
163 -0.1721846202
164 -0.1721846202
165 -0.1721846202
166 -0.1721846202
167 -0.1721846202
168 -0.1721846202
169 -0.1721846202
170 -0.1721846202
171 -0.1721846202
172 -0.1721846202
173 -0.1721846202
174 -0.1721846202
175 -0.1721846202
176 -0.1721846202
177 -0.1721846202
178 -0.1721846202
179 -0.1721846202
180 -0.1721846202
181 -0.1721846202
182 -0.1721846202
183 -0.1721846202
184 -0.1721846202
185 -0.1721846202
186 -0.1721846202
187 -0.1721846202
188 -0.1721846202
189 -0.1721846202
190 -0.1721846202
191 -0.1721846202
192 -0.1721846202
193 -0.1721846202
194 -0.1721846202
195 -0.1721846202
196 -0.1721846202
197 -0.1721846202
198 -0.1721846202
199 -0.1721846202
200 -0.1721846202
201 -0.1721846202
202 -0.1721846202
203 -0.1721846202
204 -0.1721846202
205 -0.1721846202
206 -0.1721846202
207 -0.1721846202
208 -0.1721846202
209 -0.1721846202
210 -0.1721846202
211 -0.1721846202
212 -0.1721846202
213 -0.1721846202
214 -0.1721846202
215 -0.1721846202
216 -0.1721846202
217 -0.1721846202
218 -0.1721846202
219 -0.1721846202
220 -0.1721846202
221 -0.1721846202
222 -0.1721846202
223 -0.1721846202
224 -0.1721846202
225 -0.1721846202
226 -0.1721846202
227 -0.1721846202
228 -0.1721846202
229 -0.1721846202
230 -0.1721846202
231 -0.1721846202
232 -0.1721846202
233 -0.1721846202
234 -0.1721846202
235 -0.1721846202
236 -0.1721846202
237 -0.1721846202
238 -0.1721846202
239 -0.1721846202
240 -0.1721846202
241 -0.1721846202
242 -0.1721846202
243 -0.1721846202
244 -0.1721846202
245 -0.1721846202
246 -0.1721846202
247 -0.1721846202
248 -0.1721846202
249 -0.1721846202
250 -0.1721846202
251 -0.1721846202
252 -0.1721846202
253 -0.1721846202
254 -0.1721846202
255 -0.1721846202
256 -0.1721846202
257 -0.1721846202
258 -0.1721846202
259 -0.1721846202
260 -0.1721846202
261 -0.1721846202
262 -0.1721846202
263 -0.1721846202
264 -0.1721846202
265 -0.1721846202
266 -0.1721846202
267 -0.1721846202
268 -0.1721846202
269 -0.1721846202
270 -0.1721846202
271 -0.1721846202
272 -0.1721846202
273 -0.1721846202
274 -0.1721846202
275 -0.1721846202
276 -0.1721846202
277 -0.1721846202
278 -0.1721846202
279 -0.1721846202
280 -0.1721846202
281 -0.1721846202
282 -0.1721846202
283 -0.1721846202
284 -0.1721846202
285 -0.1721846202
286 -0.1721846202
287 -0.1721846202
288 -0.1721846202
289 -0.1721846202
290 -0.1721846202
291 -0.1721846202
292 -0.1721846202
293 -0.1721846202
294 -0.1721846202
295 -0.1721846202
296 -0.1721846202
297 -0.1721846202
298 -0.1721846202
299 -0.1721846202
300 -0.1721846202
301 -0.1721846202
302 -0.1721846202
303 -0.1721846202
304 -0.1721846202
305 -0.1721846202
306 -0.1721846202
307 -0.1721846202
308 -0.1721846202
309 -0.1721846202
310 -0.1721846202
311 -0.1721846202
312 -0.1721846202
313 -0.1721846202
314 -0.1721846202
315 -0.1721846202
316 -0.1721846202
317 -0.1721846202
318 -0.1721846202
319 -0.1721846202
320 -0.1721846202
321 -0.1721846202
322 -0.1721846202
323 -0.1721846202
324 -0.1721846202
325 -0.1721846202
326 -0.1721846202
327 -0.1721846202
328 -0.1721846202
329 -0.1721846202
330 -0.1721846202
331 -0.1721846202
332 -0.1721846202
333 -0.1721846202
334 -0.1721846202
335 -0.1721846202
336 -0.1721846202
337 -0.1721846202
338 -0.1721846202
339 -0.1721846202
340 -0.1721846202
341 -0.1721846202
342 -0.1721846202
343 -0.1721846202
344 -0.1721846202
345 -0.1721846202
346 -0.1721846202
347 -0.1721846202
348 -0.1721846202
349 -0.1721846202
350 -0.1721846202
351 -0.1721846202
352 -0.1721846202
353 -0.1721846202
354 -0.1721846202
355 -0.1721846202
356 -0.1721846202
357 -0.1721846202
358 -0.1721846202
359 -0.1721846202
360 -0.1721846202
361 -0.1721846202
362 -0.1721846202
363 -0.1721846202
364 -0.1721846202
365 -0.1721846202
366 -0.1721846202
367 -0.1721846202
368 -0.1721846202
369 -0.1721846202
370 -0.1721846202
371 -0.1721846202
372 -0.1721846202
373 -0.1721846202
374 -0.1721846202
375 -0.1721846202
376 -0.1721846202
377 -0.1721846202
378 -0.1721846202
379 -0.1721846202
380 -0.1721846202
381 -0.1721846202
382 -0.1721846202
383 -0.1721846202
384 -0.1721846201
385 -0.1721846201
386 -0.1721846201
387 -0.17218462
388 -0.17218462
389 -0.1721846199
390 -0.1721846199
391 -0.1721846198
392 -0.1721846196
393 -0.1721846195
394 -0.1721846193
395 -0.1721846191
396 -0.1721846188
397 -0.1721846185
398 -0.172184618
399 -0.1721846175
400 -0.1721846168
401 -0.172184616
402 -0.172184615
403 -0.1721846137
404 -0.1721846121
405 -0.1721846102
406 -0.1721846078
407 -0.1721846049
408 -0.1721846013
409 -0.1721845969
410 -0.1721845915
411 -0.1721845848
412 -0.1721845767
413 -0.1721845667
414 -0.1721845546
415 -0.1721845397
416 -0.1721845216
417 -0.1721844996
418 -0.1721844727
419 -0.1721844401
420 -0.1721844006
421 -0.1721843525
422 -0.1721842944
423 -0.172184224
424 -0.1721841388
425 -0.172184036
426 -0.1721839119
427 -0.1721837624
428 -0.1721835823
429 -0.1721833657
430 -0.1721831055
431 -0.1721827932
432 -0.1721824188
433 -0.1721819703
434 -0.1721814337
435 -0.1721807923
436 -0.1721800266
437 -0.1721791133
438 -0.1721780253
439 -0.1721767303
440 -0.1721751906
441 -0.1721733621
442 -0.1721711926
443 -0.1721686215
444 -0.1721655776
445 -0.1721619777
446 -0.1721577248
447 -0.1721527057
448 -0.1721467886
449 -0.1721398204
450 -0.1721316228
451 -0.1721219893
452 -0.1721106804
453 -0.1720974187
454 -0.1720818834
455 -0.1720637042
456 -0.1720424537
457 -0.1720176392
458 -0.1719886939
459 -0.1719549661
460 -0.1719157073
461 -0.171870059
462 -0.171817038
463 -0.1717555189
464 -0.1716842157
465 -0.1716016606
466 -0.1715061799
467 -0.1713958676
468 -0.171268556
469 -0.1711217824
470 -0.1709527526
471 -0.1707583001
472 -0.1705348406
473 -0.1702783221
474 -0.1699841695
475 -0.1696472232
476 -0.1692616717
477 -0.1688209775
478 -0.1683177953
479 -0.1677438827
480 -0.1670900019
481 -0.1663458127
482 -0.1654997556
483 -0.1645389242
484 -0.1634489266
485 -0.1622137351
486 -0.160815523
487 -0.159234488
488 -0.1574486621
489 -0.1554337062
490 -0.1531626897
491 -0.1506058532
492 -0.1477303552
493 -0.1445000009
494 -0.1408749531
495 -0.1368114245
496 -0.132261351
497 -0.1271720459
498 -0.1214858345
499 -0.1151396684
500 -0.1080647211
501 -0.1001859632
502 -0.0914217184
503 -0.08168320163
504 -0.07087403787
505 -0.05888976471
506 -0.04561731863
507 -0.03093450675
508 -0.01470946583
509 0.003199889624
510 0.02294642777
511 0.04469436568
512 0.0686198384
513 0.09491146766
514 0.1237709262
515 0.1554134939
516 0.1900686008
517 0.2279803531
518 0.2694080349
519 0.3146265827
520 0.3639270241
521 0.4176168757
522 0.4760204933
523 0.5394793667
524 0.6083523522
525 0.6830158351
526 0.7638638138
527 0.8513078988
528 0.9457772156
529 1.047718207
530 1.157594323
531 1.275885593
532 1.403088068
533 1.53971313
534 1.686286661
535 1.843348053
536 2.011449074
537 2.191152559
538 2.383030943
539 2.587664613
540 2.805640087
541 3.037548018
542 3.283981007
543 3.545531243
544 3.82278796
545 4.116334716
546 4.4267465
547 4.754586662
548 5.100403697
549 5.464727857
550 5.848067639
551 6.250906128
552 6.673697237
553 7.116861837
554 7.580783811
555 8.065806049
556 8.572226389
557 9.100293562
558 9.650203119
559 10.22209341
560 10.81604164
561 11.43205993
562 12.07009163
563 12.7300077
564 13.41160323
565 14.1145943
566 14.83861498
567 15.58321464
568 16.34785558
569 17.13191099
570 17.93466329
571 18.75530282
572 19.59292707
573 20.44654022
574 21.31505326
575 22.19728458
576 23.09196105
577 23.99771967
578 24.91310972
579 25.83659554
580 26.76655976
581 27.70130722
582 28.63906934
583 29.57800911
584 30.51622659
585 31.45176499
586 32.3826172
587 33.30673286
588 34.22202589
589 35.1263824
590 36.0176691
591 36.89374199
592 37.7524554
593 38.59167135
594 39.40926902
595 40.20315459
596 40.97127102
597 41.71160805
598 42.42221212
599 43.10119633
600 43.74675028
601 44.35714974
602 44.93076615
603 45.46607584
604 45.96166895
605 46.41625797
606 46.82868583
607 47.19793361
608 47.52312764
609 47.80354608
610 48.03862489
611 48.22796322
612 48.37132802
613 48.46865809
614 48.52006729
615 48.52584708
616 48.4864683
617 48.40258212
618 48.27502033
619 48.10479473
620 47.89309581
621 47.64129069
622 47.3509202
623 47.02369529
624 46.66149273
625 46.26634995
626 45.8404594
627 45.38616205
628 44.90594036
629 44.40241059
630 43.87831457
631 43.33651083
632 42.77996531
633 42.2117415
634 41.63499019
635 41.05293872
636 40.46887992
637 39.88616062
638 39.30816988
639 38.73832693
640 38.18006881
641 37.63683781
642 37.11206872
643 36.6091759
644 36.13154021
645 35.68249585
646 35.26531713
647 34.8832052
648 34.53927476
649 34.23654086
650 33.97790566
651 33.76614541
652 33.60389751
653 33.49364774
654 33.43771777
655 33.43825294
656 33.49721031
657 33.61634712
658 33.79720972
659 34.04112291
660 34.34917986
661 34.72223267
662 35.16088353
663 35.66547667
664 36.23609109
665 36.87253416
666 37.57433616
667 38.34074582
668 39.17072694
669 40.06295612
670 41.01582174
671 42.02742411
672 43.095577
673 44.21781054
674 45.39137544
675 46.61324871
676 47.88014087
677 49.18850458
678 50.53454478
679 51.9142304
680 53.32330745
681 54.75731364
682 56.21159443
683 57.68132041
684 59.16150607
685 60.6470298
686 62.13265502
687 63.61305243
688 65.08282323
689 66.53652314
690 67.96868717
691 69.37385497
692 70.74659659
693 72.0815385
694 73.37338973
695 74.61696797
696 75.80722539
697 76.93927405
698 78.00841078
699 79.01014121
700 79.94020294
701 80.79458755
702 81.56956139
703 82.26168488
704 82.86783033
705 83.38519795
706 83.81133015
707 84.14412379
708 84.38184043
709 84.52311457
710 84.56695954
711 84.51277126
712 84.36032982
713 84.10979863
714 83.7617215
715 83.31701737
716 82.77697289
717 82.14323297
718 81.41778916
719 80.6029662
720 79.70140668
721 78.71605403
722 77.65013397
723 76.50713445
724 75.29078446
725 74.00503166
726 72.65401914
727 71.24206147
728 69.77362012
729 68.25327861
730 66.6857174
731 65.07568882
732 63.42799216
733 61.74744915
734 60.03887982
735 58.30707923
736 56.55679483
737 54.79270487
738 53.01939788
739 51.24135329
740 49.46292343
741 47.68831675
742 45.92158268
743 44.16659781
744 42.42705373
745 40.70644638
746 39.00806703
747 37.33499479
748 35.69009076
749 34.07599367
750 32.49511705
751 30.94964791
752 29.44154673
753 27.9725489
754 26.54416734
755 25.15769638
756 23.81421664
757 22.51460104
758 21.25952165
759 20.04945733
760 18.88470218
761 17.76537451
762 16.69142642
763 15.6626537
764 14.67870616
765 13.73909812
766 12.8432191
767 11.99034453
768 11.17964646
769 10.41020419
770 9.681014714
771 8.991002996
772 8.339031885
773 7.723911774
774 7.144409846
775 6.599258927
776 6.087165883
777 5.606819552
778 5.156898194
779 4.736076417
780 4.34303161
781 3.976449844
782 3.635031253
783 3.317494912
784 3.02258319
785 2.749065627
786 2.495742312
787 2.261446811
788 2.045048638
789 1.845455318
790 1.661614033
791 1.492512905
792 1.33718192
793 1.194693531
794 1.064162961
795 0.9447482277
796 0.835649924
797 0.7361107767
798 0.6454150026
799 0.5628874932
800 0.4878928458
801 0.4198342657
802 0.3581523583
803 0.3023238319
804 0.251860128
805 0.2063059976
806 0.165238037
807 0.1282631995
808 0.09501729391
809 0.06516348309
810 0.03839079145
811 0.01441263165
812 -0.007034642205
813 -0.02619314776
814 -0.04328484822
815 -0.05851288202
816 -0.07206284431
817 -0.08410401727
818 -0.09479054687
819 -0.1042625645
820 -0.1126472525
821 -0.120059853
822 -0.1266046204
823 -0.1323757182
824 -0.1374580597
825 -0.1419280961
826 -0.1458545518
827 -0.1492991083
828 -0.1523170404
829 -0.1549578052
830 -0.1572655861
831 -0.1592797954
832 -0.1610355357
833 -0.1625640238
834 -0.1638929795
835 -0.1650469802
836 -0.1660477844
837 -0.1669146271
838 -0.1676644864
839 -0.1683123271
840 -0.1688713196
841 -0.1693530382
842 -0.1697676397
843 -0.1701240243
844 -0.1704299794
845 -0.1706923094
846 -0.1709169507
847 -0.1711090754
848 -0.1712731832
849 -0.1714131832
850 -0.1715324665
851 -0.1716339708
852 -0.1717202374
853 -0.1717934618
854 -0.1718555376
855 -0.1719080961
856 -0.1719525408
857 -0.171990077
858 -0.172021739
859 -0.1720484125
860 -0.1720708553
861 -0.172089715
862 -0.1721055436
863 -0.1721188118
864 -0.1721299198
865 -0.1721392077
866 -0.172146964
867 -0.1721534333
868 -0.1721588223
869 -0.1721633059
870 -0.1721670315
871 -0.1721701233
872 -0.1721726861
873 -0.1721748077
874 -0.1721765619
875 -0.1721780104
876 -0.1721792051
877 -0.1721801893
878 -0.1721809989
879 -0.1721816642
880 -0.1721822101
881 -0.1721826576
882 -0.172183024
883 -0.1721833235
884 -0.1721835681
885 -0.1721837676
886 -0.1721839301
887 -0.1721840623
888 -0.1721841697
889 -0.1721842569
890 -0.1721843275
891 -0.1721843847
892 -0.172184431
893 -0.1721844683
894 -0.1721844985
895 -0.1721845227
896 -0.1721845423
897 -0.172184558
898 -0.1721845705
899 -0.1721845806
900 -0.1721845887
901 -0.1721845952
902 -0.1721846003
903 -0.1721846045
904 -0.1721846077
905 -0.1721846103
906 -0.1721846124
907 -0.1721846141
908 -0.1721846154
909 -0.1721846164
910 -0.1721846172
911 -0.1721846179
912 -0.1721846184
913 -0.1721846188
914 -0.1721846191
915 -0.1721846193
916 -0.1721846195
917 -0.1721846197
918 -0.1721846198
919 -0.1721846199
920 -0.17218462
921 -0.17218462
922 -0.1721846201
923 -0.1721846201
924 -0.1721846201
925 -0.1721846202
926 -0.1721846202
927 -0.1721846202
928 -0.1721846202
929 -0.1721846202
930 -0.1721846202
931 -0.1721846202
932 -0.1721846202
933 -0.1721846202
934 -0.1721846202
935 -0.1721846202
936 -0.1721846202
937 -0.1721846202
938 -0.1721846202
939 -0.1721846202
940 -0.1721846202
941 -0.1721846202
942 -0.1721846202
943 -0.1721846202
944 -0.1721846202
945 -0.1721846202
946 -0.1721846202
947 -0.1721846202
948 -0.1721846202
949 -0.1721846202
950 -0.1721846202
951 -0.1721846202
952 -0.1721846202
953 -0.1721846202
954 -0.1721846202
955 -0.1721846202
956 -0.1721846202
957 -0.1721846202
958 -0.1721846202
959 -0.1721846202
960 -0.1721846202
961 -0.1721846202
962 -0.1721846202
963 -0.1721846202
964 -0.1721846202
965 -0.1721846202
966 -0.1721846202
967 -0.1721846202
968 -0.1721846202
969 -0.1721846202
970 -0.1721846202
971 -0.1721846202
972 -0.1721846202
973 -0.1721846202
974 -0.1721846202
975 -0.1721846202
976 -0.1721846202
977 -0.1721846202
978 -0.1721846202
979 -0.1721846202
980 -0.1721846202
981 -0.1721846202
982 -0.1721846202
983 -0.1721846202
984 -0.1721846202
985 -0.1721846202
986 -0.1721846202
987 -0.1721846202
988 -0.1721846202
989 -0.1721846202
990 -0.1721846202
991 -0.1721846202
992 -0.1721846202
993 -0.1721846202
994 -0.1721846202
995 -0.1721846202
996 -0.1721846202
997 -0.1721846202
998 -0.1721846202
999 -0.1721846202
1000 -0.1721846202
1001 -0.1721846202
1002 -0.1721846202
1003 -0.1721846202
1004 -0.1721846202
1005 -0.1721846202
1006 -0.1721846202
1007 -0.1721846202
1008 -0.1721846202
1009 -0.1721846202
1010 -0.1721846202
1011 -0.1721846202
1012 -0.1721846202
1013 -0.1721846202
1014 -0.1721846202
1015 -0.1721846202
1016 -0.1721846202
1017 -0.1721846202
1018 -0.1721846202
1019 -0.1721846202
1020 -0.1721846202
1021 -0.1721846202
1022 -0.1721846202
1023 -0.1721846202
