#55183 2910.0010249136436913 0.0045700683769987881372 1 1413 16.000049430220818044 1024 7 1 J1713+0747 0.0000000 
0 0.06412590518
1 0.06530727077
2 0.06664390256
3 0.0681545694
4 0.06986008079
5 0.07178347873
6 0.07395024376
7 0.07638851595
8 0.07912933138
9 0.08220687458
10 0.08565874752
11 0.08952625556
12 0.09385471067
13 0.09869375226
14 0.1040976858
15 0.1101258394
16 0.1168429376
17 0.124319494
18 0.1326322194
19 0.1418644483
20 0.1521065803
21 0.1634565371
22 0.1760202329
23 0.1899120578
24 0.2052553718
25 0.2221830078
26 0.2408377807
27 0.2613730017
28 0.2839529928
29 0.3087536002
30 0.3359627012
31 0.3657807034
32 0.3984210286
33 0.4341105799
34 0.4730901847
35 0.5156150103
36 0.5619549447
37 0.6123949379
38 0.667235297
39 0.7267919283
40 0.7913965201
41 0.8613966587
42 0.9371558705
43 1.019053583
44 1.107484999
45 1.202860868
46 1.305607165
47 1.416164646
48 1.534988297
49 1.662546645
50 1.799320949
51 1.945804243
52 2.102500244
53 2.269922099
54 2.448590988
55 2.639034564
56 2.841785236
57 3.057378279
58 3.286349798
59 3.529234506
60 3.78656336
61 4.058861027
62 4.346643192
63 4.650413726
64 4.970661699
65 5.307858275
66 5.662453462
67 6.034872771
68 6.425513765
69 6.834742523
70 7.26289005
71 7.710248626
72 8.177068134
73 8.663552383
74 9.169855448
75 9.696078043
76 10.24226397
77 10.80839668
78 11.39439587
79 12.00011438
80 12.62533511
81 13.26976824
82 13.93304865
83 14.61473362
84 15.31430079
85 16.03114651
86 16.76458443
87 17.51384457
88 18.27807271
89 19.05633025
90 19.84759447
91 20.65075928
92 21.46463642
93 22.28795716
94 23.11937449
95 23.95746584
96 24.80073626
97 25.64762213
98 26.49649541
99 27.34566835
100 28.19339869
101 29.03789532
102 29.87732448
103 30.70981626
104 31.53347165
105 32.34636983
106 33.14657594
107 33.93214908
108 34.70115059
109 35.45165262
110 36.18174681
111 36.88955318
112 37.57322908
113 38.23097821
114 38.86105961
115 39.4617966
116 40.03158568
117 40.56890515
118 41.07232362
119 41.54050825
120 41.97223265
121 42.36638443
122 42.72197237
123 43.03813313
124 43.31413751
125 43.54939612
126 43.74346456
127 43.896048
128 44.00700509
129 44.07635129
130 44.10426154
131 44.0910722
132 44.03728237
133 43.94355445
134 43.81071403
135 43.6397491
136 43.43180848
137 43.18819968
138 42.91038594
139 42.59998268
140 42.25875332
141 41.88860435
142 41.49157992
143 41.06985571
144 40.62573233
145 40.16162813
146 39.68007147
147 39.18369257
148 38.67521483
149 38.15744576
150 37.63326752
151 37.10562706
152 36.5775259
153 36.05200969
154 35.53215739
155 35.02107024
156 34.52186053
157 34.03764013
158 33.57150888
159 33.12654284
160 32.70578244
161 32.31222053
162 31.94879041
163 31.6183538
164 31.32368885
165 31.0674782
166 30.85229706
167 30.68060149
168 30.55471675
169 30.47682588
170 30.44895844
171 30.47297964
172 30.55057965
173 30.68326336
174 30.87234052
175 31.11891634
176 31.4238826
177 31.78790939
178 32.21143738
179 32.69467089
180 33.23757163
181 33.83985332
182 34.5009771
183 35.22014799
184 35.99631221
185 36.82815569
186 37.71410357
187 38.65232092
188 39.64071466
189 40.67693671
190 41.75838846
191 42.88222646
192 44.0453696
193 45.24450749
194 46.47611026
195 47.73643974
196 49.02156192
197 50.32736074
198 51.64955317
199 52.9837055
200 54.32525084
201 55.66950763
202 57.01169926
203 58.34697462
204 59.67042939
205 60.97712811
206 62.26212685
207 63.52049628
208 64.74734514
209 65.93784383
210 67.08724803
211 68.19092224
212 69.24436298
213 70.24322157
214 71.18332631
215 72.0607039
216 72.87159991
217 73.61249825
218 74.28013935
219 74.87153706
220 75.38399402
221 75.81511547
222 76.16282138
223 76.42535669
224 76.60129982
225 76.68956912
226 76.68942737
227 76.60048429
228 76.42269699
229 76.15636835
230 75.80214338
231 75.36100366
232 74.83425973
233 74.22354166
234 73.53078779
235 72.75823181
236 71.90838815
237 70.98403598
238 69.98820177
239 68.92414071
240 67.79531702
241 66.60538336
242 65.35815948
243 64.05761028
244 62.70782347
245 61.31298696
246 59.87736614
247 58.40528125
248 56.90108498
249 55.36914045
250 53.81379971
251 52.23938289
252 50.65015822
253 49.05032282
254 47.44398469
255 45.83514565
256 44.22768561
257 42.62534801
258 41.03172668
259 39.45025399
260 37.8841905
261 36.33661594
262 34.81042171
263 33.30830477
264 31.83276294
265 30.38609159
266 28.97038173
267 27.58751929
268 26.23918579
269 24.92686005
270 23.65182114
271 22.41515229
272 21.21774575
273 20.06030862
274 18.94336934
275 17.86728495
276 16.83224898
277 15.83829978
278 14.88532937
279 13.97309254
280 13.10121629
281 12.26920943
282 11.47647221
283 10.72230604
284 10.00592321
285 9.326456331
286 8.68296781
287 8.074458949
288 7.499878843
289 6.95813294
290 6.448091255
291 5.968596188
292 5.518469938
293 5.096521484
294 4.701553106
295 4.332366457
296 3.987768159
297 3.666574932
298 3.367618259
299 3.089748576
300 2.83183902
301 2.592788731
302 2.371525718
303 2.167009325
304 1.978232293
305 1.804222457
306 1.644044081
307 1.496798874
308 1.361626691
309 1.237705949
310 1.124253791
311 1.020526004
312 0.9258167298
313 0.8394579745
314 0.7608189604
315 0.6893053206
316 0.6243581684
317 0.5654530576
318 0.5120988512
319 0.463836517
320 0.4202378648
321 0.3809042406
322 0.345465191
323 0.3135771102
324 0.2849218809
325 0.2592055188
326 0.2361568292
327 0.2155260849
328 0.1970837301
329 0.1806191178
330 0.1659392846
331 0.1528677673
332 0.1412434643
333 0.1309195443
334 0.1217624044
335 0.113650678
336 0.1064742944
337 0.100133589
338 0.09453846467
339 0.08960760362
340 0.08526772814
341 0.08145290986
342 0.0781039256
343 0.07516765827
344 0.07259654109
345 0.07034804322
346 0.06838419486
347 0.06667114978
348 0.06517878322
349 0.06388032316
350 0.06275201296
351 0.06177280316
352 0.06092407084
353 0.06018936423
354 0.05955417112
355 0.05900570893
356 0.05853273516
357 0.05812537615
358 0.05777497312
359 0.05747394362
360 0.05721565738
361 0.05699432502
362 0.0568048987
363 0.05664298342
364 0.05650475804
365 0.05638690505
366 0.05628654832
367 0.05620119785
368 0.05612870103
369 0.05606719945
370 0.05601509104
371 0.05597099658
372 0.05593373036
373 0.05590227448
374 0.0558757563
375 0.05585342872
376 0.05583465304
377 0.05581888398
378 0.05580565664
379 0.0557945752
380 0.05578530312
381 0.05577755467
382 0.05577108755
383 0.05576569661
384 0.05576120838
385 0.05575747635
386 0.05575437697
387 0.05575180622
388 0.05574967658
389 0.05574791456
390 0.05574645851
391 0.0557452568
392 0.05574426624
393 0.05574345073
394 0.05574278019
395 0.05574222951
396 0.05574177785
397 0.05574140785
398 0.05574110512
399 0.05574085775
400 0.05574065586
401 0.05574049129
402 0.0557403573
403 0.05574024836
404 0.05574015989
405 0.05574008813
406 0.05574003
407 0.05573998296
408 0.05573994495
409 0.05573991428
410 0.05573988955
411 0.05573986964
412 0.05573985363
413 0.05573984077
414 0.05573983046
415 0.0557398222
416 0.05573981559
417 0.0557398103
418 0.05573980609
419 0.05573980273
420 0.05573980005
421 0.05573979792
422 0.05573979623
423 0.05573979489
424 0.05573979383
425 0.05573979299
426 0.05573979232
427 0.0557397918
428 0.05573979138
429 0.05573979106
430 0.0557397908
431 0.0557397906
432 0.05573979044
433 0.05573979032
434 0.05573979022
435 0.05573979015
436 0.05573979009
437 0.05573979004
438 0.05573979001
439 0.05573978998
440 0.05573978996
441 0.05573978994
442 0.05573978993
443 0.05573978992
444 0.05573978991
445 0.0557397899
446 0.0557397899
447 0.05573978989
448 0.05573978989
449 0.05573978989
450 0.05573978989
451 0.05573978989
452 0.05573978989
453 0.05573978989
454 0.05573978988
455 0.05573978988
456 0.05573978988
457 0.05573978988
458 0.05573978988
459 0.05573978988
460 0.05573978988
461 0.05573978988
462 0.05573978988
463 0.05573978988
464 0.05573978988
465 0.05573978988
466 0.05573978988
467 0.05573978988
468 0.05573978988
469 0.05573978988
470 0.05573978988
471 0.05573978988
472 0.05573978988
473 0.05573978988
474 0.05573978988
475 0.05573978988
476 0.05573978988
477 0.05573978988
478 0.05573978988
479 0.05573978988
480 0.05573978988
481 0.05573978988
482 0.05573978988
483 0.05573978988
484 0.05573978988
485 0.05573978988
486 0.05573978988
487 0.05573978988
488 0.05573978988
489 0.05573978988
490 0.05573978988
491 0.05573978988
492 0.05573978988
493 0.05573978988
494 0.05573978988
495 0.05573978988
496 0.05573978988
497 0.05573978988
498 0.05573978988
499 0.05573978988
500 0.05573978988
501 0.05573978988
502 0.05573978988
503 0.05573978988
504 0.05573978988
505 0.05573978988
506 0.05573978988
507 0.05573978988
508 0.05573978988
509 0.05573978988
510 0.05573978988
511 0.05573978988
512 0.05573978988
513 0.05573978988
514 0.05573978988
515 0.05573978988
516 0.05573978988
517 0.05573978988
518 0.05573978988
519 0.05573978988
520 0.05573978988
521 0.05573978988
522 0.05573978988
523 0.05573978988
524 0.05573978988
525 0.05573978988
526 0.05573978988
527 0.05573978988
528 0.05573978988
529 0.05573978988
530 0.05573978988
531 0.05573978988
532 0.05573978988
533 0.05573978988
534 0.05573978988
535 0.05573978988
536 0.05573978988
537 0.05573978988
538 0.05573978988
539 0.05573978988
540 0.05573978988
541 0.05573978988
542 0.05573978988
543 0.05573978988
544 0.05573978988
545 0.05573978988
546 0.05573978988
547 0.05573978988
548 0.05573978988
549 0.05573978988
550 0.05573978988
551 0.05573978988
552 0.05573978988
553 0.05573978988
554 0.05573978988
555 0.05573978988
556 0.05573978988
557 0.05573978988
558 0.05573978988
559 0.05573978988
560 0.05573978988
561 0.05573978988
562 0.05573978988
563 0.05573978988
564 0.05573978988
565 0.05573978988
566 0.05573978988
567 0.05573978988
568 0.05573978988
569 0.05573978988
570 0.05573978988
571 0.05573978988
572 0.05573978988
573 0.05573978988
574 0.05573978988
575 0.05573978988
576 0.05573978988
577 0.05573978988
578 0.05573978988
579 0.05573978988
580 0.05573978988
581 0.05573978988
582 0.05573978988
583 0.05573978988
584 0.05573978988
585 0.05573978988
586 0.05573978988
587 0.05573978988
588 0.05573978988
589 0.05573978988
590 0.05573978988
591 0.05573978988
592 0.05573978988
593 0.05573978988
594 0.05573978988
595 0.05573978988
596 0.05573978988
597 0.05573978988
598 0.05573978988
599 0.05573978988
600 0.05573978988
601 0.05573978988
602 0.05573978988
603 0.05573978988
604 0.05573978988
605 0.05573978988
606 0.05573978988
607 0.05573978988
608 0.05573978988
609 0.05573978988
610 0.05573978988
611 0.05573978988
612 0.05573978988
613 0.05573978988
614 0.05573978988
615 0.05573978988
616 0.05573978988
617 0.05573978988
618 0.05573978988
619 0.05573978988
620 0.05573978988
621 0.05573978988
622 0.05573978988
623 0.05573978988
624 0.05573978988
625 0.05573978988
626 0.05573978988
627 0.05573978988
628 0.05573978988
629 0.05573978988
630 0.05573978988
631 0.05573978988
632 0.05573978988
633 0.05573978988
634 0.05573978988
635 0.05573978988
636 0.05573978988
637 0.05573978988
638 0.05573978988
639 0.05573978988
640 0.05573978988
641 0.05573978988
642 0.05573978988
643 0.05573978988
644 0.05573978988
645 0.05573978988
646 0.05573978988
647 0.05573978988
648 0.05573978988
649 0.05573978988
650 0.05573978988
651 0.05573978988
652 0.05573978988
653 0.05573978988
654 0.05573978988
655 0.05573978988
656 0.05573978988
657 0.05573978988
658 0.05573978988
659 0.05573978988
660 0.05573978988
661 0.05573978988
662 0.05573978988
663 0.05573978988
664 0.05573978988
665 0.05573978988
666 0.05573978988
667 0.05573978988
668 0.05573978988
669 0.05573978988
670 0.05573978988
671 0.05573978988
672 0.05573978988
673 0.05573978988
674 0.05573978988
675 0.05573978988
676 0.05573978988
677 0.05573978988
678 0.05573978988
679 0.05573978988
680 0.05573978988
681 0.05573978988
682 0.05573978988
683 0.05573978988
684 0.05573978988
685 0.05573978988
686 0.05573978988
687 0.05573978988
688 0.05573978988
689 0.05573978988
690 0.05573978988
691 0.05573978988
692 0.05573978988
693 0.05573978988
694 0.05573978988
695 0.05573978988
696 0.05573978988
697 0.05573978988
698 0.05573978988
699 0.05573978988
700 0.05573978988
701 0.05573978988
702 0.05573978988
703 0.05573978988
704 0.05573978988
705 0.05573978988
706 0.05573978988
707 0.05573978988
708 0.05573978988
709 0.05573978988
710 0.05573978988
711 0.05573978988
712 0.05573978988
713 0.05573978988
714 0.05573978988
715 0.05573978988
716 0.05573978988
717 0.05573978988
718 0.05573978988
719 0.05573978988
720 0.05573978988
721 0.05573978988
722 0.05573978988
723 0.05573978988
724 0.05573978988
725 0.05573978988
726 0.05573978988
727 0.05573978988
728 0.05573978988
729 0.05573978988
730 0.05573978988
731 0.05573978988
732 0.05573978988
733 0.05573978988
734 0.05573978988
735 0.05573978988
736 0.05573978988
737 0.05573978988
738 0.05573978988
739 0.05573978988
740 0.05573978988
741 0.05573978988
742 0.05573978988
743 0.05573978988
744 0.05573978988
745 0.05573978988
746 0.05573978988
747 0.05573978988
748 0.05573978988
749 0.05573978988
750 0.05573978988
751 0.05573978988
752 0.05573978988
753 0.05573978988
754 0.05573978988
755 0.05573978988
756 0.05573978988
757 0.05573978988
758 0.05573978988
759 0.05573978988
760 0.05573978988
761 0.05573978988
762 0.05573978988
763 0.05573978988
764 0.05573978988
765 0.05573978988
766 0.05573978988
767 0.05573978988
768 0.05573978988
769 0.05573978988
770 0.05573978988
771 0.05573978988
772 0.05573978988
773 0.05573978988
774 0.05573978988
775 0.05573978988
776 0.05573978988
777 0.05573978988
778 0.05573978988
779 0.05573978988
780 0.05573978988
781 0.05573978988
782 0.05573978988
783 0.05573978988
784 0.05573978988
785 0.05573978988
786 0.05573978988
787 0.05573978988
788 0.05573978988
789 0.05573978988
790 0.05573978988
791 0.05573978988
792 0.05573978988
793 0.05573978988
794 0.05573978988
795 0.05573978988
796 0.05573978988
797 0.05573978988
798 0.05573978988
799 0.05573978988
800 0.05573978988
801 0.05573978988
802 0.05573978988
803 0.05573978988
804 0.05573978988
805 0.05573978988
806 0.05573978988
807 0.05573978988
808 0.05573978988
809 0.05573978988
810 0.05573978988
811 0.05573978988
812 0.05573978988
813 0.05573978988
814 0.05573978988
815 0.05573978988
816 0.05573978988
817 0.05573978988
818 0.05573978988
819 0.05573978988
820 0.05573978988
821 0.05573978988
822 0.05573978988
823 0.05573978988
824 0.05573978988
825 0.05573978988
826 0.05573978988
827 0.05573978988
828 0.05573978988
829 0.05573978988
830 0.05573978988
831 0.05573978988
832 0.05573978988
833 0.05573978988
834 0.05573978988
835 0.05573978988
836 0.05573978988
837 0.05573978988
838 0.05573978988
839 0.05573978988
840 0.05573978988
841 0.05573978988
842 0.05573978988
843 0.05573978988
844 0.05573978988
845 0.05573978988
846 0.05573978988
847 0.05573978988
848 0.05573978988
849 0.05573978988
850 0.05573978988
851 0.05573978988
852 0.05573978988
853 0.05573978988
854 0.05573978988
855 0.05573978988
856 0.05573978988
857 0.05573978988
858 0.05573978988
859 0.05573978988
860 0.05573978988
861 0.05573978988
862 0.05573978988
863 0.05573978988
864 0.05573978988
865 0.05573978988
866 0.05573978988
867 0.05573978988
868 0.05573978988
869 0.05573978988
870 0.05573978988
871 0.05573978988
872 0.05573978988
873 0.05573978988
874 0.05573978988
875 0.05573978988
876 0.05573978988
877 0.05573978988
878 0.05573978988
879 0.05573978988
880 0.05573978988
881 0.05573978988
882 0.05573978988
883 0.05573978988
884 0.05573978988
885 0.05573978988
886 0.05573978988
887 0.05573978988
888 0.05573978988
889 0.05573978988
890 0.05573978988
891 0.05573978988
892 0.05573978988
893 0.05573978988
894 0.05573978988
895 0.05573978988
896 0.05573978988
897 0.05573978988
898 0.05573978988
899 0.05573978988
900 0.05573978988
901 0.05573978988
902 0.05573978988
903 0.05573978988
904 0.05573978988
905 0.05573978988
906 0.05573978988
907 0.05573978988
908 0.05573978988
909 0.05573978989
910 0.05573978989
911 0.05573978989
912 0.05573978989
913 0.05573978989
914 0.05573978989
915 0.05573978989
916 0.0557397899
917 0.0557397899
918 0.0557397899
919 0.05573978991
920 0.05573978992
921 0.05573978993
922 0.05573978994
923 0.05573978995
924 0.05573978997
925 0.05573979
926 0.05573979003
927 0.05573979007
928 0.05573979011
929 0.05573979017
930 0.05573979025
931 0.05573979034
932 0.05573979046
933 0.0557397906
934 0.05573979078
935 0.05573979101
936 0.05573979129
937 0.05573979164
938 0.05573979207
939 0.05573979261
940 0.05573979327
941 0.0557397941
942 0.05573979512
943 0.05573979638
944 0.05573979794
945 0.05573979985
946 0.05573980221
947 0.05573980512
948 0.05573980869
949 0.05573981307
950 0.05573981845
951 0.05573982503
952 0.05573983309
953 0.05573984294
954 0.05573985498
955 0.05573986965
956 0.05573988755
957 0.05573990933
958 0.05573993581
959 0.05573996799
960 0.05574000705
961 0.0557400544
962 0.05574011174
963 0.05574018111
964 0.05574026494
965 0.05574036616
966 0.05574048822
967 0.05574063527
968 0.05574081224
969 0.05574102499
970 0.0557412805
971 0.05574158702
972 0.05574195435
973 0.05574239411
974 0.05574292001
975 0.05574354827
976 0.05574429801
977 0.05574519179
978 0.05574625616
979 0.05574752234
980 0.055749027
981 0.05575081317
982 0.05575293129
983 0.0557554404
984 0.05575840953
985 0.0557619193
986 0.05576606379
987 0.05577095259
988 0.05577671328
989 0.05578349418
990 0.05579146751
991 0.05580083303
992 0.05581182218
993 0.05582470276
994 0.0558397843
995 0.05585742418
996 0.05587803445
997 0.05590208975
998 0.05593013609
999 0.05596280085
1000 0.0560008041
1001 0.05604497128
1002 0.05609624751
1003 0.05615571364
1004 0.05622460425
1005 0.0563043279
1006 0.05639648965
1007 0.05650291629
1008 0.05662568448
1009 0.05676715208
1010 0.05692999293
1011 0.05711723559
1012 0.05733230614
1013 0.05757907566
1014 0.05786191265
1015 0.05818574086
1016 0.05855610304
1017 0.05897923103
1018 0.05946212267
1019 0.06001262617
1020 0.06063953245
1021 0.06135267592
1022 0.06216304453
1023 0.06308289944
