#55117 2910.0006996792664169 0.0045704553186177668961 1 1397 16.000049430220818044 1024 7 1 J1713+0747 0.0000000 
0 -0.1489994608
1 -0.1489994608
2 -0.1489994608
3 -0.1489994608
4 -0.1489994608
5 -0.1489994608
6 -0.1489994608
7 -0.1489994608
8 -0.1489994608
9 -0.1489994608
10 -0.1489994608
11 -0.1489994608
12 -0.1489994608
13 -0.1489994608
14 -0.1489994608
15 -0.1489994608
16 -0.1489994608
17 -0.1489994608
18 -0.1489994608
19 -0.1489994608
20 -0.1489994608
21 -0.1489994608
22 -0.1489994608
23 -0.1489994608
24 -0.1489994608
25 -0.1489994608
26 -0.1489994608
27 -0.1489994608
28 -0.1489994608
29 -0.1489994608
30 -0.1489994608
31 -0.1489994608
32 -0.1489994608
33 -0.1489994608
34 -0.1489994608
35 -0.1489994608
36 -0.1489994608
37 -0.1489994608
38 -0.1489994608
39 -0.1489994608
40 -0.1489994608
41 -0.1489994608
42 -0.1489994608
43 -0.1489994608
44 -0.1489994608
45 -0.1489994608
46 -0.1489994608
47 -0.1489994608
48 -0.1489994608
49 -0.1489994608
50 -0.1489994608
51 -0.1489994608
52 -0.1489994608
53 -0.1489994608
54 -0.1489994608
55 -0.1489994608
56 -0.1489994608
57 -0.1489994608
58 -0.1489994608
59 -0.1489994608
60 -0.1489994608
61 -0.1489994608
62 -0.1489994608
63 -0.1489994608
64 -0.1489994608
65 -0.1489994608
66 -0.1489994608
67 -0.1489994608
68 -0.1489994608
69 -0.1489994608
70 -0.1489994608
71 -0.1489994608
72 -0.1489994608
73 -0.1489994608
74 -0.1489994608
75 -0.1489994608
76 -0.1489994608
77 -0.1489994608
78 -0.1489994608
79 -0.1489994608
80 -0.1489994608
81 -0.1489994608
82 -0.1489994608
83 -0.1489994608
84 -0.1489994608
85 -0.1489994608
86 -0.1489994608
87 -0.1489994608
88 -0.1489994608
89 -0.1489994608
90 -0.1489994608
91 -0.1489994608
92 -0.1489994608
93 -0.1489994608
94 -0.1489994608
95 -0.1489994608
96 -0.1489994608
97 -0.1489994608
98 -0.1489994608
99 -0.1489994608
100 -0.1489994608
101 -0.1489994608
102 -0.1489994608
103 -0.1489994608
104 -0.1489994608
105 -0.1489994608
106 -0.1489994608
107 -0.1489994608
108 -0.1489994608
109 -0.1489994608
110 -0.1489994608
111 -0.1489994608
112 -0.1489994608
113 -0.1489994608
114 -0.1489994608
115 -0.1489994608
116 -0.1489994608
117 -0.1489994608
118 -0.1489994608
119 -0.1489994608
120 -0.1489994608
121 -0.1489994608
122 -0.1489994608
123 -0.1489994608
124 -0.1489994608
125 -0.1489994608
126 -0.1489994608
127 -0.1489994608
128 -0.1489994608
129 -0.1489994608
130 -0.1489994608
131 -0.1489994608
132 -0.1489994608
133 -0.1489994608
134 -0.1489994608
135 -0.1489994608
136 -0.1489994608
137 -0.1489994608
138 -0.1489994608
139 -0.1489994608
140 -0.1489994608
141 -0.1489994608
142 -0.1489994608
143 -0.1489994608
144 -0.1489994608
145 -0.1489994608
146 -0.1489994608
147 -0.1489994608
148 -0.1489994608
149 -0.1489994608
150 -0.1489994608
151 -0.1489994608
152 -0.1489994608
153 -0.1489994608
154 -0.1489994608
155 -0.1489994608
156 -0.1489994608
157 -0.1489994608
158 -0.1489994608
159 -0.1489994608
160 -0.1489994608
161 -0.1489994608
162 -0.1489994608
163 -0.1489994608
164 -0.1489994608
165 -0.1489994608
166 -0.1489994608
167 -0.1489994608
168 -0.1489994608
169 -0.1489994608
170 -0.1489994608
171 -0.1489994608
172 -0.1489994608
173 -0.1489994608
174 -0.1489994608
175 -0.1489994608
176 -0.1489994608
177 -0.1489994608
178 -0.1489994608
179 -0.1489994608
180 -0.1489994608
181 -0.1489994608
182 -0.1489994608
183 -0.1489994608
184 -0.1489994608
185 -0.1489994608
186 -0.1489994608
187 -0.1489994608
188 -0.1489994608
189 -0.1489994608
190 -0.1489994608
191 -0.1489994608
192 -0.1489994608
193 -0.1489994608
194 -0.1489994608
195 -0.1489994608
196 -0.1489994608
197 -0.1489994608
198 -0.1489994608
199 -0.1489994608
200 -0.1489994608
201 -0.1489994608
202 -0.1489994608
203 -0.1489994608
204 -0.1489994608
205 -0.1489994608
206 -0.1489994608
207 -0.1489994608
208 -0.1489994608
209 -0.1489994608
210 -0.1489994608
211 -0.1489994608
212 -0.1489994608
213 -0.1489994608
214 -0.1489994608
215 -0.1489994608
216 -0.1489994608
217 -0.1489994608
218 -0.1489994608
219 -0.1489994608
220 -0.1489994608
221 -0.1489994608
222 -0.1489994608
223 -0.1489994608
224 -0.1489994608
225 -0.1489994608
226 -0.1489994608
227 -0.1489994608
228 -0.1489994608
229 -0.1489994608
230 -0.1489994608
231 -0.1489994608
232 -0.1489994608
233 -0.1489994607
234 -0.1489994607
235 -0.1489994607
236 -0.1489994607
237 -0.1489994607
238 -0.1489994607
239 -0.1489994607
240 -0.1489994607
241 -0.1489994607
242 -0.1489994607
243 -0.1489994606
244 -0.1489994606
245 -0.1489994606
246 -0.1489994605
247 -0.1489994605
248 -0.1489994604
249 -0.1489994603
250 -0.1489994602
251 -0.1489994601
252 -0.1489994599
253 -0.1489994597
254 -0.1489994594
255 -0.1489994591
256 -0.1489994586
257 -0.1489994581
258 -0.1489994575
259 -0.1489994567
260 -0.1489994557
261 -0.1489994545
262 -0.148999453
263 -0.1489994511
264 -0.1489994488
265 -0.148999446
266 -0.1489994426
267 -0.1489994383
268 -0.1489994331
269 -0.1489994267
270 -0.1489994189
271 -0.1489994093
272 -0.1489993977
273 -0.1489993834
274 -0.148999366
275 -0.1489993449
276 -0.1489993192
277 -0.1489992879
278 -0.1489992499
279 -0.1489992039
280 -0.1489991482
281 -0.1489990807
282 -0.1489989992
283 -0.1489989007
284 -0.1489987819
285 -0.1489986388
286 -0.1489984665
287 -0.1489982593
288 -0.1489980104
289 -0.1489977118
290 -0.1489973538
291 -0.1489969251
292 -0.1489964124
293 -0.1489957997
294 -0.1489950683
295 -0.1489941963
296 -0.1489931575
297 -0.1489919215
298 -0.1489904523
299 -0.1489887079
300 -0.1489866388
301 -0.1489841871
302 -0.1489812853
303 -0.1489778542
304 -0.1489738017
305 -0.1489690202
306 -0.1489633847
307 -0.1489567495
308 -0.1489489456
309 -0.148939777
310 -0.1489290162
311 -0.1489164003
312 -0.1489016251
313 -0.1488843394
314 -0.148864138
315 -0.1488405543
316 -0.1488130511
317 -0.1487810113
318 -0.1487437261
319 -0.148700383
320 -0.1486500513
321 -0.1485916665
322 -0.1485240122
323 -0.1484457003
324 -0.1483551487
325 -0.148250556
326 -0.1481298742
327 -0.1479907771
328 -0.1478306259
329 -0.1476464313
330 -0.1474348104
331 -0.14719194
332 -0.1469135042
333 -0.1465946375
334 -0.1462298609
335 -0.1458130127
336 -0.1453371717
337 -0.1447945737
338 -0.144176519
339 -0.1434732729
340 -0.1426739554
341 -0.1417664225
342 -0.1407371362
343 -0.1395710241
344 -0.1382513265
345 -0.1367594322
346 -0.1350747004
347 -0.1331742689
348 -0.1310328488
349 -0.1286225029
350 -0.1259124099
351 -0.1228686114
352 -0.1194537431
353 -0.1156267476
354 -0.1113425716
355 -0.1065518434
356 -0.1012005337
357 -0.09522959758
358 -0.08857459865
359 -0.08116531539
360 -0.07292532967
361 -0.06377159827
362 -0.053614008
363 -0.0423549153
364 -0.02988867142
365 -0.01610113463
366 -0.0008691709965
367 0.01593985436
368 0.03446859325
369 0.05487023526
370 0.07730903051
371 0.1019608113
372 0.1290135089
373 0.1586676622
374 0.1911369129
375 0.2266484842
376 0.2654436366
377 0.3077780964
378 0.3539224509
379 0.404162505
380 0.4587995913
381 0.5181508291
382 0.5825493242
383 0.6523443026
384 0.7279011713
385 0.8096014975
386 0.8978429009
387 0.9930388486
388 1.095618347
389 1.206025525
390 1.324719091
391 1.452171677
392 1.588869036
393 1.73530911
394 1.892000951
395 2.059463487
396 2.238224137
397 2.428817267
398 2.631782477
399 2.847662731
400 3.077002314
401 3.320344629
402 3.578229822
403 3.851192247
404 4.139757776
405 4.44444095
406 4.765741984
407 5.104143638
408 5.460107953
409 5.834072877
410 6.226448785
411 6.637614908
412 7.067915699
413 7.517657139
414 7.98710301
415 8.476471166
416 8.985929801
417 9.515593769
418 10.06552096
419 10.63570874
420 11.22609057
421 11.8365327
422 12.46683106
423 13.1167084
424 13.78581155
425 14.47370911
426 15.17988923
427 15.90375788
428 16.64463738
429 17.4017653
430 18.17429382
431 18.96128941
432 19.76173305
433 20.57452088
434 21.39846528
435 22.23229649
436 23.07466474
437 23.92414286
438 24.77922944
439 25.63835244
440 26.4998734
441 27.36209209
442 28.22325172
443 29.08154457
444 29.93511812
445 30.78208164
446 31.62051318
447 32.44846695
448 33.2639811
449 34.06508574
450 34.84981138
451 35.61619746
452 36.36230124
453 37.08620671
454 37.7860337
455 38.45994703
456 39.10616561
457 39.72297161
458 40.30871941
459 40.86184449
460 41.38087209
461 41.86442565
462 42.31123484
463 42.7201434
464 43.0901165
465 43.4202476
466 43.70976498
467 43.95803758
468 44.16458044
469 44.3290594
470 44.45129533
471 44.53126757
472 44.56911681
473 44.56514727
474 44.51982813
475 44.43379429
476 44.30784644
477 44.14295037
478 43.9402356
479 43.7009933
480 43.4266735
481 43.1188816
482 42.77937428
483 42.41005467
484 42.01296694
485 41.59029031
486 41.14433234
487 40.67752188
488 40.19240127
489 39.69161817
490 39.17791691
491 38.65412933
492 38.12316526
493 37.5880026
494 37.05167706
495 36.51727157
496 35.98790539
497 35.46672297
498 34.95688257
499 34.46154467
500 33.98386025
501 33.52695885
502 33.09393656
503 32.68784394
504 32.31167382
505 31.96834916
506 31.66071081
507 31.39150539
508 31.16337321
509 30.97883629
510 30.84028649
511 30.74997393
512 30.70999545
513 30.72228352
514 30.78859531
515 30.91050224
516 31.08937981
517 31.32639798
518 31.62251204
519 31.97845402
520 32.39472479
521 32.87158675
522 33.40905739
523 34.00690357
524 34.66463671
525 35.38150888
526 36.15651
527 36.9883659
528 37.87553771
529 38.8162222
530 39.80835355
531 40.84960617
532 41.93739898
533 43.06890091
534 44.24103781
535 45.45050071
536 46.69375544
537 47.96705364
538 49.26644517
539 50.58779172
540 51.92678194
541 53.27894759
542 54.63968112
543 56.00425418
544 57.36783737
545 58.72552079
546 60.07233555
547 61.40327606
548 62.71332282
549 63.99746582
550 65.25072829
551 66.46819062
552 67.64501433
553 68.77646606
554 69.85794114
555 70.88498689
556 71.85332526
557 72.75887479
558 73.59777159
559 74.36638938
560 75.06135824
561 75.67958209
562 76.21825462
563 76.67487376
564 77.04725429
565 77.33353875
566 77.53220645
567 77.64208052
568 77.66233292
569 77.59248745
570 77.43242067
571 77.18236075
572 76.84288423
573 76.41491081
574 75.8996961
575 75.29882242
576 74.61418786
577 73.84799345
578 73.00272878
579 72.08115598
580 71.08629243
581 70.02139207
582 68.88992571
583 67.69556023
584 66.44213718
585 65.13365055
586 63.77422418
587 62.36808886
588 60.91955926
589 59.43301096
590 57.9128576
591 56.36352841
592 54.78944631
593 53.19500654
594 51.58455614
595 49.96237433
596 48.33265387
597 46.69948355
598 45.06683191
599 43.43853215
600 41.8182685
601 40.20956386
602 38.61576894
603 37.04005284
604 35.48539502
605 33.95457884
606 32.45018641
607 30.97459497
608 29.52997457
609 28.11828714
610 26.74128678
611 25.40052132
612 24.09733503
613 22.83287234
614 21.60808259
615 20.42372573
616 19.28037877
617 18.17844297
618 17.11815171
619 16.0995789
620 15.12264776
621 14.1871401
622 13.29270581
623 12.43887252
624 11.62505547
625 10.85056728
626 10.11462787
627 9.41637413
628 8.754869474
629 8.129113225
630 7.538049681
631 6.980576886
632 6.455555049
633 5.961814584
634 5.498163725
635 5.063395715
636 4.656295538
637 4.275646185
638 3.920234445
639 3.588856222
640 3.280321373
641 2.993458077
642 2.727116736
643 2.48017343
644 2.251532928
645 2.04013128
646 1.844938001
647 1.664957878
648 1.499232407
649 1.346840893
650 1.206901235
651 1.07857041
652 0.9610446988
653 0.8535596527
654 0.7553898469
655 0.6658484296
656 0.5842864958
657 0.5100923042
658 0.4426903601
659 0.3815403829
660 0.3261361774
661 0.2760044259
662 0.2307034186
663 0.1898217363
664 0.1529769005
665 0.1198140021
666 0.09000432278
667 0.06324395626
668 0.0392524418
669 0.01777141571
670 -0.001436710741
671 -0.01859004146
672 -0.03388844838
673 -0.04751478292
674 -0.05963604249
675 -0.07040448951
676 -0.07995872082
677 -0.08842468623
678 -0.09591665544
679 -0.1025381329
680 -0.1083827211
681 -0.1135349321
682 -0.1180709495
683 -0.1220593405
684 -0.1255617206
685 -0.128633372
686 -0.1313238179
687 -0.1336773536
688 -0.1357335381
689 -0.1375276461
690 -0.139091085
691 -0.1404517758
692 -0.1416345034
693 -0.1426612357
694 -0.1435514147
695 -0.1443222217
696 -0.1449888173
697 -0.1455645596
698 -0.1460612015
699 -0.146489068
700 -0.1468572168
701 -0.1471735823
702 -0.1474451047
703 -0.1476778462
704 -0.1478770939
705 -0.1480474529
706 -0.1481929281
707 -0.1483169979
708 -0.1484226786
709 -0.1485125826
710 -0.148588969
711 -0.1486537887
712 -0.1487087241
713 -0.148755224
714 -0.1487945343
715 -0.1488277251
716 -0.1488557137
717 -0.1488792861
718 -0.1488991142
719 -0.1489157719
720 -0.1489297485
721 -0.1489414611
722 -0.148951264
723 -0.1489594583
724 -0.1489662996
725 -0.148972004
726 -0.1489767545
727 -0.1489807058
728 -0.1489839882
729 -0.1489867115
730 -0.1489889682
731 -0.1489908358
732 -0.1489923796
733 -0.148993654
734 -0.1489947049
735 -0.1489955702
736 -0.148996282
737 -0.1489968667
738 -0.1489973463
739 -0.1489977394
740 -0.1489980611
741 -0.148998324
742 -0.1489985387
743 -0.1489987137
744 -0.1489988563
745 -0.1489989722
746 -0.1489990664
747 -0.1489991428
748 -0.1489992047
749 -0.1489992548
750 -0.1489992953
751 -0.148999328
752 -0.1489993543
753 -0.1489993756
754 -0.1489993927
755 -0.1489994064
756 -0.1489994174
757 -0.1489994262
758 -0.1489994333
759 -0.1489994389
760 -0.1489994434
761 -0.148999447
762 -0.1489994499
763 -0.1489994522
764 -0.148999454
765 -0.1489994554
766 -0.1489994565
767 -0.1489994574
768 -0.1489994581
769 -0.1489994587
770 -0.1489994591
771 -0.1489994595
772 -0.1489994598
773 -0.14899946
774 -0.1489994602
775 -0.1489994603
776 -0.1489994604
777 -0.1489994605
778 -0.1489994605
779 -0.1489994606
780 -0.1489994606
781 -0.1489994607
782 -0.1489994607
783 -0.1489994607
784 -0.1489994607
785 -0.1489994607
786 -0.1489994607
787 -0.1489994607
788 -0.1489994607
789 -0.1489994607
790 -0.1489994607
791 -0.1489994608
792 -0.1489994608
793 -0.1489994608
794 -0.1489994608
795 -0.1489994608
796 -0.1489994608
797 -0.1489994608
798 -0.1489994608
799 -0.1489994608
800 -0.1489994608
801 -0.1489994608
802 -0.1489994608
803 -0.1489994608
804 -0.1489994608
805 -0.1489994608
806 -0.1489994608
807 -0.1489994608
808 -0.1489994608
809 -0.1489994608
810 -0.1489994608
811 -0.1489994608
812 -0.1489994608
813 -0.1489994608
814 -0.1489994608
815 -0.1489994608
816 -0.1489994608
817 -0.1489994608
818 -0.1489994608
819 -0.1489994608
820 -0.1489994608
821 -0.1489994608
822 -0.1489994608
823 -0.1489994608
824 -0.1489994608
825 -0.1489994608
826 -0.1489994608
827 -0.1489994608
828 -0.1489994608
829 -0.1489994608
830 -0.1489994608
831 -0.1489994608
832 -0.1489994608
833 -0.1489994608
834 -0.1489994608
835 -0.1489994608
836 -0.1489994608
837 -0.1489994608
838 -0.1489994608
839 -0.1489994608
840 -0.1489994608
841 -0.1489994608
842 -0.1489994608
843 -0.1489994608
844 -0.1489994608
845 -0.1489994608
846 -0.1489994608
847 -0.1489994608
848 -0.1489994608
849 -0.1489994608
850 -0.1489994608
851 -0.1489994608
852 -0.1489994608
853 -0.1489994608
854 -0.1489994608
855 -0.1489994608
856 -0.1489994608
857 -0.1489994608
858 -0.1489994608
859 -0.1489994608
860 -0.1489994608
861 -0.1489994608
862 -0.1489994608
863 -0.1489994608
864 -0.1489994608
865 -0.1489994608
866 -0.1489994608
867 -0.1489994608
868 -0.1489994608
869 -0.1489994608
870 -0.1489994608
871 -0.1489994608
872 -0.1489994608
873 -0.1489994608
874 -0.1489994608
875 -0.1489994608
876 -0.1489994608
877 -0.1489994608
878 -0.1489994608
879 -0.1489994608
880 -0.1489994608
881 -0.1489994608
882 -0.1489994608
883 -0.1489994608
884 -0.1489994608
885 -0.1489994608
886 -0.1489994608
887 -0.1489994608
888 -0.1489994608
889 -0.1489994608
890 -0.1489994608
891 -0.1489994608
892 -0.1489994608
893 -0.1489994608
894 -0.1489994608
895 -0.1489994608
896 -0.1489994608
897 -0.1489994608
898 -0.1489994608
899 -0.1489994608
900 -0.1489994608
901 -0.1489994608
902 -0.1489994608
903 -0.1489994608
904 -0.1489994608
905 -0.1489994608
906 -0.1489994608
907 -0.1489994608
908 -0.1489994608
909 -0.1489994608
910 -0.1489994608
911 -0.1489994608
912 -0.1489994608
913 -0.1489994608
914 -0.1489994608
915 -0.1489994608
916 -0.1489994608
917 -0.1489994608
918 -0.1489994608
919 -0.1489994608
920 -0.1489994608
921 -0.1489994608
922 -0.1489994608
923 -0.1489994608
924 -0.1489994608
925 -0.1489994608
926 -0.1489994608
927 -0.1489994608
928 -0.1489994608
929 -0.1489994608
930 -0.1489994608
931 -0.1489994608
932 -0.1489994608
933 -0.1489994608
934 -0.1489994608
935 -0.1489994608
936 -0.1489994608
937 -0.1489994608
938 -0.1489994608
939 -0.1489994608
940 -0.1489994608
941 -0.1489994608
942 -0.1489994608
943 -0.1489994608
944 -0.1489994608
945 -0.1489994608
946 -0.1489994608
947 -0.1489994608
948 -0.1489994608
949 -0.1489994608
950 -0.1489994608
951 -0.1489994608
952 -0.1489994608
953 -0.1489994608
954 -0.1489994608
955 -0.1489994608
956 -0.1489994608
957 -0.1489994608
958 -0.1489994608
959 -0.1489994608
960 -0.1489994608
961 -0.1489994608
962 -0.1489994608
963 -0.1489994608
964 -0.1489994608
965 -0.1489994608
966 -0.1489994608
967 -0.1489994608
968 -0.1489994608
969 -0.1489994608
970 -0.1489994608
971 -0.1489994608
972 -0.1489994608
973 -0.1489994608
974 -0.1489994608
975 -0.1489994608
976 -0.1489994608
977 -0.1489994608
978 -0.1489994608
979 -0.1489994608
980 -0.1489994608
981 -0.1489994608
982 -0.1489994608
983 -0.1489994608
984 -0.1489994608
985 -0.1489994608
986 -0.1489994608
987 -0.1489994608
988 -0.1489994608
989 -0.1489994608
990 -0.1489994608
991 -0.1489994608
992 -0.1489994608
993 -0.1489994608
994 -0.1489994608
995 -0.1489994608
996 -0.1489994608
997 -0.1489994608
998 -0.1489994608
999 -0.1489994608
1000 -0.1489994608
1001 -0.1489994608
1002 -0.1489994608
1003 -0.1489994608
1004 -0.1489994608
1005 -0.1489994608
1006 -0.1489994608
1007 -0.1489994608
1008 -0.1489994608
1009 -0.1489994608
1010 -0.1489994608
1011 -0.1489994608
1012 -0.1489994608
1013 -0.1489994608
1014 -0.1489994608
1015 -0.1489994608
1016 -0.1489994608
1017 -0.1489994608
1018 -0.1489994608
1019 -0.1489994608
1020 -0.1489994608
1021 -0.1489994608
1022 -0.1489994608
1023 -0.1489994608
