#55029 2909.9983701827088776 0.0045703710662208909057 1 1413 16.000049430220818044 1024 7 1 J1713+0747 0.0000000 
0 0.4492302737
1 0.4492302737
2 0.4492302737
3 0.4492302737
4 0.4492302737
5 0.4492302737
6 0.4492302737
7 0.4492302737
8 0.4492302737
9 0.4492302737
10 0.4492302737
11 0.4492302737
12 0.4492302737
13 0.4492302737
14 0.4492302737
15 0.4492302737
16 0.4492302737
17 0.4492302737
18 0.4492302737
19 0.4492302737
20 0.4492302737
21 0.4492302737
22 0.4492302737
23 0.4492302737
24 0.4492302737
25 0.4492302737
26 0.4492302737
27 0.4492302737
28 0.4492302737
29 0.4492302737
30 0.4492302737
31 0.4492302737
32 0.4492302737
33 0.4492302737
34 0.4492302737
35 0.4492302737
36 0.4492302737
37 0.4492302737
38 0.4492302737
39 0.4492302737
40 0.4492302737
41 0.4492302737
42 0.4492302737
43 0.4492302737
44 0.4492302737
45 0.4492302737
46 0.4492302737
47 0.4492302737
48 0.4492302737
49 0.4492302737
50 0.4492302737
51 0.4492302737
52 0.4492302737
53 0.4492302737
54 0.4492302737
55 0.4492302737
56 0.4492302737
57 0.4492302737
58 0.4492302737
59 0.4492302737
60 0.4492302737
61 0.4492302737
62 0.4492302737
63 0.4492302737
64 0.4492302737
65 0.4492302737
66 0.4492302737
67 0.4492302737
68 0.4492302737
69 0.4492302737
70 0.4492302737
71 0.4492302737
72 0.4492302737
73 0.4492302737
74 0.4492302737
75 0.4492302737
76 0.4492302737
77 0.4492302737
78 0.4492302737
79 0.4492302737
80 0.4492302737
81 0.4492302737
82 0.4492302737
83 0.4492302737
84 0.4492302737
85 0.4492302737
86 0.4492302737
87 0.4492302737
88 0.4492302737
89 0.4492302737
90 0.4492302737
91 0.4492302737
92 0.4492302737
93 0.4492302737
94 0.4492302737
95 0.4492302737
96 0.4492302737
97 0.4492302737
98 0.4492302737
99 0.4492302737
100 0.4492302737
101 0.4492302737
102 0.4492302737
103 0.4492302737
104 0.4492302737
105 0.4492302737
106 0.4492302737
107 0.4492302737
108 0.4492302737
109 0.4492302737
110 0.4492302737
111 0.4492302737
112 0.4492302737
113 0.4492302737
114 0.4492302737
115 0.4492302737
116 0.4492302737
117 0.4492302737
118 0.4492302737
119 0.4492302737
120 0.4492302737
121 0.4492302737
122 0.4492302737
123 0.4492302737
124 0.4492302737
125 0.4492302737
126 0.4492302737
127 0.4492302737
128 0.4492302737
129 0.4492302737
130 0.4492302737
131 0.4492302737
132 0.4492302737
133 0.4492302737
134 0.4492302737
135 0.4492302737
136 0.4492302737
137 0.4492302737
138 0.4492302737
139 0.4492302737
140 0.4492302737
141 0.4492302737
142 0.4492302737
143 0.4492302737
144 0.4492302737
145 0.4492302737
146 0.4492302737
147 0.4492302737
148 0.4492302737
149 0.4492302737
150 0.4492302737
151 0.4492302737
152 0.4492302737
153 0.4492302737
154 0.4492302737
155 0.4492302737
156 0.4492302737
157 0.4492302737
158 0.4492302737
159 0.4492302737
160 0.4492302737
161 0.4492302737
162 0.4492302737
163 0.4492302737
164 0.4492302737
165 0.4492302737
166 0.4492302737
167 0.4492302737
168 0.4492302737
169 0.4492302737
170 0.4492302737
171 0.4492302737
172 0.4492302737
173 0.4492302737
174 0.4492302737
175 0.4492302737
176 0.4492302737
177 0.4492302737
178 0.4492302737
179 0.4492302737
180 0.4492302737
181 0.4492302737
182 0.4492302737
183 0.4492302737
184 0.4492302737
185 0.4492302737
186 0.4492302737
187 0.4492302737
188 0.4492302737
189 0.4492302737
190 0.4492302737
191 0.4492302737
192 0.4492302737
193 0.4492302737
194 0.4492302737
195 0.4492302737
196 0.4492302737
197 0.4492302737
198 0.4492302737
199 0.4492302737
200 0.4492302737
201 0.4492302737
202 0.4492302737
203 0.4492302737
204 0.4492302737
205 0.4492302737
206 0.4492302737
207 0.4492302737
208 0.4492302737
209 0.4492302737
210 0.4492302737
211 0.4492302737
212 0.4492302737
213 0.4492302737
214 0.4492302737
215 0.4492302737
216 0.4492302737
217 0.4492302737
218 0.4492302737
219 0.4492302737
220 0.4492302737
221 0.4492302737
222 0.4492302737
223 0.4492302737
224 0.4492302737
225 0.4492302737
226 0.4492302737
227 0.4492302737
228 0.4492302737
229 0.4492302737
230 0.4492302737
231 0.4492302737
232 0.4492302737
233 0.4492302737
234 0.4492302737
235 0.4492302737
236 0.4492302737
237 0.4492302737
238 0.4492302737
239 0.4492302737
240 0.4492302737
241 0.4492302737
242 0.4492302737
243 0.4492302737
244 0.4492302737
245 0.4492302737
246 0.4492302737
247 0.4492302737
248 0.4492302737
249 0.4492302737
250 0.4492302737
251 0.4492302737
252 0.4492302737
253 0.4492302737
254 0.4492302737
255 0.4492302737
256 0.4492302737
257 0.4492302737
258 0.4492302737
259 0.4492302737
260 0.4492302737
261 0.4492302737
262 0.4492302737
263 0.4492302737
264 0.4492302737
265 0.4492302737
266 0.4492302737
267 0.4492302737
268 0.4492302737
269 0.4492302737
270 0.4492302737
271 0.4492302737
272 0.4492302737
273 0.4492302737
274 0.4492302737
275 0.4492302737
276 0.4492302737
277 0.4492302737
278 0.4492302737
279 0.4492302737
280 0.4492302737
281 0.4492302737
282 0.4492302737
283 0.4492302737
284 0.4492302737
285 0.4492302737
286 0.4492302737
287 0.4492302737
288 0.4492302737
289 0.4492302737
290 0.4492302737
291 0.4492302737
292 0.4492302737
293 0.4492302737
294 0.4492302737
295 0.4492302737
296 0.4492302737
297 0.4492302737
298 0.4492302737
299 0.4492302737
300 0.4492302737
301 0.4492302737
302 0.4492302737
303 0.4492302737
304 0.4492302737
305 0.4492302737
306 0.4492302737
307 0.4492302737
308 0.4492302737
309 0.4492302737
310 0.4492302737
311 0.4492302737
312 0.4492302737
313 0.4492302737
314 0.4492302737
315 0.4492302737
316 0.4492302737
317 0.4492302737
318 0.4492302737
319 0.4492302737
320 0.4492302737
321 0.4492302737
322 0.4492302737
323 0.4492302737
324 0.4492302737
325 0.4492302737
326 0.4492302737
327 0.4492302737
328 0.4492302737
329 0.4492302737
330 0.4492302737
331 0.4492302737
332 0.4492302737
333 0.4492302737
334 0.4492302737
335 0.4492302737
336 0.4492302737
337 0.4492302737
338 0.4492302737
339 0.4492302737
340 0.4492302737
341 0.4492302737
342 0.4492302737
343 0.4492302737
344 0.4492302737
345 0.4492302737
346 0.4492302737
347 0.4492302737
348 0.4492302737
349 0.4492302737
350 0.4492302737
351 0.4492302737
352 0.4492302737
353 0.4492302737
354 0.4492302737
355 0.4492302737
356 0.4492302737
357 0.4492302737
358 0.4492302737
359 0.4492302737
360 0.4492302737
361 0.4492302737
362 0.4492302737
363 0.4492302737
364 0.4492302737
365 0.4492302737
366 0.4492302737
367 0.4492302737
368 0.4492302737
369 0.4492302737
370 0.4492302737
371 0.4492302737
372 0.4492302737
373 0.4492302737
374 0.4492302737
375 0.4492302737
376 0.4492302737
377 0.4492302737
378 0.4492302737
379 0.4492302737
380 0.4492302737
381 0.4492302737
382 0.4492302737
383 0.4492302737
384 0.4492302737
385 0.4492302737
386 0.4492302737
387 0.4492302737
388 0.4492302737
389 0.4492302737
390 0.4492302737
391 0.4492302737
392 0.4492302737
393 0.4492302737
394 0.4492302737
395 0.4492302737
396 0.4492302737
397 0.4492302737
398 0.4492302737
399 0.4492302737
400 0.4492302737
401 0.4492302737
402 0.4492302737
403 0.4492302737
404 0.4492302737
405 0.4492302737
406 0.4492302737
407 0.4492302737
408 0.4492302737
409 0.4492302737
410 0.4492302737
411 0.4492302737
412 0.4492302737
413 0.4492302737
414 0.4492302737
415 0.4492302737
416 0.4492302737
417 0.4492302737
418 0.4492302737
419 0.4492302737
420 0.4492302737
421 0.4492302737
422 0.4492302737
423 0.4492302737
424 0.4492302737
425 0.4492302737
426 0.4492302737
427 0.4492302737
428 0.4492302737
429 0.4492302737
430 0.4492302737
431 0.4492302737
432 0.4492302737
433 0.4492302737
434 0.4492302737
435 0.4492302737
436 0.4492302737
437 0.4492302737
438 0.4492302737
439 0.4492302737
440 0.4492302737
441 0.4492302737
442 0.4492302737
443 0.4492302737
444 0.4492302737
445 0.4492302738
446 0.4492302738
447 0.4492302738
448 0.4492302738
449 0.4492302738
450 0.4492302739
451 0.4492302739
452 0.449230274
453 0.4492302741
454 0.4492302742
455 0.4492302743
456 0.4492302744
457 0.4492302746
458 0.4492302748
459 0.4492302751
460 0.4492302755
461 0.4492302759
462 0.4492302765
463 0.4492302772
464 0.449230278
465 0.449230279
466 0.4492302803
467 0.4492302819
468 0.4492302839
469 0.4492302863
470 0.4492302892
471 0.4492302929
472 0.4492302973
473 0.4492303028
474 0.4492303095
475 0.4492303177
476 0.4492303278
477 0.44923034
478 0.449230355
479 0.4492303732
480 0.4492303954
481 0.4492304224
482 0.4492304552
483 0.4492304951
484 0.4492305433
485 0.4492306018
486 0.4492306725
487 0.449230758
488 0.4492308612
489 0.4492309856
490 0.4492311355
491 0.449231316
492 0.4492315329
493 0.4492317934
494 0.449232106
495 0.4492324805
496 0.4492329289
497 0.4492334652
498 0.4492341058
499 0.4492348703
500 0.4492357818
501 0.4492368672
502 0.4492381584
503 0.4492396929
504 0.4492415144
505 0.4492436746
506 0.4492462335
507 0.4492492617
508 0.4492528413
509 0.4492570683
510 0.4492620546
511 0.4492679302
512 0.4492748465
513 0.4492829793
514 0.4492925322
515 0.4493037414
516 0.4493168802
517 0.4493322644
518 0.4493502586
519 0.4493712832
520 0.4493958226
521 0.4494244339
522 0.4494577572
523 0.4494965274
524 0.4495415867
525 0.4495938996
526 0.4496545692
527 0.4497248553
528 0.4498061954
529 0.4499002275
530 0.450008816
531 0.4501340804
532 0.4502784271
533 0.4504445851
534 0.4506356456
535 0.4508551055
536 0.451106916
537 0.4513955362
538 0.4517259919
539 0.4521039412
540 0.4525357452
541 0.4530285476
542 0.4535903601
543 0.454230157
544 0.4549579779
545 0.4557850407
546 0.456723863
547 0.4577883956
548 0.4589941664
549 0.4603584369
550 0.4619003703
551 0.4636412139
552 0.4656044953
553 0.4678162321
554 0.4703051586
555 0.4731029669
556 0.4762445647
557 0.4797683506
558 0.4837165059
559 0.4881353047
560 0.4930754414
561 0.4985923772
562 0.5047467041
563 0.5116045275
564 0.5192378665
565 0.5277250724
566 0.5371512635
567 0.5476087767
568 0.559197635
569 0.5720260281
570 0.5862108069
571 0.6018779881
572 0.6191632692
573 0.6382125488
574 0.6591824526
575 0.6822408599
576 0.7075674284
577 0.7353541135
578 0.7658056783
579 0.7991401895
580 0.8355894952
581 0.8753996786
582 0.9188314837
583 0.9661607053
584 1.017678539
585 1.073691885
586 1.134523594
587 1.200512657
588 1.272014327
589 1.349400159
590 1.433057978
591 1.523391744
592 1.620821328
593 1.725782178
594 1.838724873
595 1.960114556
596 2.090430236
597 2.23016396
598 2.379819839
599 2.539912929
600 2.710967958
601 2.893517898
602 3.088102369
603 3.295265889
604 3.515555942
605 3.749520899
606 3.997707751
607 4.260659686
608 4.538913508
609 4.832996883
610 5.143425442
611 5.470699736
612 5.81530205
613 6.177693096
614 6.558308585
615 6.957555701
616 7.375809493
617 7.813409194
618 8.270654495
619 8.747801784
620 9.245060389
621 9.762588827
622 10.3004911
623 10.85881307
624 11.4375389
625 12.03658764
626 12.65580997
627 13.2949851
628 13.95381791
629 14.63193629
630 15.3288888
631 16.04414259
632 16.77708164
633 17.5270054
634 18.29312778
635 19.07457654
636 19.8703931
637 20.67953286
638 21.5008659
639 22.33317825
640 23.17517357
641 24.02547542
642 24.88263002
643 25.74510947
644 26.6113156
645 27.47958424
646 28.34819005
647 29.21535184
648 30.07923838
649 30.93797464
650 31.78964855
651 32.63231809
652 33.46401887
653 34.28277192
654 35.086592
655 35.87349599
656 36.64151167
657 37.38868661
658 38.11309724
659 38.81285802
660 39.48613066
661 40.13113329
662 40.74614969
663 41.32953826
664 41.87974097
665 42.39529202
666 42.87482623
667 43.3170872
668 43.72093499
669 44.08535348
670 44.40945725
671 44.69249797
672 44.93387021
673 45.1331168
674 45.28993343
675 45.40417274
676 45.47584774
677 45.50513448
678 45.49237414
679 45.43807429
680 45.34290957
681 45.20772156
682 45.03351793
683 44.82147095
684 44.5729152
685 44.28934464
686 43.97240897
687 43.62390931
688 43.24579328
689 42.84014935
690 42.40920068
691 41.95529834
692 41.48091394
693 40.98863179
694 40.48114051
695 39.96122421
696 39.4317532
697 38.89567432
698 38.35600084
699 37.81580206
700 37.2781926
701 36.74632134
702 36.22336016
703 35.71249243
704 35.21690132
705 34.73975787
706 34.28420905
707 33.85336556
708 33.45028968
709 33.07798295
710 32.73937394
711 32.43730594
712 32.17452476
713 31.95366654
714 31.77724576
715 31.6476433
716 31.56709475
717 31.53767896
718 31.56130683
719 31.63971039
720 31.77443238
721 31.96681606
722 32.21799565
723 32.52888723
724 32.90018024
725 33.33232961
726 33.82554859
727 34.37980242
728 34.99480272
729 35.67000289
730 36.40459435
731 37.19750386
732 38.04739196
733 38.95265241
734 39.91141296
735 40.92153724
736 41.98062799
737 43.08603158
738 44.23484386
739 45.42391741
740 46.64987014
741 47.90909526
742 49.19777274
743 50.51188194
744 51.8472158
745 53.19939617
746 54.56389046
747 55.93602954
748 57.31102666
749 58.68399748
750 60.04998106
751 61.40396167
752 62.74089132
753 64.05571296
754 65.34338403
755 66.59890052
756 67.81732103
757 68.99379102
758 70.1235668
759 71.20203931
760 72.22475746
761 73.18745076
762 74.08605131
763 74.91671472
764 75.67584004
765 76.36008842
766 76.96640038
767 77.49201157
768 77.93446695
769 78.29163317
770 78.56170916
771 78.74323479
772 78.83509754
773 78.83653716
774 78.74714823
775 78.56688067
776 78.29603814
777 77.93527433
778 77.48558732
779 76.94831181
780 76.32510955
781 75.61795782
782 74.82913624
783 73.96121186
784 73.01702285
785 71.99966063
786 70.91245095
787 69.7589337
788 68.54284189
789 67.26807985
790 65.93870078
791 64.55888389
792 63.13291127
793 61.66514471
794 60.16000247
795 58.62193642
796 57.05540948
797 55.46487362
798 53.85474855
799 52.22940119
800 50.59312614
801 48.95012708
802 47.30449941
803 45.66021409
804 44.02110275
805 42.39084419
806 40.77295229
807 39.17076533
808 37.58743678
809 36.02592761
810 34.48899998
811 32.97921244
812 31.4989165
813 30.05025465
814 28.63515964
815 27.25535507
816 25.91235721
817 24.60747791
818 23.34182862
819 22.11632541
820 20.93169476
821 19.78848035
822 18.68705038
823 17.62760566
824 16.61018811
825 15.63468982
826 14.70086233
827 13.80832634
828 12.95658141
829 12.14501595
830 11.37291709
831 10.63948057
832 9.943820532
833 9.284979104
834 8.661935757
835 8.073616407
836 7.518902172
837 6.996637784
838 6.505639594
839 6.044703159
840 5.612610394
841 5.208136247
842 4.830054924
843 4.477145614
844 4.148197751
845 3.842015786
846 3.55742349
847 3.293267789
848 3.048422152
849 2.821789529
850 2.612304882
851 2.418937301
852 2.240691744
853 2.076610411
854 1.925773788
855 1.78730137
856 1.660352091
857 1.544124495
858 1.437856659
859 1.340825896
860 1.252348263
861 1.171777896
862 1.09850619
863 1.03196085
864 0.9716048277
865 0.9169351678
866 0.8674817758
867 0.8228061276
868 0.7824999345
869 0.7461837776
870 0.713505724
871 0.6841399365
872 0.6577852869
873 0.634163982
874 0.6130202103
875 0.594118816
876 0.577244007
877 0.5621981007
878 0.5488003129
879 0.5368855923
880 0.5263035035
881 0.5169171599
882 0.5086022088
883 0.5012458678
884 0.4947460142
885 0.4890103264
886 0.4839554761
887 0.4795063722
888 0.4755954526
889 0.4721620252
890 0.4691516538
891 0.466515589
892 0.4642102416
893 0.4621966956
894 0.4604402606
895 0.4589100597
896 0.4575786515
897 0.4564216849
898 0.4554175832
899 0.4545472564
900 0.4537938398
901 0.4531424565
902 0.4525800023
903 0.4520949516
904 0.4516771818
905 0.4513178156
906 0.4510090791
907 0.4507441744
908 0.4505171654
909 0.4503228765
910 0.4501568012
911 0.4500150213
912 0.4498941351
913 0.4497911931
914 0.4497036421
915 0.4496292744
916 0.4495661844
917 0.449512729
918 0.4494674936
919 0.4494292624
920 0.4493969912
921 0.4493697852
922 0.4493468779
923 0.4493276143
924 0.4493114352
925 0.4492978635
926 0.4492864934
927 0.4492769795
928 0.4492690288
929 0.4492623928
930 0.4492568609
931 0.4492522553
932 0.4492484255
933 0.4492452449
934 0.4492426067
935 0.4492404212
936 0.4492386128
937 0.4492371185
938 0.4492358852
939 0.4492348685
940 0.4492340315
941 0.4492333433
942 0.449232778
943 0.4492323144
944 0.4492319347
945 0.4492316239
946 0.44923137
947 0.4492311627
948 0.4492309938
949 0.4492308563
950 0.4492307444
951 0.4492306536
952 0.4492305799
953 0.4492305202
954 0.4492304719
955 0.4492304329
956 0.4492304014
957 0.449230376
958 0.4492303556
959 0.4492303392
960 0.449230326
961 0.4492303154
962 0.4492303069
963 0.4492303001
964 0.4492302947
965 0.4492302903
966 0.4492302869
967 0.4492302841
968 0.449230282
969 0.4492302802
970 0.4492302788
971 0.4492302777
972 0.4492302769
973 0.4492302762
974 0.4492302757
975 0.4492302752
976 0.4492302749
977 0.4492302746
978 0.4492302744
979 0.4492302743
980 0.4492302741
981 0.449230274
982 0.449230274
983 0.4492302739
984 0.4492302739
985 0.4492302738
986 0.4492302738
987 0.4492302738
988 0.4492302738
989 0.4492302737
990 0.4492302737
991 0.4492302737
992 0.4492302737
993 0.4492302737
994 0.4492302737
995 0.4492302737
996 0.4492302737
997 0.4492302737
998 0.4492302737
999 0.4492302737
1000 0.4492302737
1001 0.4492302737
1002 0.4492302737
1003 0.4492302737
1004 0.4492302737
1005 0.4492302737
1006 0.4492302737
1007 0.4492302737
1008 0.4492302737
1009 0.4492302737
1010 0.4492302737
1011 0.4492302737
1012 0.4492302737
1013 0.4492302737
1014 0.4492302737
1015 0.4492302737
1016 0.4492302737
1017 0.4492302737
1018 0.4492302737
1019 0.4492302737
1020 0.4492302737
1021 0.4492302737
1022 0.4492302737
1023 0.4492302737
