#55008 2909.9978450445530311 0.0045702532687461813743 1 1325 16.000049430220818044 1024 7 1 J1713+0747 0.0000000 
0 0.1468826704
1 0.1468826704
2 0.1468826704
3 0.1468826704
4 0.1468826704
5 0.1468826704
6 0.1468826704
7 0.1468826704
8 0.1468826704
9 0.1468826704
10 0.1468826704
11 0.1468826704
12 0.1468826704
13 0.1468826704
14 0.1468826704
15 0.1468826704
16 0.1468826704
17 0.1468826704
18 0.1468826704
19 0.1468826704
20 0.1468826704
21 0.1468826704
22 0.1468826704
23 0.1468826704
24 0.1468826704
25 0.1468826704
26 0.1468826704
27 0.1468826704
28 0.1468826704
29 0.1468826704
30 0.1468826704
31 0.1468826704
32 0.1468826704
33 0.1468826704
34 0.1468826704
35 0.1468826704
36 0.1468826704
37 0.1468826704
38 0.1468826704
39 0.1468826704
40 0.1468826704
41 0.1468826704
42 0.1468826704
43 0.1468826704
44 0.1468826704
45 0.1468826704
46 0.1468826704
47 0.1468826704
48 0.1468826704
49 0.1468826704
50 0.1468826704
51 0.1468826704
52 0.1468826704
53 0.1468826704
54 0.1468826704
55 0.1468826704
56 0.1468826704
57 0.1468826704
58 0.1468826704
59 0.1468826704
60 0.1468826704
61 0.1468826704
62 0.1468826704
63 0.1468826704
64 0.1468826704
65 0.1468826704
66 0.1468826704
67 0.1468826704
68 0.1468826704
69 0.1468826704
70 0.1468826704
71 0.1468826704
72 0.1468826704
73 0.1468826704
74 0.1468826704
75 0.1468826704
76 0.1468826704
77 0.1468826704
78 0.1468826704
79 0.1468826704
80 0.1468826704
81 0.1468826704
82 0.1468826704
83 0.1468826704
84 0.1468826704
85 0.1468826704
86 0.1468826704
87 0.1468826704
88 0.1468826704
89 0.1468826704
90 0.1468826704
91 0.1468826704
92 0.1468826704
93 0.1468826704
94 0.1468826704
95 0.1468826704
96 0.1468826704
97 0.1468826704
98 0.1468826704
99 0.1468826704
100 0.1468826704
101 0.1468826704
102 0.1468826704
103 0.1468826704
104 0.1468826704
105 0.1468826704
106 0.1468826704
107 0.1468826704
108 0.1468826704
109 0.1468826704
110 0.1468826704
111 0.1468826704
112 0.1468826704
113 0.1468826704
114 0.1468826704
115 0.1468826704
116 0.1468826704
117 0.1468826704
118 0.1468826704
119 0.1468826704
120 0.1468826704
121 0.1468826704
122 0.1468826704
123 0.1468826704
124 0.1468826704
125 0.1468826705
126 0.1468826705
127 0.1468826705
128 0.1468826705
129 0.1468826705
130 0.1468826705
131 0.1468826705
132 0.1468826705
133 0.1468826705
134 0.1468826705
135 0.1468826705
136 0.1468826705
137 0.1468826705
138 0.1468826705
139 0.1468826705
140 0.1468826705
141 0.1468826705
142 0.1468826705
143 0.1468826705
144 0.1468826705
145 0.1468826705
146 0.1468826705
147 0.1468826705
148 0.1468826705
149 0.1468826705
150 0.1468826705
151 0.1468826705
152 0.1468826705
153 0.1468826705
154 0.1468826706
155 0.1468826706
156 0.1468826706
157 0.1468826707
158 0.1468826707
159 0.1468826708
160 0.1468826709
161 0.146882671
162 0.1468826712
163 0.1468826714
164 0.1468826716
165 0.1468826719
166 0.1468826722
167 0.1468826727
168 0.1468826732
169 0.1468826739
170 0.1468826748
171 0.1468826758
172 0.1468826771
173 0.1468826787
174 0.1468826806
175 0.1468826831
176 0.146882686
177 0.1468826897
178 0.1468826942
179 0.1468826997
180 0.1468827065
181 0.1468827147
182 0.1468827249
183 0.1468827372
184 0.1468827523
185 0.1468827707
186 0.1468827931
187 0.1468828203
188 0.1468828534
189 0.1468828936
190 0.1468829424
191 0.1468830014
192 0.1468830729
193 0.1468831593
194 0.1468832636
195 0.1468833894
196 0.1468835411
197 0.1468837237
198 0.1468839432
199 0.146884207
200 0.1468845235
201 0.146884903
202 0.1468853574
203 0.146885901
204 0.1468865506
205 0.146887326
206 0.1468882507
207 0.1468893523
208 0.1468906631
209 0.1468922212
210 0.1468940715
211 0.1468962664
212 0.1468988672
213 0.1469019458
214 0.1469055861
215 0.1469098861
216 0.14691496
217 0.1469209406
218 0.1469279825
219 0.1469362655
220 0.1469459977
221 0.1469574208
222 0.1469708141
223 0.146986501
224 0.1470048547
225 0.1470263058
226 0.1470513504
227 0.1470805593
228 0.1471145889
229 0.1471541925
230 0.1472002342
231 0.1472537035
232 0.1473157327
233 0.1473876154
234 0.1474708279
235 0.1475670534
236 0.1476782081
237 0.1478064709
238 0.1479543171
239 0.1481245543
240 0.148320364
241 0.1485453464
242 0.1488035709
243 0.1490996314
244 0.1494387078
245 0.149826633
246 0.1502699679
247 0.1507760822
248 0.1513532445
249 0.1520107199
250 0.1527588772
251 0.1536093058
252 0.1545749429
253 0.1556702117
254 0.1569111722
255 0.158315683
256 0.1599035782
257 0.1616968566
258 0.1637198865
259 0.1659996258
260 0.1685658576
261 0.1714514433
262 0.1746925921
263 0.1783291489
264 0.1824049006
265 0.1869679008
266 0.1920708135
267 0.1977712771
268 0.2041322865
269 0.2112225953
270 0.2191171376
271 0.227897468
272 0.2376522202
273 0.2484775839
274 0.2604777974
275 0.2737656565
276 0.2884630374
277 0.3047014314
278 0.3226224909
279 0.3423785826
280 0.3641333462
281 0.3880622559
282 0.4143531806
283 0.4432069388
284 0.4748378459
285 0.5094742466
286 0.5473590303
287 0.5887501225
288 0.6339209469
289 0.6831608525
290 0.7367754992
291 0.7950871949
292 0.8584351775
293 0.9271758339
294 1.001682849
295 1.082347277
296 1.169577524
297 1.263799243
298 1.365455115
299 1.475004533
300 1.592923158
301 1.71970235
302 1.855848469
303 2.001882026
304 2.158336695
305 2.32575816
306 2.504702808
307 2.695736253
308 2.899431686
309 3.116368053
310 3.347128059
311 3.592295988
312 3.852455347
313 4.128186332
314 4.420063122
315 4.728650994
316 5.054503283
317 5.398158177
318 5.760135365
319 6.140932543
320 6.541021805
321 6.960845905
322 7.400814441
323 7.861299949
324 8.342633943
325 8.845102922
326 9.368944356
327 9.914342688
328 10.48142537
329 11.07025898
330 11.68084539
331 12.31311809
332 12.9669387
333 13.64209355
334 14.33829063
335 15.05515663
336 15.79223438
337 16.54898058
338 17.32476375
339 18.11886275
340 18.93046552
341 19.75866834
342 20.60247553
343 21.46079958
344 22.33246182
345 23.21619357
346 24.11063786
347 25.01435161
348 25.92580845
349 26.84340206
350 27.76544998
351 28.69019815
352 29.6158258
353 30.54045103
354 31.46213684
355 32.37889764
356 33.28870633
357 34.18950173
358 35.0791965
359 35.95568547
360 36.81685422
361 37.6605881
362 38.48478141
363 39.2873469
364 40.06622533
365 40.81939526
366 41.54488284
367 42.24077161
368 42.90521232
369 43.53643259
370 44.13274643
371 44.69256357
372 45.21439848
373 45.69687917
374 46.13875547
375 46.53890701
376 46.89635071
377 47.21024767
378 47.47990964
379 47.70480478
380 47.88456282
381 48.01897962
382 48.10802092
383 48.1518255
384 48.15070753
385 48.10515819
386 48.01584656
387 47.88361969
388 47.70950197
389 47.49469367
390 47.24056877
391 46.94867206
392 46.62071539
393 46.25857334
394 45.86427811
395 45.44001375
396 44.98810972
397 44.51103384
398 44.01138464
399 43.49188312
400 42.955364
401 42.40476639
402 41.8431241
403 41.27355536
404 40.69925228
405 40.12346978
406 39.54951431
407 38.98073212
408 38.42049739
409 37.87219996
410 37.33923297
411 36.82498022
412 36.3328034
413 35.86602922
414 35.42793642
415 35.02174269
416 34.65059161
417 34.31753957
418 34.02554268
419 33.77744386
420 33.57595991
421 33.42366883
422 33.32299729
423 33.27620829
424 33.28538919
425 33.35244
426 33.47906206
427 33.66674714
428 33.91676709
429 34.23016397
430 34.60774078
431 35.05005293
432 35.55740038
433 36.12982059
434 36.76708239
435 37.4686807
436 38.23383232
437 39.06147273
438 39.9502541
439 40.89854434
440 41.90442758
441 42.96570582
442 44.07990196
443 45.24426424
444 46.45577206
445 47.71114332
446 49.00684314
447 50.3390941
448 51.703888
449 53.09699897
450 54.51399814
451 55.95026962
452 57.40102788
453 58.86133643
454 60.32612771
455 61.79022409
456 63.24835998
457 64.69520481
458 66.12538688
459 67.53351784
460 68.91421774
461 70.26214052
462 71.57199963
463 72.83859387
464 74.05683303
465 75.22176333
466 76.32859239
467 77.37271362
468 78.34972984
469 79.2554759
470 80.08604026
471 80.8377852
472 81.50736572
473 82.09174678
474 82.58821885
475 82.99441171
476 83.30830623
477 83.5282442
478 83.65293604
479 83.68146635
480 83.61329729
481 83.44826973
482 83.18660213
483 82.82888731
484 82.37608688
485 81.82952372
486 81.19087221
487 80.46214658
488 79.64568733
489 78.74414583
490 77.76046737
491 76.69787254
492 75.55983739
493 74.35007225
494 73.07249961
495 71.73123106
496 70.33054354
497 68.87485515
498 67.36870048
499 65.81670598
500 64.22356514
501 62.59401408
502 60.93280733
503 59.24469426
504 57.53439611
505 55.80658393
506 54.06585738
507 52.31672468
508 50.56358371
509 48.81070445
510 47.06221269
511 45.32207526
512 43.59408668
513 41.88185742
514 40.1888036
515 38.51813835
516 36.87286468
517 35.25576993
518 33.6694217
519 32.11616531
520 30.59812267
521 29.11719251
522 27.675052
523 26.27315948
524 24.91275847
525 23.59488267
526 22.32036199
527 21.08982944
528 19.9037288
529 18.76232299
530 17.66570307
531 16.61379771
532 15.60638301
533 14.64309273
534 13.72342867
535 12.84677119
536 12.0123898
537 11.21945369
538 10.46704222
539 9.754155167
540 9.079722776
541 8.442615564
542 7.841653738
543 7.275616267
544 6.743249539
545 6.243275573
546 5.774399766
547 5.335318158
548 4.924724191
549 4.541314966
550 4.183796983
551 3.850891373
552 3.54133862
553 3.253902792
554 2.987375274
555 2.740578037
556 2.512366453
557 2.30163167
558 2.107302574
559 1.928347367
560 1.763774767
561 1.612634875
562 1.474019718
563 1.347063507
564 1.230942622
565 1.124875365
566 1.028121483
567 0.9399815178
568 0.8597959693
569 0.7869443233
570 0.7208439508
571 0.6609489027
572 0.6067486184
573 0.5577665674
574 0.5135588376
575 0.4737126887
576 0.4378450811
577 0.4056011955
578 0.3766529537
579 0.3506975492
580 0.3274559984
581 0.3066717192
582 0.2881091431
583 0.2715523677
584 0.2568038522
585 0.2436831624
586 0.2320257651
587 0.2216818767
588 0.2125153655
589 0.2044027103
590 0.1972320137
591 0.1909020718
592 0.1853214991
593 0.1804079068
594 0.1760871347
595 0.1722925337
596 0.1689642992
597 0.1660488508
598 0.163498259
599 0.1612697146
600 0.1593250405
601 0.157630242
602 0.156155094
603 0.1548727642
604 0.1537594669
605 0.1527941496
606 0.1519582057
607 0.1512352149
608 0.150610708
609 0.1500719532
610 0.1496077644
611 0.1492083271
612 0.1488650437
613 0.1485703926
614 0.1483178034
615 0.1481015451
616 0.1479166254
617 0.1477587023
618 0.1476240044
619 0.1475092605
620 0.1474116378
621 0.1473286859
622 0.1472582886
623 0.1471986209
624 0.1471481109
625 0.1471054067
626 0.1470693473
627 0.1470389369
628 0.1470133226
629 0.146991775
630 0.1469736713
631 0.1469584799
632 0.1469457483
633 0.1469350916
634 0.1469261827
635 0.1469187442
636 0.1469125413
637 0.1469073752
638 0.1469030779
639 0.1468995077
640 0.1468965454
641 0.1468940904
642 0.1468920585
643 0.1468903788
644 0.146888992
645 0.1468878484
646 0.1468869066
647 0.1468861319
648 0.1468854955
649 0.1468849733
650 0.1468845454
651 0.1468841951
652 0.1468839088
653 0.146883675
654 0.1468834844
655 0.1468833292
656 0.1468832029
657 0.1468831003
658 0.1468830171
659 0.1468829496
660 0.146882895
661 0.1468828509
662 0.1468828152
663 0.1468827865
664 0.1468827633
665 0.1468827447
666 0.1468827298
667 0.1468827178
668 0.1468827081
669 0.1468827004
670 0.1468826943
671 0.1468826894
672 0.1468826854
673 0.1468826823
674 0.1468826798
675 0.1468826779
676 0.1468826763
677 0.1468826751
678 0.1468826741
679 0.1468826733
680 0.1468826727
681 0.1468826722
682 0.1468826718
683 0.1468826715
684 0.1468826713
685 0.1468826711
686 0.146882671
687 0.1468826708
688 0.1468826708
689 0.1468826707
690 0.1468826706
691 0.1468826706
692 0.1468826706
693 0.1468826705
694 0.1468826705
695 0.1468826705
696 0.1468826705
697 0.1468826705
698 0.1468826705
699 0.1468826705
700 0.1468826705
701 0.1468826705
702 0.1468826705
703 0.1468826705
704 0.1468826705
705 0.1468826705
706 0.1468826705
707 0.1468826705
708 0.1468826705
709 0.1468826705
710 0.1468826705
711 0.1468826705
712 0.1468826705
713 0.1468826705
714 0.1468826705
715 0.1468826705
716 0.1468826705
717 0.1468826705
718 0.1468826705
719 0.1468826704
720 0.1468826704
721 0.1468826704
722 0.1468826704
723 0.1468826704
724 0.1468826704
725 0.1468826704
726 0.1468826704
727 0.1468826704
728 0.1468826704
729 0.1468826704
730 0.1468826704
731 0.1468826704
732 0.1468826704
733 0.1468826704
734 0.1468826704
735 0.1468826704
736 0.1468826704
737 0.1468826704
738 0.1468826704
739 0.1468826704
740 0.1468826704
741 0.1468826704
742 0.1468826704
743 0.1468826704
744 0.1468826704
745 0.1468826704
746 0.1468826704
747 0.1468826704
748 0.1468826704
749 0.1468826704
750 0.1468826704
751 0.1468826704
752 0.1468826704
753 0.1468826704
754 0.1468826704
755 0.1468826704
756 0.1468826704
757 0.1468826704
758 0.1468826704
759 0.1468826704
760 0.1468826704
761 0.1468826704
762 0.1468826704
763 0.1468826704
764 0.1468826704
765 0.1468826704
766 0.1468826704
767 0.1468826704
768 0.1468826704
769 0.1468826704
770 0.1468826704
771 0.1468826704
772 0.1468826704
773 0.1468826704
774 0.1468826704
775 0.1468826704
776 0.1468826704
777 0.1468826704
778 0.1468826704
779 0.1468826704
780 0.1468826704
781 0.1468826704
782 0.1468826704
783 0.1468826704
784 0.1468826704
785 0.1468826704
786 0.1468826704
787 0.1468826704
788 0.1468826704
789 0.1468826704
790 0.1468826704
791 0.1468826704
792 0.1468826704
793 0.1468826704
794 0.1468826704
795 0.1468826704
796 0.1468826704
797 0.1468826704
798 0.1468826704
799 0.1468826704
800 0.1468826704
801 0.1468826704
802 0.1468826704
803 0.1468826704
804 0.1468826704
805 0.1468826704
806 0.1468826704
807 0.1468826704
808 0.1468826704
809 0.1468826704
810 0.1468826704
811 0.1468826704
812 0.1468826704
813 0.1468826704
814 0.1468826704
815 0.1468826704
816 0.1468826704
817 0.1468826704
818 0.1468826704
819 0.1468826704
820 0.1468826704
821 0.1468826704
822 0.1468826704
823 0.1468826704
824 0.1468826704
825 0.1468826704
826 0.1468826704
827 0.1468826704
828 0.1468826704
829 0.1468826704
830 0.1468826704
831 0.1468826704
832 0.1468826704
833 0.1468826704
834 0.1468826704
835 0.1468826704
836 0.1468826704
837 0.1468826704
838 0.1468826704
839 0.1468826704
840 0.1468826704
841 0.1468826704
842 0.1468826704
843 0.1468826704
844 0.1468826704
845 0.1468826704
846 0.1468826704
847 0.1468826704
848 0.1468826704
849 0.1468826704
850 0.1468826704
851 0.1468826704
852 0.1468826704
853 0.1468826704
854 0.1468826704
855 0.1468826704
856 0.1468826704
857 0.1468826704
858 0.1468826704
859 0.1468826704
860 0.1468826704
861 0.1468826704
862 0.1468826704
863 0.1468826704
864 0.1468826704
865 0.1468826704
866 0.1468826704
867 0.1468826704
868 0.1468826704
869 0.1468826704
870 0.1468826704
871 0.1468826704
872 0.1468826704
873 0.1468826704
874 0.1468826704
875 0.1468826704
876 0.1468826704
877 0.1468826704
878 0.1468826704
879 0.1468826704
880 0.1468826704
881 0.1468826704
882 0.1468826704
883 0.1468826704
884 0.1468826704
885 0.1468826704
886 0.1468826704
887 0.1468826704
888 0.1468826704
889 0.1468826704
890 0.1468826704
891 0.1468826704
892 0.1468826704
893 0.1468826704
894 0.1468826704
895 0.1468826704
896 0.1468826704
897 0.1468826704
898 0.1468826704
899 0.1468826704
900 0.1468826704
901 0.1468826704
902 0.1468826704
903 0.1468826704
904 0.1468826704
905 0.1468826704
906 0.1468826704
907 0.1468826704
908 0.1468826704
909 0.1468826704
910 0.1468826704
911 0.1468826704
912 0.1468826704
913 0.1468826704
914 0.1468826704
915 0.1468826704
916 0.1468826704
917 0.1468826704
918 0.1468826704
919 0.1468826704
920 0.1468826704
921 0.1468826704
922 0.1468826704
923 0.1468826704
924 0.1468826704
925 0.1468826704
926 0.1468826704
927 0.1468826704
928 0.1468826704
929 0.1468826704
930 0.1468826704
931 0.1468826704
932 0.1468826704
933 0.1468826704
934 0.1468826704
935 0.1468826704
936 0.1468826704
937 0.1468826704
938 0.1468826704
939 0.1468826704
940 0.1468826704
941 0.1468826704
942 0.1468826704
943 0.1468826704
944 0.1468826704
945 0.1468826704
946 0.1468826704
947 0.1468826704
948 0.1468826704
949 0.1468826704
950 0.1468826704
951 0.1468826704
952 0.1468826704
953 0.1468826704
954 0.1468826704
955 0.1468826704
956 0.1468826704
957 0.1468826704
958 0.1468826704
959 0.1468826704
960 0.1468826704
961 0.1468826704
962 0.1468826704
963 0.1468826704
964 0.1468826704
965 0.1468826704
966 0.1468826704
967 0.1468826704
968 0.1468826704
969 0.1468826704
970 0.1468826704
971 0.1468826704
972 0.1468826704
973 0.1468826704
974 0.1468826704
975 0.1468826704
976 0.1468826704
977 0.1468826704
978 0.1468826704
979 0.1468826704
980 0.1468826704
981 0.1468826704
982 0.1468826704
983 0.1468826704
984 0.1468826704
985 0.1468826704
986 0.1468826704
987 0.1468826704
988 0.1468826704
989 0.1468826704
990 0.1468826704
991 0.1468826704
992 0.1468826704
993 0.1468826704
994 0.1468826704
995 0.1468826704
996 0.1468826704
997 0.1468826704
998 0.1468826704
999 0.1468826704
1000 0.1468826704
1001 0.1468826704
1002 0.1468826704
1003 0.1468826704
1004 0.1468826704
1005 0.1468826704
1006 0.1468826704
1007 0.1468826704
1008 0.1468826704
1009 0.1468826704
1010 0.1468826704
1011 0.1468826704
1012 0.1468826704
1013 0.1468826704
1014 0.1468826704
1015 0.1468826704
1016 0.1468826704
1017 0.1468826704
1018 0.1468826704
1019 0.1468826704
1020 0.1468826704
1021 0.1468826704
1022 0.1468826704
1023 0.1468826704
