#55073 2909.9980860503919531 0.0045705129317840948594 1 1453 16.000049430220818044 1024 7 1 J1713+0747 0.0000000 
0 -0.3657999545
1 -0.3657999545
2 -0.3657999545
3 -0.3657999545
4 -0.3657999545
5 -0.3657999545
6 -0.3657999545
7 -0.3657999545
8 -0.3657999545
9 -0.3657999545
10 -0.3657999545
11 -0.3657999545
12 -0.3657999545
13 -0.3657999545
14 -0.3657999545
15 -0.3657999545
16 -0.3657999545
17 -0.3657999545
18 -0.3657999545
19 -0.3657999545
20 -0.3657999545
21 -0.3657999545
22 -0.3657999545
23 -0.3657999545
24 -0.3657999545
25 -0.3657999545
26 -0.3657999545
27 -0.3657999545
28 -0.3657999545
29 -0.3657999545
30 -0.3657999545
31 -0.3657999545
32 -0.3657999545
33 -0.3657999545
34 -0.3657999545
35 -0.3657999545
36 -0.3657999545
37 -0.3657999545
38 -0.3657999545
39 -0.3657999545
40 -0.3657999545
41 -0.3657999545
42 -0.3657999545
43 -0.3657999545
44 -0.3657999545
45 -0.3657999545
46 -0.3657999545
47 -0.3657999545
48 -0.3657999545
49 -0.3657999545
50 -0.3657999545
51 -0.3657999545
52 -0.3657999545
53 -0.3657999545
54 -0.3657999545
55 -0.3657999545
56 -0.3657999545
57 -0.3657999545
58 -0.3657999545
59 -0.3657999545
60 -0.3657999545
61 -0.3657999545
62 -0.3657999545
63 -0.3657999545
64 -0.3657999545
65 -0.3657999545
66 -0.3657999545
67 -0.3657999545
68 -0.3657999545
69 -0.3657999545
70 -0.3657999545
71 -0.3657999545
72 -0.3657999545
73 -0.3657999545
74 -0.3657999545
75 -0.3657999545
76 -0.3657999545
77 -0.3657999545
78 -0.3657999545
79 -0.3657999545
80 -0.3657999545
81 -0.3657999545
82 -0.3657999545
83 -0.3657999545
84 -0.3657999545
85 -0.3657999545
86 -0.3657999545
87 -0.3657999545
88 -0.3657999545
89 -0.3657999545
90 -0.3657999545
91 -0.3657999545
92 -0.3657999545
93 -0.3657999545
94 -0.3657999545
95 -0.3657999545
96 -0.3657999545
97 -0.3657999545
98 -0.3657999545
99 -0.3657999545
100 -0.3657999545
101 -0.3657999545
102 -0.3657999545
103 -0.3657999545
104 -0.3657999545
105 -0.3657999545
106 -0.3657999545
107 -0.3657999545
108 -0.3657999545
109 -0.3657999545
110 -0.3657999545
111 -0.3657999545
112 -0.3657999545
113 -0.3657999545
114 -0.3657999545
115 -0.3657999545
116 -0.3657999545
117 -0.3657999545
118 -0.3657999545
119 -0.3657999545
120 -0.3657999545
121 -0.3657999545
122 -0.3657999545
123 -0.3657999545
124 -0.3657999545
125 -0.3657999545
126 -0.3657999545
127 -0.3657999545
128 -0.3657999545
129 -0.3657999545
130 -0.3657999545
131 -0.3657999545
132 -0.3657999545
133 -0.3657999545
134 -0.3657999545
135 -0.3657999545
136 -0.3657999545
137 -0.3657999545
138 -0.3657999545
139 -0.3657999545
140 -0.3657999545
141 -0.3657999545
142 -0.3657999545
143 -0.3657999545
144 -0.3657999545
145 -0.3657999545
146 -0.3657999545
147 -0.3657999545
148 -0.3657999545
149 -0.3657999545
150 -0.3657999545
151 -0.3657999545
152 -0.3657999545
153 -0.3657999545
154 -0.3657999545
155 -0.3657999545
156 -0.3657999545
157 -0.3657999545
158 -0.3657999545
159 -0.3657999545
160 -0.3657999545
161 -0.3657999545
162 -0.3657999545
163 -0.3657999545
164 -0.3657999545
165 -0.3657999545
166 -0.3657999545
167 -0.3657999545
168 -0.3657999545
169 -0.3657999545
170 -0.3657999545
171 -0.3657999545
172 -0.3657999545
173 -0.3657999545
174 -0.3657999545
175 -0.3657999545
176 -0.3657999545
177 -0.3657999545
178 -0.3657999545
179 -0.3657999545
180 -0.3657999545
181 -0.3657999545
182 -0.3657999545
183 -0.3657999545
184 -0.3657999545
185 -0.3657999545
186 -0.3657999545
187 -0.3657999545
188 -0.3657999545
189 -0.3657999545
190 -0.3657999545
191 -0.3657999545
192 -0.3657999545
193 -0.3657999545
194 -0.3657999545
195 -0.3657999545
196 -0.3657999545
197 -0.3657999545
198 -0.3657999545
199 -0.3657999545
200 -0.3657999545
201 -0.3657999545
202 -0.3657999545
203 -0.3657999545
204 -0.3657999545
205 -0.3657999545
206 -0.3657999545
207 -0.3657999545
208 -0.3657999545
209 -0.3657999545
210 -0.3657999545
211 -0.3657999545
212 -0.3657999545
213 -0.3657999545
214 -0.3657999545
215 -0.3657999545
216 -0.3657999545
217 -0.3657999545
218 -0.3657999545
219 -0.3657999545
220 -0.3657999545
221 -0.3657999545
222 -0.3657999545
223 -0.3657999545
224 -0.3657999545
225 -0.3657999545
226 -0.3657999545
227 -0.3657999545
228 -0.3657999545
229 -0.3657999545
230 -0.3657999545
231 -0.3657999545
232 -0.3657999545
233 -0.3657999545
234 -0.3657999545
235 -0.3657999545
236 -0.3657999545
237 -0.3657999545
238 -0.3657999545
239 -0.3657999545
240 -0.3657999545
241 -0.3657999545
242 -0.3657999545
243 -0.3657999545
244 -0.3657999545
245 -0.3657999545
246 -0.3657999545
247 -0.3657999545
248 -0.3657999545
249 -0.3657999545
250 -0.3657999545
251 -0.3657999545
252 -0.3657999545
253 -0.3657999545
254 -0.3657999545
255 -0.3657999545
256 -0.3657999545
257 -0.3657999545
258 -0.3657999545
259 -0.3657999545
260 -0.3657999545
261 -0.3657999545
262 -0.3657999545
263 -0.3657999545
264 -0.3657999545
265 -0.3657999545
266 -0.3657999545
267 -0.3657999545
268 -0.3657999545
269 -0.3657999545
270 -0.3657999545
271 -0.3657999545
272 -0.3657999545
273 -0.3657999545
274 -0.3657999545
275 -0.3657999545
276 -0.3657999545
277 -0.3657999545
278 -0.3657999545
279 -0.3657999545
280 -0.3657999545
281 -0.3657999545
282 -0.3657999545
283 -0.3657999545
284 -0.3657999545
285 -0.3657999545
286 -0.3657999545
287 -0.3657999545
288 -0.3657999545
289 -0.3657999545
290 -0.3657999545
291 -0.3657999545
292 -0.3657999545
293 -0.3657999545
294 -0.3657999545
295 -0.3657999545
296 -0.3657999545
297 -0.3657999545
298 -0.3657999545
299 -0.3657999545
300 -0.3657999545
301 -0.3657999545
302 -0.3657999545
303 -0.3657999545
304 -0.3657999545
305 -0.3657999545
306 -0.3657999545
307 -0.3657999545
308 -0.3657999545
309 -0.3657999545
310 -0.3657999545
311 -0.3657999545
312 -0.3657999545
313 -0.3657999545
314 -0.3657999545
315 -0.3657999545
316 -0.3657999545
317 -0.3657999545
318 -0.3657999545
319 -0.3657999545
320 -0.3657999545
321 -0.3657999545
322 -0.3657999545
323 -0.3657999545
324 -0.3657999545
325 -0.3657999545
326 -0.3657999545
327 -0.3657999545
328 -0.3657999545
329 -0.3657999545
330 -0.3657999545
331 -0.3657999545
332 -0.3657999545
333 -0.3657999545
334 -0.3657999545
335 -0.3657999545
336 -0.3657999545
337 -0.3657999545
338 -0.3657999545
339 -0.3657999545
340 -0.3657999545
341 -0.3657999545
342 -0.3657999545
343 -0.3657999545
344 -0.3657999545
345 -0.3657999545
346 -0.3657999545
347 -0.3657999545
348 -0.3657999545
349 -0.3657999545
350 -0.3657999545
351 -0.3657999545
352 -0.3657999545
353 -0.3657999545
354 -0.3657999544
355 -0.3657999544
356 -0.3657999544
357 -0.3657999544
358 -0.3657999543
359 -0.3657999543
360 -0.3657999542
361 -0.3657999541
362 -0.365799954
363 -0.3657999539
364 -0.3657999538
365 -0.3657999536
366 -0.3657999534
367 -0.3657999531
368 -0.3657999527
369 -0.3657999523
370 -0.3657999517
371 -0.3657999511
372 -0.3657999502
373 -0.3657999492
374 -0.3657999479
375 -0.3657999463
376 -0.3657999444
377 -0.365799942
378 -0.3657999391
379 -0.3657999354
380 -0.365799931
381 -0.3657999256
382 -0.3657999189
383 -0.3657999107
384 -0.3657999008
385 -0.3657998886
386 -0.3657998737
387 -0.3657998556
388 -0.3657998336
389 -0.3657998068
390 -0.3657997742
391 -0.3657997347
392 -0.3657996869
393 -0.3657996289
394 -0.3657995588
395 -0.3657994741
396 -0.3657993718
397 -0.3657992485
398 -0.3657991
399 -0.3657989213
400 -0.3657987064
401 -0.3657984485
402 -0.3657981391
403 -0.3657977684
404 -0.3657973247
405 -0.3657967941
406 -0.3657961604
407 -0.3657954043
408 -0.365794503
409 -0.3657934299
410 -0.3657921536
411 -0.3657906372
412 -0.3657888373
413 -0.3657867033
414 -0.3657841758
415 -0.3657811854
416 -0.3657776511
417 -0.3657734783
418 -0.365768557
419 -0.365762759
420 -0.3657559353
421 -0.365747913
422 -0.3657384916
423 -0.3657274387
424 -0.3657144856
425 -0.3656993217
426 -0.3656815885
427 -0.3656608727
428 -0.3656366983
429 -0.365608518
430 -0.3655757027
431 -0.3655375307
432 -0.3654931751
433 -0.3654416888
434 -0.3653819892
435 -0.3653128399
436 -0.3652328304
437 -0.3651403541
438 -0.3650335824
439 -0.3649104371
440 -0.3647685592
441 -0.3646052739
442 -0.3644175523
443 -0.3642019684
444 -0.3639546523
445 -0.3636712373
446 -0.3633468029
447 -0.362975811
448 -0.3625520363
449 -0.3620684896
450 -0.361517334
451 -0.360889793
452 -0.3601760503
453 -0.3593651404
454 -0.3584448297
455 -0.357401487
456 -0.3562199438
457 -0.3548833419
458 -0.3533729701
459 -0.3516680868
460 -0.3497457303
461 -0.3475805139
462 -0.3451444072
463 -0.3424065017
464 -0.3393327604
465 -0.335885752
466 -0.3320243672
467 -0.327703519
468 -0.3228738253
469 -0.3174812738
470 -0.3114668701
471 -0.3047662676
472 -0.2973093808
473 -0.2890199814
474 -0.2798152783
475 -0.2696054819
476 -0.2582933541
477 -0.2457737445
478 -0.2319331151
479 -0.2166490539
480 -0.199789781
481 -0.181213648
482 -0.1607686337
483 -0.1382918395
484 -0.1136089868
485 -0.08653392057
486 -0.05686812258
487 -0.02440023859
488 0.01109437582
489 0.04985408606
490 0.09213138063
491 0.138193239
492 0.1883214596
493 0.2428129407
494 0.3019799097
495 0.3661500921
496 0.435666814
497 0.5108890318
498 0.5921912802
499 0.6799635326
500 0.7746109661
501 0.8765536231
502 0.9862259636
503 1.104076299
504 1.230566105
505 1.366169199
506 1.511370783
507 1.66666635
508 1.832560431
509 2.0095652
510 2.198198921
511 2.398984235
512 2.61244629
513 2.839110706
514 3.079501382
515 3.334138148
516 3.603534252
517 3.888193706
518 4.188608476
519 4.50525554
520 4.838593815
521 5.189060959
522 5.557070075
523 5.943006313
524 6.347223392
525 6.770040071
526 7.211736563
527 7.672550933
528 8.152675492
529 8.652253212
530 9.171374184
531 9.710072144
532 10.2683211
533 10.84603208
534 11.44305001
535 12.05915083
536 12.69403874
537 13.3473437
538 14.01861928
539 14.70734066
540 15.41290304
541 16.13462039
542 16.87172454
543 17.62336467
544 18.38860722
545 19.16643625
546 19.9557542
547 20.75538319
548 21.56406674
549 22.380472
550 23.20319248
551 24.03075128
552 24.8616048
553 25.69414696
554 26.52671391
555 27.3575892
556 28.18500946
557 29.00717043
558 29.82223352
559 30.62833269
560 31.42358175
561 32.20608192
562 32.97392981
563 33.72522556
564 34.45808123
565 35.17062938
566 35.86103182
567 36.52748833
568 37.16824557
569 37.78160588
570 38.36593601
571 38.91967584
572 39.4413468
573 39.9295602
574 40.38302521
575 40.80055662
576 41.18108213
577 41.52364936
578 41.82743231
579 42.09173746
580 42.31600922
581 42.49983494
582 42.64294925
583 42.74523789
584 42.80674081
585 42.82765467
586 42.8083347
587 42.7492958
588 42.65121307
589 42.51492152
590 42.34141523
591 42.13184568
592 41.88751954
593 41.60989567
594 41.30058157
595 40.96132911
596 40.59402964
597 40.20070858
598 39.78351935
599 39.34473676
600 38.88674991
601 38.41205452
602 37.92324486
603 37.42300521
604 36.91410083
605 36.39936868
606 35.88170768
607 35.36406864
608 34.84944398
609 34.34085704
610 33.84135132
611 33.35397931
612 32.88179132
613 32.42782405
614 31.99508899
615 31.58656086
616 31.20516585
617 30.85376986
618 30.53516674
619 30.25206651
620 30.00708369
621 29.80272559
622 29.64138086
623 29.5253081
624 29.45662465
625 29.43729567
626 29.46912344
627 29.55373699
628 29.69258209
629 29.88691166
630 30.13777662
631 30.44601731
632 30.81225538
633 31.23688643
634 31.72007325
635 32.26173985
636 32.86156627
637 33.5189843
638 34.23317404
639 35.00306157
640 35.82731755
641 36.70435696
642 37.63233999
643 38.6091741
644 39.63251731
645 40.69978279
646 41.80814466
647 42.95454521
648 44.13570336
649 45.34812446
650 46.58811148
651 47.85177741
652 49.13505903
653 50.43373183
654 51.74342624
655 53.05964489
656 54.37778099
657 55.69313771
658 57.00094842
659 58.29639774
660 59.57464326
661 60.83083785
662 62.06015235
663 63.2577986
664 64.41905261
665 65.5392777
666 66.61394756
667 67.63866891
668 68.6092038
669 69.5214912
670 70.37166792
671 71.15608849
672 71.87134407
673 72.5142801
674 73.08201265
675 73.5719432
676 73.98177201
677 74.30950962
678 74.55348675
679 74.71236219
680 74.78512895
681 74.77111826
682 74.67000181
683 74.48179174
684 74.20683886
685 73.84582872
686 73.39977581
687 72.87001586
688 72.25819626
689 71.56626481
690 70.79645669
691 69.95127998
692 69.03349971
693 68.0461206
694 66.99236861
695 65.87567151
696 64.69963854
697 63.46803941
698 62.18478269
699 60.85389384
700 59.47949302
701 58.06577283
702 56.61697611
703 55.13737408
704 53.63124476
705 52.102852
706 50.55642521
707 48.99613979
708 47.42609857
709 45.85031421
710 44.27269275
711 42.69701829
712 41.12693898
713 39.56595433
714 38.01740382
715 36.48445692
716 34.97010454
717 33.47715188
718 32.00821263
719 30.56570459
720 29.1518467
721 27.76865726
722 26.41795354
723 25.10135254
724 23.8202729
725 22.57593792
726 21.36937957
727 20.20144344
728 19.07279446
729 17.98392353
730 16.93515464
731 15.92665274
732 14.95843195
733 14.03036432
734 13.14218879
735 12.2935205
736 11.48386016
737 10.7126036
738 9.979051223
739 9.282417524
740 8.62184039
741 7.996390279
742 7.405079156
743 6.846869149
744 6.320680898
745 5.825401546
746 5.359892346
747 4.922995861
748 4.513542742
749 4.130358051
750 3.772267142
751 3.438101074
752 3.126701568
753 2.836925506
754 2.567648973
755 2.317770856
756 2.086216018
757 1.871938043
758 1.673921587
759 1.491184346
760 1.322778657
761 1.167792761
762 1.025351744
763 0.8946181808
764 0.7747925017
765 0.6651131126
766 0.5648562806
767 0.4733358168
768 0.3899025729
769 0.3139437753
770 0.2448822165
771 0.1821753244
772 0.1253141266
773 0.07382212909
774 0.02725412485
775 -0.01480505204
776 -0.05274181236
777 -0.0869151248
778 -0.1176578444
779 -0.1452780455
780 -0.1700603492
781 -0.192267238
782 -0.2121403488
783 -0.2299017386
784 -0.2457551171
785 -0.2598870418
786 -0.2724680716
787 -0.2836538763
788 -0.2935862985
789 -0.3023943683
790 -0.3101952672
791 -0.3170952431
792 -0.3231904743
793 -0.3285678839
794 -0.3333059053
795 -0.337475199
796 -0.3411393229
797 -0.3443553564
798 -0.3471744812
799 -0.3496425195
800 -0.3518004326
801 -0.3536847797
802 -0.3553281421
803 -0.3567595115
804 -0.3580046468
805 -0.3590864002
806 -0.360025015
807 -0.3608383967
808 -0.3615423593
809 -0.3621508494
810 -0.3626761484
811 -0.3631290556
812 -0.3635190531
813 -0.3638544543
814 -0.3641425377
815 -0.3643896663
816 -0.3646013947
817 -0.364782565
818 -0.3649373922
819 -0.36506954
820 -0.3651821886
821 -0.3652780942
822 -0.3653596428
823 -0.3654288964
824 -0.3654876349
825 -0.3655373923
826 -0.3655794888
827 -0.3656150594
828 -0.365645078
829 -0.3656703795
830 -0.3656916783
831 -0.3657095854
832 -0.3657246219
833 -0.3657372323
834 -0.3657477947
835 -0.3657566308
836 -0.3657640134
837 -0.365770174
838 -0.3657753083
839 -0.3657795821
840 -0.3657831351
841 -0.3657860852
842 -0.3657885317
843 -0.3657905579
844 -0.3657922341
845 -0.3657936189
846 -0.3657947616
847 -0.3657957033
848 -0.3657964785
849 -0.3657971157
850 -0.3657976389
851 -0.365798068
852 -0.3657984194
853 -0.3657987069
854 -0.3657989417
855 -0.3657991334
856 -0.3657992895
857 -0.3657994167
858 -0.36579952
859 -0.3657996039
860 -0.365799672
861 -0.3657997271
862 -0.3657997717
863 -0.3657998077
864 -0.3657998368
865 -0.3657998602
866 -0.365799879
867 -0.3657998942
868 -0.3657999064
869 -0.3657999161
870 -0.365799924
871 -0.3657999302
872 -0.3657999352
873 -0.3657999392
874 -0.3657999424
875 -0.3657999449
876 -0.3657999469
877 -0.3657999485
878 -0.3657999498
879 -0.3657999508
880 -0.3657999516
881 -0.3657999522
882 -0.3657999527
883 -0.3657999531
884 -0.3657999534
885 -0.3657999536
886 -0.3657999538
887 -0.365799954
888 -0.3657999541
889 -0.3657999542
890 -0.3657999543
891 -0.3657999543
892 -0.3657999544
893 -0.3657999544
894 -0.3657999544
895 -0.3657999544
896 -0.3657999545
897 -0.3657999545
898 -0.3657999545
899 -0.3657999545
900 -0.3657999545
901 -0.3657999545
902 -0.3657999545
903 -0.3657999545
904 -0.3657999545
905 -0.3657999545
906 -0.3657999545
907 -0.3657999545
908 -0.3657999545
909 -0.3657999545
910 -0.3657999545
911 -0.3657999545
912 -0.3657999545
913 -0.3657999545
914 -0.3657999545
915 -0.3657999545
916 -0.3657999545
917 -0.3657999545
918 -0.3657999545
919 -0.3657999545
920 -0.3657999545
921 -0.3657999545
922 -0.3657999545
923 -0.3657999545
924 -0.3657999545
925 -0.3657999545
926 -0.3657999545
927 -0.3657999545
928 -0.3657999545
929 -0.3657999545
930 -0.3657999545
931 -0.3657999545
932 -0.3657999545
933 -0.3657999545
934 -0.3657999545
935 -0.3657999545
936 -0.3657999545
937 -0.3657999545
938 -0.3657999545
939 -0.3657999545
940 -0.3657999545
941 -0.3657999545
942 -0.3657999545
943 -0.3657999545
944 -0.3657999545
945 -0.3657999545
946 -0.3657999545
947 -0.3657999545
948 -0.3657999545
949 -0.3657999545
950 -0.3657999545
951 -0.3657999545
952 -0.3657999545
953 -0.3657999545
954 -0.3657999545
955 -0.3657999545
956 -0.3657999545
957 -0.3657999545
958 -0.3657999545
959 -0.3657999545
960 -0.3657999545
961 -0.3657999545
962 -0.3657999545
963 -0.3657999545
964 -0.3657999545
965 -0.3657999545
966 -0.3657999545
967 -0.3657999545
968 -0.3657999545
969 -0.3657999545
970 -0.3657999545
971 -0.3657999545
972 -0.3657999545
973 -0.3657999545
974 -0.3657999545
975 -0.3657999545
976 -0.3657999545
977 -0.3657999545
978 -0.3657999545
979 -0.3657999545
980 -0.3657999545
981 -0.3657999545
982 -0.3657999545
983 -0.3657999545
984 -0.3657999545
985 -0.3657999545
986 -0.3657999545
987 -0.3657999545
988 -0.3657999545
989 -0.3657999545
990 -0.3657999545
991 -0.3657999545
992 -0.3657999545
993 -0.3657999545
994 -0.3657999545
995 -0.3657999545
996 -0.3657999545
997 -0.3657999545
998 -0.3657999545
999 -0.3657999545
1000 -0.3657999545
1001 -0.3657999545
1002 -0.3657999545
1003 -0.3657999545
1004 -0.3657999545
1005 -0.3657999545
1006 -0.3657999545
1007 -0.3657999545
1008 -0.3657999545
1009 -0.3657999545
1010 -0.3657999545
1011 -0.3657999545
1012 -0.3657999545
1013 -0.3657999545
1014 -0.3657999545
1015 -0.3657999545
1016 -0.3657999545
1017 -0.3657999545
1018 -0.3657999545
1019 -0.3657999545
1020 -0.3657999545
1021 -0.3657999545
1022 -0.3657999545
1023 -0.3657999545
