#55402 2910.0009537779968543 0.0045704080252021326777 1 1277 16.000049430220818044 1024 7 1 J1713+0747 0.0000000 
0 2.080228776
1 1.887335173
2 1.709796545
3 1.546613418
4 1.396828987
5 1.259529548
6 1.133844658
7 1.018947018
8 0.914052128
9 0.8184177258
10 0.7313430416
11 0.652167886
12 0.5802715984
13 0.5150718751
14 0.4560234975
15 0.4026169796
16 0.3543771528
17 0.3108617032
18 0.2716596777
19 0.2363899714
20 0.2046998094
21 0.1762632334
22 0.1507796036
23 0.1279721233
24 0.1075863952
25 0.08938901444
26 0.07316620426
27 0.05872249851
28 0.04587947471
29 0.03447454014
30 0.02435977299
31 0.0154008198
32 0.007475849968
33 0.0004745673628
34 -0.005702721181
35 -0.0111459813
36 -0.01593627152
37 -0.02014651004
38 -0.02384218946
39 -0.02708204146
40 -0.02991865318
41 -0.0323990376
42 -0.03456516007
43 -0.03645442314
44 -0.03810011223
45 -0.03953180408
46 -0.04077574054
47 -0.04185516983
48 -0.04279065734
49 -0.04360036836
50 -0.04430032441
51 -0.04490463555
52 -0.0454257102
53 -0.04587444443
54 -0.04626039241
55 -0.04659191951
56 -0.04687633967
57 -0.04712003834
58 -0.04732858235
59 -0.04750681795
60 -0.04765895804
61 -0.04778865975
62 -0.04789909328
63 -0.0479930028
64 -0.04807276041
65 -0.04814041366
66 -0.04819772753
67 -0.04824622124
68 -0.04828720069
69 -0.04832178684
70 -0.04835094053
71 -0.04837548429
72 -0.04839612119
73 -0.04841345142
74 -0.04842798661
75 -0.04844016231
76 -0.0484503488
77 -0.04845886042
78 -0.04846596368
79 -0.04847188421
80 -0.04847681279
81 -0.04848091051
82 -0.04848431317
83 -0.04848713517
84 -0.04848947267
85 -0.04849140645
86 -0.04849300424
87 -0.04849432278
88 -0.04849540953
89 -0.04849630411
90 -0.0484970396
91 -0.04849764353
92 -0.04849813882
93 -0.04849854451
94 -0.0484988764
95 -0.04849914758
96 -0.04849936887
97 -0.04849954923
98 -0.04849969605
99 -0.04849981542
100 -0.04849991235
101 -0.04849999096
102 -0.04850005464
103 -0.04850010615
104 -0.04850014777
105 -0.04850018136
106 -0.04850020844
107 -0.04850023023
108 -0.04850024775
109 -0.04850026183
110 -0.04850027311
111 -0.04850028215
112 -0.04850028938
113 -0.04850029516
114 -0.04850029978
115 -0.04850030345
116 -0.04850030638
117 -0.04850030871
118 -0.04850031055
119 -0.04850031202
120 -0.04850031318
121 -0.0485003141
122 -0.04850031483
123 -0.0485003154
124 -0.04850031585
125 -0.04850031621
126 -0.04850031649
127 -0.04850031671
128 -0.04850031688
129 -0.04850031701
130 -0.04850031712
131 -0.0485003172
132 -0.04850031727
133 -0.04850031732
134 -0.04850031736
135 -0.04850031739
136 -0.04850031741
137 -0.04850031743
138 -0.04850031744
139 -0.04850031745
140 -0.04850031746
141 -0.04850031747
142 -0.04850031747
143 -0.04850031748
144 -0.04850031748
145 -0.04850031748
146 -0.04850031748
147 -0.04850031749
148 -0.04850031749
149 -0.04850031749
150 -0.04850031749
151 -0.04850031749
152 -0.04850031749
153 -0.04850031749
154 -0.04850031749
155 -0.04850031749
156 -0.04850031749
157 -0.04850031749
158 -0.04850031749
159 -0.04850031749
160 -0.04850031749
161 -0.04850031749
162 -0.04850031749
163 -0.04850031749
164 -0.04850031749
165 -0.04850031749
166 -0.04850031749
167 -0.04850031749
168 -0.04850031749
169 -0.04850031749
170 -0.04850031749
171 -0.04850031749
172 -0.04850031749
173 -0.04850031749
174 -0.04850031749
175 -0.04850031749
176 -0.04850031749
177 -0.04850031749
178 -0.04850031749
179 -0.04850031749
180 -0.04850031749
181 -0.04850031749
182 -0.04850031749
183 -0.04850031749
184 -0.04850031749
185 -0.04850031749
186 -0.04850031749
187 -0.04850031749
188 -0.04850031749
189 -0.04850031749
190 -0.04850031749
191 -0.04850031749
192 -0.04850031749
193 -0.04850031749
194 -0.04850031749
195 -0.04850031749
196 -0.04850031749
197 -0.04850031749
198 -0.04850031749
199 -0.04850031749
200 -0.04850031749
201 -0.04850031749
202 -0.04850031749
203 -0.04850031749
204 -0.04850031749
205 -0.04850031749
206 -0.04850031749
207 -0.04850031749
208 -0.04850031749
209 -0.04850031749
210 -0.04850031749
211 -0.04850031749
212 -0.04850031749
213 -0.04850031749
214 -0.04850031749
215 -0.04850031749
216 -0.04850031749
217 -0.04850031749
218 -0.04850031749
219 -0.04850031749
220 -0.04850031749
221 -0.04850031749
222 -0.04850031749
223 -0.04850031749
224 -0.04850031749
225 -0.04850031749
226 -0.04850031749
227 -0.04850031749
228 -0.04850031749
229 -0.04850031749
230 -0.04850031749
231 -0.04850031749
232 -0.04850031749
233 -0.04850031749
234 -0.04850031749
235 -0.04850031749
236 -0.04850031749
237 -0.04850031749
238 -0.04850031749
239 -0.04850031749
240 -0.04850031749
241 -0.04850031749
242 -0.04850031749
243 -0.04850031749
244 -0.04850031749
245 -0.04850031749
246 -0.04850031749
247 -0.04850031749
248 -0.04850031749
249 -0.04850031749
250 -0.04850031749
251 -0.04850031749
252 -0.04850031749
253 -0.04850031749
254 -0.04850031749
255 -0.04850031749
256 -0.04850031749
257 -0.04850031749
258 -0.04850031749
259 -0.04850031749
260 -0.04850031749
261 -0.04850031749
262 -0.04850031749
263 -0.04850031749
264 -0.04850031749
265 -0.04850031749
266 -0.04850031749
267 -0.04850031749
268 -0.04850031749
269 -0.04850031749
270 -0.04850031749
271 -0.04850031749
272 -0.04850031749
273 -0.04850031749
274 -0.04850031749
275 -0.04850031749
276 -0.04850031749
277 -0.04850031749
278 -0.04850031749
279 -0.04850031749
280 -0.04850031749
281 -0.04850031749
282 -0.04850031749
283 -0.04850031749
284 -0.04850031749
285 -0.04850031749
286 -0.04850031749
287 -0.04850031749
288 -0.04850031749
289 -0.04850031749
290 -0.04850031749
291 -0.04850031749
292 -0.04850031749
293 -0.04850031749
294 -0.04850031749
295 -0.04850031749
296 -0.04850031749
297 -0.04850031749
298 -0.04850031749
299 -0.04850031749
300 -0.04850031749
301 -0.04850031749
302 -0.04850031749
303 -0.04850031749
304 -0.04850031749
305 -0.04850031749
306 -0.04850031749
307 -0.04850031749
308 -0.04850031749
309 -0.04850031749
310 -0.04850031749
311 -0.04850031749
312 -0.04850031749
313 -0.04850031749
314 -0.04850031749
315 -0.04850031749
316 -0.04850031749
317 -0.04850031749
318 -0.04850031749
319 -0.04850031749
320 -0.04850031749
321 -0.04850031749
322 -0.04850031749
323 -0.04850031749
324 -0.04850031749
325 -0.04850031749
326 -0.04850031749
327 -0.04850031749
328 -0.04850031749
329 -0.04850031749
330 -0.04850031749
331 -0.04850031749
332 -0.04850031749
333 -0.04850031749
334 -0.04850031749
335 -0.04850031749
336 -0.04850031749
337 -0.04850031749
338 -0.04850031749
339 -0.04850031749
340 -0.04850031749
341 -0.04850031749
342 -0.04850031749
343 -0.04850031749
344 -0.04850031749
345 -0.04850031749
346 -0.04850031749
347 -0.04850031749
348 -0.04850031749
349 -0.04850031749
350 -0.04850031749
351 -0.04850031749
352 -0.04850031749
353 -0.04850031749
354 -0.04850031749
355 -0.04850031749
356 -0.04850031749
357 -0.04850031749
358 -0.04850031749
359 -0.04850031749
360 -0.04850031749
361 -0.04850031749
362 -0.04850031749
363 -0.04850031749
364 -0.04850031749
365 -0.04850031749
366 -0.04850031749
367 -0.04850031749
368 -0.04850031749
369 -0.04850031749
370 -0.04850031749
371 -0.04850031749
372 -0.04850031749
373 -0.04850031749
374 -0.04850031749
375 -0.04850031749
376 -0.04850031749
377 -0.04850031749
378 -0.04850031749
379 -0.04850031749
380 -0.04850031749
381 -0.04850031749
382 -0.04850031749
383 -0.04850031749
384 -0.04850031749
385 -0.04850031749
386 -0.04850031749
387 -0.04850031749
388 -0.04850031749
389 -0.04850031749
390 -0.04850031749
391 -0.04850031749
392 -0.04850031749
393 -0.04850031749
394 -0.04850031749
395 -0.04850031749
396 -0.04850031749
397 -0.04850031749
398 -0.04850031749
399 -0.04850031749
400 -0.04850031749
401 -0.04850031749
402 -0.04850031749
403 -0.04850031749
404 -0.04850031749
405 -0.04850031749
406 -0.04850031749
407 -0.04850031749
408 -0.04850031749
409 -0.04850031749
410 -0.04850031749
411 -0.04850031749
412 -0.04850031749
413 -0.04850031749
414 -0.04850031749
415 -0.04850031749
416 -0.04850031749
417 -0.04850031749
418 -0.04850031749
419 -0.04850031749
420 -0.04850031749
421 -0.04850031749
422 -0.04850031749
423 -0.04850031749
424 -0.04850031749
425 -0.04850031749
426 -0.04850031749
427 -0.04850031749
428 -0.04850031749
429 -0.04850031749
430 -0.04850031749
431 -0.04850031749
432 -0.04850031749
433 -0.04850031749
434 -0.04850031749
435 -0.04850031749
436 -0.04850031749
437 -0.04850031749
438 -0.04850031749
439 -0.04850031749
440 -0.04850031749
441 -0.04850031749
442 -0.04850031749
443 -0.04850031749
444 -0.04850031749
445 -0.04850031749
446 -0.04850031749
447 -0.04850031749
448 -0.04850031749
449 -0.04850031749
450 -0.04850031749
451 -0.04850031749
452 -0.04850031749
453 -0.04850031749
454 -0.04850031749
455 -0.04850031749
456 -0.04850031749
457 -0.04850031749
458 -0.04850031749
459 -0.04850031749
460 -0.04850031749
461 -0.04850031749
462 -0.04850031749
463 -0.04850031749
464 -0.04850031749
465 -0.04850031749
466 -0.04850031749
467 -0.04850031749
468 -0.04850031749
469 -0.04850031749
470 -0.04850031749
471 -0.04850031749
472 -0.04850031749
473 -0.04850031749
474 -0.04850031749
475 -0.04850031749
476 -0.04850031749
477 -0.04850031749
478 -0.04850031749
479 -0.04850031749
480 -0.04850031749
481 -0.04850031749
482 -0.04850031749
483 -0.04850031749
484 -0.04850031749
485 -0.04850031749
486 -0.04850031749
487 -0.04850031749
488 -0.04850031749
489 -0.04850031749
490 -0.04850031749
491 -0.04850031749
492 -0.04850031749
493 -0.04850031749
494 -0.04850031749
495 -0.04850031749
496 -0.04850031749
497 -0.04850031749
498 -0.04850031749
499 -0.04850031749
500 -0.04850031749
501 -0.04850031749
502 -0.04850031749
503 -0.04850031749
504 -0.04850031749
505 -0.04850031749
506 -0.04850031749
507 -0.04850031749
508 -0.04850031749
509 -0.04850031749
510 -0.04850031749
511 -0.04850031749
512 -0.04850031749
513 -0.04850031749
514 -0.04850031749
515 -0.04850031749
516 -0.04850031749
517 -0.04850031749
518 -0.04850031749
519 -0.04850031749
520 -0.04850031749
521 -0.04850031749
522 -0.04850031749
523 -0.04850031749
524 -0.04850031749
525 -0.04850031749
526 -0.04850031749
527 -0.04850031749
528 -0.04850031749
529 -0.04850031749
530 -0.04850031749
531 -0.04850031749
532 -0.04850031749
533 -0.04850031749
534 -0.04850031749
535 -0.04850031749
536 -0.04850031749
537 -0.04850031749
538 -0.04850031749
539 -0.04850031749
540 -0.04850031749
541 -0.04850031749
542 -0.04850031749
543 -0.04850031749
544 -0.04850031749
545 -0.04850031749
546 -0.04850031749
547 -0.04850031749
548 -0.04850031749
549 -0.04850031749
550 -0.04850031749
551 -0.04850031749
552 -0.04850031749
553 -0.04850031749
554 -0.04850031749
555 -0.04850031749
556 -0.04850031749
557 -0.04850031749
558 -0.04850031749
559 -0.04850031749
560 -0.04850031749
561 -0.04850031749
562 -0.04850031749
563 -0.04850031749
564 -0.04850031749
565 -0.04850031749
566 -0.04850031749
567 -0.04850031749
568 -0.04850031749
569 -0.04850031749
570 -0.04850031749
571 -0.04850031749
572 -0.04850031749
573 -0.04850031749
574 -0.04850031749
575 -0.04850031749
576 -0.04850031749
577 -0.04850031749
578 -0.04850031749
579 -0.04850031749
580 -0.04850031749
581 -0.04850031749
582 -0.04850031749
583 -0.04850031749
584 -0.04850031749
585 -0.04850031749
586 -0.04850031749
587 -0.04850031749
588 -0.04850031749
589 -0.04850031749
590 -0.04850031749
591 -0.04850031749
592 -0.04850031749
593 -0.04850031749
594 -0.04850031749
595 -0.04850031749
596 -0.04850031749
597 -0.04850031749
598 -0.04850031749
599 -0.04850031749
600 -0.04850031749
601 -0.04850031749
602 -0.04850031749
603 -0.04850031749
604 -0.04850031749
605 -0.04850031749
606 -0.04850031749
607 -0.04850031749
608 -0.04850031748
609 -0.04850031748
610 -0.04850031748
611 -0.04850031748
612 -0.04850031747
613 -0.04850031747
614 -0.04850031747
615 -0.04850031746
616 -0.04850031745
617 -0.04850031744
618 -0.04850031743
619 -0.04850031741
620 -0.04850031739
621 -0.04850031736
622 -0.04850031733
623 -0.04850031728
624 -0.04850031723
625 -0.04850031716
626 -0.04850031708
627 -0.04850031697
628 -0.04850031684
629 -0.04850031667
630 -0.04850031646
631 -0.04850031621
632 -0.04850031589
633 -0.04850031549
634 -0.048500315
635 -0.04850031438
636 -0.04850031362
637 -0.04850031268
638 -0.04850031152
639 -0.04850031009
640 -0.04850030832
641 -0.04850030613
642 -0.04850030344
643 -0.04850030014
644 -0.04850029607
645 -0.04850029108
646 -0.04850028496
647 -0.04850027747
648 -0.0485002683
649 -0.04850025709
650 -0.04850024339
651 -0.04850022669
652 -0.04850020634
653 -0.04850018157
654 -0.04850015144
655 -0.04850011484
656 -0.04850007043
657 -0.04850001659
658 -0.0484999514
659 -0.04849987253
660 -0.04849977723
661 -0.04849966219
662 -0.04849952347
663 -0.04849935636
664 -0.04849915526
665 -0.04849891354
666 -0.04849862327
667 -0.04849827507
668 -0.04849785783
669 -0.04849735838
670 -0.04849676115
671 -0.04849604775
672 -0.04849519649
673 -0.04849418178
674 -0.04849297352
675 -0.04849153632
676 -0.04848982859
677 -0.04848780154
678 -0.04848539802
679 -0.04848255111
680 -0.04847918257
681 -0.04847520106
682 -0.04847049998
683 -0.04846495517
684 -0.04845842211
685 -0.04845073282
686 -0.04844169225
687 -0.04843107418
688 -0.04841861657
689 -0.04840401621
690 -0.0483869227
691 -0.04836693153
692 -0.04834357633
693 -0.04831631997
694 -0.04828454462
695 -0.04824754044
696 -0.0482044928
697 -0.04815446801
698 -0.04809639707
699 -0.04802905765
700 -0.04795105365
701 -0.04786079247
702 -0.04775645951
703 -0.04763598973
704 -0.04749703588
705 -0.04733693319
706 -0.04715266011
707 -0.04694079464
708 -0.04669746603
709 -0.0464183013
710 -0.04609836612
711 -0.04573209959
712 -0.04531324245
713 -0.04483475813
714 -0.04428874599
715 -0.04366634636
716 -0.04295763655
717 -0.04215151729
718 -0.04123558891
719 -0.04019601655
720 -0.03901738369
721 -0.03768253335
722 -0.03617239609
723 -0.03446580422
724 -0.03253929142
725 -0.03036687699
726 -0.02791983418
727 -0.02516644178
728 -0.02207171833
729 -0.01859713846
730 -0.01470033067
731 -0.01033475619
732 -0.005449368419
733 1.174724966e-05
734 0.006109753537
735 0.01291146127
736 0.02048974924
737 0.0289240037
738 0.03830057705
739 0.04871326512
740 0.0602638022
741 0.07306237282
742 0.08722813883
743 0.1028897804
744 0.1201860487
745 0.1392663286
746 0.1602912085
747 0.1834330539
748 0.208876583
749 0.2368194395
750 0.2674727581
751 0.3010617206
752 0.3378260952
753 0.3780207557
754 0.4219161739
755 0.4697988807
756 0.5219718871
757 0.5787550616
758 0.640485454
759 0.7075175606
760 0.7802235214
761 0.8589932425
762 0.9442344352
763 1.036372564
764 1.135850693
765 1.243129228
766 1.358685538
767 1.483013453
768 1.616622629
769 1.760037774
770 1.913797723
771 2.07845436
772 2.254571374
773 2.442722855
774 2.64349171
775 2.857467907
776 3.085246534
777 3.327425686
778 3.584604151
779 3.857378936
780 4.146342592
781 4.45208037
782 4.775167206
783 5.116164535
784 5.475616947
785 5.854048692
786 6.251960056
787 6.669823605
788 7.108080323
789 7.56713566
790 8.047355508
791 8.549062128
792 9.072530039
793 9.617981919
794 10.18558451
795 10.77544458
796 11.38760496
797 12.02204072
798 12.67865539
799 13.35727747
800 14.05765706
801 14.77946274
802 15.52227874
803 16.28560238
804 17.06884184
805 17.87131432
806 18.69224454
807 19.53076373
808 20.38590897
809 21.25662312
810 22.1417551
811 23.04006084
812 23.95020462
813 24.87076104
814 25.80021752
815 26.73697738
816 27.67936347
817 28.62562232
818 29.57392901
819 30.5223924
820 31.46906104
821 32.41192956
822 33.34894555
823 34.27801698
824 35.19702002
825 36.10380731
826 36.99621657
827 37.87207966
828 38.72923179
829 39.56552116
830 40.37881864
831 41.16702773
832 41.92809455
833 42.66001795
834 43.3608595
835 44.02875351
836 44.66191693
837 45.25865897
838 45.81739061
839 46.33663371
840 46.81502984
841 47.25134868
842 47.64449597
843 47.99352099
844 48.29762342
845 48.55615971
846 48.76864875
847 48.93477693
848 49.05440246
849 49.12755904
850 49.15445869
851 49.13549396
852 49.07123924
853 48.96245134
854 48.81006935
855 48.61521358
856 48.37918385
857 48.1034569
858 47.78968313
859 47.43968254
860 47.05543991
861 46.63909933
862 46.19295805
863 45.71945958
864 45.22118626
865 44.70085115
866 44.1612894
867 43.60544904
868 43.03638125
869 42.45723025
870 41.87122258
871 41.28165614
872 40.69188872
873 40.10532628
874 39.52541086
875 38.95560825
876 38.39939538
877 37.86024752
878 37.3416253
879 36.84696157
880 36.37964812
881 35.9430224
882 35.54035404
883 35.17483151
884 34.84954869
885 34.56749151
886 34.33152473
887 34.14437875
888 34.00863671
889 33.92672167
890 33.90088419
891 33.93319004
892 34.02550844
893 34.17950061
894 34.39660878
895 34.67804578
896 35.02478514
897 35.43755194
898 35.91681423
899 36.4627754
900 37.07536723
901 37.75424396
902 38.49877732
903 39.30805259
904 40.1808658
905 41.1157221
906 42.11083538
907 43.16412915
908 44.27323886
909 45.4355155
910 46.64803074
911 47.90758349
912 49.21070794
913 50.55368315
914 51.93254412
915 53.3430944
916 54.78092014
917 56.24140568
918 57.71975044
919 59.21098732
920 60.7100023
921 62.21155528
922 63.71030209
923 65.20081745
924 66.67761896
925 68.13519173
926 69.56801379
927 70.9705819
928 72.33743778
929 73.66319445
930 74.94256268
931 76.17037716
932 77.34162248
933 78.45145843
934 79.49524477
935 80.46856504
936 81.36724932
937 82.18739584
938 82.92539123
939 83.57792915
940 84.14202736
941 84.61504299
942 84.99468582
943 85.27902965
944 85.46652149
945 85.55598863
946 85.54664347
947 85.43808607
948 85.23030444
949 84.92367254
950 84.51894602
951 84.01725578
952 83.42009926
953 82.72932977
954 81.94714367
955 81.07606578
956 80.11893296
957 79.07887599
958 77.95930005
959 76.7638638
960 75.4964573
961 74.16117889
962 72.76231134
963 71.30429723
964 69.79171402
965 68.22924868
966 66.62167244
967 64.97381544
968 63.29054174
969 61.57672484
970 59.83722365
971 58.07685933
972 56.30039301
973 54.51250452
974 52.71777227
975 50.92065443
976 49.12547137
977 47.33638964
978 45.55740737
979 43.79234121
980 42.04481486
981 40.31824923
982 38.61585415
983 36.94062169
984 35.29532109
985 33.6824952
986 32.10445842
987 30.56329616
988 29.06086555
989 27.59879761
990 26.17850058
991 24.80116438
992 23.46776623
993 22.1790771
994 20.93566916
995 19.73792393
996 18.58604108
997 17.48004788
998 16.41980905
999 15.40503703
1000 14.43530248
1001 13.51004501
1002 12.62858402
1003 11.79012951
1004 10.99379287
1005 10.23859754
1006 9.523489453
1007 8.847347248
1008 8.208992137
1009 7.607197452
1010 7.04069777
1011 6.508197616
1012 6.008379691
1013 5.539912623
1014 5.101458215
1015 4.691678164
1016 4.309240277
1017 3.952824143
1018 3.621126295
1019 3.31286485
1020 3.026783643
1021 2.76165587
1022 2.516287251
1023 2.289518736
