#55358 2909.9995659774179366 0.0045701572298996314889 1 1293 16.000049430220818044 1024 7 1 J1713+0747 0.0000000 
0 0.05192501854
1 0.05192501854
2 0.05192501854
3 0.05192501854
4 0.05192501854
5 0.05192501854
6 0.05192501854
7 0.05192501854
8 0.05192501854
9 0.05192501854
10 0.05192501854
11 0.05192501854
12 0.05192501854
13 0.05192501854
14 0.05192501854
15 0.05192501854
16 0.05192501854
17 0.05192501854
18 0.05192501854
19 0.05192501854
20 0.05192501854
21 0.05192501854
22 0.05192501854
23 0.05192501854
24 0.05192501854
25 0.05192501854
26 0.05192501854
27 0.05192501854
28 0.05192501854
29 0.05192501854
30 0.05192501854
31 0.05192501854
32 0.05192501854
33 0.05192501854
34 0.05192501854
35 0.05192501854
36 0.05192501854
37 0.05192501854
38 0.05192501854
39 0.05192501854
40 0.05192501854
41 0.05192501854
42 0.05192501854
43 0.05192501854
44 0.05192501854
45 0.05192501854
46 0.05192501854
47 0.05192501854
48 0.05192501854
49 0.05192501854
50 0.05192501854
51 0.05192501854
52 0.05192501854
53 0.05192501854
54 0.05192501854
55 0.05192501854
56 0.05192501854
57 0.05192501854
58 0.05192501854
59 0.05192501854
60 0.05192501854
61 0.05192501854
62 0.05192501854
63 0.05192501854
64 0.05192501854
65 0.05192501854
66 0.05192501854
67 0.05192501854
68 0.05192501854
69 0.05192501854
70 0.05192501854
71 0.05192501854
72 0.05192501854
73 0.05192501854
74 0.05192501854
75 0.05192501854
76 0.05192501854
77 0.05192501854
78 0.05192501854
79 0.05192501854
80 0.05192501854
81 0.05192501854
82 0.05192501854
83 0.05192501854
84 0.05192501854
85 0.05192501854
86 0.05192501854
87 0.05192501854
88 0.05192501854
89 0.05192501854
90 0.05192501854
91 0.05192501854
92 0.05192501854
93 0.05192501854
94 0.05192501854
95 0.05192501854
96 0.05192501854
97 0.05192501854
98 0.05192501854
99 0.05192501854
100 0.05192501854
101 0.05192501854
102 0.05192501854
103 0.05192501854
104 0.05192501854
105 0.05192501854
106 0.05192501854
107 0.05192501854
108 0.05192501854
109 0.05192501854
110 0.05192501854
111 0.05192501854
112 0.05192501854
113 0.05192501854
114 0.05192501854
115 0.05192501854
116 0.05192501854
117 0.05192501854
118 0.05192501854
119 0.05192501854
120 0.05192501854
121 0.05192501854
122 0.05192501854
123 0.05192501854
124 0.05192501854
125 0.05192501854
126 0.05192501854
127 0.05192501854
128 0.05192501854
129 0.05192501854
130 0.05192501854
131 0.05192501854
132 0.05192501854
133 0.05192501854
134 0.05192501854
135 0.05192501854
136 0.05192501854
137 0.05192501854
138 0.05192501854
139 0.05192501854
140 0.05192501854
141 0.05192501854
142 0.05192501854
143 0.05192501854
144 0.05192501854
145 0.05192501854
146 0.05192501854
147 0.05192501854
148 0.05192501854
149 0.05192501854
150 0.05192501854
151 0.05192501854
152 0.05192501854
153 0.05192501854
154 0.05192501854
155 0.05192501854
156 0.05192501854
157 0.05192501854
158 0.05192501854
159 0.05192501854
160 0.05192501854
161 0.05192501854
162 0.05192501854
163 0.05192501854
164 0.05192501854
165 0.05192501854
166 0.05192501854
167 0.05192501854
168 0.05192501854
169 0.05192501854
170 0.05192501854
171 0.05192501854
172 0.05192501854
173 0.05192501854
174 0.05192501854
175 0.05192501854
176 0.05192501854
177 0.05192501854
178 0.05192501854
179 0.05192501854
180 0.05192501854
181 0.05192501854
182 0.05192501854
183 0.05192501854
184 0.05192501854
185 0.05192501854
186 0.05192501854
187 0.05192501854
188 0.05192501854
189 0.05192501854
190 0.05192501854
191 0.05192501854
192 0.05192501854
193 0.05192501854
194 0.05192501854
195 0.05192501854
196 0.05192501854
197 0.05192501854
198 0.05192501854
199 0.05192501854
200 0.05192501854
201 0.05192501854
202 0.05192501854
203 0.05192501854
204 0.05192501854
205 0.05192501854
206 0.05192501854
207 0.05192501854
208 0.05192501854
209 0.05192501854
210 0.05192501854
211 0.05192501854
212 0.05192501854
213 0.05192501854
214 0.05192501854
215 0.05192501854
216 0.05192501854
217 0.05192501854
218 0.05192501854
219 0.05192501854
220 0.05192501854
221 0.05192501854
222 0.05192501854
223 0.05192501854
224 0.05192501854
225 0.05192501854
226 0.05192501854
227 0.05192501854
228 0.05192501854
229 0.05192501854
230 0.05192501854
231 0.05192501854
232 0.05192501854
233 0.05192501854
234 0.05192501854
235 0.05192501854
236 0.05192501854
237 0.05192501854
238 0.05192501854
239 0.05192501854
240 0.05192501854
241 0.05192501854
242 0.05192501854
243 0.05192501854
244 0.05192501854
245 0.05192501854
246 0.05192501854
247 0.05192501854
248 0.05192501854
249 0.05192501854
250 0.05192501854
251 0.05192501854
252 0.05192501854
253 0.05192501854
254 0.05192501854
255 0.05192501854
256 0.05192501854
257 0.05192501854
258 0.05192501854
259 0.05192501854
260 0.05192501854
261 0.05192501854
262 0.05192501854
263 0.05192501854
264 0.05192501854
265 0.05192501854
266 0.05192501854
267 0.05192501854
268 0.05192501854
269 0.05192501854
270 0.05192501854
271 0.05192501854
272 0.05192501854
273 0.05192501854
274 0.05192501854
275 0.05192501854
276 0.05192501854
277 0.05192501854
278 0.05192501854
279 0.05192501854
280 0.05192501854
281 0.05192501854
282 0.05192501854
283 0.05192501854
284 0.05192501854
285 0.05192501854
286 0.05192501854
287 0.05192501854
288 0.05192501854
289 0.05192501854
290 0.05192501854
291 0.05192501854
292 0.05192501854
293 0.05192501854
294 0.05192501854
295 0.05192501854
296 0.05192501854
297 0.05192501854
298 0.05192501854
299 0.05192501854
300 0.05192501854
301 0.05192501854
302 0.05192501854
303 0.05192501854
304 0.05192501854
305 0.05192501854
306 0.05192501854
307 0.05192501854
308 0.05192501854
309 0.05192501854
310 0.05192501854
311 0.05192501854
312 0.05192501854
313 0.05192501854
314 0.05192501854
315 0.05192501854
316 0.05192501854
317 0.05192501854
318 0.05192501854
319 0.05192501854
320 0.05192501854
321 0.05192501854
322 0.05192501854
323 0.05192501854
324 0.05192501854
325 0.05192501854
326 0.05192501854
327 0.05192501854
328 0.05192501854
329 0.05192501854
330 0.05192501854
331 0.05192501854
332 0.05192501854
333 0.05192501854
334 0.05192501854
335 0.05192501854
336 0.05192501854
337 0.05192501854
338 0.05192501854
339 0.05192501854
340 0.05192501854
341 0.05192501854
342 0.05192501854
343 0.05192501854
344 0.05192501854
345 0.05192501854
346 0.05192501854
347 0.05192501854
348 0.05192501854
349 0.05192501854
350 0.05192501854
351 0.05192501854
352 0.05192501854
353 0.05192501854
354 0.05192501854
355 0.05192501854
356 0.05192501855
357 0.05192501855
358 0.05192501855
359 0.05192501856
360 0.05192501856
361 0.05192501857
362 0.05192501858
363 0.05192501859
364 0.05192501861
365 0.05192501862
366 0.05192501865
367 0.05192501868
368 0.05192501871
369 0.05192501876
370 0.05192501882
371 0.05192501889
372 0.05192501898
373 0.05192501909
374 0.05192501923
375 0.05192501941
376 0.05192501963
377 0.0519250199
378 0.05192502024
379 0.05192502067
380 0.05192502119
381 0.05192502184
382 0.05192502265
383 0.05192502364
384 0.05192502488
385 0.0519250264
386 0.05192502828
387 0.05192503059
388 0.05192503344
389 0.05192503695
390 0.05192504125
391 0.05192504653
392 0.05192505301
393 0.05192506094
394 0.05192507064
395 0.05192508249
396 0.05192509696
397 0.05192511461
398 0.05192513611
399 0.05192516227
400 0.05192519408
401 0.0519252327
402 0.05192527955
403 0.05192533633
404 0.05192540506
405 0.05192548818
406 0.05192558859
407 0.05192570977
408 0.05192585584
409 0.05192603174
410 0.05192624334
411 0.05192649763
412 0.05192680288
413 0.05192716892
414 0.05192760741
415 0.05192813213
416 0.05192875937
417 0.05192950838
418 0.05193040185
419 0.05193146652
420 0.05193273387
421 0.05193424088
422 0.05193603098
423 0.0519381551
424 0.05194067293
425 0.05194365427
426 0.05194718073
427 0.05195134757
428 0.05195626588
429 0.05196206503
430 0.05196889557
431 0.05197693238
432 0.05198637851
433 0.05199746932
434 0.05201047736
435 0.0520257179
436 0.05204355515
437 0.05206440937
438 0.05208876499
439 0.05211717965
440 0.05215029462
441 0.05218884638
442 0.05223367978
443 0.05228576289
444 0.05234620357
445 0.05241626821
446 0.05249740265
447 0.05259125565
448 0.05269970509
449 0.0528248873
450 0.05296922958
451 0.05313548662
452 0.05332678078
453 0.05354664687
454 0.05379908178
455 0.05408859932
456 0.05442029082
457 0.05479989191
458 0.05523385614
459 0.05572943575
460 0.05629477039
461 0.05693898433
462 0.05767229265
463 0.0585061173
464 0.05945321351
465 0.06052780735
466 0.06174574507
467 0.06312465504
468 0.0646841229
469 0.06644588077
470 0.06843401117
471 0.07067516633
472 0.07319880374
473 0.07603743842
474 0.07922691267
475 0.08280668386
476 0.08682013072
477 0.09131487868
478 0.09634314454
479 0.1019621008
480 0.10823426
481 0.1152278781
482 0.123017379
483 0.1316837967
484 0.1413152381
485 0.1520073626
486 0.1638638802
487 0.1769970652
488 0.1915282851
489 0.2075885422
490 0.2253190273
491 0.2448716809
492 0.2664097624
493 0.2901084216
494 0.3161552703
495 0.3447509507
496 0.3761096955
497 0.4104598765
498 0.4480445359
499 0.4891218945
500 0.5339658336
501 0.5828663416
502 0.6361299203
503 0.6940799455
504 0.7570569713
505 0.8254189746
506 0.8995415293
507 0.9798179039
508 1.066659073
509 1.160493637
510 1.261767638
511 1.370944265
512 1.488503445
513 1.614941302
514 1.750769484
515 1.896514347
516 2.052715992
517 2.219927139
518 2.398711846
519 2.589644055
520 2.793305966
521 3.010286233
522 3.241177985
523 3.486576655
524 3.747077642
525 4.023273775
526 4.315752609
527 4.625093544
528 4.951864767
529 5.296620039
530 5.659895318
531 6.042205247
532 6.444039502
533 6.865859021
534 7.308092141
535 7.771130634
536 8.255325693
537 8.76098386
538 9.288362944
539 9.837667937
540 10.40904696
541 11.00258725
542 11.6183113
543 12.25617299
544 12.91605399
545 13.59776027
546 14.30101886
547 15.02547478
548 15.77068834
549 16.53613268
550 17.32119169
551 18.12515823
552 18.94723282
553 19.78652273
554 20.6420415
555 21.51270898
556 22.39735179
557 23.2947044
558 24.20341065
559 25.12202586
560 26.04901951
561 26.98277845
562 27.92161067
563 28.86374968
564 29.80735941
565 30.75053967
566 31.69133215
567 32.62772692
568 33.5576695
569 34.47906826
570 35.38980245
571 36.28773044
572 37.17069851
573 38.03654983
574 38.88313385
575 39.70831581
576 40.50998653
577 41.28607231
578 42.0345449
579 42.75343153
580 43.44082488
581 44.09489302
582 44.71388914
583 45.29616113
584 45.84016092
585 46.34445344
586 46.80772531
587 47.22879305
588 47.60661085
589 47.94027783
590 48.22904471
591 48.47231997
592 48.66967526
593 48.82085027
594 48.92575677
595 48.98448207
596 48.9972916
597 48.96463086
598 48.88712651
599 48.76558673
600 48.60100074
601 48.39453766
602 48.14754443
603 47.86154313
604 47.53822739
605 47.17945819
606 46.78725886
607 46.36380941
608 45.91144018
609 45.43262483
610 44.92997271
611 44.40622068
612 43.8642243
613 43.30694853
614 42.73745794
615 42.15890641
616 41.57452648
617 40.9876182
618 40.40153772
619 39.81968543
620 39.24549395
621 38.68241568
622 38.13391028
623 37.60343183
624 37.09441589
625 36.61026635
626 36.15434225
627 35.72994448
628 35.34030245
629 34.98856073
630 34.67776574
631 34.41085252
632 34.19063153
633 34.01977567
634 33.90080741
635 33.8360862
636 33.82779612
637 33.87793384
638 33.98829696
639 34.16047281
640 34.39582763
641 34.69549642
642 35.06037328
643 35.49110246
644 35.98807015
645 36.55139703
646 37.1809317
647 37.87624508
648 38.63662572
649 39.46107624
650 40.34831093
651 41.29675442
652 42.30454178
653 43.36951974
654 44.48924941
655 45.66101036
656 46.88180609
657 48.14837107
658 49.45717917
659 50.80445365
660 52.18617865
661 53.59811218
662 55.03580055
663 56.49459426
664 57.96966534
665 59.45602592
666 60.94854822
667 62.44198554
668 63.93099455
669 65.41015841
670 66.87401081
671 68.31706081
672 69.73381817
673 71.1188192
674 72.46665292
675 73.77198731
676 75.02959552
677 76.23438192
678 77.38140769
679 78.46591593
680 79.48335594
681 80.42940667
682 81.29999902
683 82.09133691
684 82.79991696
685 83.42254659
686 83.95636046
687 84.39883503
688 84.74780127
689 85.00145526
690 85.15836671
691 85.21748535
692 85.17814501
693 85.04006547
694 84.80335209
695 84.46849313
696 84.03635479
697 83.50817418
698 82.88555
699 82.17043128
700 81.36510413
701 80.47217655
702 79.49456166
703 78.43545921
704 77.2983357
705 76.0869032
706 74.80509709
707 73.45705276
708 72.0470817
709 70.57964684
710 69.05933763
711 67.4908448
712 65.87893518
713 64.22842663
714 62.54416326
715 60.83099121
716 59.09373501
717 57.33717479
718 55.5660244
719 53.78491057
720 51.99835331
721 50.21074757
722 48.42634618
723 46.64924439
724 44.88336576
725 43.1324497
726 41.40004052
727 39.68947811
728 38.00389017
729 36.34618612
730 34.71905244
731 33.12494962
732 31.56611059
733 30.04454055
734 28.56201814
735 27.12009795
736 25.72011417
737 24.36318543
738 23.05022061
739 21.78192559
740 20.5588109
741 19.38119997
742 18.24923818
743 17.16290234
744 16.12201063
745 15.12623288
746 14.17510115
747 13.2680204
748 12.40427928
749 11.58306089
750 10.8034535
751 10.06446105
752 9.365013525
753 8.703976973
754 8.08016326
755 7.492339429
756 6.939236654
757 6.419558757
758 5.931990252
759 5.475203904
760 5.047867779
761 4.648651776
762 4.276233648
763 3.929304488
764 3.606573702
765 3.306773478
766 3.028662738
767 2.771030623
768 2.532699495
769 2.312527497
770 2.109410678
771 1.922284719
772 1.750126272
773 1.591953943
774 1.446828948
775 1.313855458
776 1.192180668
777 1.080994612
778 0.9795297521
779 0.8870603594
780 0.8029017209
781 0.7264091878
782 0.6569770904
783 0.5940375397
784 0.5370591364
785 0.4855456042
786 0.4390343663
787 0.3970950791
788 0.3593281389
789 0.3253631749
790 0.2948575386
791 0.2674948021
792 0.2429832741
793 0.221054541
794 0.201462041
795 0.1839796771
796 0.1684004737
797 0.1545352806
798 0.1422115292
799 0.1312720407
800 0.1215738906
801 0.112987329
802 0.1053947582
803 0.09868976644
804 0.09277621832
805 0.08756740095
806 0.0829852241
807 0.0789594734
808 0.07542711466
809 0.07233164761
810 0.06962250682
811 0.06725450785
812 0.06518733635
813 0.06338507785
814 0.06181578598
815 0.06045108681
816 0.05926581718
817 0.05823769466
818 0.05734701706
819 0.05657638944
820 0.05591047656
821 0.05533577882
822 0.05484042993
823 0.05441401446
824 0.05404740376
825 0.05373260855
826 0.05346264676
827 0.05323142537
828 0.05303363477
829 0.05286465468
830 0.05272047036
831 0.05259759822
832 0.05249301979
833 0.05240412335
834 0.05232865228
835 0.05226465952
836 0.05221046746
837 0.05216463266
838 0.05212591491
839 0.0520932501
840 0.05206572646
841 0.05204256385
842 0.05202309567
843 0.05200675313
844 0.05199305156
845 0.05198157852
846 0.05197198355
847 0.05196396925
848 0.05195728356
849 0.05195171319
850 0.05194707786
851 0.05194322543
852 0.05194002766
853 0.0519373766
854 0.05193518152
855 0.05193336625
856 0.05193186694
857 0.05193063015
858 0.05192961116
859 0.05192877267
860 0.05192808357
861 0.05192751794
862 0.05192705423
863 0.05192667455
864 0.05192636406
865 0.05192611047
866 0.0519259036
867 0.05192573506
868 0.05192559791
869 0.05192548645
870 0.05192539598
871 0.05192532263
872 0.05192526324
873 0.05192521521
874 0.05192517642
875 0.05192514512
876 0.05192511991
877 0.05192509962
878 0.05192508331
879 0.05192507022
880 0.05192505973
881 0.05192505133
882 0.05192504461
883 0.05192503924
884 0.05192503496
885 0.05192503154
886 0.05192502883
887 0.05192502667
888 0.05192502496
889 0.0519250236
890 0.05192502252
891 0.05192502167
892 0.051925021
893 0.05192502047
894 0.05192502005
895 0.05192501972
896 0.05192501946
897 0.05192501926
898 0.0519250191
899 0.05192501898
900 0.05192501888
901 0.0519250188
902 0.05192501874
903 0.0519250187
904 0.05192501866
905 0.05192501863
906 0.05192501861
907 0.05192501859
908 0.05192501858
909 0.05192501857
910 0.05192501856
911 0.05192501856
912 0.05192501855
913 0.05192501855
914 0.05192501855
915 0.05192501854
916 0.05192501854
917 0.05192501854
918 0.05192501854
919 0.05192501854
920 0.05192501854
921 0.05192501854
922 0.05192501854
923 0.05192501854
924 0.05192501854
925 0.05192501854
926 0.05192501854
927 0.05192501854
928 0.05192501854
929 0.05192501854
930 0.05192501854
931 0.05192501854
932 0.05192501854
933 0.05192501854
934 0.05192501854
935 0.05192501854
936 0.05192501854
937 0.05192501854
938 0.05192501854
939 0.05192501854
940 0.05192501854
941 0.05192501854
942 0.05192501854
943 0.05192501854
944 0.05192501854
945 0.05192501854
946 0.05192501854
947 0.05192501854
948 0.05192501854
949 0.05192501854
950 0.05192501854
951 0.05192501854
952 0.05192501854
953 0.05192501854
954 0.05192501854
955 0.05192501854
956 0.05192501854
957 0.05192501854
958 0.05192501854
959 0.05192501854
960 0.05192501854
961 0.05192501854
962 0.05192501854
963 0.05192501854
964 0.05192501854
965 0.05192501854
966 0.05192501854
967 0.05192501854
968 0.05192501854
969 0.05192501854
970 0.05192501854
971 0.05192501854
972 0.05192501854
973 0.05192501854
974 0.05192501854
975 0.05192501854
976 0.05192501854
977 0.05192501854
978 0.05192501854
979 0.05192501854
980 0.05192501854
981 0.05192501854
982 0.05192501854
983 0.05192501854
984 0.05192501854
985 0.05192501854
986 0.05192501854
987 0.05192501854
988 0.05192501854
989 0.05192501854
990 0.05192501854
991 0.05192501854
992 0.05192501854
993 0.05192501854
994 0.05192501854
995 0.05192501854
996 0.05192501854
997 0.05192501854
998 0.05192501854
999 0.05192501854
1000 0.05192501854
1001 0.05192501854
1002 0.05192501854
1003 0.05192501854
1004 0.05192501854
1005 0.05192501854
1006 0.05192501854
1007 0.05192501854
1008 0.05192501854
1009 0.05192501854
1010 0.05192501854
1011 0.05192501854
1012 0.05192501854
1013 0.05192501854
1014 0.05192501854
1015 0.05192501854
1016 0.05192501854
1017 0.05192501854
1018 0.05192501854
1019 0.05192501854
1020 0.05192501854
1021 0.05192501854
1022 0.05192501854
1023 0.05192501854
