#55314 2909.9981985985429807 0.0045698922369794845247 1 1357 16.000049430220818044 1024 7 1 J1713+0747 0.0000000 
0 -0.01790111997
1 -0.01790111997
2 -0.01790111997
3 -0.01790111997
4 -0.01790111997
5 -0.01790111997
6 -0.01790111997
7 -0.01790111997
8 -0.01790111997
9 -0.01790111997
10 -0.01790111997
11 -0.01790111997
12 -0.01790111997
13 -0.01790111997
14 -0.01790111997
15 -0.01790111997
16 -0.01790111997
17 -0.01790111997
18 -0.01790111997
19 -0.01790111997
20 -0.01790111997
21 -0.01790111997
22 -0.01790111997
23 -0.01790111997
24 -0.01790111997
25 -0.01790111997
26 -0.01790111997
27 -0.01790111997
28 -0.01790111997
29 -0.01790111997
30 -0.01790111997
31 -0.01790111997
32 -0.01790111997
33 -0.01790111997
34 -0.01790111997
35 -0.01790111997
36 -0.01790111997
37 -0.01790111997
38 -0.01790111997
39 -0.01790111997
40 -0.01790111997
41 -0.01790111997
42 -0.01790111997
43 -0.01790111997
44 -0.01790111997
45 -0.01790111997
46 -0.01790111997
47 -0.01790111997
48 -0.01790111997
49 -0.01790111997
50 -0.01790111997
51 -0.01790111997
52 -0.01790111997
53 -0.01790111997
54 -0.01790111997
55 -0.01790111997
56 -0.01790111997
57 -0.01790111997
58 -0.01790111997
59 -0.01790111997
60 -0.01790111997
61 -0.01790111997
62 -0.01790111997
63 -0.01790111997
64 -0.01790111997
65 -0.01790111997
66 -0.01790111997
67 -0.01790111997
68 -0.01790111997
69 -0.01790111997
70 -0.01790111997
71 -0.01790111997
72 -0.01790111997
73 -0.01790111997
74 -0.01790111997
75 -0.01790111997
76 -0.01790111997
77 -0.01790111997
78 -0.01790111997
79 -0.01790111997
80 -0.01790111997
81 -0.01790111997
82 -0.01790111997
83 -0.01790111997
84 -0.01790111997
85 -0.01790111997
86 -0.01790111997
87 -0.01790111997
88 -0.01790111997
89 -0.01790111997
90 -0.01790111997
91 -0.01790111997
92 -0.01790111997
93 -0.01790111997
94 -0.01790111997
95 -0.01790111997
96 -0.01790111997
97 -0.01790111997
98 -0.01790111997
99 -0.01790111997
100 -0.01790111997
101 -0.01790111997
102 -0.01790111997
103 -0.01790111997
104 -0.01790111997
105 -0.01790111997
106 -0.01790111997
107 -0.01790111997
108 -0.01790111997
109 -0.01790111997
110 -0.01790111997
111 -0.01790111997
112 -0.01790111997
113 -0.01790111997
114 -0.01790111997
115 -0.01790111997
116 -0.01790111997
117 -0.01790111997
118 -0.01790111997
119 -0.01790111997
120 -0.01790111997
121 -0.01790111997
122 -0.01790111997
123 -0.01790111997
124 -0.01790111997
125 -0.01790111997
126 -0.01790111997
127 -0.01790111997
128 -0.01790111997
129 -0.01790111997
130 -0.01790111997
131 -0.01790111997
132 -0.01790111997
133 -0.01790111997
134 -0.01790111997
135 -0.01790111997
136 -0.01790111997
137 -0.01790111997
138 -0.01790111997
139 -0.01790111997
140 -0.01790111997
141 -0.01790111997
142 -0.01790111997
143 -0.01790111997
144 -0.01790111997
145 -0.01790111997
146 -0.01790111997
147 -0.01790111997
148 -0.01790111997
149 -0.01790111997
150 -0.01790111997
151 -0.01790111997
152 -0.01790111997
153 -0.01790111997
154 -0.01790111997
155 -0.01790111997
156 -0.01790111997
157 -0.01790111997
158 -0.01790111997
159 -0.01790111997
160 -0.01790111997
161 -0.01790111997
162 -0.01790111997
163 -0.01790111997
164 -0.01790111997
165 -0.01790111997
166 -0.01790111997
167 -0.01790111997
168 -0.01790111997
169 -0.01790111997
170 -0.01790111997
171 -0.01790111997
172 -0.01790111997
173 -0.01790111997
174 -0.01790111997
175 -0.01790111997
176 -0.01790111997
177 -0.01790111997
178 -0.01790111997
179 -0.01790111997
180 -0.01790111997
181 -0.01790111997
182 -0.01790111997
183 -0.01790111997
184 -0.01790111997
185 -0.01790111997
186 -0.01790111997
187 -0.01790111997
188 -0.01790111997
189 -0.01790111997
190 -0.01790111997
191 -0.01790111997
192 -0.01790111997
193 -0.01790111997
194 -0.01790111997
195 -0.01790111997
196 -0.01790111997
197 -0.01790111997
198 -0.01790111997
199 -0.01790111997
200 -0.01790111997
201 -0.01790111997
202 -0.01790111997
203 -0.01790111997
204 -0.01790111997
205 -0.01790111997
206 -0.01790111997
207 -0.01790111997
208 -0.01790111997
209 -0.01790111997
210 -0.01790111997
211 -0.01790111997
212 -0.01790111997
213 -0.01790111997
214 -0.01790111997
215 -0.01790111997
216 -0.01790111997
217 -0.01790111997
218 -0.01790111997
219 -0.01790111997
220 -0.01790111997
221 -0.01790111997
222 -0.01790111997
223 -0.01790111997
224 -0.01790111997
225 -0.01790111997
226 -0.01790111997
227 -0.01790111997
228 -0.01790111997
229 -0.01790111997
230 -0.01790111997
231 -0.01790111997
232 -0.01790111997
233 -0.01790111997
234 -0.01790111997
235 -0.01790111997
236 -0.01790111997
237 -0.01790111997
238 -0.01790111997
239 -0.01790111997
240 -0.01790111997
241 -0.01790111997
242 -0.01790111997
243 -0.01790111997
244 -0.01790111997
245 -0.01790111997
246 -0.01790111997
247 -0.01790111997
248 -0.01790111997
249 -0.01790111997
250 -0.01790111997
251 -0.01790111997
252 -0.01790111997
253 -0.01790111997
254 -0.01790111997
255 -0.01790111997
256 -0.01790111997
257 -0.01790111997
258 -0.01790111997
259 -0.01790111997
260 -0.01790111997
261 -0.01790111997
262 -0.01790111997
263 -0.01790111997
264 -0.01790111997
265 -0.01790111997
266 -0.01790111997
267 -0.01790111997
268 -0.01790111997
269 -0.01790111997
270 -0.01790111997
271 -0.01790111997
272 -0.01790111997
273 -0.01790111997
274 -0.01790111997
275 -0.01790111997
276 -0.01790111997
277 -0.01790111997
278 -0.01790111997
279 -0.01790111997
280 -0.01790111997
281 -0.01790111997
282 -0.01790111997
283 -0.01790111997
284 -0.01790111997
285 -0.01790111997
286 -0.01790111997
287 -0.01790111997
288 -0.01790111997
289 -0.01790111997
290 -0.01790111997
291 -0.01790111997
292 -0.01790111997
293 -0.01790111997
294 -0.01790111997
295 -0.01790111997
296 -0.01790111997
297 -0.01790111997
298 -0.01790111997
299 -0.01790111997
300 -0.01790111997
301 -0.01790111997
302 -0.01790111997
303 -0.01790111997
304 -0.01790111997
305 -0.01790111997
306 -0.01790111997
307 -0.01790111997
308 -0.01790111997
309 -0.01790111997
310 -0.01790111997
311 -0.01790111997
312 -0.01790111997
313 -0.01790111997
314 -0.01790111997
315 -0.01790111997
316 -0.01790111997
317 -0.01790111997
318 -0.01790111997
319 -0.01790111997
320 -0.01790111997
321 -0.01790111997
322 -0.01790111997
323 -0.01790111997
324 -0.01790111997
325 -0.01790111997
326 -0.01790111997
327 -0.01790111997
328 -0.01790111997
329 -0.01790111997
330 -0.01790111997
331 -0.01790111997
332 -0.01790111997
333 -0.01790111997
334 -0.01790111997
335 -0.01790111997
336 -0.01790111997
337 -0.01790111997
338 -0.01790111997
339 -0.01790111997
340 -0.01790111997
341 -0.01790111997
342 -0.01790111997
343 -0.01790111997
344 -0.01790111997
345 -0.01790111997
346 -0.01790111997
347 -0.01790111997
348 -0.01790111997
349 -0.01790111997
350 -0.01790111997
351 -0.01790111997
352 -0.01790111997
353 -0.01790111997
354 -0.01790111997
355 -0.01790111997
356 -0.01790111997
357 -0.01790111997
358 -0.01790111997
359 -0.01790111997
360 -0.01790111997
361 -0.01790111997
362 -0.01790111997
363 -0.01790111997
364 -0.01790111997
365 -0.01790111997
366 -0.01790111997
367 -0.01790111997
368 -0.01790111997
369 -0.01790111997
370 -0.01790111997
371 -0.01790111997
372 -0.01790111997
373 -0.01790111997
374 -0.01790111997
375 -0.01790111997
376 -0.01790111997
377 -0.01790111997
378 -0.01790111997
379 -0.01790111997
380 -0.01790111997
381 -0.01790111997
382 -0.01790111997
383 -0.01790111997
384 -0.01790111997
385 -0.01790111997
386 -0.01790111997
387 -0.01790111997
388 -0.01790111997
389 -0.01790111997
390 -0.01790111997
391 -0.01790111997
392 -0.01790111997
393 -0.01790111997
394 -0.01790111997
395 -0.01790111997
396 -0.01790111997
397 -0.01790111997
398 -0.01790111997
399 -0.01790111997
400 -0.01790111997
401 -0.01790111997
402 -0.01790111997
403 -0.01790111997
404 -0.01790111997
405 -0.01790111997
406 -0.01790111997
407 -0.01790111997
408 -0.01790111997
409 -0.01790111997
410 -0.01790111997
411 -0.01790111997
412 -0.01790111997
413 -0.01790111997
414 -0.01790111997
415 -0.01790111997
416 -0.01790111997
417 -0.01790111997
418 -0.01790111997
419 -0.01790111997
420 -0.01790111997
421 -0.01790111997
422 -0.01790111997
423 -0.01790111997
424 -0.01790111997
425 -0.01790111996
426 -0.01790111996
427 -0.01790111996
428 -0.01790111996
429 -0.01790111996
430 -0.01790111996
431 -0.01790111996
432 -0.01790111996
433 -0.01790111996
434 -0.01790111996
435 -0.01790111996
436 -0.01790111996
437 -0.01790111996
438 -0.01790111995
439 -0.01790111995
440 -0.01790111995
441 -0.01790111994
442 -0.01790111994
443 -0.01790111993
444 -0.01790111992
445 -0.01790111991
446 -0.01790111989
447 -0.01790111987
448 -0.01790111985
449 -0.01790111982
450 -0.01790111978
451 -0.01790111973
452 -0.01790111967
453 -0.0179011196
454 -0.0179011195
455 -0.01790111938
456 -0.01790111924
457 -0.01790111905
458 -0.01790111882
459 -0.01790111854
460 -0.01790111818
461 -0.01790111774
462 -0.01790111719
463 -0.01790111652
464 -0.01790111568
465 -0.01790111464
466 -0.01790111335
467 -0.01790111177
468 -0.01790110981
469 -0.01790110741
470 -0.01790110444
471 -0.0179011008
472 -0.01790109633
473 -0.01790109085
474 -0.01790108413
475 -0.0179010759
476 -0.01790106584
477 -0.01790105356
478 -0.01790103856
479 -0.01790102029
480 -0.01790099803
481 -0.01790097096
482 -0.01790093807
483 -0.01790089813
484 -0.01790084971
485 -0.01790079106
486 -0.01790072008
487 -0.01790063429
488 -0.01790053069
489 -0.01790040572
490 -0.01790025514
491 -0.01790007388
492 -0.01789985592
493 -0.01789959411
494 -0.01789927996
495 -0.01789890339
496 -0.01789845249
497 -0.01789791314
498 -0.01789726868
499 -0.01789649943
500 -0.0178955822
501 -0.01789448967
502 -0.01789318972
503 -0.01789164458
504 -0.01788980995
505 -0.0178876339
506 -0.01788505561
507 -0.01788200395
508 -0.01787839583
509 -0.01787413429
510 -0.01786910632
511 -0.01786318034
512 -0.01785620338
513 -0.01784799771
514 -0.01783835718
515 -0.01782704289
516 -0.01781377831
517 -0.01779824375
518 -0.01778007005
519 -0.01775883142
520 -0.01773403732
521 -0.0177051233
522 -0.01767144059
523 -0.01763224444
524 -0.01758668091
525 -0.01753377199
526 -0.01747239895
527 -0.0174012836
528 -0.01731896731
529 -0.01722378754
530 -0.0171138516
531 -0.01698700738
532 -0.01684081076
533 -0.01667248937
534 -0.01647890229
535 -0.0162564954
536 -0.01600125197
537 -0.01570863798
538 -0.0153735418
539 -0.01499020776
540 -0.01455216295
541 -0.01405213697
542 -0.01348197382
543 -0.01283253548
544 -0.01209359657
545 -0.01125372936
546 -0.01030017858
547 -0.009218725347
548 -0.007993539431
549 -0.006607019292
550 -0.005039619106
551 -0.003269662113
552 -0.001273139593
553 0.0009765052144
554 0.003508608905
555 0.006355536034
556 0.009552944176
557 0.01314006644
558 0.01716001195
559 0.02166008461
560 0.02669212063
561 0.03231284483
562 0.03858424601
563 0.04557397118
564 0.05335573865
565 0.06200976951
566 0.07162323699
567 0.08229073304
568 0.09411475109
569 0.107206184
570 0.1216848353
571 0.1376799428
572 0.1553307119
573 0.1747868561
574 0.1962091433
575 0.2197699433
576 0.2456537744
577 0.2740578452
578 0.3051925867
579 0.3392821716
580 0.376565015
581 0.4172942515
582 0.461738184
583 0.5101806968
584 0.5629216277
585 0.6202770931
586 0.6825797574
587 0.750179041
588 0.8234412592
589 0.9027496837
590 0.9885045199
591 1.081122791
592 1.181038121
593 1.28870041
594 1.404575394
595 1.529144077
596 1.662902031
597 1.806358566
598 1.960035738
599 2.12446722
600 2.300197008
601 2.487777963
602 2.687770185
603 2.900739227
604 3.127254117
605 3.367885226
606 3.623201946
607 3.893770202
608 4.180149796
609 4.482891576
610 4.802534453
611 5.139602259
612 5.494600462
613 5.868012746
614 6.260297473
615 6.67188403
616 7.103169094
617 7.55451281
618 8.026234928
619 8.518610898
620 9.031867955
621 9.566181215
622 10.12166982
623 10.69839312
624 11.29634701
625 11.91546029
626 12.55559129
627 13.21652458
628 13.89796798
629 14.5995497
630 15.3208159
631 16.06122842
632 16.82016295
633 17.59690746
634 18.39066114
635 19.20053362
636 20.02554477
637 20.86462488
638 21.71661531
639 22.58026971
640 23.45425571
641 24.33715712
642 25.22747673
643 26.12363956
644 27.02399676
645 27.92682994
646 28.83035612
647 29.73273313
648 30.63206557
649 31.52641128
650 32.41378814
651 33.29218152
652 34.15955197
653 35.01384335
654 35.85299134
655 36.67493215
656 37.47761161
657 38.25899437
658 39.01707332
659 39.7498791
660 40.45548969
661 41.13203997
662 41.77773128
663 42.39084086
664 42.96973113
665 43.51285873
666 44.0187834
667 44.48617639
668 44.91382864
669 45.30065848
670 45.64571887
671 45.94820412
672 46.20745614
673 46.42296998
674 46.59439888
675 46.72155855
676 46.8044309
677 46.84316696
678 46.83808912
679 46.7896927
680 46.69864669
681 46.56579379
682 46.3921497
683 46.17890166
684 45.92740622
685 45.63918636
686 45.31592779
687 44.95947465
688 44.57182442
689 44.15512227
690 43.71165472
691 43.24384267
692 42.75423392
693 42.24549503
694 41.72040277
695 41.18183497
696 40.63276098
697 40.07623166
698 39.51536899
699 38.95335528
700 38.3934221
701 37.83883883
702 37.29290101
703 36.7589184
704 36.24020284
705 35.74005593
706 35.26175653
707 34.80854823
708 34.38362659
709 33.99012644
710 33.63110909
711 33.30954956
712 33.02832387
713 32.79019635
714 32.59780709
715 32.45365959
716 32.36010848
717 32.31934758
718 32.3333982
719 32.40409772
720 32.53308861
721 32.72180786
722 32.97147685
723 33.2830918
724 33.6574148
725 34.09496551
726 34.5960136
727 35.16057191
728 35.78839053
729 36.47895179
730 37.2314662
731 38.04486942
732 38.91782044
733 39.84870077
734 40.83561501
735 41.87639256
736 42.96859072
737 44.10949918
738 45.29614576
739 46.52530375
740 47.79350055
741 49.09702782
742 50.43195302
743 51.79413241
744 53.17922544
745 54.58271053
746 55.99990211
747 57.42596896
748 58.85595378
749 60.28479374
750 61.70734215
751 63.11839103
752 64.51269437
753 65.88499212
754 67.23003472
755 68.54260795
756 69.81755799
757 71.04981663
758 72.23442627
759 73.36656475
760 74.44156964
761 75.45496204
762 76.40246948
763 77.280048
764 78.08390301
765 78.81050899
766 79.45662775
767 80.01932509
768 80.49598591
769 80.88432741
770 81.18241048
771 81.38864908
772 81.50181761
773 81.52105609
774 81.44587329
775 81.27614763
776 81.01212594
777 80.65442003
778 80.20400115
779 79.66219239
780 79.03065899
781 78.31139679
782 77.50671884
783 76.61924016
784 75.65186109
785 74.60774899
786 73.49031872
787 72.30321191
788 71.05027527
789 69.73553797
790 68.3631885
791 66.93755089
792 65.46306073
793 63.94424104
794 62.38567811
795 60.79199764
796 59.16784119
797 57.51784319
798 55.84660863
799 54.15869156
800 52.4585745
801 50.75064901
802 49.03919729
803 47.32837519
804 45.62219645
805 43.92451837
806 42.23902896
807 40.56923558
808 38.91845504
809 37.28980532
810 35.68619873
811 34.11033662
812 32.56470558
813 31.05157505
814 29.57299635
815 28.13080306
816 26.72661267
817 25.36182938
818 24.03764808
819 22.75505939
820 21.51485554
821 20.31763722
822 19.16382114
823 18.05364826
824 16.98719258
825 15.96437044
826 14.98495018
827 14.0485621
828 13.15470863
829 12.3027746
830 11.49203756
831 10.72167812
832 9.99079007
833 9.298390453
834 8.643429332
835 8.024799306
836 7.441344698
837 6.891870363
838 6.375150105
839 5.889934651
840 5.434959172
841 5.008950325
842 4.610632813
843 4.238735443
844 3.891996684
845 3.569169728
846 3.269027057
847 2.990364525
848 2.732004963
849 2.492801327
850 2.271639405
851 2.067440102
852 1.879161313
853 1.705799435
854 1.546390502
855 1.400011008
856 1.265778405
857 1.14285133
858 1.030429574
859 0.9277538106
860 0.8341051233
861 0.7488043451
862 0.6712112346
863 0.6007235116
864 0.5367757739
865 0.4788383113
866 0.4264158395
867 0.3790461677
868 0.3362988176
869 0.297773608
870 0.263099218
871 0.2319317415
872 0.2039532434
873 0.178870327
874 0.1564127223
875 0.1363319007
876 0.1183997239
877 0.1024071319
878 0.0881628747
879 0.07549229044
880 0.06423613427
881 0.05424945861
882 0.04540054696
883 0.03756990185
884 0.0306492872
885 0.024540825
886 0.01915614563
887 0.01441559094
888 0.01024746885
889 0.006587357914
890 0.003377460253
891 0.0005660009508
892 -0.001893328087
893 -0.004041881854
894 -0.005916535684
895 -0.007550120599
896 -0.008971822715
897 -0.0102075489
898 -0.01128026081
899 -0.01221027939
900 -0.0130155619
901 -0.01371195339
902 -0.01431341459
903 -0.01483222798
904 -0.01527918374
905 -0.01566374726
906 -0.01599420978
907 -0.01627782354
908 -0.01652092285
909 -0.01672903232
910 -0.01690696348
911 -0.01705890083
912 -0.0171884784
913 -0.01729884767
914 -0.0173927378
915 -0.01747250886
916 -0.0175401989
917 -0.01759756543
918 -0.01764612189
919 -0.01768716972
920 -0.01772182655
921 -0.01775105075
922 -0.01777566306
923 -0.01779636534
924 -0.01781375697
925 -0.0178283491
926 -0.01784057706
927 -0.01785081109
928 -0.01785936562
929 -0.01786650734
930 -0.01787246216
931 -0.01787742112
932 -0.01788154563
933 -0.01788497182
934 -0.01788781439
935 -0.0178901698
936 -0.01789211912
937 -0.01789373035
938 -0.01789506048
939 -0.01789615718
940 -0.0178970603
941 -0.01789780307
942 -0.01789841321
943 -0.01789891379
944 -0.01789932395
945 -0.01789965963
946 -0.017899934
947 -0.01790015798
948 -0.0179003406
949 -0.01790048932
950 -0.01790061027
951 -0.01790070853
952 -0.01790078824
953 -0.01790085283
954 -0.01790090511
955 -0.01790094736
956 -0.01790098147
957 -0.01790100898
958 -0.01790103113
959 -0.01790104894
960 -0.01790106325
961 -0.01790107473
962 -0.01790108393
963 -0.0179010913
964 -0.01790109718
965 -0.01790110188
966 -0.01790110563
967 -0.01790110862
968 -0.01790111099
969 -0.01790111288
970 -0.01790111437
971 -0.01790111556
972 -0.0179011165
973 -0.01790111724
974 -0.01790111782
975 -0.01790111829
976 -0.01790111865
977 -0.01790111894
978 -0.01790111916
979 -0.01790111934
980 -0.01790111948
981 -0.01790111958
982 -0.01790111967
983 -0.01790111974
984 -0.01790111979
985 -0.01790111983
986 -0.01790111986
987 -0.01790111988
988 -0.0179011199
989 -0.01790111992
990 -0.01790111993
991 -0.01790111994
992 -0.01790111994
993 -0.01790111995
994 -0.01790111995
995 -0.01790111996
996 -0.01790111996
997 -0.01790111996
998 -0.01790111996
999 -0.01790111996
1000 -0.01790111996
1001 -0.01790111996
1002 -0.01790111996
1003 -0.01790111996
1004 -0.01790111996
1005 -0.01790111996
1006 -0.01790111996
1007 -0.01790111997
1008 -0.01790111997
1009 -0.01790111997
1010 -0.01790111997
1011 -0.01790111997
1012 -0.01790111997
1013 -0.01790111997
1014 -0.01790111997
1015 -0.01790111997
1016 -0.01790111997
1017 -0.01790111997
1018 -0.01790111997
1019 -0.01790111997
1020 -0.01790111997
1021 -0.01790111997
1022 -0.01790111997
1023 -0.01790111997
