#55270 2910.0010599667058198 0.0045697519343310477949 1 1309 16.000049430220818044 1024 7 1 J1713+0747 0.0000000 
0 0.3361213153
1 0.336121316
2 0.3361213169
3 0.336121318
4 0.3361213193
5 0.3361213209
6 0.3361213229
7 0.3361213254
8 0.3361213284
9 0.3361213322
10 0.3361213368
11 0.3361213424
12 0.3361213493
13 0.3361213578
14 0.3361213681
15 0.3361213808
16 0.3361213962
17 0.336121415
18 0.3361214378
19 0.3361214657
20 0.3361214995
21 0.3361215405
22 0.3361215903
23 0.3361216506
24 0.3361217236
25 0.3361218118
26 0.3361219183
27 0.3361220468
28 0.3361222016
29 0.3361223879
30 0.336122612
31 0.3361228811
32 0.3361232041
33 0.3361235913
34 0.3361240548
35 0.3361246093
36 0.3361252718
37 0.3361260627
38 0.3361270056
39 0.3361281288
40 0.3361294653
41 0.3361310538
42 0.3361329399
43 0.3361351771
44 0.3361378278
45 0.3361409651
46 0.3361446745
47 0.3361490557
48 0.3361542249
49 0.3361603173
50 0.3361674902
51 0.3361759264
52 0.3361858377
53 0.3361974698
54 0.336211107
55 0.336227078
56 0.3362457622
57 0.3362675976
58 0.3362930883
59 0.3363228148
60 0.336357444
61 0.3363977416
62 0.3364445856
63 0.3364989815
64 0.3365620795
65 0.3366351937
66 0.3367198238
67 0.3368176791
68 0.3369307055
69 0.3370611157
70 0.3372114226
71 0.3373844766
72 0.3375835069
73 0.3378121677
74 0.3380745887
75 0.3383754316
76 0.3387199519
77 0.3391140673
78 0.3395644328
79 0.3400785235
80 0.3406647251
81 0.3413324328
82 0.34209216
83 0.342955656
84 0.3439360355
85 0.3450479176
86 0.3463075784
87 0.3477331152
88 0.3493446244
89 0.3511643933
90 0.3532171069
91 0.3555300703
92 0.3581334464
93 0.3610605117
94 0.3643479285
95 0.3680360355
96 0.3721691567
97 0.3767959291
98 0.38196965
99 0.387748643
100 0.3941966442
101 0.4013832078
102 0.4093841303
103 0.4182818946
104 0.4281661319
105 0.4391341014
106 0.451291187
107 0.4647514089
108 0.4796379498
109 0.4960836927
110 0.5142317698
111 0.5342361181
112 0.5562620413
113 0.5804867725
114 0.6071000367
115 0.6363046076
116 0.6683168549
117 0.7033672782
118 0.7417010224
119 0.7835783676
120 0.8292751911
121 0.8790833923
122 0.9333112752
123 0.9922838829
124 1.056343274
125 1.125848739
126 1.201176939
127 1.282721974
128 1.370895355
129 1.466125887
130 1.56885945
131 1.679558658
132 1.798702408
133 1.926785303
134 2.064316926
135 2.211820984
136 2.369834298
137 2.538905635
138 2.719594377
139 2.912469025
140 3.118105528
141 3.337085442
142 3.569993903
143 3.817417428
144 4.079941531
145 4.358148167
146 4.652612994
147 4.963902471
148 5.292570784
149 5.639156616
150 6.004179775
151 6.38813767
152 6.791501677
153 7.214713381
154 7.658180736
155 8.122274138
156 8.607322448
157 9.113608975
158 9.641367458
159 10.19077805
160 10.76196333
161 11.35498444
162 11.96983722
163 12.60644857
164 13.2646729
165 13.9442888
166 14.64499589
167 15.36641201
168 16.10807056
169 16.86941828
170 17.64981328
171 18.44852352
172 19.26472561
173 20.09750414
174 20.94585134
175 21.80866732
176 22.68476079
177 23.57285022
178 24.47156563
179 25.37945087
180 26.29496643
181 27.21649288
182 28.14233476
183 29.07072514
184 29.99983065
185 30.92775703
186 31.85255532
187 32.7722284
188 33.68473811
189 34.58801282
190 35.47995537
191 36.35845143
192 37.22137824
193 38.06661358
194 38.8920451
195 39.69557981
196 40.47515372
197 41.22874167
198 41.95436713
199 42.65011212
200 43.31412696
201 43.94463999
202 44.53996715
203 45.09852127
204 45.61882114
205 46.09950024
206 46.53931513
207 46.93715332
208 47.29204076
209 47.60314877
210 47.86980041
211 48.09147623
212 48.26781941
213 48.39864024
214 48.48391987
215 48.52381337
216 48.51865203
217 48.46894495
218 48.37537981
219 48.23882294
220 48.06031855
221 47.84108724
222 47.58252376
223 47.28619396
224 46.95383107
225 46.5873312
226 46.18874818
227 45.76028771
228 45.30430084
229 44.82327685
230 44.31983547
231 43.79671862
232 43.25678152
233 42.70298334
234 42.13837738
235 41.56610076
236 40.98936375
237 40.41143868
238 39.83564854
239 39.26535523
240 38.70394756
241 38.15482898
242 37.62140509
243 37.10707097
244 36.61519836
245 36.14912274
246 35.71213019
247 35.30744441
248 34.93821346
249 34.60749674
250 34.3182518
251 34.07332142
252 33.8754206
253 33.72712391
254 33.63085287
255 33.58886362
256 33.60323494
257 33.6758565
258 33.80841755
259 34.00239604
260 34.25904823
261 34.57939887
262 34.96423195
263 35.41408219
264 35.92922722
265 36.50968063
266 37.1551858
267 37.86521077
268 38.63894406
269 39.47529162
270 40.37287482
271 41.33002976
272 42.34480775
273 43.41497711
274 44.53802639
275 45.71116888
276 46.93134864
277 48.19524795
278 49.49929624
279 50.83968048
280 52.21235712
281 53.61306539
282 55.03734213
283 56.48053797
284 57.93783491
285 59.40426516
286 60.87473122
287 62.34402707
288 63.80686043
289 65.25787592
290 66.69167906
291 68.10286091
292 69.48602325
293 70.83580416
294 72.14690384
295 73.41411045
296 74.63232587
297 75.79659122
298 76.90211184
299 77.94428175
300 78.91870725
301 79.82122954
302 80.64794625
303 81.39523169
304 82.05975555
305 82.63850016
306 83.12877592
307 83.52823494
308 83.83488273
309 84.04708787
310 84.16358953
311 84.18350291
312 84.10632234
313 83.93192229
314 83.66055608
315 83.29285233
316 82.82980931
317 82.27278706
318 81.62349752
319 80.88399258
320 80.05665033
321 79.14415945
322 78.14950197
323 77.07593457
324 75.92696848
325 74.70634811
326 73.41802879
327 72.06615356
328 70.65502924
329 69.18910212
330 67.67293325
331 66.11117355
332 64.50853911
333 62.86978652
334 61.19968876
335 59.50301148
336 57.7844901
337 56.04880767
338 54.30057373
339 52.5443043
340 50.78440298
341 49.02514345
342 47.2706533
343 45.52489924
344 43.79167395
345 42.07458432
346 40.37704134
347 38.70225154
348 37.05320997
349 35.43269475
350 33.84326315
351 32.28724917
352 30.76676251
353 29.28368896
354 27.83969208
355 26.43621613
356 25.07449012
357 23.75553298
358 22.48015965
359 21.24898807
360 20.06244702
361 18.92078449
362 17.82407681
363 16.77223817
364 15.76503054
365 14.80207395
366 13.8828569
367 13.00674696
368 12.17300139
369 11.38077769
370 10.62914415
371 9.917090062
372 9.243535853
373 8.607342848
374 8.007322711
375 7.442246511
376 6.910853375
377 6.411858691
378 5.943961837
379 5.50585343
380 5.096222067
381 4.713760558
382 4.35717164
383 4.025173184
384 3.716502892
385 3.429922492
386 3.164221451
387 2.918220208
388 2.690772961
389 2.480770013
390 2.287139708
391 2.108849973
392 1.944909501
393 1.794368581
394 1.656319624
395 1.529897393
396 1.414278966
397 1.308683464
398 1.212371563
399 1.124644814
400 1.044844796
401 0.9723521282
402 0.9065853503
403 0.8469997079
404 0.7930858483
405 0.7443684512
406 0.7004048085
407 0.6607833689
408 0.6251222604
409 0.593067804
410 0.5642930287
411 0.5384961991
412 0.5153993625
413 0.4947469253
414 0.4763042634
415 0.4598563728
416 0.4452065653
417 0.4321752123
418 0.4205985401
419 0.4103274787
420 0.4012265651
421 0.3931729025
422 0.3860551757
423 0.3797727222
424 0.3742346579
425 0.369359058
426 0.3650721903
427 0.3613078001
428 0.3580064443
429 0.3551148744
430 0.3525854642
431 0.3503756813
432 0.3484476005
433 0.3467674562
434 0.3453052311
435 0.3440342807
436 0.3429309894
437 0.3419744575
438 0.3411462162
439 0.3404299693
440 0.3398113582
441 0.3392777506
442 0.338818049
443 0.3384225181
444 0.3380826306
445 0.3377909275
446 0.337540894
447 0.337326848
448 0.3371438409
449 0.3369875688
450 0.3368542943
451 0.3367407758
452 0.3366442066
453 0.3365621592
454 0.3364925374
455 0.3364335336
456 0.3363835913
457 0.3363413718
458 0.3363057257
459 0.3362756672
460 0.3362503523
461 0.3362290589
462 0.3362111708
463 0.336196162
464 0.3361835848
465 0.3361730585
466 0.3361642597
467 0.336156914
468 0.3361507891
469 0.3361456885
470 0.3361414462
471 0.3361379221
472 0.3361349983
473 0.3361325756
474 0.3361305706
475 0.3361289133
476 0.3361275452
477 0.3361264171
478 0.3361254882
479 0.3361247242
480 0.3361240966
481 0.3361235818
482 0.3361231599
483 0.3361228146
484 0.3361225324
485 0.336122302
486 0.3361221141
487 0.3361219612
488 0.3361218368
489 0.3361217357
490 0.3361216537
491 0.3361215873
492 0.3361215335
493 0.33612149
494 0.336121455
495 0.3361214267
496 0.3361214039
497 0.3361213856
498 0.3361213708
499 0.336121359
500 0.3361213496
501 0.336121342
502 0.3361213359
503 0.3361213311
504 0.3361213272
505 0.3361213242
506 0.3361213217
507 0.3361213198
508 0.3361213182
509 0.336121317
510 0.3361213161
511 0.3361213153
512 0.3361213147
513 0.3361213142
514 0.3361213138
515 0.3361213136
516 0.3361213133
517 0.3361213131
518 0.336121313
519 0.3361213129
520 0.3361213128
521 0.3361213127
522 0.3361213127
523 0.3361213126
524 0.3361213126
525 0.3361213126
526 0.3361213126
527 0.3361213125
528 0.3361213125
529 0.3361213125
530 0.3361213125
531 0.3361213125
532 0.3361213125
533 0.3361213125
534 0.3361213125
535 0.3361213125
536 0.3361213125
537 0.3361213125
538 0.3361213125
539 0.3361213125
540 0.3361213125
541 0.3361213125
542 0.3361213125
543 0.3361213125
544 0.3361213125
545 0.3361213125
546 0.3361213125
547 0.3361213125
548 0.3361213125
549 0.3361213125
550 0.3361213125
551 0.3361213125
552 0.3361213125
553 0.3361213125
554 0.3361213125
555 0.3361213125
556 0.3361213125
557 0.3361213125
558 0.3361213125
559 0.3361213125
560 0.3361213125
561 0.3361213125
562 0.3361213125
563 0.3361213125
564 0.3361213125
565 0.3361213125
566 0.3361213125
567 0.3361213125
568 0.3361213125
569 0.3361213125
570 0.3361213125
571 0.3361213125
572 0.3361213125
573 0.3361213125
574 0.3361213125
575 0.3361213125
576 0.3361213125
577 0.3361213125
578 0.3361213125
579 0.3361213125
580 0.3361213125
581 0.3361213125
582 0.3361213125
583 0.3361213125
584 0.3361213125
585 0.3361213125
586 0.3361213125
587 0.3361213125
588 0.3361213125
589 0.3361213125
590 0.3361213125
591 0.3361213125
592 0.3361213125
593 0.3361213125
594 0.3361213125
595 0.3361213125
596 0.3361213125
597 0.3361213125
598 0.3361213125
599 0.3361213125
600 0.3361213125
601 0.3361213125
602 0.3361213125
603 0.3361213125
604 0.3361213125
605 0.3361213125
606 0.3361213125
607 0.3361213125
608 0.3361213125
609 0.3361213125
610 0.3361213125
611 0.3361213125
612 0.3361213125
613 0.3361213125
614 0.3361213125
615 0.3361213125
616 0.3361213125
617 0.3361213125
618 0.3361213125
619 0.3361213125
620 0.3361213125
621 0.3361213125
622 0.3361213125
623 0.3361213125
624 0.3361213125
625 0.3361213125
626 0.3361213125
627 0.3361213125
628 0.3361213125
629 0.3361213125
630 0.3361213125
631 0.3361213125
632 0.3361213125
633 0.3361213125
634 0.3361213125
635 0.3361213125
636 0.3361213125
637 0.3361213125
638 0.3361213125
639 0.3361213125
640 0.3361213125
641 0.3361213125
642 0.3361213125
643 0.3361213125
644 0.3361213125
645 0.3361213125
646 0.3361213125
647 0.3361213125
648 0.3361213125
649 0.3361213125
650 0.3361213125
651 0.3361213125
652 0.3361213125
653 0.3361213125
654 0.3361213125
655 0.3361213125
656 0.3361213125
657 0.3361213125
658 0.3361213125
659 0.3361213125
660 0.3361213125
661 0.3361213125
662 0.3361213125
663 0.3361213125
664 0.3361213125
665 0.3361213125
666 0.3361213125
667 0.3361213125
668 0.3361213125
669 0.3361213125
670 0.3361213125
671 0.3361213125
672 0.3361213125
673 0.3361213125
674 0.3361213125
675 0.3361213125
676 0.3361213125
677 0.3361213125
678 0.3361213125
679 0.3361213125
680 0.3361213125
681 0.3361213125
682 0.3361213125
683 0.3361213125
684 0.3361213125
685 0.3361213125
686 0.3361213125
687 0.3361213125
688 0.3361213125
689 0.3361213125
690 0.3361213125
691 0.3361213125
692 0.3361213125
693 0.3361213125
694 0.3361213125
695 0.3361213125
696 0.3361213125
697 0.3361213125
698 0.3361213125
699 0.3361213125
700 0.3361213125
701 0.3361213125
702 0.3361213125
703 0.3361213125
704 0.3361213125
705 0.3361213125
706 0.3361213125
707 0.3361213125
708 0.3361213125
709 0.3361213125
710 0.3361213125
711 0.3361213125
712 0.3361213125
713 0.3361213125
714 0.3361213125
715 0.3361213125
716 0.3361213125
717 0.3361213125
718 0.3361213125
719 0.3361213125
720 0.3361213125
721 0.3361213125
722 0.3361213125
723 0.3361213125
724 0.3361213125
725 0.3361213125
726 0.3361213125
727 0.3361213125
728 0.3361213125
729 0.3361213125
730 0.3361213125
731 0.3361213125
732 0.3361213125
733 0.3361213125
734 0.3361213125
735 0.3361213125
736 0.3361213125
737 0.3361213125
738 0.3361213125
739 0.3361213125
740 0.3361213125
741 0.3361213125
742 0.3361213125
743 0.3361213125
744 0.3361213125
745 0.3361213125
746 0.3361213125
747 0.3361213125
748 0.3361213125
749 0.3361213125
750 0.3361213125
751 0.3361213125
752 0.3361213125
753 0.3361213125
754 0.3361213125
755 0.3361213125
756 0.3361213125
757 0.3361213125
758 0.3361213125
759 0.3361213125
760 0.3361213125
761 0.3361213125
762 0.3361213125
763 0.3361213125
764 0.3361213125
765 0.3361213125
766 0.3361213125
767 0.3361213125
768 0.3361213125
769 0.3361213125
770 0.3361213125
771 0.3361213125
772 0.3361213125
773 0.3361213125
774 0.3361213125
775 0.3361213125
776 0.3361213125
777 0.3361213125
778 0.3361213125
779 0.3361213125
780 0.3361213125
781 0.3361213125
782 0.3361213125
783 0.3361213125
784 0.3361213125
785 0.3361213125
786 0.3361213125
787 0.3361213125
788 0.3361213125
789 0.3361213125
790 0.3361213125
791 0.3361213125
792 0.3361213125
793 0.3361213125
794 0.3361213125
795 0.3361213125
796 0.3361213125
797 0.3361213125
798 0.3361213125
799 0.3361213125
800 0.3361213125
801 0.3361213125
802 0.3361213125
803 0.3361213125
804 0.3361213125
805 0.3361213125
806 0.3361213125
807 0.3361213125
808 0.3361213125
809 0.3361213125
810 0.3361213125
811 0.3361213125
812 0.3361213125
813 0.3361213125
814 0.3361213125
815 0.3361213125
816 0.3361213125
817 0.3361213125
818 0.3361213125
819 0.3361213125
820 0.3361213125
821 0.3361213125
822 0.3361213125
823 0.3361213125
824 0.3361213125
825 0.3361213125
826 0.3361213125
827 0.3361213125
828 0.3361213125
829 0.3361213125
830 0.3361213125
831 0.3361213125
832 0.3361213125
833 0.3361213125
834 0.3361213125
835 0.3361213125
836 0.3361213125
837 0.3361213125
838 0.3361213125
839 0.3361213125
840 0.3361213125
841 0.3361213125
842 0.3361213125
843 0.3361213125
844 0.3361213125
845 0.3361213125
846 0.3361213125
847 0.3361213125
848 0.3361213125
849 0.3361213125
850 0.3361213125
851 0.3361213125
852 0.3361213125
853 0.3361213125
854 0.3361213125
855 0.3361213125
856 0.3361213125
857 0.3361213125
858 0.3361213125
859 0.3361213125
860 0.3361213125
861 0.3361213125
862 0.3361213125
863 0.3361213125
864 0.3361213125
865 0.3361213125
866 0.3361213125
867 0.3361213125
868 0.3361213125
869 0.3361213125
870 0.3361213125
871 0.3361213125
872 0.3361213125
873 0.3361213125
874 0.3361213125
875 0.3361213125
876 0.3361213125
877 0.3361213125
878 0.3361213125
879 0.3361213125
880 0.3361213125
881 0.3361213125
882 0.3361213125
883 0.3361213125
884 0.3361213125
885 0.3361213125
886 0.3361213125
887 0.3361213125
888 0.3361213125
889 0.3361213125
890 0.3361213125
891 0.3361213125
892 0.3361213125
893 0.3361213125
894 0.3361213125
895 0.3361213125
896 0.3361213125
897 0.3361213125
898 0.3361213125
899 0.3361213125
900 0.3361213125
901 0.3361213125
902 0.3361213125
903 0.3361213125
904 0.3361213125
905 0.3361213125
906 0.3361213125
907 0.3361213125
908 0.3361213125
909 0.3361213125
910 0.3361213125
911 0.3361213125
912 0.3361213125
913 0.3361213125
914 0.3361213125
915 0.3361213125
916 0.3361213125
917 0.3361213125
918 0.3361213125
919 0.3361213125
920 0.3361213125
921 0.3361213125
922 0.3361213125
923 0.3361213125
924 0.3361213125
925 0.3361213125
926 0.3361213125
927 0.3361213125
928 0.3361213125
929 0.3361213125
930 0.3361213125
931 0.3361213125
932 0.3361213125
933 0.3361213125
934 0.3361213125
935 0.3361213125
936 0.3361213125
937 0.3361213125
938 0.3361213125
939 0.3361213125
940 0.3361213125
941 0.3361213125
942 0.3361213125
943 0.3361213125
944 0.3361213125
945 0.3361213125
946 0.3361213125
947 0.3361213125
948 0.3361213125
949 0.3361213125
950 0.3361213125
951 0.3361213125
952 0.3361213125
953 0.3361213125
954 0.3361213125
955 0.3361213125
956 0.3361213125
957 0.3361213125
958 0.3361213125
959 0.3361213125
960 0.3361213125
961 0.3361213125
962 0.3361213125
963 0.3361213125
964 0.3361213125
965 0.3361213125
966 0.3361213125
967 0.3361213125
968 0.3361213125
969 0.3361213125
970 0.3361213125
971 0.3361213125
972 0.3361213125
973 0.3361213125
974 0.3361213125
975 0.3361213125
976 0.3361213125
977 0.3361213125
978 0.3361213125
979 0.3361213125
980 0.3361213125
981 0.3361213125
982 0.3361213125
983 0.3361213125
984 0.3361213125
985 0.3361213125
986 0.3361213125
987 0.3361213125
988 0.3361213125
989 0.3361213125
990 0.3361213125
991 0.3361213125
992 0.3361213125
993 0.3361213125
994 0.3361213125
995 0.3361213125
996 0.3361213125
997 0.3361213125
998 0.3361213125
999 0.3361213125
1000 0.3361213125
1001 0.3361213125
1002 0.3361213125
1003 0.3361213125
1004 0.3361213125
1005 0.3361213125
1006 0.3361213125
1007 0.3361213126
1008 0.3361213126
1009 0.3361213126
1010 0.3361213126
1011 0.3361213126
1012 0.3361213127
1013 0.3361213127
1014 0.3361213128
1015 0.3361213129
1016 0.336121313
1017 0.3361213131
1018 0.3361213132
1019 0.3361213134
1020 0.3361213137
1021 0.336121314
1022 0.3361213143
1023 0.3361213148
