#55227 2910.0027550860211967 0.0045698200102958818139 1 1309 16.000049430220818044 1024 7 1 J1713+0747 0.0000000 
0 -0.2249064153
1 -0.2249064153
2 -0.2249064153
3 -0.2249064153
4 -0.2249064153
5 -0.2249064153
6 -0.2249064153
7 -0.2249064153
8 -0.2249064153
9 -0.2249064153
10 -0.2249064153
11 -0.2249064153
12 -0.2249064153
13 -0.2249064153
14 -0.2249064153
15 -0.2249064153
16 -0.2249064153
17 -0.2249064153
18 -0.2249064153
19 -0.2249064153
20 -0.2249064153
21 -0.2249064153
22 -0.2249064153
23 -0.2249064153
24 -0.2249064153
25 -0.2249064153
26 -0.2249064153
27 -0.2249064153
28 -0.2249064153
29 -0.2249064153
30 -0.2249064153
31 -0.2249064153
32 -0.2249064153
33 -0.2249064153
34 -0.2249064153
35 -0.2249064153
36 -0.2249064153
37 -0.2249064153
38 -0.2249064153
39 -0.2249064153
40 -0.2249064153
41 -0.2249064153
42 -0.2249064153
43 -0.2249064153
44 -0.2249064153
45 -0.2249064153
46 -0.2249064153
47 -0.2249064153
48 -0.2249064153
49 -0.2249064153
50 -0.2249064153
51 -0.2249064153
52 -0.2249064153
53 -0.2249064153
54 -0.2249064153
55 -0.2249064153
56 -0.2249064153
57 -0.2249064153
58 -0.2249064153
59 -0.2249064153
60 -0.2249064153
61 -0.2249064153
62 -0.2249064153
63 -0.2249064153
64 -0.2249064153
65 -0.2249064153
66 -0.2249064153
67 -0.2249064153
68 -0.2249064153
69 -0.2249064153
70 -0.2249064153
71 -0.2249064153
72 -0.2249064153
73 -0.2249064153
74 -0.2249064153
75 -0.2249064153
76 -0.2249064153
77 -0.2249064153
78 -0.2249064153
79 -0.2249064153
80 -0.2249064153
81 -0.2249064153
82 -0.2249064153
83 -0.2249064153
84 -0.2249064153
85 -0.2249064153
86 -0.2249064153
87 -0.2249064153
88 -0.2249064153
89 -0.2249064153
90 -0.2249064153
91 -0.2249064153
92 -0.2249064153
93 -0.2249064153
94 -0.2249064153
95 -0.2249064153
96 -0.2249064153
97 -0.2249064153
98 -0.2249064153
99 -0.2249064153
100 -0.2249064153
101 -0.2249064153
102 -0.2249064153
103 -0.2249064153
104 -0.2249064153
105 -0.2249064153
106 -0.2249064153
107 -0.2249064153
108 -0.2249064153
109 -0.2249064153
110 -0.2249064153
111 -0.2249064153
112 -0.2249064153
113 -0.2249064153
114 -0.2249064153
115 -0.2249064153
116 -0.2249064153
117 -0.2249064153
118 -0.2249064152
119 -0.2249064152
120 -0.2249064152
121 -0.2249064151
122 -0.2249064151
123 -0.224906415
124 -0.2249064149
125 -0.2249064148
126 -0.2249064147
127 -0.2249064145
128 -0.2249064143
129 -0.2249064141
130 -0.2249064138
131 -0.2249064134
132 -0.2249064129
133 -0.2249064123
134 -0.2249064116
135 -0.2249064106
136 -0.2249064095
137 -0.2249064081
138 -0.2249064064
139 -0.2249064042
140 -0.2249064016
141 -0.2249063984
142 -0.2249063944
143 -0.2249063895
144 -0.2249063836
145 -0.2249063762
146 -0.2249063673
147 -0.2249063563
148 -0.2249063429
149 -0.2249063266
150 -0.2249063067
151 -0.2249062825
152 -0.2249062531
153 -0.2249062174
154 -0.224906174
155 -0.2249061214
156 -0.2249060577
157 -0.2249059807
158 -0.2249058876
159 -0.2249057753
160 -0.2249056398
161 -0.2249054766
162 -0.2249052803
163 -0.2249050442
164 -0.2249047608
165 -0.2249044208
166 -0.2249040134
167 -0.2249035258
168 -0.2249029427
169 -0.2249022462
170 -0.2249014151
171 -0.2249004246
172 -0.2248992451
173 -0.2248978421
174 -0.2248961751
175 -0.2248941965
176 -0.2248918505
177 -0.2248890718
178 -0.224885784
179 -0.2248818981
180 -0.2248773101
181 -0.2248718988
182 -0.2248655232
183 -0.2248580195
184 -0.2248491974
185 -0.2248388363
186 -0.2248266805
187 -0.2248124343
188 -0.224795756
189 -0.224776251
190 -0.2247534645
191 -0.2247268727
192 -0.2246958731
193 -0.2246597734
194 -0.2246177793
195 -0.2245689803
196 -0.2245123341
197 -0.2244466489
198 -0.2243705635
199 -0.2242825252
200 -0.2241807649
201 -0.2240632694
202 -0.2239277504
203 -0.2237716104
204 -0.2235919038
205 -0.2233852952
206 -0.2231480116
207 -0.2228757909
208 -0.2225638237
209 -0.2222066904
210 -0.2217982908
211 -0.2213317676
212 -0.2207994216
213 -0.2201926193
214 -0.2195016919
215 -0.2187158241
216 -0.2178229344
217 -0.2168095431
218 -0.2156606302
219 -0.2143594806
220 -0.2128875166
221 -0.2112241174
222 -0.2093464235
223 -0.2072291273
224 -0.2048442472
225 -0.2021608861
226 -0.1991449727
227 -0.1957589855
228 -0.1919616586
229 -0.1877076695
230 -0.1829473077
231 -0.1776261242
232 -0.171684562
233 -0.1650575669
234 -0.1576741791
235 -0.1494571061
236 -0.1403222765
237 -0.1301783759
238 -0.1189263655
239 -0.1064589852
240 -0.09266024054
241 -0.0774048774
242 -0.06055784474
243 -0.04197374794
244 -0.02149629538
245 0.001042259206
246 0.02582167523
247 0.05303428132
248 0.08288552496
249 0.1155945114
250 0.1513945275
251 0.1905335448
252 0.2332746974
253 0.2798967283
254 0.3306943974
255 0.3859788462
256 0.4460779115
257 0.51133638
258 0.5821161786
259 0.6587964907
260 0.7417737918
261 0.831461796
262 0.9282913048
263 1.032709951
264 1.145181831
265 1.26618701
266 1.396220903
267 1.535793522
268 1.685428565
269 1.845662374
270 2.017042716
271 2.200127417
272 2.395482816
273 2.60368206
274 2.825303207
275 3.060927172
276 3.311135478
277 3.576507839
278 3.857619564
279 4.15503879
280 4.469323546
281 4.801018653
282 5.150652476
283 5.518733525
284 5.905746927
285 6.31215078
286 6.738372398
287 7.18480447
288 7.65180115
289 8.139674099
290 8.648688497
291 9.179059055
292 9.730946043
293 10.30445138
294 10.89961476
295 11.51640997
296 12.15474121
297 12.81443973
298 13.49526052
299 14.19687933
300 14.9188899
301 15.6608015
302 16.42203679
303 17.20192998
304 17.99972548
305 18.81457683
306 19.64554617
307 20.49160409
308 21.35163002
309 22.22441305
310 23.10865335
311 24.00296404
312 24.90587368
313 25.81582922
314 26.73119955
315 27.65027965
316 28.57129516
317 29.49240763
318 30.41172019
319 31.32728378
320 32.23710392
321 33.1391478
322 34.03135201
323 34.91163048
324 35.77788296
325 36.62800372
326 37.4598906
327 38.2714543
328 39.06062784
329 39.8253762
330 40.56370607
331 41.27367559
332 41.95340413
333 42.60108202
334 43.21498007
335 43.79345901
336 44.33497865
337 44.83810677
338 45.30152763
339 45.72405016
340 46.10461565
341 46.442305
342 46.73634535
343 46.9861163
344 47.19115534
345 47.35116277
346 47.46600588
347 47.53572247
348 47.56052364
349 47.5407958
350 47.47710205
351 47.37018263
352 47.22095479
353 47.03051175
354 46.80012099
355 46.53122177
356 46.22542184
357 45.88449357
358 45.51036921
359 45.10513557
360 44.67102801
361 44.21042373
362 43.72583453
363 43.21989895
364 42.69537381
365 42.1551253
366 41.60211953
367 41.03941261
368 40.47014036
369 39.89750751
370 39.32477667
371 38.75525688
372 38.19229186
373 37.63924803
374 37.09950228
375 36.57642952
376 36.07339006
377 35.59371684
378 35.14070257
379 34.71758676
380 34.32754271
381 33.97366448
382 33.65895391
383 33.38630759
384 33.15850407
385 32.97819104
386 32.84787279
387 32.7698978
388 32.74644662
389 32.77952004
390 32.87092761
391 33.02227654
392 33.23496107
393 33.51015233
394 33.84878882
395 34.25156744
396 34.71893528
397 35.25108214
398 35.84793387
399 36.50914665
400 37.23410211
401 38.02190362
402 38.87137357
403 39.7810518
404 40.74919531
405 41.77377913
406 42.85249861
407 43.98277295
408 45.16175028
409 46.38631399
410 47.65309068
411 48.95845943
412 50.29856267
413 51.66931839
414 53.06643391
415 54.48542098
416 55.92161231
417 57.3701794
418 58.82615166
419 60.28443667
420 61.73984156
421 63.18709541
422 64.62087248
423 66.03581622
424 67.42656394
425 68.78777187
426 70.11414067
427 71.40044103
428 72.64153928
429 73.83242289
430 74.96822563
431 76.04425215
432 77.05600201
433 77.99919274
434 78.86978198
435 79.66398841
436 80.37831129
437 81.00954863
438 81.55481369
439 82.01154965
440 82.37754261
441 82.65093245
442 82.83022177
443 82.91428265
444 82.90236129
445 82.79408042
446 82.5894395
447 82.28881277
448 81.89294498
449 81.4029451
450 80.82027782
451 80.14675306
452 79.38451357
453 78.53602063
454 77.60403803
455 76.59161454
456 75.50206481
457 74.33894902
458 73.10605147
459 71.80735806
460 70.44703309
461 69.02939538
462 67.55889397
463 66.04008362
464 64.47760008
465 62.87613567
466 61.24041493
467 59.57517083
468 57.88512154
469 56.1749479
470 54.44927181
471 52.71263563
472 50.96948266
473 49.22413891
474 47.48079606
475 45.74349599
476 44.01611659
477 42.30235915
478 40.60573729
479 38.92956739
480 37.27696063
481 35.65081654
482 34.05381811
483 32.4884284
484 30.95688855
485 29.4612173
486 28.00321176
487 26.5844495
488 25.20629184
489 23.86988824
490 22.57618174
491 21.32591528
492 20.11963896
493 18.95771794
494 17.84034107
495 16.76753003
496 15.73914892
497 14.75491423
498 13.81440508
499 12.91707363
500 12.0622556
501 11.24918075
502 10.47698342
503 9.744712814
504 9.051343156
505 8.395783604
506 7.776887831
507 7.193463272
508 6.644279983
509 6.128079073
510 5.643580687
511 5.189491518
512 4.76451183
513 4.367341971
514 3.996688392
515 3.651269142
516 3.329818868
517 3.031093303
518 2.753873269
519 2.4969682
520 2.259219202
521 2.039501666
522 1.836727464
523 1.649846731
524 1.477849278
525 1.319765645
526 1.174667826
527 1.041669687
528 0.9199271022
529 0.8086378453
530 0.7070412404
531 0.6144176142
532 0.5300875658
533 0.4534110776
534 0.3837864897
535 0.3206493587
536 0.2634712199
537 0.2117582721
538 0.1650500011
539 0.1229177584
540 0.08496330954
541 0.05081736461
542 0.02013810389
543 -0.007390291579
544 -0.03205909463
545 -0.05413646365
546 -0.07386884403
547 -0.0914823334
548 -0.1071840053
549 -0.1211631873
550 -0.13359269
551 -0.1446299842
552 -0.1544183253
553 -0.1630878217
554 -0.1707564492
555 -0.1775310088
556 -0.1835080303
557 -0.18877462
558 -0.193409257
559 -0.1974825356
560 -0.2010578581
561 -0.2041920794
562 -0.2069361037
563 -0.2093354372
564 -0.2114306987
565 -0.2132580888
566 -0.2148498219
567 -0.2162345217
568 -0.2174375835
569 -0.2184815044
570 -0.2193861846
571 -0.220169201
572 -0.2208460554
573 -0.2214303997
574 -0.2219342388
575 -0.222368114
576 -0.2227412681
577 -0.2230617933
578 -0.2233367646
579 -0.2235723584
580 -0.2237739592
581 -0.2239462543
582 -0.2240933181
583 -0.2242186875
584 -0.2243254284
585 -0.2244161944
586 -0.2244932794
587 -0.2245586631
588 -0.2246140523
589 -0.2246609158
590 -0.2247005162
591 -0.2247339371
592 -0.2247621076
593 -0.2247858228
594 -0.2248057622
595 -0.2248225061
596 -0.2248365491
597 -0.224848312
598 -0.2248581527
599 -0.2248663752
600 -0.2248732368
601 -0.2248789558
602 -0.2248837164
603 -0.2248876743
604 -0.2248909608
605 -0.2248936863
606 -0.2248959438
607 -0.2248978113
608 -0.2248993543
609 -0.2249006276
610 -0.224901677
611 -0.2249025408
612 -0.2249032509
613 -0.2249038341
614 -0.2249043123
615 -0.2249047039
616 -0.2249050243
617 -0.2249052861
618 -0.2249054998
619 -0.2249056739
620 -0.2249058156
621 -0.2249059308
622 -0.2249060244
623 -0.2249061002
624 -0.2249061617
625 -0.2249062114
626 -0.2249062516
627 -0.224906284
628 -0.2249063101
629 -0.2249063311
630 -0.2249063481
631 -0.2249063616
632 -0.2249063725
633 -0.2249063812
634 -0.2249063882
635 -0.2249063938
636 -0.2249063982
637 -0.2249064018
638 -0.2249064046
639 -0.2249064069
640 -0.2249064086
641 -0.2249064101
642 -0.2249064112
643 -0.2249064121
644 -0.2249064128
645 -0.2249064133
646 -0.2249064138
647 -0.2249064141
648 -0.2249064144
649 -0.2249064146
650 -0.2249064147
651 -0.2249064149
652 -0.224906415
653 -0.2249064151
654 -0.2249064151
655 -0.2249064152
656 -0.2249064152
657 -0.2249064152
658 -0.2249064153
659 -0.2249064153
660 -0.2249064153
661 -0.2249064153
662 -0.2249064153
663 -0.2249064153
664 -0.2249064153
665 -0.2249064153
666 -0.2249064153
667 -0.2249064153
668 -0.2249064153
669 -0.2249064153
670 -0.2249064153
671 -0.2249064153
672 -0.2249064153
673 -0.2249064153
674 -0.2249064153
675 -0.2249064153
676 -0.2249064153
677 -0.2249064153
678 -0.2249064153
679 -0.2249064153
680 -0.2249064153
681 -0.2249064153
682 -0.2249064153
683 -0.2249064153
684 -0.2249064153
685 -0.2249064153
686 -0.2249064153
687 -0.2249064153
688 -0.2249064153
689 -0.2249064153
690 -0.2249064153
691 -0.2249064153
692 -0.2249064153
693 -0.2249064153
694 -0.2249064153
695 -0.2249064153
696 -0.2249064153
697 -0.2249064153
698 -0.2249064153
699 -0.2249064153
700 -0.2249064153
701 -0.2249064153
702 -0.2249064153
703 -0.2249064153
704 -0.2249064153
705 -0.2249064153
706 -0.2249064153
707 -0.2249064153
708 -0.2249064153
709 -0.2249064153
710 -0.2249064153
711 -0.2249064153
712 -0.2249064153
713 -0.2249064153
714 -0.2249064153
715 -0.2249064153
716 -0.2249064153
717 -0.2249064153
718 -0.2249064153
719 -0.2249064153
720 -0.2249064153
721 -0.2249064153
722 -0.2249064153
723 -0.2249064153
724 -0.2249064153
725 -0.2249064153
726 -0.2249064153
727 -0.2249064153
728 -0.2249064153
729 -0.2249064153
730 -0.2249064153
731 -0.2249064153
732 -0.2249064153
733 -0.2249064153
734 -0.2249064153
735 -0.2249064153
736 -0.2249064153
737 -0.2249064153
738 -0.2249064153
739 -0.2249064153
740 -0.2249064153
741 -0.2249064153
742 -0.2249064153
743 -0.2249064153
744 -0.2249064153
745 -0.2249064153
746 -0.2249064153
747 -0.2249064153
748 -0.2249064153
749 -0.2249064153
750 -0.2249064153
751 -0.2249064153
752 -0.2249064153
753 -0.2249064153
754 -0.2249064153
755 -0.2249064153
756 -0.2249064153
757 -0.2249064153
758 -0.2249064153
759 -0.2249064153
760 -0.2249064153
761 -0.2249064153
762 -0.2249064153
763 -0.2249064153
764 -0.2249064153
765 -0.2249064153
766 -0.2249064153
767 -0.2249064153
768 -0.2249064153
769 -0.2249064153
770 -0.2249064153
771 -0.2249064153
772 -0.2249064153
773 -0.2249064153
774 -0.2249064153
775 -0.2249064153
776 -0.2249064153
777 -0.2249064153
778 -0.2249064153
779 -0.2249064153
780 -0.2249064153
781 -0.2249064153
782 -0.2249064153
783 -0.2249064153
784 -0.2249064153
785 -0.2249064153
786 -0.2249064153
787 -0.2249064153
788 -0.2249064153
789 -0.2249064153
790 -0.2249064153
791 -0.2249064153
792 -0.2249064153
793 -0.2249064153
794 -0.2249064153
795 -0.2249064153
796 -0.2249064153
797 -0.2249064153
798 -0.2249064153
799 -0.2249064153
800 -0.2249064153
801 -0.2249064153
802 -0.2249064153
803 -0.2249064153
804 -0.2249064153
805 -0.2249064153
806 -0.2249064153
807 -0.2249064153
808 -0.2249064153
809 -0.2249064153
810 -0.2249064153
811 -0.2249064153
812 -0.2249064153
813 -0.2249064153
814 -0.2249064153
815 -0.2249064153
816 -0.2249064153
817 -0.2249064153
818 -0.2249064153
819 -0.2249064153
820 -0.2249064153
821 -0.2249064153
822 -0.2249064153
823 -0.2249064153
824 -0.2249064153
825 -0.2249064153
826 -0.2249064153
827 -0.2249064153
828 -0.2249064153
829 -0.2249064153
830 -0.2249064153
831 -0.2249064153
832 -0.2249064153
833 -0.2249064153
834 -0.2249064153
835 -0.2249064153
836 -0.2249064153
837 -0.2249064153
838 -0.2249064153
839 -0.2249064153
840 -0.2249064153
841 -0.2249064153
842 -0.2249064153
843 -0.2249064153
844 -0.2249064153
845 -0.2249064153
846 -0.2249064153
847 -0.2249064153
848 -0.2249064153
849 -0.2249064153
850 -0.2249064153
851 -0.2249064153
852 -0.2249064153
853 -0.2249064153
854 -0.2249064153
855 -0.2249064153
856 -0.2249064153
857 -0.2249064153
858 -0.2249064153
859 -0.2249064153
860 -0.2249064153
861 -0.2249064153
862 -0.2249064153
863 -0.2249064153
864 -0.2249064153
865 -0.2249064153
866 -0.2249064153
867 -0.2249064153
868 -0.2249064153
869 -0.2249064153
870 -0.2249064153
871 -0.2249064153
872 -0.2249064153
873 -0.2249064153
874 -0.2249064153
875 -0.2249064153
876 -0.2249064153
877 -0.2249064153
878 -0.2249064153
879 -0.2249064153
880 -0.2249064153
881 -0.2249064153
882 -0.2249064153
883 -0.2249064153
884 -0.2249064153
885 -0.2249064153
886 -0.2249064153
887 -0.2249064153
888 -0.2249064153
889 -0.2249064153
890 -0.2249064153
891 -0.2249064153
892 -0.2249064153
893 -0.2249064153
894 -0.2249064153
895 -0.2249064153
896 -0.2249064153
897 -0.2249064153
898 -0.2249064153
899 -0.2249064153
900 -0.2249064153
901 -0.2249064153
902 -0.2249064153
903 -0.2249064153
904 -0.2249064153
905 -0.2249064153
906 -0.2249064153
907 -0.2249064153
908 -0.2249064153
909 -0.2249064153
910 -0.2249064153
911 -0.2249064153
912 -0.2249064153
913 -0.2249064153
914 -0.2249064153
915 -0.2249064153
916 -0.2249064153
917 -0.2249064153
918 -0.2249064153
919 -0.2249064153
920 -0.2249064153
921 -0.2249064153
922 -0.2249064153
923 -0.2249064153
924 -0.2249064153
925 -0.2249064153
926 -0.2249064153
927 -0.2249064153
928 -0.2249064153
929 -0.2249064153
930 -0.2249064153
931 -0.2249064153
932 -0.2249064153
933 -0.2249064153
934 -0.2249064153
935 -0.2249064153
936 -0.2249064153
937 -0.2249064153
938 -0.2249064153
939 -0.2249064153
940 -0.2249064153
941 -0.2249064153
942 -0.2249064153
943 -0.2249064153
944 -0.2249064153
945 -0.2249064153
946 -0.2249064153
947 -0.2249064153
948 -0.2249064153
949 -0.2249064153
950 -0.2249064153
951 -0.2249064153
952 -0.2249064153
953 -0.2249064153
954 -0.2249064153
955 -0.2249064153
956 -0.2249064153
957 -0.2249064153
958 -0.2249064153
959 -0.2249064153
960 -0.2249064153
961 -0.2249064153
962 -0.2249064153
963 -0.2249064153
964 -0.2249064153
965 -0.2249064153
966 -0.2249064153
967 -0.2249064153
968 -0.2249064153
969 -0.2249064153
970 -0.2249064153
971 -0.2249064153
972 -0.2249064153
973 -0.2249064153
974 -0.2249064153
975 -0.2249064153
976 -0.2249064153
977 -0.2249064153
978 -0.2249064153
979 -0.2249064153
980 -0.2249064153
981 -0.2249064153
982 -0.2249064153
983 -0.2249064153
984 -0.2249064153
985 -0.2249064153
986 -0.2249064153
987 -0.2249064153
988 -0.2249064153
989 -0.2249064153
990 -0.2249064153
991 -0.2249064153
992 -0.2249064153
993 -0.2249064153
994 -0.2249064153
995 -0.2249064153
996 -0.2249064153
997 -0.2249064153
998 -0.2249064153
999 -0.2249064153
1000 -0.2249064153
1001 -0.2249064153
1002 -0.2249064153
1003 -0.2249064153
1004 -0.2249064153
1005 -0.2249064153
1006 -0.2249064153
1007 -0.2249064153
1008 -0.2249064153
1009 -0.2249064153
1010 -0.2249064153
1011 -0.2249064153
1012 -0.2249064153
1013 -0.2249064153
1014 -0.2249064153
1015 -0.2249064153
1016 -0.2249064153
1017 -0.2249064153
1018 -0.2249064153
1019 -0.2249064153
1020 -0.2249064153
1021 -0.2249064153
1022 -0.2249064153
1023 -0.2249064153
