#55380 2909.9979488107119239 0.0045702931649068126094 1 1477 16.000049430220818044 1024 7 1 J1713+0747 0.0000000 
0 0.1410827085
1 0.1410826682
2 0.1410826356
3 0.1410826093
4 0.1410825882
5 0.1410825711
6 0.1410825574
7 0.1410825465
8 0.1410825376
9 0.1410825306
10 0.141082525
11 0.1410825205
12 0.1410825169
13 0.141082514
14 0.1410825117
15 0.1410825099
16 0.1410825085
17 0.1410825074
18 0.1410825065
19 0.1410825057
20 0.1410825052
21 0.1410825047
22 0.1410825044
23 0.1410825041
24 0.1410825039
25 0.1410825037
26 0.1410825036
27 0.1410825035
28 0.1410825034
29 0.1410825033
30 0.1410825033
31 0.1410825033
32 0.1410825032
33 0.1410825032
34 0.1410825032
35 0.1410825032
36 0.1410825032
37 0.1410825031
38 0.1410825031
39 0.1410825031
40 0.1410825031
41 0.1410825031
42 0.1410825031
43 0.1410825031
44 0.1410825031
45 0.1410825031
46 0.1410825031
47 0.1410825031
48 0.1410825031
49 0.1410825031
50 0.1410825031
51 0.1410825031
52 0.1410825031
53 0.1410825031
54 0.1410825031
55 0.1410825031
56 0.1410825031
57 0.1410825031
58 0.1410825031
59 0.1410825031
60 0.1410825031
61 0.1410825031
62 0.1410825031
63 0.1410825031
64 0.1410825031
65 0.1410825031
66 0.1410825031
67 0.1410825031
68 0.1410825031
69 0.1410825031
70 0.1410825031
71 0.1410825031
72 0.1410825031
73 0.1410825031
74 0.1410825031
75 0.1410825031
76 0.1410825031
77 0.1410825031
78 0.1410825031
79 0.1410825031
80 0.1410825031
81 0.1410825031
82 0.1410825031
83 0.1410825031
84 0.1410825031
85 0.1410825031
86 0.1410825031
87 0.1410825031
88 0.1410825031
89 0.1410825031
90 0.1410825031
91 0.1410825031
92 0.1410825031
93 0.1410825031
94 0.1410825031
95 0.1410825031
96 0.1410825031
97 0.1410825031
98 0.1410825031
99 0.1410825031
100 0.1410825031
101 0.1410825031
102 0.1410825031
103 0.1410825031
104 0.1410825031
105 0.1410825031
106 0.1410825031
107 0.1410825031
108 0.1410825031
109 0.1410825031
110 0.1410825031
111 0.1410825031
112 0.1410825031
113 0.1410825031
114 0.1410825031
115 0.1410825031
116 0.1410825031
117 0.1410825031
118 0.1410825031
119 0.1410825031
120 0.1410825031
121 0.1410825031
122 0.1410825031
123 0.1410825031
124 0.1410825031
125 0.1410825031
126 0.1410825031
127 0.1410825031
128 0.1410825031
129 0.1410825031
130 0.1410825031
131 0.1410825031
132 0.1410825031
133 0.1410825031
134 0.1410825031
135 0.1410825031
136 0.1410825031
137 0.1410825031
138 0.1410825031
139 0.1410825031
140 0.1410825031
141 0.1410825031
142 0.1410825031
143 0.1410825031
144 0.1410825031
145 0.1410825031
146 0.1410825031
147 0.1410825031
148 0.1410825031
149 0.1410825031
150 0.1410825031
151 0.1410825031
152 0.1410825031
153 0.1410825031
154 0.1410825031
155 0.1410825031
156 0.1410825031
157 0.1410825031
158 0.1410825031
159 0.1410825031
160 0.1410825031
161 0.1410825031
162 0.1410825031
163 0.1410825031
164 0.1410825031
165 0.1410825031
166 0.1410825031
167 0.1410825031
168 0.1410825031
169 0.1410825031
170 0.1410825031
171 0.1410825031
172 0.1410825031
173 0.1410825031
174 0.1410825031
175 0.1410825031
176 0.1410825031
177 0.1410825031
178 0.1410825031
179 0.1410825031
180 0.1410825031
181 0.1410825031
182 0.1410825031
183 0.1410825031
184 0.1410825031
185 0.1410825031
186 0.1410825031
187 0.1410825031
188 0.1410825031
189 0.1410825031
190 0.1410825031
191 0.1410825031
192 0.1410825031
193 0.1410825031
194 0.1410825031
195 0.1410825031
196 0.1410825031
197 0.1410825031
198 0.1410825031
199 0.1410825031
200 0.1410825031
201 0.1410825031
202 0.1410825031
203 0.1410825031
204 0.1410825031
205 0.1410825031
206 0.1410825031
207 0.1410825031
208 0.1410825031
209 0.1410825031
210 0.1410825031
211 0.1410825031
212 0.1410825031
213 0.1410825031
214 0.1410825031
215 0.1410825031
216 0.1410825031
217 0.1410825031
218 0.1410825031
219 0.1410825031
220 0.1410825031
221 0.1410825031
222 0.1410825031
223 0.1410825031
224 0.1410825031
225 0.1410825031
226 0.1410825031
227 0.1410825031
228 0.1410825031
229 0.1410825031
230 0.1410825031
231 0.1410825031
232 0.1410825031
233 0.1410825031
234 0.1410825031
235 0.1410825031
236 0.1410825031
237 0.1410825031
238 0.1410825031
239 0.1410825031
240 0.1410825031
241 0.1410825031
242 0.1410825031
243 0.1410825031
244 0.1410825031
245 0.1410825031
246 0.1410825031
247 0.1410825031
248 0.1410825031
249 0.1410825031
250 0.1410825031
251 0.1410825031
252 0.1410825031
253 0.1410825031
254 0.1410825031
255 0.1410825031
256 0.1410825031
257 0.1410825031
258 0.1410825031
259 0.1410825031
260 0.1410825031
261 0.1410825031
262 0.1410825031
263 0.1410825031
264 0.1410825031
265 0.1410825031
266 0.1410825031
267 0.1410825031
268 0.1410825031
269 0.1410825031
270 0.1410825031
271 0.1410825031
272 0.1410825031
273 0.1410825031
274 0.1410825031
275 0.1410825031
276 0.1410825031
277 0.1410825031
278 0.1410825031
279 0.1410825031
280 0.1410825031
281 0.1410825031
282 0.1410825031
283 0.1410825031
284 0.1410825031
285 0.1410825031
286 0.1410825031
287 0.1410825031
288 0.1410825031
289 0.1410825031
290 0.1410825031
291 0.1410825031
292 0.1410825031
293 0.1410825031
294 0.1410825031
295 0.1410825031
296 0.1410825031
297 0.1410825031
298 0.1410825031
299 0.1410825031
300 0.1410825031
301 0.1410825031
302 0.1410825031
303 0.1410825031
304 0.1410825031
305 0.1410825031
306 0.1410825031
307 0.1410825031
308 0.1410825031
309 0.1410825031
310 0.1410825031
311 0.1410825031
312 0.1410825031
313 0.1410825031
314 0.1410825031
315 0.1410825031
316 0.1410825031
317 0.1410825031
318 0.1410825031
319 0.1410825031
320 0.1410825031
321 0.1410825031
322 0.1410825031
323 0.1410825031
324 0.1410825031
325 0.1410825031
326 0.1410825031
327 0.1410825031
328 0.1410825031
329 0.1410825031
330 0.1410825031
331 0.1410825031
332 0.1410825031
333 0.1410825031
334 0.1410825031
335 0.1410825031
336 0.1410825031
337 0.1410825031
338 0.1410825031
339 0.1410825031
340 0.1410825031
341 0.1410825031
342 0.1410825031
343 0.1410825031
344 0.1410825031
345 0.1410825031
346 0.1410825031
347 0.1410825031
348 0.1410825031
349 0.1410825031
350 0.1410825031
351 0.1410825031
352 0.1410825031
353 0.1410825031
354 0.1410825031
355 0.1410825031
356 0.1410825031
357 0.1410825031
358 0.1410825031
359 0.1410825031
360 0.1410825031
361 0.1410825031
362 0.1410825031
363 0.1410825031
364 0.1410825031
365 0.1410825031
366 0.1410825031
367 0.1410825031
368 0.1410825031
369 0.1410825031
370 0.1410825031
371 0.1410825031
372 0.1410825031
373 0.1410825031
374 0.1410825031
375 0.1410825031
376 0.1410825031
377 0.1410825031
378 0.1410825031
379 0.1410825031
380 0.1410825031
381 0.1410825031
382 0.1410825031
383 0.1410825031
384 0.1410825031
385 0.1410825031
386 0.1410825031
387 0.1410825031
388 0.1410825031
389 0.1410825031
390 0.1410825031
391 0.1410825031
392 0.1410825031
393 0.1410825031
394 0.1410825031
395 0.1410825031
396 0.1410825031
397 0.1410825031
398 0.1410825031
399 0.1410825031
400 0.1410825031
401 0.1410825031
402 0.1410825031
403 0.1410825031
404 0.1410825031
405 0.1410825031
406 0.1410825031
407 0.1410825031
408 0.1410825031
409 0.1410825031
410 0.1410825031
411 0.1410825031
412 0.1410825031
413 0.1410825031
414 0.1410825031
415 0.1410825031
416 0.1410825031
417 0.1410825031
418 0.1410825031
419 0.1410825031
420 0.1410825031
421 0.1410825031
422 0.1410825031
423 0.1410825031
424 0.1410825031
425 0.1410825031
426 0.1410825031
427 0.1410825031
428 0.1410825031
429 0.1410825031
430 0.1410825031
431 0.1410825031
432 0.1410825031
433 0.1410825031
434 0.1410825031
435 0.1410825031
436 0.1410825031
437 0.1410825031
438 0.1410825031
439 0.1410825031
440 0.1410825031
441 0.1410825031
442 0.1410825031
443 0.1410825031
444 0.1410825031
445 0.1410825031
446 0.1410825031
447 0.1410825031
448 0.1410825031
449 0.1410825031
450 0.1410825031
451 0.1410825031
452 0.1410825031
453 0.1410825031
454 0.1410825031
455 0.1410825031
456 0.1410825031
457 0.1410825031
458 0.1410825031
459 0.1410825031
460 0.1410825031
461 0.1410825031
462 0.1410825031
463 0.1410825031
464 0.1410825031
465 0.1410825031
466 0.1410825031
467 0.1410825031
468 0.1410825031
469 0.1410825031
470 0.1410825031
471 0.1410825031
472 0.1410825031
473 0.1410825031
474 0.1410825031
475 0.1410825031
476 0.1410825031
477 0.1410825031
478 0.1410825031
479 0.1410825031
480 0.1410825031
481 0.1410825031
482 0.1410825031
483 0.1410825031
484 0.1410825031
485 0.1410825031
486 0.1410825031
487 0.1410825031
488 0.1410825031
489 0.1410825031
490 0.1410825031
491 0.1410825031
492 0.1410825031
493 0.1410825031
494 0.1410825031
495 0.1410825031
496 0.1410825031
497 0.1410825031
498 0.1410825031
499 0.1410825031
500 0.1410825031
501 0.1410825031
502 0.1410825031
503 0.1410825031
504 0.1410825031
505 0.1410825031
506 0.1410825031
507 0.1410825031
508 0.1410825031
509 0.1410825031
510 0.1410825031
511 0.1410825031
512 0.1410825031
513 0.1410825032
514 0.1410825032
515 0.1410825032
516 0.1410825032
517 0.1410825032
518 0.1410825032
519 0.1410825032
520 0.1410825033
521 0.1410825033
522 0.1410825034
523 0.1410825034
524 0.1410825035
525 0.1410825036
526 0.1410825037
527 0.1410825039
528 0.1410825041
529 0.1410825043
530 0.1410825046
531 0.141082505
532 0.1410825055
533 0.1410825061
534 0.1410825068
535 0.1410825077
536 0.1410825088
537 0.1410825102
538 0.1410825118
539 0.1410825139
540 0.1410825165
541 0.1410825196
542 0.1410825234
543 0.1410825282
544 0.141082534
545 0.1410825411
546 0.1410825497
547 0.1410825603
548 0.1410825733
549 0.141082589
550 0.1410826082
551 0.1410826316
552 0.14108266
553 0.1410826945
554 0.1410827363
555 0.141082787
556 0.1410828484
557 0.1410829225
558 0.1410830121
559 0.1410831202
560 0.1410832505
561 0.1410834074
562 0.1410835961
563 0.1410838228
564 0.1410840949
565 0.1410844211
566 0.1410848119
567 0.1410852794
568 0.1410858382
569 0.1410865053
570 0.141087301
571 0.141088249
572 0.1410893773
573 0.1410907188
574 0.1410923119
575 0.1410942021
576 0.1410964423
577 0.1410990944
578 0.141102231
579 0.1411059365
580 0.1411103096
581 0.1411154651
582 0.1411215366
583 0.1411286792
584 0.1411370729
585 0.1411469265
586 0.1411584816
587 0.1411720177
588 0.1411878575
589 0.1412063736
590 0.141227995
591 0.1412532158
592 0.1412826039
593 0.1413168114
594 0.1413565864
595 0.1414027857
596 0.1414563898
597 0.1415185194
598 0.1415904536
599 0.1416736507
600 0.1417697717
601 0.1418807055
602 0.142008598
603 0.1421558841
604 0.1423253232
605 0.1425200386
606 0.1427435613
607 0.1429998782
608 0.1432934854
609 0.1436294471
610 0.1440134603
611 0.1444519259
612 0.1449520267
613 0.1455218128
614 0.146170295
615 0.1469075469
616 0.1477448155
617 0.1486946428
618 0.1497709962
619 0.150989411
620 0.1523671439
621 0.1539233393
622 0.155679208
623 0.1576582194
624 0.1598863078
625 0.162392094
626 0.1652071212
627 0.1683661068
628 0.1719072112
629 0.1758723218
630 0.180307355
631 0.1852625743
632 0.1907929267
633 0.1969583951
634 0.2038243686
635 0.2114620293
636 0.2199487553
637 0.2293685398
638 0.2398124246
639 0.2513789483
640 0.2641746063
641 0.2783143229
642 0.2939219318
643 0.311130665
644 0.3300836464
645 0.3509343877
646 0.3738472844
647 0.3989981075
648 0.4265744885
649 0.4567763929
650 0.4898165784
651 0.5259210331
652 0.5653293883
653 0.6082953017
654 0.6550868044
655 0.7059866059
656 0.7612923515
657 0.8213168251
658 0.8863880912
659 0.9568495685
660 1.033060029
661 1.115393513
662 1.204239159
663 1.300000932
664 1.403097251
665 1.513960503
666 1.633036445
667 1.760783472
668 1.897671763
669 2.044182286
670 2.200805665
671 2.368040891
672 2.546393896
673 2.736375963
674 2.93850198
675 3.153288544
676 3.381251898
677 3.622905717
678 3.878758735
679 4.149312223
680 4.435057317
681 4.736472209
682 5.0540192
683 5.388141635
684 5.739260716
685 6.107772224
686 6.494043148
687 6.898408245
688 7.321166544
689 7.762577813
690 8.222859022
691 8.702180794
692 9.2006639
693 9.718375799
694 10.25532726
695 10.81146909
696 11.38668899
697 11.98080856
698 12.59358049
699 13.22468603
700 13.87373257
701 14.54025162
702 15.223697
703 15.9234434
704 16.63878528
705 17.36893613
706 18.11302809
707 18.87011208
708 19.63915829
709 20.41905712
710 21.20862061
711 22.00658437
712 22.81160988
713 23.62228745
714 24.43713953
715 25.25462456
716 26.07314131
717 26.89103369
718 27.706596
719 28.5180787
720 29.32369449
721 30.12162493
722 30.9100273
723 31.68704197
724 32.45079992
725 33.19943067
726 33.93107039
727 34.64387024
728 35.33600481
729 36.0056808
730 36.65114561
731 37.27069608
732 37.86268711
733 38.42554026
734 38.9577522
735 39.45790296
736 39.92466398
737 40.35680591
738 40.75320601
739 41.11285526
740 41.43486501
741 41.71847325
742 41.96305028
743 42.16810398
744 42.33328444
745 42.45838805
746 42.54336098
747 42.588302
748 42.5934647
749 42.55925904
750 42.4862522
751 42.37516877
752 42.2268903
753 42.04245413
754 41.82305154
755 41.57002527
756 41.2848664
757 40.96921052
758 40.62483335
759 40.25364572
760 39.85768796
761 39.43912377
762 39.00023353
763 38.54340707
764 38.071136
765 37.58600559
766 37.09068617
767 36.58792421
768 36.08053294
769 35.57138271
770 35.06339096
771 34.55951201
772 34.06272649
773 33.57603059
774 33.10242512
775 32.6449044
776 32.20644493
777 31.7899941
778 31.39845861
779 31.03469302
780 30.70148814
781 30.40155947
782 30.13753562
783 29.9119469
784 29.72721384
785 29.58563598
786 29.48938073
787 29.44047246
788 29.44078187
789 29.49201553
790 29.59570589
791 29.75320155
792 29.96565803
793 30.23402895
794 30.55905778
795 30.94127018
796 31.38096694
797 31.87821767
798 32.43285519
799 33.04447079
800 33.71241034
801 34.4357713
802 35.21340081
803 36.04389471
804 36.92559774
805 37.85660487
806 38.83476373
807 39.85767842
808 40.9227144
809 42.02700478
810 43.16745787
811 44.34076602
812 45.54341578
813 46.77169932
814 48.02172723
815 49.28944242
816 50.57063532
817 51.86096025
818 53.15595278
819 54.45104823
820 55.74160104
821 57.02290497
822 58.29021408
823 59.53876432
824 60.76379559
825 61.96057423
826 63.12441569
827 64.25070734
828 65.33493118
829 66.37268637
830 67.35971142
831 68.29190579
832 69.16535094
833 69.97633047
834 70.72134934
835 71.39715196
836 72.00073908
837 72.52938325
838 72.98064286
839 73.35237456
840 73.64274395
841 73.85023456
842 73.97365498
843 74.01214404
844 73.9651741
845 73.83255238
846 73.61442032
847 73.31125092
848 72.92384426
849 72.45332098
850 71.90111406
851 71.26895869
852 70.55888056
853 69.77318251
854 68.91442966
855 67.98543326
856 66.98923325
857 65.92907971
858 64.80841346
859 63.63084571
860 62.40013722
861 61.12017692
862 59.79496016
863 58.42856689
864 57.02513977
865 55.58886248
866 54.1239383
867 52.63456913
868 51.12493513
869 49.59917504
870 48.06136733
871 46.5155123
872 44.96551521
873 43.41517053
874 41.86814742
875 40.32797638
876 38.79803731
877 37.28154887
878 35.78155917
879 34.30093794
880 32.84236997
881 31.40835001
882 30.00117898
883 28.6229615
884 27.27560468
885 25.96081821
886 24.68011549
887 23.43481604
888 22.22604875
889 21.05475623
890 19.92170002
891 18.82746652
892 17.7724737
893 16.75697842
894 15.78108429
895 14.84475
896 13.94779794
897 13.08992321
898 12.2707028
899 11.48960483
900 10.74599796
901 10.0391607
902 9.368290672
903 8.732513725
904 8.130892872
905 7.562436969
906 7.026109109
907 6.520834695
908 6.045509155
909 5.599005263
910 5.180180059
911 4.787881337
912 4.420953694
913 4.078244134
914 3.758607211
915 3.460909727
916 3.184034981
917 2.92688657
918 2.688391764
919 2.467504459
920 2.263207723
921 2.07451596
922 1.900476701
923 1.740172046
924 1.59271978
925 1.457274182
926 1.333026549
927 1.219205462
928 1.115076811
929 1.019943598
930 0.9331455595
931 0.8540586013
932 0.7820940899
933 0.7166980083
934 0.6573499988
935 0.6035623107
936 0.5548786693
937 0.5108730826
938 0.4711485997
939 0.4353360349
940 0.4030926702
941 0.3741009464
942 0.3480671542
943 0.3247201329
944 0.3038099865
945 0.2851068217
946 0.2683995165
947 0.2534945218
948 0.2402147028
949 0.2283982213
950 0.2178974633
951 0.2085780126
952 0.2003176734
953 0.1930055409
954 0.186541122
955 0.1808335043
956 0.1758005749
957 0.1713682866
958 0.1674699711
959 0.1640456983
960 0.161041679
961 0.1584097109
962 0.156106665
963 0.1540940105
964 0.1523373778
965 0.1508061551
966 0.1494731189
967 0.1483140958
968 0.1473076524
969 0.1464348133
970 0.1456788042
971 0.1450248184
972 0.1444598053
973 0.1439722792
974 0.1435521459
975 0.1431905477
976 0.1428797226
977 0.1426128791
978 0.1423840831
979 0.1421881572
980 0.1420205907
981 0.1418774592
982 0.1417553537
983 0.1416513165
984 0.1415627855
985 0.1414875443
986 0.1414236783
987 0.1413695358
988 0.1413236941
989 0.1412849291
990 0.1412521896
991 0.1412245736
992 0.1412013086
993 0.1411817335
994 0.1411652836
995 0.1411514775
996 0.1411399046
997 0.1411302158
998 0.1411221145
999 0.1411153491
1000 0.1411097063
1001 0.1411050058
1002 0.141101095
1003 0.1410978453
1004 0.1410951484
1005 0.141092913
1006 0.1410910624
1007 0.1410895323
1008 0.1410882688
1009 0.1410872267
1010 0.1410863682
1011 0.141085662
1012 0.1410850817
1013 0.1410846054
1014 0.1410842151
1015 0.1410838955
1016 0.1410836343
1017 0.1410834209
1018 0.1410832469
1019 0.1410831052
1020 0.1410829898
1021 0.1410828961
1022 0.1410828201
1023 0.1410827584
