#55314 2909.9985135631773401 0.0045698922369794845247 1 1445 16.000049430220818044 1024 7 1 J1713+0747 0.0000000 
0 0.4855318476
1 0.485531809
2 0.4855317779
3 0.4855317528
4 0.4855317326
5 0.4855317163
6 0.4855317032
7 0.4855316928
8 0.4855316844
9 0.4855316776
10 0.4855316723
11 0.485531668
12 0.4855316646
13 0.4855316618
14 0.4855316597
15 0.485531658
16 0.4855316566
17 0.4855316555
18 0.4855316547
19 0.485531654
20 0.4855316534
21 0.485531653
22 0.4855316527
23 0.4855316524
24 0.4855316522
25 0.4855316521
26 0.4855316519
27 0.4855316518
28 0.4855316518
29 0.4855316517
30 0.4855316517
31 0.4855316516
32 0.4855316516
33 0.4855316516
34 0.4855316516
35 0.4855316515
36 0.4855316515
37 0.4855316515
38 0.4855316515
39 0.4855316515
40 0.4855316515
41 0.4855316515
42 0.4855316515
43 0.4855316515
44 0.4855316515
45 0.4855316515
46 0.4855316515
47 0.4855316515
48 0.4855316515
49 0.4855316515
50 0.4855316515
51 0.4855316515
52 0.4855316515
53 0.4855316515
54 0.4855316515
55 0.4855316515
56 0.4855316515
57 0.4855316515
58 0.4855316515
59 0.4855316515
60 0.4855316515
61 0.4855316515
62 0.4855316515
63 0.4855316515
64 0.4855316515
65 0.4855316515
66 0.4855316515
67 0.4855316515
68 0.4855316515
69 0.4855316515
70 0.4855316515
71 0.4855316515
72 0.4855316515
73 0.4855316515
74 0.4855316515
75 0.4855316515
76 0.4855316515
77 0.4855316515
78 0.4855316515
79 0.4855316515
80 0.4855316515
81 0.4855316515
82 0.4855316515
83 0.4855316515
84 0.4855316515
85 0.4855316515
86 0.4855316515
87 0.4855316515
88 0.4855316515
89 0.4855316515
90 0.4855316515
91 0.4855316515
92 0.4855316515
93 0.4855316515
94 0.4855316515
95 0.4855316515
96 0.4855316515
97 0.4855316515
98 0.4855316515
99 0.4855316515
100 0.4855316515
101 0.4855316515
102 0.4855316515
103 0.4855316515
104 0.4855316515
105 0.4855316515
106 0.4855316515
107 0.4855316515
108 0.4855316515
109 0.4855316515
110 0.4855316515
111 0.4855316515
112 0.4855316515
113 0.4855316515
114 0.4855316515
115 0.4855316515
116 0.4855316515
117 0.4855316515
118 0.4855316515
119 0.4855316515
120 0.4855316515
121 0.4855316515
122 0.4855316515
123 0.4855316515
124 0.4855316515
125 0.4855316515
126 0.4855316515
127 0.4855316515
128 0.4855316515
129 0.4855316515
130 0.4855316515
131 0.4855316515
132 0.4855316515
133 0.4855316515
134 0.4855316515
135 0.4855316515
136 0.4855316515
137 0.4855316515
138 0.4855316515
139 0.4855316515
140 0.4855316515
141 0.4855316515
142 0.4855316515
143 0.4855316515
144 0.4855316515
145 0.4855316515
146 0.4855316515
147 0.4855316515
148 0.4855316515
149 0.4855316515
150 0.4855316515
151 0.4855316515
152 0.4855316515
153 0.4855316515
154 0.4855316515
155 0.4855316515
156 0.4855316515
157 0.4855316515
158 0.4855316515
159 0.4855316515
160 0.4855316515
161 0.4855316515
162 0.4855316515
163 0.4855316515
164 0.4855316515
165 0.4855316515
166 0.4855316515
167 0.4855316515
168 0.4855316515
169 0.4855316515
170 0.4855316515
171 0.4855316515
172 0.4855316515
173 0.4855316515
174 0.4855316515
175 0.4855316515
176 0.4855316515
177 0.4855316515
178 0.4855316515
179 0.4855316515
180 0.4855316515
181 0.4855316515
182 0.4855316515
183 0.4855316515
184 0.4855316515
185 0.4855316515
186 0.4855316515
187 0.4855316515
188 0.4855316515
189 0.4855316515
190 0.4855316515
191 0.4855316515
192 0.4855316515
193 0.4855316515
194 0.4855316515
195 0.4855316515
196 0.4855316515
197 0.4855316515
198 0.4855316515
199 0.4855316515
200 0.4855316515
201 0.4855316515
202 0.4855316515
203 0.4855316515
204 0.4855316515
205 0.4855316515
206 0.4855316515
207 0.4855316515
208 0.4855316515
209 0.4855316515
210 0.4855316515
211 0.4855316515
212 0.4855316515
213 0.4855316515
214 0.4855316515
215 0.4855316515
216 0.4855316515
217 0.4855316515
218 0.4855316515
219 0.4855316515
220 0.4855316515
221 0.4855316515
222 0.4855316515
223 0.4855316515
224 0.4855316515
225 0.4855316515
226 0.4855316515
227 0.4855316515
228 0.4855316515
229 0.4855316515
230 0.4855316515
231 0.4855316515
232 0.4855316515
233 0.4855316515
234 0.4855316515
235 0.4855316515
236 0.4855316515
237 0.4855316515
238 0.4855316515
239 0.4855316515
240 0.4855316515
241 0.4855316515
242 0.4855316515
243 0.4855316515
244 0.4855316515
245 0.4855316515
246 0.4855316515
247 0.4855316515
248 0.4855316515
249 0.4855316515
250 0.4855316515
251 0.4855316515
252 0.4855316515
253 0.4855316515
254 0.4855316515
255 0.4855316515
256 0.4855316515
257 0.4855316515
258 0.4855316515
259 0.4855316515
260 0.4855316515
261 0.4855316515
262 0.4855316515
263 0.4855316515
264 0.4855316515
265 0.4855316515
266 0.4855316515
267 0.4855316515
268 0.4855316515
269 0.4855316515
270 0.4855316515
271 0.4855316515
272 0.4855316515
273 0.4855316515
274 0.4855316515
275 0.4855316515
276 0.4855316515
277 0.4855316515
278 0.4855316515
279 0.4855316515
280 0.4855316515
281 0.4855316515
282 0.4855316515
283 0.4855316515
284 0.4855316515
285 0.4855316515
286 0.4855316515
287 0.4855316515
288 0.4855316515
289 0.4855316515
290 0.4855316515
291 0.4855316515
292 0.4855316515
293 0.4855316515
294 0.4855316515
295 0.4855316515
296 0.4855316515
297 0.4855316515
298 0.4855316515
299 0.4855316515
300 0.4855316515
301 0.4855316515
302 0.4855316515
303 0.4855316515
304 0.4855316515
305 0.4855316515
306 0.4855316515
307 0.4855316515
308 0.4855316515
309 0.4855316515
310 0.4855316515
311 0.4855316515
312 0.4855316515
313 0.4855316515
314 0.4855316515
315 0.4855316515
316 0.4855316515
317 0.4855316515
318 0.4855316515
319 0.4855316515
320 0.4855316515
321 0.4855316515
322 0.4855316515
323 0.4855316515
324 0.4855316515
325 0.4855316515
326 0.4855316515
327 0.4855316515
328 0.4855316515
329 0.4855316515
330 0.4855316515
331 0.4855316515
332 0.4855316515
333 0.4855316515
334 0.4855316515
335 0.4855316515
336 0.4855316515
337 0.4855316515
338 0.4855316515
339 0.4855316515
340 0.4855316515
341 0.4855316515
342 0.4855316515
343 0.4855316515
344 0.4855316515
345 0.4855316515
346 0.4855316515
347 0.4855316515
348 0.4855316515
349 0.4855316515
350 0.4855316515
351 0.4855316515
352 0.4855316515
353 0.4855316515
354 0.4855316515
355 0.4855316515
356 0.4855316515
357 0.4855316515
358 0.4855316515
359 0.4855316515
360 0.4855316515
361 0.4855316515
362 0.4855316515
363 0.4855316515
364 0.4855316515
365 0.4855316515
366 0.4855316515
367 0.4855316515
368 0.4855316515
369 0.4855316515
370 0.4855316515
371 0.4855316515
372 0.4855316515
373 0.4855316515
374 0.4855316515
375 0.4855316515
376 0.4855316515
377 0.4855316515
378 0.4855316515
379 0.4855316515
380 0.4855316515
381 0.4855316515
382 0.4855316515
383 0.4855316515
384 0.4855316515
385 0.4855316515
386 0.4855316515
387 0.4855316515
388 0.4855316515
389 0.4855316515
390 0.4855316515
391 0.4855316515
392 0.4855316515
393 0.4855316515
394 0.4855316515
395 0.4855316515
396 0.4855316515
397 0.4855316515
398 0.4855316515
399 0.4855316515
400 0.4855316515
401 0.4855316515
402 0.4855316515
403 0.4855316515
404 0.4855316515
405 0.4855316515
406 0.4855316515
407 0.4855316515
408 0.4855316515
409 0.4855316515
410 0.4855316515
411 0.4855316515
412 0.4855316515
413 0.4855316515
414 0.4855316515
415 0.4855316515
416 0.4855316515
417 0.4855316515
418 0.4855316515
419 0.4855316515
420 0.4855316515
421 0.4855316515
422 0.4855316515
423 0.4855316515
424 0.4855316515
425 0.4855316515
426 0.4855316515
427 0.4855316515
428 0.4855316515
429 0.4855316515
430 0.4855316515
431 0.4855316515
432 0.4855316515
433 0.4855316515
434 0.4855316515
435 0.4855316515
436 0.4855316515
437 0.4855316515
438 0.4855316515
439 0.4855316515
440 0.4855316515
441 0.4855316515
442 0.4855316515
443 0.4855316515
444 0.4855316515
445 0.4855316515
446 0.4855316515
447 0.4855316515
448 0.4855316515
449 0.4855316515
450 0.4855316515
451 0.4855316515
452 0.4855316515
453 0.4855316515
454 0.4855316515
455 0.4855316515
456 0.4855316515
457 0.4855316515
458 0.4855316515
459 0.4855316515
460 0.4855316515
461 0.4855316515
462 0.4855316515
463 0.4855316515
464 0.4855316515
465 0.4855316515
466 0.4855316515
467 0.4855316515
468 0.4855316515
469 0.4855316515
470 0.4855316515
471 0.4855316515
472 0.4855316515
473 0.4855316515
474 0.4855316515
475 0.4855316515
476 0.4855316515
477 0.4855316515
478 0.4855316515
479 0.4855316515
480 0.4855316515
481 0.4855316515
482 0.4855316515
483 0.4855316515
484 0.4855316515
485 0.4855316515
486 0.4855316515
487 0.4855316515
488 0.4855316515
489 0.4855316515
490 0.4855316515
491 0.4855316515
492 0.4855316515
493 0.4855316515
494 0.4855316515
495 0.4855316515
496 0.4855316515
497 0.4855316515
498 0.4855316515
499 0.4855316515
500 0.4855316515
501 0.4855316515
502 0.4855316515
503 0.4855316515
504 0.4855316515
505 0.4855316515
506 0.4855316515
507 0.4855316515
508 0.4855316515
509 0.4855316515
510 0.4855316515
511 0.4855316515
512 0.4855316515
513 0.4855316515
514 0.4855316515
515 0.4855316515
516 0.4855316516
517 0.4855316516
518 0.4855316516
519 0.4855316516
520 0.4855316517
521 0.4855316517
522 0.4855316518
523 0.4855316518
524 0.4855316519
525 0.485531652
526 0.4855316522
527 0.4855316524
528 0.4855316526
529 0.4855316528
530 0.4855316532
531 0.4855316536
532 0.4855316541
533 0.4855316547
534 0.4855316555
535 0.4855316565
536 0.4855316577
537 0.4855316592
538 0.485531661
539 0.4855316633
540 0.4855316661
541 0.4855316695
542 0.4855316737
543 0.4855316788
544 0.4855316851
545 0.4855316928
546 0.4855317023
547 0.4855317138
548 0.4855317278
549 0.485531745
550 0.4855317658
551 0.4855317912
552 0.485531822
553 0.4855318595
554 0.4855319048
555 0.4855319598
556 0.4855320263
557 0.4855321067
558 0.4855322037
559 0.4855323208
560 0.4855324619
561 0.4855326317
562 0.4855328358
563 0.485533081
564 0.4855333752
565 0.4855337279
566 0.4855341501
567 0.4855346551
568 0.4855352585
569 0.4855359786
570 0.4855368373
571 0.4855378599
572 0.4855390767
573 0.4855405229
574 0.4855422398
575 0.4855442762
576 0.4855466889
577 0.4855495443
578 0.4855529201
579 0.485556907
580 0.4855616107
581 0.485567154
582 0.48557368
583 0.4855813549
584 0.4855903711
585 0.485600952
586 0.4856133559
587 0.4856278815
588 0.4856448737
589 0.4856647302
590 0.4856879092
591 0.4857149379
592 0.4857464223
593 0.4857830577
594 0.4858256416
595 0.4858750872
596 0.485932439
597 0.4859988902
598 0.4860758024
599 0.4861647276
600 0.4862674322
601 0.4863859248
602 0.4865224862
603 0.4866797035
604 0.4868605073
605 0.4870682136
606 0.4873065696
607 0.4875798049
608 0.4878926874
609 0.4882505854
610 0.4886595358
611 0.4891263183
612 0.4896585384
613 0.4902647162
614 0.4909543851
615 0.4917381986
616 0.4926280466
617 0.4936371826
618 0.4947803606
619 0.4960739841
620 0.4975362671
621 0.4991874079
622 0.5010497753
623 0.5031481106
624 0.5055097421
625 0.5081648166
626 0.5111465452
627 0.514491466
628 0.5182397237
629 0.5224353652
630 0.5271266535
631 0.5323663988
632 0.5382123063
633 0.5447273435
634 0.5519801224
635 0.5600453011
636 0.5690039997
637 0.5789442343
638 0.5899613641
639 0.6021585532
640 0.615647245
641 0.6305476471
642 0.6469892258
643 0.6651112066
644 0.6850630803
645 0.7070051096
646 0.731108835
647 0.757557576
648 0.7865469226
649 0.8182852157
650 0.8529940085
651 0.8909085076
652 0.9322779854
653 0.9773661611
654 1.026451542
655 1.079827723
656 1.137803628
657 1.200703704
658 1.268868043
659 1.342652434
660 1.422428335
661 1.508582763
662 1.601518087
663 1.701651718
664 1.809415695
665 1.925256152
666 2.049632668
667 2.183017476
668 2.325894552
669 2.478758549
670 2.642113595
671 2.816471932
672 3.002352404
673 3.200278785
674 3.410777951
675 3.634377882
676 3.871605513
677 4.122984416
678 4.38903233
679 4.670258536
680 4.96716108
681 5.280223862
682 5.609913581
683 5.956676567
684 6.320935495
685 6.703086
686 7.103493212
687 7.522488222
688 7.960364491
689 8.417374244
690 8.893724843
691 9.389575175
692 9.905032081
693 10.44014685
694 10.99491178
695 11.5692569
696 12.16304677
697 12.77607751
698 13.408074
699 14.05868731
700 14.72749236
701 15.41398597
702 16.11758504
703 16.83762524
704 17.57335997
705 18.32395976
706 19.08851198
707 19.86602115
708 20.65540951
709 21.45551819
710 22.26510883
711 23.08286562
712 23.90739791
713 24.73724332
714 25.5708713
715 26.40668722
716 27.24303697
717 28.07821196
718 28.91045476
719 29.73796496
720 30.55890568
721 31.37141033
722 32.17358982
723 32.96354015
724 33.7393502
725 34.49910992
726 35.24091869
727 35.96289385
728 36.66317946
729 37.33995508
730 37.99144467
731 38.61592542
732 39.21173661
733 39.77728833
734 40.31107005
735 40.81165903
736 41.27772841
737 41.70805511
738 42.10152729
739 42.45715145
740 42.77405915
741 43.05151318
742 43.2889133
743 43.48580134
744 43.64186583
745 43.75694596
746 43.83103492
747 43.86428262
748 43.85699772
749 43.80964901
750 43.72286605
751 43.59743919
752 43.43431886
753 43.23461414
754 42.99959074
755 42.73066817
756 42.42941637
757 42.09755165
758 41.73693192
759 41.34955148
760 40.93753505
761 40.50313133
762 40.04870599
763 39.5767342
764 39.08979255
765 38.59055067
766 38.08176231
767 37.56625606
768 37.04692573
769 36.52672031
770 36.00863373
771 35.49569423
772 34.99095357
773 34.49747595
774 34.01832678
775 33.55656123
776 33.11521273
777 32.69728125
778 32.30572157
779 31.94343152
780 31.61324009
781 31.31789565
782 31.06005415
783 30.84226744
784 30.6669716
785 30.53647556
786 30.45294972
787 30.41841493
788 30.43473163
789 30.5035894
790 30.62649671
791 30.80477123
792 31.03953046
793 31.33168292
794 31.68191991
795 32.09070784
796 32.55828128
797 33.08463669
798 33.66952699
799 34.31245696
800 35.01267957
801 35.76919324
802 36.58074017
803 37.44580574
804 38.36261905
805 39.3291546
806 40.34313527
807 41.40203648
808 42.50309168
809 43.64329916
810 44.81943017
811 46.02803838
812 47.26547066
813 48.52787919
814 49.81123488
815 51.11134202
816 52.42385417
817 53.7442912
818 55.06805742
819 56.39046077
820 57.70673284
821 59.01204985
822 60.30155422
823 61.57037685
824 62.81365976
825 64.0265792
826 65.20436883
827 66.34234302
828 67.43592002
829 68.48064491
830 69.47221206
831 70.4064871
832 71.27952809
833 72.08760588
834 72.82722336
835 73.49513362
836 74.08835673
837 74.60419514
838 75.04024748
839 75.39442071
840 75.66494056
841 75.85036009
842 75.94956634
843 75.96178506
844 75.88658347
845 75.72387091
846 75.47389763
847 75.13725146
848 74.71485255
849 74.20794623
850 73.61809389
851 72.94716225
852 72.19731074
853 71.37097742
854 70.47086341
855 69.49991585
856 68.46130982
857 67.35842904
858 66.19484572
859 64.97429968
860 63.70067673
861 62.3779868
862 61.01034164
863 59.60193248
864 58.1570077
865 56.67985075
866 55.17475841
867 53.64601948
868 52.09789423
869 50.53459451
870 48.96026481
871 47.37896423
872 45.79464968
873 44.21116008
874 42.63220193
875 41.06133611
876 39.5019661
877 37.95732749
878 36.430479
879 34.9242948
880 33.44145835
881 31.98445758
882 30.55558139
883 29.15691764
884 27.79035222
885 26.45756956
886 25.16005416
887 23.89909332
888 22.67578086
889 21.49102181
890 20.34553796
891 19.23987424
892 18.17440571
893 17.14934526
894 16.1647518
895 15.22053883
896 14.31648344
897 13.45223555
898 12.6273273
899 11.84118262
900 11.09312671
901 10.38239566
902 9.708145787
903 9.069462966
904 8.465371628
905 7.894843574
906 7.356806447
907 6.850151867
908 6.373743197
909 5.926422898
910 5.507019459
911 5.114353896
912 4.747245784
913 4.404518843
914 4.08500605
915 3.787554296
916 3.511028584
917 3.254315776
918 3.016327908
919 2.796005073
920 2.592317903
921 2.404269657
922 2.230897939
923 2.071276063
924 1.9245141
925 1.789759604
926 1.666198066
927 1.55305311
928 1.449586438
929 1.355097577
930 1.268923428
931 1.190437638
932 1.119049835
933 1.054204726
934 0.9953810849
935 0.9420906539
936 0.8938769634
937 0.8503140973
938 0.8110054116
939 0.7755822223
940 0.7437024752
941 0.7150494074
942 0.689330211
943 0.6662747084
944 0.6456340464
945 0.6271794162
946 0.6107008047
947 0.5960057826
948 0.5829183328
949 0.5712777226
950 0.5609374224
951 0.5517640725
952 0.5436364992
953 0.5364447813
954 0.5300893668
955 0.5244802401
956 0.5195361383
957 0.5151838171
958 0.5113573632
959 0.5079975541
960 0.5050512615
961 0.5024708981
962 0.5002139056
963 0.4982422813
964 0.4965221425
965 0.4950233255
966 0.4937190178
967 0.4925854219
968 0.4916014476
969 0.4907484322
970 0.4900098852
971 0.4893712571
972 0.4888197299
973 0.4883440276
974 0.4879342452
975 0.4875816944
976 0.4872787656
977 0.4870188032
978 0.4867959946
979 0.4866052709
980 0.4864422175
981 0.4863029956
982 0.4861842719
983 0.4860831556
984 0.4859971439
985 0.4859240724
986 0.4858620723
987 0.4858095321
988 0.4857650644
989 0.485727476
990 0.4856957426
991 0.4856689857
992 0.4856464531
993 0.4856275017
994 0.4856115822
995 0.4855982264
996 0.4855870353
997 0.4855776698
998 0.4855698419
999 0.4855633073
1000 0.4855578591
1001 0.4855533225
1002 0.4855495495
1003 0.4855464156
1004 0.4855438157
1005 0.4855416616
1006 0.485539879
1007 0.4855384057
1008 0.4855371895
1009 0.4855361868
1010 0.4855353612
1011 0.4855346822
1012 0.4855341245
1013 0.485533667
1014 0.4855332922
1015 0.4855329854
1016 0.4855327347
1017 0.4855325301
1018 0.4855323632
1019 0.4855322274
1020 0.4855321169
1021 0.4855320271
1022 0.4855319543
1023 0.4855318954
