#55292 2910.00645373456361 0.0045697988463342291768 1 1277 16.000049430220818044 1024 7 1 J1713+0747 0.0000000 
0 4.943286334
1 5.28672328
2 5.64874714
3 6.029885894
4 6.430643382
5 6.851495526
6 7.292886439
7 7.755224446
8 8.238878029
9 8.744171725
10 9.27138199
11 9.820733064
12 10.39239285
13 10.98646885
14 11.60300418
15 12.24197369
16 12.90328019
17 13.58675092
18 14.29213417
19 15.01909612
20 15.767218
21 16.53599349
22 17.32482651
23 18.13302936
24 18.9598212
25 19.804327
26 20.66557695
27 21.54250632
28 22.43395579
29 23.33867236
30 24.25531075
31 25.18243537
32 26.11852282
33 27.06196498
34 28.0110727
35 28.96408
36 29.9191489
37 30.87437474
38 31.82779215
39 32.77738142
40 33.7210755
41 34.65676742
42 35.5823182
43 36.49556515
44 37.39433058
45 38.27643087
46 39.13968582
47 39.98192828
48 40.80101395
49 41.59483142
50 42.36131217
51 43.09844081
52 43.80426511
53 44.47690613
54 45.11456813
55 45.71554832
56 46.27824638
57 46.8011737
58 47.28296222
59 47.72237289
60 48.11830374
61 48.4697973
62 48.77604765
63 49.03640669
64 49.25038998
65 49.41768174
66 49.53813925
67 49.61179652
68 49.63886718
69 49.61974665
70 49.55501349
71 49.44543001
72 49.29194206
73 49.09567802
74 48.85794707
75 48.58023655
76 48.26420872
77 47.91169661
78 47.52469923
79 47.10537605
80 46.65604075
81 46.17915432
82 45.67731759
83 45.15326302
84 44.60984601
85 44.05003568
86 43.47690501
87 42.89362066
88 42.30343223
89 41.70966116
90 41.1156892
91 40.52494661
92 39.94090001
93 39.36703989
94 38.80686797
95 38.26388431
96 37.7415742
97 37.24339495
98 36.77276252
99 36.33303812
100 35.92751466
101 35.55940332
102 35.23181998
103 34.94777181
104 34.71014393
105 34.52168617
106 34.385
107 34.3025257
108 34.27652977
109 34.30909265
110 34.40209678
111 34.55721513
112 34.77590012
113 35.0593731
114 35.40861447
115 35.82435433
116 36.30706398
117 36.85694811
118 37.47393791
119 38.15768502
120 38.90755656
121 39.72263116
122 40.60169614
123 41.54324586
124 42.54548133
125 43.60631114
126 44.72335373
127 45.8939411
128 47.1151239
129 48.38367809
130 49.69611304
131 51.04868116
132 52.43738907
133 53.85801031
134 55.30609946
135 56.77700783
136 58.26590058
137 59.76777509
138 61.27748083
139 62.78974027
140 64.29917109
141 65.80030932
142 67.28763342
143 68.7555892
144 70.19861528
145 71.61116923
146 72.98775386
147 74.32294382
148 75.61141221
149 76.84795697
150 78.02752697
151 79.14524761
152 80.19644564
153 81.17667321
154 82.08173079
155 82.90768892
156 83.6509086
157 84.30806004
158 84.87613992
159 85.35248664
160 85.73479384
161 86.02112174
162 86.20990646
163 86.29996709
164 86.2905106
165 86.18113435
166 85.97182646
167 85.66296371
168 85.25530735
169 84.74999646
170 84.14853936
171 83.45280271
172 82.66499868
173 81.78767027
174 80.82367466
175 79.77616511
176 78.64857119
177 77.44457777
178 76.16810272
179 74.82327371
180 73.41440412
181 71.94596828
182 70.42257632
183 68.84894872
184 67.22989072
185 65.57026693
186 63.87497612
187 62.14892652
188 60.39701167
189 58.6240871
190 56.83494785
191 55.03430708
192 53.22677579
193 51.41684388
194 49.60886246
195 47.80702773
196 46.01536622
197 44.23772173
198 42.47774371
199 40.73887736
200 39.02435529
201 37.33719083
202 35.68017285
203 34.05586223
204 32.46658978
205 30.91445565
206 29.40133013
207 27.92885576
208 26.49845073
209 25.11131334
210 23.76842768
211 22.47057014
212 21.21831687
213 20.01205202
214 18.85197661
215 17.73811805
216 16.67034
217 15.64835279
218 14.67172395
219 13.73988905
220 12.85216257
221 12.00774884
222 11.20575288
223 10.44519111
224 9.725001937
225 9.04405596
226 8.401165966
227 7.795096521
228 7.224573166
229 6.688291175
230 6.184923848
231 5.713130317
232 5.271562839
233 4.858873574
234 4.47372083
235 4.11477479
236 3.780722701
237 3.470273551
238 3.18216223
239 2.915153201
240 2.668043683
241 2.439666379
242 2.228891759
243 2.034629929
244 1.855832097
245 1.691491686
246 1.540645083
247 1.402372093
248 1.275796083
249 1.160083877
250 1.054445398
251 0.9581331117
252 0.8704412697
253 0.7907049933
254 0.7182992142
255 0.6526374936
256 0.5931707416
257 0.5393858555
258 0.4908042936
259 0.4469806028
260 0.4075009134
261 0.3719814164
262 0.3400668339
263 0.3114288951
264 0.2857648277
265 0.2627958719
266 0.2422658261
267 0.2239396305
268 0.2076019924
269 0.19305606
270 0.1801221461
271 0.1686365055
272 0.1584501679
273 0.1494278279
274 0.1414467915
275 0.1343959812
276 0.1281749976
277 0.1226932377
278 0.1178690689
279 0.1136290566
280 0.1099072443
281 0.1066444846
282 0.1037878179
283 0.1012898985
284 0.099108464
285 0.09720584704
286 0.09554852667
287 0.09410671684
288 0.09285399001
289 0.09176693347
290 0.09082483633
291 0.09000940483
292 0.08930450409
293 0.08869592426
294 0.08817116919
295 0.08771926574
296 0.0873305922
297 0.08699672404
298 0.08671029563
299 0.08646487638
300 0.08625486011
301 0.08607536632
302 0.08592215233
303 0.08579153518
304 0.08568032228
305 0.08558575005
306 0.08550542965
307 0.08543729905
308 0.08537958082
309 0.085330745
310 0.08528947648
311 0.08525464639
312 0.08522528707
313 0.08520057023
314 0.0851797878
315 0.08516233537
316 0.08514769769
317 0.08513543615
318 0.08512517785
319 0.08511660624
320 0.08510945291
321 0.08510349065
322 0.08509852734
323 0.08509440075
324 0.08509097411
325 0.08508813223
326 0.08508577826
327 0.08508383086
328 0.08508222181
329 0.08508089398
330 0.08507979958
331 0.0850788987
332 0.08507815804
333 0.08507754985
334 0.08507705107
335 0.08507664252
336 0.0850763083
337 0.08507603521
338 0.08507581236
339 0.08507563073
340 0.08507548288
341 0.08507536267
342 0.08507526506
343 0.0850751859
344 0.08507512177
345 0.0850750699
346 0.08507502798
347 0.08507499416
348 0.08507496689
349 0.08507494494
350 0.0850749273
351 0.08507491313
352 0.08507490176
353 0.08507489266
354 0.08507488537
355 0.08507487955
356 0.08507487491
357 0.08507487121
358 0.08507486826
359 0.08507486592
360 0.08507486406
361 0.08507486258
362 0.08507486141
363 0.08507486048
364 0.08507485975
365 0.08507485918
366 0.08507485872
367 0.08507485836
368 0.08507485808
369 0.08507485786
370 0.08507485769
371 0.08507485755
372 0.08507485744
373 0.08507485736
374 0.0850748573
375 0.08507485725
376 0.08507485721
377 0.08507485718
378 0.08507485715
379 0.08507485713
380 0.08507485712
381 0.08507485711
382 0.0850748571
383 0.08507485709
384 0.08507485709
385 0.08507485708
386 0.08507485708
387 0.08507485708
388 0.08507485708
389 0.08507485708
390 0.08507485707
391 0.08507485707
392 0.08507485707
393 0.08507485707
394 0.08507485707
395 0.08507485707
396 0.08507485707
397 0.08507485707
398 0.08507485707
399 0.08507485707
400 0.08507485707
401 0.08507485707
402 0.08507485707
403 0.08507485707
404 0.08507485707
405 0.08507485707
406 0.08507485707
407 0.08507485707
408 0.08507485707
409 0.08507485707
410 0.08507485707
411 0.08507485707
412 0.08507485707
413 0.08507485707
414 0.08507485707
415 0.08507485707
416 0.08507485707
417 0.08507485707
418 0.08507485707
419 0.08507485707
420 0.08507485707
421 0.08507485707
422 0.08507485707
423 0.08507485707
424 0.08507485707
425 0.08507485707
426 0.08507485707
427 0.08507485707
428 0.08507485707
429 0.08507485707
430 0.08507485707
431 0.08507485707
432 0.08507485707
433 0.08507485707
434 0.08507485707
435 0.08507485707
436 0.08507485707
437 0.08507485707
438 0.08507485707
439 0.08507485707
440 0.08507485707
441 0.08507485707
442 0.08507485707
443 0.08507485707
444 0.08507485707
445 0.08507485707
446 0.08507485707
447 0.08507485707
448 0.08507485707
449 0.08507485707
450 0.08507485707
451 0.08507485707
452 0.08507485707
453 0.08507485707
454 0.08507485707
455 0.08507485707
456 0.08507485707
457 0.08507485707
458 0.08507485707
459 0.08507485707
460 0.08507485707
461 0.08507485707
462 0.08507485707
463 0.08507485707
464 0.08507485707
465 0.08507485707
466 0.08507485707
467 0.08507485707
468 0.08507485707
469 0.08507485707
470 0.08507485707
471 0.08507485707
472 0.08507485707
473 0.08507485707
474 0.08507485707
475 0.08507485707
476 0.08507485707
477 0.08507485707
478 0.08507485707
479 0.08507485707
480 0.08507485707
481 0.08507485707
482 0.08507485707
483 0.08507485707
484 0.08507485707
485 0.08507485707
486 0.08507485707
487 0.08507485707
488 0.08507485707
489 0.08507485707
490 0.08507485707
491 0.08507485707
492 0.08507485707
493 0.08507485707
494 0.08507485707
495 0.08507485707
496 0.08507485707
497 0.08507485707
498 0.08507485707
499 0.08507485707
500 0.08507485707
501 0.08507485707
502 0.08507485707
503 0.08507485707
504 0.08507485707
505 0.08507485707
506 0.08507485707
507 0.08507485707
508 0.08507485707
509 0.08507485707
510 0.08507485707
511 0.08507485707
512 0.08507485707
513 0.08507485707
514 0.08507485707
515 0.08507485707
516 0.08507485707
517 0.08507485707
518 0.08507485707
519 0.08507485707
520 0.08507485707
521 0.08507485707
522 0.08507485707
523 0.08507485707
524 0.08507485707
525 0.08507485707
526 0.08507485707
527 0.08507485707
528 0.08507485707
529 0.08507485707
530 0.08507485707
531 0.08507485707
532 0.08507485707
533 0.08507485707
534 0.08507485707
535 0.08507485707
536 0.08507485707
537 0.08507485707
538 0.08507485707
539 0.08507485707
540 0.08507485707
541 0.08507485707
542 0.08507485707
543 0.08507485707
544 0.08507485707
545 0.08507485707
546 0.08507485707
547 0.08507485707
548 0.08507485707
549 0.08507485707
550 0.08507485707
551 0.08507485707
552 0.08507485707
553 0.08507485707
554 0.08507485707
555 0.08507485707
556 0.08507485707
557 0.08507485707
558 0.08507485707
559 0.08507485707
560 0.08507485707
561 0.08507485707
562 0.08507485707
563 0.08507485707
564 0.08507485707
565 0.08507485707
566 0.08507485707
567 0.08507485707
568 0.08507485707
569 0.08507485707
570 0.08507485707
571 0.08507485707
572 0.08507485707
573 0.08507485707
574 0.08507485707
575 0.08507485707
576 0.08507485707
577 0.08507485707
578 0.08507485707
579 0.08507485707
580 0.08507485707
581 0.08507485707
582 0.08507485707
583 0.08507485707
584 0.08507485707
585 0.08507485707
586 0.08507485707
587 0.08507485707
588 0.08507485707
589 0.08507485707
590 0.08507485707
591 0.08507485707
592 0.08507485707
593 0.08507485707
594 0.08507485707
595 0.08507485707
596 0.08507485707
597 0.08507485707
598 0.08507485707
599 0.08507485707
600 0.08507485707
601 0.08507485707
602 0.08507485707
603 0.08507485707
604 0.08507485707
605 0.08507485707
606 0.08507485707
607 0.08507485707
608 0.08507485707
609 0.08507485707
610 0.08507485707
611 0.08507485707
612 0.08507485707
613 0.08507485707
614 0.08507485707
615 0.08507485707
616 0.08507485707
617 0.08507485707
618 0.08507485707
619 0.08507485707
620 0.08507485707
621 0.08507485707
622 0.08507485707
623 0.08507485707
624 0.08507485707
625 0.08507485707
626 0.08507485707
627 0.08507485707
628 0.08507485707
629 0.08507485707
630 0.08507485707
631 0.08507485707
632 0.08507485707
633 0.08507485707
634 0.08507485707
635 0.08507485707
636 0.08507485707
637 0.08507485707
638 0.08507485707
639 0.08507485707
640 0.08507485707
641 0.08507485707
642 0.08507485707
643 0.08507485707
644 0.08507485707
645 0.08507485707
646 0.08507485707
647 0.08507485707
648 0.08507485707
649 0.08507485707
650 0.08507485707
651 0.08507485707
652 0.08507485707
653 0.08507485707
654 0.08507485707
655 0.08507485707
656 0.08507485707
657 0.08507485707
658 0.08507485707
659 0.08507485707
660 0.08507485707
661 0.08507485707
662 0.08507485707
663 0.08507485707
664 0.08507485707
665 0.08507485707
666 0.08507485707
667 0.08507485707
668 0.08507485707
669 0.08507485707
670 0.08507485707
671 0.08507485707
672 0.08507485707
673 0.08507485707
674 0.08507485707
675 0.08507485707
676 0.08507485707
677 0.08507485707
678 0.08507485707
679 0.08507485707
680 0.08507485707
681 0.08507485707
682 0.08507485707
683 0.08507485707
684 0.08507485707
685 0.08507485707
686 0.08507485707
687 0.08507485707
688 0.08507485707
689 0.08507485707
690 0.08507485707
691 0.08507485707
692 0.08507485707
693 0.08507485707
694 0.08507485707
695 0.08507485707
696 0.08507485707
697 0.08507485707
698 0.08507485707
699 0.08507485707
700 0.08507485707
701 0.08507485707
702 0.08507485707
703 0.08507485707
704 0.08507485707
705 0.08507485707
706 0.08507485707
707 0.08507485707
708 0.08507485707
709 0.08507485707
710 0.08507485707
711 0.08507485707
712 0.08507485707
713 0.08507485707
714 0.08507485707
715 0.08507485707
716 0.08507485707
717 0.08507485707
718 0.08507485707
719 0.08507485707
720 0.08507485707
721 0.08507485707
722 0.08507485707
723 0.08507485707
724 0.08507485707
725 0.08507485707
726 0.08507485707
727 0.08507485707
728 0.08507485707
729 0.08507485707
730 0.08507485707
731 0.08507485707
732 0.08507485707
733 0.08507485707
734 0.08507485707
735 0.08507485707
736 0.08507485707
737 0.08507485707
738 0.08507485707
739 0.08507485707
740 0.08507485707
741 0.08507485707
742 0.08507485707
743 0.08507485707
744 0.08507485707
745 0.08507485707
746 0.08507485707
747 0.08507485707
748 0.08507485707
749 0.08507485707
750 0.08507485707
751 0.08507485707
752 0.08507485707
753 0.08507485707
754 0.08507485707
755 0.08507485707
756 0.08507485707
757 0.08507485707
758 0.08507485707
759 0.08507485707
760 0.08507485707
761 0.08507485707
762 0.08507485707
763 0.08507485707
764 0.08507485707
765 0.08507485707
766 0.08507485707
767 0.08507485707
768 0.08507485707
769 0.08507485707
770 0.08507485707
771 0.08507485707
772 0.08507485707
773 0.08507485707
774 0.08507485707
775 0.08507485707
776 0.08507485707
777 0.08507485707
778 0.08507485707
779 0.08507485707
780 0.08507485707
781 0.08507485707
782 0.08507485707
783 0.08507485707
784 0.08507485707
785 0.08507485707
786 0.08507485707
787 0.08507485707
788 0.08507485707
789 0.08507485707
790 0.08507485707
791 0.08507485707
792 0.08507485707
793 0.08507485707
794 0.08507485707
795 0.08507485707
796 0.08507485707
797 0.08507485707
798 0.08507485707
799 0.08507485707
800 0.08507485707
801 0.08507485707
802 0.08507485707
803 0.08507485707
804 0.08507485707
805 0.08507485707
806 0.08507485707
807 0.08507485707
808 0.08507485707
809 0.08507485707
810 0.08507485707
811 0.08507485707
812 0.08507485707
813 0.08507485707
814 0.08507485707
815 0.08507485707
816 0.08507485707
817 0.08507485707
818 0.08507485707
819 0.08507485707
820 0.08507485707
821 0.08507485707
822 0.08507485707
823 0.08507485707
824 0.08507485707
825 0.08507485707
826 0.08507485707
827 0.08507485707
828 0.08507485707
829 0.08507485707
830 0.08507485707
831 0.08507485707
832 0.08507485707
833 0.08507485707
834 0.08507485707
835 0.08507485707
836 0.08507485707
837 0.08507485707
838 0.08507485707
839 0.08507485707
840 0.08507485707
841 0.08507485707
842 0.08507485707
843 0.08507485707
844 0.08507485707
845 0.08507485707
846 0.08507485707
847 0.08507485707
848 0.08507485707
849 0.08507485708
850 0.08507485708
851 0.08507485708
852 0.08507485708
853 0.08507485708
854 0.08507485709
855 0.08507485709
856 0.0850748571
857 0.0850748571
858 0.08507485711
859 0.08507485712
860 0.08507485714
861 0.08507485715
862 0.08507485718
863 0.0850748572
864 0.08507485724
865 0.08507485728
866 0.08507485733
867 0.0850748574
868 0.08507485749
869 0.0850748576
870 0.08507485773
871 0.0850748579
872 0.0850748581
873 0.08507485836
874 0.08507485869
875 0.08507485909
876 0.08507485958
877 0.0850748602
878 0.08507486096
879 0.08507486191
880 0.08507486308
881 0.08507486453
882 0.08507486631
883 0.08507486851
884 0.08507487122
885 0.08507487455
886 0.08507487864
887 0.08507488367
888 0.08507488983
889 0.08507489738
890 0.08507490662
891 0.08507491791
892 0.0850749317
893 0.08507494852
894 0.08507496902
895 0.08507499398
896 0.08507502432
897 0.08507506118
898 0.08507510592
899 0.08507516014
900 0.08507522581
901 0.08507530524
902 0.08507540123
903 0.0850755171
904 0.08507565683
905 0.08507582514
906 0.08507602768
907 0.08507627115
908 0.08507656352
909 0.08507691423
910 0.08507733448
911 0.08507783753
912 0.08507843906
913 0.0850791576
914 0.08508001501
915 0.08508103703
916 0.085082254
917 0.08508370156
918 0.0850854216
919 0.08508746326
920 0.0850898841
921 0.08509275153
922 0.08509614434
923 0.08510015454
924 0.08510488949
925 0.08511047425
926 0.08511705437
927 0.08512479905
928 0.08513390474
929 0.08514459929
930 0.08515714663
931 0.08517185213
932 0.08518906874
933 0.08520920385
934 0.08523272722
935 0.08526017982
936 0.08529218392
937 0.08532945449
938 0.085372812
939 0.08542319687
940 0.08548168575
941 0.08554950981
942 0.08562807516
943 0.08571898585
944 0.08582406953
945 0.08594540609
946 0.08608535964
947 0.08624661409
948 0.08643221275
949 0.08664560217
950 0.08689068093
951 0.08717185342
952 0.08749408944
953 0.08786298982
954 0.08828485878
955 0.08876678346
956 0.08931672122
957 0.08994359537
958 0.09065739984
959 0.09146931362
960 0.0923918254
961 0.09343886936
962 0.0946259727
963 0.09597041556
964 0.09749140425
965 0.09921025838
966 0.1011506127
967 0.1033386343
968 0.1058032561
969 0.1085764269
970 0.111693379
971 0.1151929143
972 0.1191177082
973 0.1235146332
974 0.128435102
975 0.1339354302
976 0.1400772191
977 0.1469277585
978 0.1545604497
979 0.1630552481
980 0.172499125
981 0.1829865484
982 0.1946199819
983 0.2075103994
984 0.2217778167
985 0.2375518359
986 0.2549722021
987 0.2741893705
988 0.2953650793
989 0.3186729288
990 0.3442989601
991 0.3724422317
992 0.4033153902
993 0.4371452295
994 0.4741732341
995 0.514656102
996 0.5588662408
997 0.6070922317
998 0.6596392537
999 0.7168294639
1000 0.7790023232
1001 0.8465148634
1002 0.9197418859
1003 0.9990760851
1004 1.084928087
1005 1.177726398
1006 1.277917251
1007 1.38596434
1008 1.502348445
1009 1.627566927
1010 1.762133081
1011 1.906575363
1012 2.061436458
1013 2.227272187
1014 2.404650268
1015 2.594148885
1016 2.796355107
1017 3.01186311
1018 3.24127223
1019 3.485184822
1020 3.744203949
1021 4.01893087
1022 4.309962359
1023 4.617887837
