#55314 2909.9988644226496102 0.0045698922369794845247 1 1437 16.000049430220818044 1024 7 1 J1713+0747 0.0000000 
0 0.3921159291
1 0.3745603716
2 0.358893686
3 0.344930827
4 0.3325026598
5 0.3214548526
6 0.3116468155
7 0.3029506892
8 0.2952503825
9 0.2884406615
10 0.2824262881
11 0.2771212087
12 0.2724477928
13 0.2683361189
14 0.2647233088
15 0.261552906
16 0.2587742987
17 0.256342185
18 0.2542160784
19 0.2523598508
20 0.2507413126
21 0.2493318268
22 0.2481059553
23 0.2470411353
24 0.2461173843
25 0.2453170315
26 0.2446244731
27 0.2440259511
28 0.2435093527
29 0.2430640293
30 0.242680633
31 0.2423509695
32 0.2420678664
33 0.2418250549
34 0.2416170633
35 0.2414391232
36 0.2412870844
37 0.2411573404
38 0.2410467613
39 0.2409526347
40 0.2408726135
41 0.2408046695
42 0.2407470523
43 0.2406982537
44 0.2406569758
45 0.2406221033
46 0.2405926793
47 0.2405678834
48 0.240547014
49 0.2405294712
50 0.2405147433
51 0.2405023939
52 0.240492052
53 0.240483402
54 0.2404761761
55 0.2404701475
56 0.2404651239
57 0.2404609432
58 0.2404574682
59 0.2404545833
60 0.2404521914
61 0.2404502107
62 0.2404485725
63 0.2404472193
64 0.2404461029
65 0.240445183
66 0.240444426
67 0.2404438037
68 0.2404432929
69 0.2404428741
70 0.2404425311
71 0.2404422507
72 0.2404420215
73 0.2404418346
74 0.2404416823
75 0.2404415583
76 0.2404414576
77 0.2404413758
78 0.2404413095
79 0.2404412558
80 0.2404412124
81 0.2404411773
82 0.240441149
83 0.2404411262
84 0.2404411078
85 0.2404410931
86 0.2404410812
87 0.2404410717
88 0.2404410641
89 0.240441058
90 0.2404410532
91 0.2404410493
92 0.2404410462
93 0.2404410437
94 0.2404410418
95 0.2404410402
96 0.240441039
97 0.240441038
98 0.2404410372
99 0.2404410366
100 0.2404410362
101 0.2404410358
102 0.2404410355
103 0.2404410352
104 0.2404410351
105 0.2404410349
106 0.2404410348
107 0.2404410347
108 0.2404410346
109 0.2404410346
110 0.2404410346
111 0.2404410345
112 0.2404410345
113 0.2404410345
114 0.2404410345
115 0.2404410344
116 0.2404410344
117 0.2404410344
118 0.2404410344
119 0.2404410344
120 0.2404410344
121 0.2404410344
122 0.2404410344
123 0.2404410344
124 0.2404410344
125 0.2404410344
126 0.2404410344
127 0.2404410344
128 0.2404410344
129 0.2404410344
130 0.2404410344
131 0.2404410344
132 0.2404410344
133 0.2404410344
134 0.2404410344
135 0.2404410344
136 0.2404410344
137 0.2404410344
138 0.2404410344
139 0.2404410344
140 0.2404410344
141 0.2404410344
142 0.2404410344
143 0.2404410344
144 0.2404410344
145 0.2404410344
146 0.2404410344
147 0.2404410344
148 0.2404410344
149 0.2404410344
150 0.2404410344
151 0.2404410344
152 0.2404410344
153 0.2404410344
154 0.2404410344
155 0.2404410344
156 0.2404410344
157 0.2404410344
158 0.2404410344
159 0.2404410344
160 0.2404410344
161 0.2404410344
162 0.2404410344
163 0.2404410344
164 0.2404410344
165 0.2404410344
166 0.2404410344
167 0.2404410344
168 0.2404410344
169 0.2404410344
170 0.2404410344
171 0.2404410344
172 0.2404410344
173 0.2404410344
174 0.2404410344
175 0.2404410344
176 0.2404410344
177 0.2404410344
178 0.2404410344
179 0.2404410344
180 0.2404410344
181 0.2404410344
182 0.2404410344
183 0.2404410344
184 0.2404410344
185 0.2404410344
186 0.2404410344
187 0.2404410344
188 0.2404410344
189 0.2404410344
190 0.2404410344
191 0.2404410344
192 0.2404410344
193 0.2404410344
194 0.2404410344
195 0.2404410344
196 0.2404410344
197 0.2404410344
198 0.2404410344
199 0.2404410344
200 0.2404410344
201 0.2404410344
202 0.2404410344
203 0.2404410344
204 0.2404410344
205 0.2404410344
206 0.2404410344
207 0.2404410344
208 0.2404410344
209 0.2404410344
210 0.2404410344
211 0.2404410344
212 0.2404410344
213 0.2404410344
214 0.2404410344
215 0.2404410344
216 0.2404410344
217 0.2404410344
218 0.2404410344
219 0.2404410344
220 0.2404410344
221 0.2404410344
222 0.2404410344
223 0.2404410344
224 0.2404410344
225 0.2404410344
226 0.2404410344
227 0.2404410344
228 0.2404410344
229 0.2404410344
230 0.2404410344
231 0.2404410344
232 0.2404410344
233 0.2404410344
234 0.2404410344
235 0.2404410344
236 0.2404410344
237 0.2404410344
238 0.2404410344
239 0.2404410344
240 0.2404410344
241 0.2404410344
242 0.2404410344
243 0.2404410344
244 0.2404410344
245 0.2404410344
246 0.2404410344
247 0.2404410344
248 0.2404410344
249 0.2404410344
250 0.2404410344
251 0.2404410344
252 0.2404410344
253 0.2404410344
254 0.2404410344
255 0.2404410344
256 0.2404410344
257 0.2404410344
258 0.2404410344
259 0.2404410344
260 0.2404410344
261 0.2404410344
262 0.2404410344
263 0.2404410344
264 0.2404410344
265 0.2404410344
266 0.2404410344
267 0.2404410344
268 0.2404410344
269 0.2404410344
270 0.2404410344
271 0.2404410344
272 0.2404410344
273 0.2404410344
274 0.2404410344
275 0.2404410344
276 0.2404410344
277 0.2404410344
278 0.2404410344
279 0.2404410344
280 0.2404410344
281 0.2404410344
282 0.2404410344
283 0.2404410344
284 0.2404410344
285 0.2404410344
286 0.2404410344
287 0.2404410344
288 0.2404410344
289 0.2404410344
290 0.2404410344
291 0.2404410344
292 0.2404410344
293 0.2404410344
294 0.2404410344
295 0.2404410344
296 0.2404410344
297 0.2404410344
298 0.2404410344
299 0.2404410344
300 0.2404410344
301 0.2404410344
302 0.2404410344
303 0.2404410344
304 0.2404410344
305 0.2404410344
306 0.2404410344
307 0.2404410344
308 0.2404410344
309 0.2404410344
310 0.2404410344
311 0.2404410344
312 0.2404410344
313 0.2404410344
314 0.2404410344
315 0.2404410344
316 0.2404410344
317 0.2404410344
318 0.2404410344
319 0.2404410344
320 0.2404410344
321 0.2404410344
322 0.2404410344
323 0.2404410344
324 0.2404410344
325 0.2404410344
326 0.2404410344
327 0.2404410344
328 0.2404410344
329 0.2404410344
330 0.2404410344
331 0.2404410344
332 0.2404410344
333 0.2404410344
334 0.2404410344
335 0.2404410344
336 0.2404410344
337 0.2404410344
338 0.2404410344
339 0.2404410344
340 0.2404410344
341 0.2404410344
342 0.2404410344
343 0.2404410344
344 0.2404410344
345 0.2404410344
346 0.2404410344
347 0.2404410344
348 0.2404410344
349 0.2404410344
350 0.2404410344
351 0.2404410344
352 0.2404410344
353 0.2404410344
354 0.2404410344
355 0.2404410344
356 0.2404410344
357 0.2404410344
358 0.2404410344
359 0.2404410344
360 0.2404410344
361 0.2404410344
362 0.2404410344
363 0.2404410344
364 0.2404410344
365 0.2404410344
366 0.2404410344
367 0.2404410344
368 0.2404410344
369 0.2404410344
370 0.2404410344
371 0.2404410344
372 0.2404410344
373 0.2404410344
374 0.2404410344
375 0.2404410344
376 0.2404410344
377 0.2404410344
378 0.2404410344
379 0.2404410344
380 0.2404410344
381 0.2404410344
382 0.2404410344
383 0.2404410344
384 0.2404410344
385 0.2404410344
386 0.2404410344
387 0.2404410344
388 0.2404410344
389 0.2404410344
390 0.2404410344
391 0.2404410344
392 0.2404410344
393 0.2404410344
394 0.2404410344
395 0.2404410344
396 0.2404410344
397 0.2404410344
398 0.2404410344
399 0.2404410344
400 0.2404410344
401 0.2404410344
402 0.2404410344
403 0.2404410344
404 0.2404410344
405 0.2404410344
406 0.2404410344
407 0.2404410344
408 0.2404410344
409 0.2404410344
410 0.2404410344
411 0.2404410344
412 0.2404410344
413 0.2404410344
414 0.2404410344
415 0.2404410344
416 0.2404410344
417 0.2404410344
418 0.2404410344
419 0.2404410344
420 0.2404410344
421 0.2404410344
422 0.2404410344
423 0.2404410344
424 0.2404410344
425 0.2404410344
426 0.2404410344
427 0.2404410344
428 0.2404410344
429 0.2404410344
430 0.2404410344
431 0.2404410344
432 0.2404410344
433 0.2404410344
434 0.2404410344
435 0.2404410344
436 0.2404410344
437 0.2404410344
438 0.2404410344
439 0.2404410344
440 0.2404410344
441 0.2404410344
442 0.2404410344
443 0.2404410344
444 0.2404410344
445 0.2404410344
446 0.2404410344
447 0.2404410344
448 0.2404410344
449 0.2404410344
450 0.2404410344
451 0.2404410344
452 0.2404410344
453 0.2404410344
454 0.2404410344
455 0.2404410344
456 0.2404410344
457 0.2404410344
458 0.2404410344
459 0.2404410344
460 0.2404410344
461 0.2404410344
462 0.2404410344
463 0.2404410344
464 0.2404410344
465 0.2404410344
466 0.2404410344
467 0.2404410344
468 0.2404410344
469 0.2404410344
470 0.2404410344
471 0.2404410344
472 0.2404410344
473 0.2404410344
474 0.2404410344
475 0.2404410344
476 0.2404410344
477 0.2404410344
478 0.2404410344
479 0.2404410344
480 0.2404410344
481 0.2404410344
482 0.2404410344
483 0.2404410344
484 0.2404410344
485 0.2404410344
486 0.2404410344
487 0.2404410344
488 0.2404410344
489 0.2404410344
490 0.2404410344
491 0.2404410344
492 0.2404410344
493 0.2404410344
494 0.2404410344
495 0.2404410344
496 0.2404410344
497 0.2404410344
498 0.2404410344
499 0.2404410344
500 0.2404410344
501 0.2404410344
502 0.2404410344
503 0.2404410344
504 0.2404410344
505 0.2404410344
506 0.2404410344
507 0.2404410344
508 0.2404410344
509 0.2404410344
510 0.2404410344
511 0.2404410344
512 0.2404410344
513 0.2404410344
514 0.2404410344
515 0.2404410344
516 0.2404410344
517 0.2404410344
518 0.2404410344
519 0.2404410344
520 0.2404410344
521 0.2404410344
522 0.2404410344
523 0.2404410344
524 0.2404410344
525 0.2404410344
526 0.2404410344
527 0.2404410344
528 0.2404410344
529 0.2404410344
530 0.2404410344
531 0.2404410344
532 0.2404410344
533 0.2404410344
534 0.2404410344
535 0.2404410344
536 0.2404410344
537 0.2404410344
538 0.2404410344
539 0.2404410344
540 0.2404410344
541 0.2404410344
542 0.2404410344
543 0.2404410344
544 0.2404410344
545 0.2404410344
546 0.2404410344
547 0.2404410344
548 0.2404410344
549 0.2404410344
550 0.2404410344
551 0.2404410344
552 0.2404410344
553 0.2404410344
554 0.2404410344
555 0.2404410344
556 0.2404410344
557 0.2404410344
558 0.2404410344
559 0.2404410344
560 0.2404410344
561 0.2404410344
562 0.2404410344
563 0.2404410344
564 0.2404410344
565 0.2404410344
566 0.2404410344
567 0.2404410344
568 0.2404410344
569 0.2404410344
570 0.2404410344
571 0.2404410344
572 0.2404410344
573 0.2404410344
574 0.2404410344
575 0.2404410344
576 0.2404410344
577 0.2404410344
578 0.2404410344
579 0.2404410344
580 0.2404410344
581 0.2404410344
582 0.2404410344
583 0.2404410344
584 0.2404410344
585 0.2404410344
586 0.2404410344
587 0.2404410344
588 0.2404410344
589 0.2404410344
590 0.2404410344
591 0.2404410344
592 0.2404410344
593 0.2404410344
594 0.2404410345
595 0.2404410345
596 0.2404410345
597 0.2404410345
598 0.2404410345
599 0.2404410346
600 0.2404410346
601 0.2404410346
602 0.2404410347
603 0.2404410348
604 0.2404410349
605 0.240441035
606 0.2404410352
607 0.2404410354
608 0.2404410356
609 0.2404410359
610 0.2404410363
611 0.2404410367
612 0.2404410373
613 0.240441038
614 0.2404410388
615 0.2404410399
616 0.2404410412
617 0.2404410429
618 0.2404410449
619 0.2404410474
620 0.2404410504
621 0.2404410542
622 0.2404410588
623 0.2404410644
624 0.2404410713
625 0.2404410797
626 0.2404410901
627 0.2404411027
628 0.240441118
629 0.2404411367
630 0.2404411595
631 0.2404411872
632 0.2404412209
633 0.2404412617
634 0.2404413111
635 0.240441371
636 0.2404414434
637 0.240441531
638 0.2404416366
639 0.2404417639
640 0.2404419172
641 0.2404421017
642 0.2404423234
643 0.2404425895
644 0.2404429087
645 0.2404432911
646 0.2404437488
647 0.2404442959
648 0.2404449493
649 0.2404457288
650 0.2404466578
651 0.2404477637
652 0.2404490788
653 0.2404506412
654 0.2404524953
655 0.2404546932
656 0.240457296
657 0.240460375
658 0.2404640135
659 0.2404683086
660 0.2404733735
661 0.2404793397
662 0.2404863602
663 0.2404946127
664 0.2405043029
665 0.2405156694
666 0.2405289879
667 0.2405445772
668 0.2405628051
669 0.2405840954
670 0.2406089364
671 0.2406378894
672 0.2406715992
673 0.2407108056
674 0.2407563562
675 0.2408092213
676 0.2408705101
677 0.2409414893
678 0.2410236031
679 0.241118497
680 0.241228043
681 0.2413543682
682 0.2414998872
683 0.2416673368
684 0.241859816
685 0.2420808289
686 0.2423343338
687 0.2426247954
688 0.2429572443
689 0.2433373413
690 0.2437714486
691 0.2442667076
692 0.2448311246
693 0.245473664
694 0.2462043506
695 0.2470343806
696 0.2479762428
697 0.2490438498
698 0.250252681
699 0.2516199362
700 0.2531647028
701 0.2549081347
702 0.2568736462
703 0.2590871192
704 0.2615771251
705 0.2643751634
706 0.2675159147
707 0.2710375108
708 0.2749818221
709 0.2793947611
710 0.2843266042
711 0.2898323306
712 0.2959719787
713 0.3028110204
714 0.3104207523
715 0.3188787039
716 0.3282690619
717 0.33868311
718 0.3502196837
719 0.3629856375
720 0.3770963248
721 0.3926760872
722 0.4098587525
723 0.4287881385
724 0.449618559
725 0.472515332
726 0.4976552832
727 0.5252272439
728 0.5554325385
729 0.5884854569
730 0.6246137081
731 0.6640588487
732 0.7070766828
733 0.7539376259
734 0.8049270279
735 0.8603454489
736 0.92050888
737 0.9857489048
738 1.056412792
739 1.132863513
740 1.215479678
741 1.304655383
742 1.400799957
743 1.504337607
744 1.615706955
745 1.735360445
746 1.863763637
747 2.001394363
748 2.148741743
749 2.306305062
750 2.474592493
751 2.654119672
752 2.845408113
753 3.048983465
754 3.265373607
755 3.495106583
756 3.738708375
757 3.996700515
758 4.269597545
759 4.557904323
760 4.862113183
761 5.182700953
762 5.520125857
763 5.874824278
764 6.247207436
765 6.637657957
766 7.046526375
767 7.47412757
768 7.920737164
769 8.386587901
770 8.871866024
771 9.376707678
772 9.901195357
773 10.44535443
774 11.00914976
775 11.59248247
776 12.19518684
777 12.81702736
778 13.45769611
779 14.11681024
780 14.79390978
781 15.48845578
782 16.19982872
783 16.92732728
784 17.67016753
785 18.42748242
786 19.19832181
787 19.98165286
788 20.77636087
789 21.58125067
790 22.39504839
791 23.2164038
792 24.04389312
793 24.8760223
794 25.7112309
795 26.54789634
796 27.38433871
797 28.21882606
798 29.04958013
799 29.87478254
800 30.69258136
801 31.50109815
802 32.2984353
803 33.0826837
804 33.85193078
805 34.60426873
806 35.33780297
807 36.0506608
808 36.74100014
809 37.40701842
810 38.04696144
811 38.65913223
812 39.24189983
813 39.79370799
814 40.31308366
815 40.79864528
816 41.24911078
817 41.66330528
818 42.04016845
819 42.37876141
820 42.6782732
821 42.9380268
822 43.15748456
823 43.33625311
824 43.47408773
825 43.57089595
826 43.62674072
827 43.64184275
828 43.61658228
829 43.55150013
830 43.44729808
831 43.30483851
832 43.12514344
833 42.90939276
834 42.65892192
835 42.3752188
836 42.05992005
837 41.7148067
838 41.34179922
839 40.94295189
840 40.52044672
841 40.07658666
842 39.6137884
843 39.13457466
844 38.64156592
845 38.13747181
846 37.62508203
847 37.10725688
848 36.5869175
849 36.06703566
850 35.5506234
851 35.04072229
852 34.54039249
853 34.05270162
854 33.58071341
855 33.12747623
856 32.69601147
857 32.2893018
858 31.91027944
859 31.56181431
860 31.2467022
861 30.96765295
862 30.72727872
863 30.52808228
864 30.37244547
865 30.2626178
866 30.20070523
867 30.18865925
868 30.22826609
869 30.32113645
870 30.46869546
871 30.67217306
872 30.93259497
873 31.25077407
874 31.62730238
875 32.06254375
876 32.55662717
877 33.1094409
878 33.72062736
879 34.38957895
880 35.11543479
881 35.89707847
882 36.73313682
883 37.62197982
884 38.56172164
885 39.55022293
886 40.58509428
887 41.663701
888 42.7831692
889 43.94039317
890 45.13204412
891 46.35458022
892 47.604258
893 48.87714505
894 50.16913398
895 51.47595765
896 52.79320562
897 54.11634164
898 55.44072232
899 56.76161667
900 58.07422662
901 59.37370824
902 60.65519367
903 61.91381361
904 63.14472018
905 64.34311006
906 65.50424782
907 66.62348913
908 67.69630391
909 68.71829905
910 69.68524071
911 70.59307595
912 71.43795357
913 72.216244
914 72.9245581
915 73.55976471
916 74.11900684
917 74.5997164
918 74.99962724
919 75.3167866
920 75.54956469
921 75.69666242
922 75.7571172
923 75.73030678
924 75.61595109
925 75.41411209
926 75.12519151
927 74.74992675
928 74.28938474
929 73.74495386
930 73.11833417
931 72.41152574
932 71.6268154
933 70.76676196
934 69.83417996
935 68.83212213
936 67.76386078
937 66.63286803
938 65.44279534
939 64.19745228
940 62.90078473
941 61.55685283
942 60.16980857
943 58.74387351
944 57.28331648
945 55.7924316
946 54.27551674
947 52.73685254
948 51.18068209
949 49.61119144
950 48.03249109
951 46.44859846
952 44.86342149
953 43.28074349
954 41.70420922
955 40.13731232
956 38.58338408
957 37.04558364
958 35.52688959
959 34.03009294
960 32.55779156
961 31.11238599
962 29.69607657
963 28.31086192
964 26.95853871
965 25.64070255
966 24.35875014
967 23.1138824
968 21.90710869
969 20.73925184
970 19.61095413
971 18.52268391
972 17.47474299
973 16.4672745
974 15.5002713
975 14.57358477
976 13.6869339
977 12.83991464
978 12.03200935
979 11.26259639
980 10.53095963
981 9.836297995
982 9.177734777
983 8.554326843
984 7.965073567
985 7.40892549
986 6.884792655
987 6.391552584
988 5.928057866
989 5.493143328
990 5.085632778
991 4.704345301
992 4.348101093
993 4.015726837
994 3.70606062
995 3.417956377
996 3.150287896
997 2.901952368
998 2.671873512
999 2.459004274
1000 2.262329136
1001 2.080866032
1002 1.913667913
1003 1.759823964
1004 1.618460503
1005 1.488741588
1006 1.369869349
1007 1.261084073
1008 1.161664053
1009 1.070925247
1010 0.9882207451
1011 0.9129400752
1012 0.8445083755
1013 0.7823854406
1014 0.7260646679
1015 0.6750719194
1016 0.6289643158
1017 0.5873289776
1018 0.5497817285
1019 0.515965773
1020 0.48555036
1021 0.458229444
1022 0.4337203523
1023 0.4117624669
