#53628 2909.9995203902525742 0.0045705166059030813419 1 1285 16.000049430220818044 1024 7 1 J1713+0747 0.0000000 
0 0.04037033335
1 0.04037033335
2 0.04037033335
3 0.04037033335
4 0.04037033335
5 0.04037033335
6 0.04037033335
7 0.04037033335
8 0.04037033335
9 0.04037033335
10 0.04037033335
11 0.04037033335
12 0.04037033335
13 0.04037033335
14 0.04037033335
15 0.04037033335
16 0.04037033335
17 0.04037033335
18 0.04037033335
19 0.04037033335
20 0.04037033335
21 0.04037033335
22 0.04037033335
23 0.04037033335
24 0.04037033335
25 0.04037033335
26 0.04037033335
27 0.04037033335
28 0.04037033335
29 0.04037033335
30 0.04037033335
31 0.04037033335
32 0.04037033335
33 0.04037033335
34 0.04037033335
35 0.04037033335
36 0.04037033335
37 0.04037033335
38 0.04037033335
39 0.04037033335
40 0.04037033335
41 0.04037033335
42 0.04037033335
43 0.04037033335
44 0.04037033335
45 0.04037033335
46 0.04037033335
47 0.04037033335
48 0.04037033335
49 0.04037033335
50 0.04037033335
51 0.04037033335
52 0.04037033335
53 0.04037033335
54 0.04037033335
55 0.04037033335
56 0.04037033335
57 0.04037033335
58 0.04037033335
59 0.04037033335
60 0.04037033335
61 0.04037033335
62 0.04037033335
63 0.04037033335
64 0.04037033335
65 0.04037033335
66 0.04037033335
67 0.04037033335
68 0.04037033335
69 0.04037033335
70 0.04037033335
71 0.04037033335
72 0.04037033335
73 0.04037033335
74 0.04037033335
75 0.04037033335
76 0.04037033335
77 0.04037033335
78 0.04037033335
79 0.04037033335
80 0.04037033335
81 0.04037033335
82 0.04037033335
83 0.04037033335
84 0.04037033335
85 0.04037033335
86 0.04037033335
87 0.04037033335
88 0.04037033335
89 0.04037033335
90 0.04037033335
91 0.04037033335
92 0.04037033335
93 0.04037033335
94 0.04037033335
95 0.04037033335
96 0.04037033335
97 0.04037033335
98 0.04037033335
99 0.04037033335
100 0.04037033335
101 0.04037033335
102 0.04037033335
103 0.04037033335
104 0.04037033335
105 0.04037033335
106 0.04037033335
107 0.04037033335
108 0.04037033335
109 0.04037033335
110 0.04037033335
111 0.04037033335
112 0.04037033335
113 0.04037033335
114 0.04037033335
115 0.04037033335
116 0.04037033335
117 0.04037033335
118 0.04037033335
119 0.04037033335
120 0.04037033335
121 0.04037033335
122 0.04037033335
123 0.04037033335
124 0.04037033335
125 0.04037033335
126 0.04037033335
127 0.04037033335
128 0.04037033335
129 0.04037033335
130 0.04037033335
131 0.04037033335
132 0.04037033335
133 0.04037033335
134 0.04037033335
135 0.04037033335
136 0.04037033335
137 0.04037033335
138 0.04037033335
139 0.04037033335
140 0.04037033335
141 0.04037033335
142 0.04037033335
143 0.04037033335
144 0.04037033335
145 0.04037033335
146 0.04037033335
147 0.04037033335
148 0.04037033335
149 0.04037033335
150 0.04037033335
151 0.04037033335
152 0.04037033335
153 0.04037033335
154 0.04037033335
155 0.04037033335
156 0.04037033335
157 0.04037033335
158 0.04037033335
159 0.04037033335
160 0.04037033335
161 0.04037033335
162 0.04037033335
163 0.04037033335
164 0.04037033335
165 0.04037033335
166 0.04037033335
167 0.04037033335
168 0.04037033335
169 0.04037033335
170 0.04037033335
171 0.04037033335
172 0.04037033335
173 0.04037033335
174 0.04037033335
175 0.04037033335
176 0.04037033335
177 0.04037033335
178 0.04037033335
179 0.04037033335
180 0.04037033335
181 0.04037033335
182 0.04037033335
183 0.04037033335
184 0.04037033335
185 0.04037033335
186 0.04037033335
187 0.04037033335
188 0.04037033335
189 0.04037033335
190 0.04037033335
191 0.04037033335
192 0.04037033335
193 0.04037033335
194 0.04037033335
195 0.04037033335
196 0.04037033335
197 0.04037033335
198 0.04037033335
199 0.04037033335
200 0.04037033335
201 0.04037033335
202 0.04037033335
203 0.04037033335
204 0.04037033335
205 0.04037033335
206 0.04037033335
207 0.04037033335
208 0.04037033335
209 0.04037033335
210 0.04037033335
211 0.04037033335
212 0.04037033335
213 0.04037033335
214 0.04037033335
215 0.04037033335
216 0.04037033335
217 0.04037033335
218 0.04037033335
219 0.04037033335
220 0.04037033335
221 0.04037033335
222 0.04037033335
223 0.04037033335
224 0.04037033335
225 0.04037033335
226 0.04037033335
227 0.04037033335
228 0.04037033335
229 0.04037033335
230 0.04037033335
231 0.04037033335
232 0.04037033335
233 0.04037033335
234 0.04037033335
235 0.04037033335
236 0.04037033335
237 0.04037033335
238 0.04037033335
239 0.04037033335
240 0.04037033335
241 0.04037033335
242 0.04037033335
243 0.04037033335
244 0.04037033335
245 0.04037033335
246 0.04037033335
247 0.04037033335
248 0.04037033335
249 0.04037033335
250 0.04037033335
251 0.04037033335
252 0.04037033335
253 0.04037033335
254 0.04037033335
255 0.04037033335
256 0.04037033335
257 0.04037033335
258 0.04037033335
259 0.04037033335
260 0.04037033335
261 0.04037033335
262 0.04037033335
263 0.04037033335
264 0.04037033335
265 0.04037033335
266 0.04037033335
267 0.04037033335
268 0.04037033335
269 0.04037033335
270 0.04037033335
271 0.04037033335
272 0.04037033335
273 0.04037033335
274 0.04037033335
275 0.04037033335
276 0.04037033335
277 0.04037033335
278 0.04037033335
279 0.04037033335
280 0.04037033335
281 0.04037033335
282 0.04037033335
283 0.04037033335
284 0.04037033335
285 0.04037033335
286 0.04037033335
287 0.04037033335
288 0.04037033335
289 0.04037033335
290 0.04037033335
291 0.04037033335
292 0.04037033335
293 0.04037033335
294 0.04037033335
295 0.04037033335
296 0.04037033335
297 0.04037033335
298 0.04037033335
299 0.04037033335
300 0.04037033335
301 0.04037033335
302 0.04037033335
303 0.04037033335
304 0.04037033335
305 0.04037033335
306 0.04037033335
307 0.04037033335
308 0.04037033335
309 0.04037033335
310 0.04037033335
311 0.04037033335
312 0.04037033335
313 0.04037033335
314 0.04037033335
315 0.04037033335
316 0.04037033335
317 0.04037033335
318 0.04037033335
319 0.04037033335
320 0.04037033335
321 0.04037033335
322 0.04037033335
323 0.04037033335
324 0.04037033335
325 0.04037033336
326 0.04037033336
327 0.04037033336
328 0.04037033336
329 0.04037033336
330 0.04037033337
331 0.04037033337
332 0.04037033338
333 0.04037033338
334 0.04037033339
335 0.0403703334
336 0.04037033342
337 0.04037033343
338 0.04037033345
339 0.04037033348
340 0.04037033352
341 0.04037033356
342 0.04037033361
343 0.04037033368
344 0.04037033377
345 0.04037033387
346 0.04037033401
347 0.04037033417
348 0.04037033438
349 0.04037033464
350 0.04037033496
351 0.04037033536
352 0.04037033585
353 0.04037033647
354 0.04037033723
355 0.04037033817
356 0.04037033934
357 0.04037034078
358 0.04037034256
359 0.04037034475
360 0.04037034744
361 0.04037035076
362 0.04037035484
363 0.04037035984
364 0.04037036598
365 0.04037037349
366 0.04037038269
367 0.04037039393
368 0.04037040765
369 0.0403704244
370 0.0403704448
371 0.04037046963
372 0.04037049983
373 0.04037053651
374 0.04037058101
375 0.04037063496
376 0.04037070028
377 0.0403707793
378 0.04037087478
379 0.04037099003
380 0.04037112899
381 0.04037129638
382 0.04037149779
383 0.04037173989
384 0.04037203059
385 0.04037237927
386 0.04037279707
387 0.04037329715
388 0.04037389509
389 0.0403746093
390 0.04037546147
391 0.04037647719
392 0.04037768657
393 0.04037912502
394 0.04038083412
395 0.04038286265
396 0.04038526776
397 0.04038811638
398 0.0403914867
399 0.04039547007
400 0.04040017302
401 0.04040571966
402 0.04041225444
403 0.04041994524
404 0.04042898699
405 0.04043960573
406 0.04045206329
407 0.04046666262
408 0.04048375377
409 0.04050374083
410 0.04052708968
411 0.04055433679
412 0.04058609923
413 0.04062308589
414 0.04066611024
415 0.04071610462
416 0.04077413634
417 0.04084142575
418 0.04091936657
419 0.04100954857
420 0.04111378296
421 0.04123413082
422 0.04137293466
423 0.04153285368
424 0.04171690294
425 0.04192849676
426 0.04217149692
427 0.04245026593
428 0.04276972595
429 0.0431354237
430 0.04355360198
431 0.04403127837
432 0.04457633149
433 0.04519759567
434 0.0459049644
435 0.04670950343
436 0.04762357399
437 0.04866096693
438 0.0498370485
439 0.05116891833
440 0.05267558061
441 0.05437812882
442 0.05629994515
443 0.05846691496
444 0.06090765722
445 0.06365377153
446 0.06674010226
447 0.07020502059
448 0.07409072484
449 0.07844355961
450 0.08331435414
451 0.08875878017
452 0.09483772938
453 0.1016177107
454 0.1091712673
455 0.1175774127
456 0.1269220861
457 0.1372986261
458 0.1488082619
459 0.1615606207
460 0.1756742507
461 0.1912771574
462 0.2085073515
463 0.227513406
464 0.2484550215
465 0.2715035935
466 0.2968427827
467 0.3246690812
468 0.3551923725
469 0.3886364807
470 0.4252397032
471 0.4652553237
472 0.5089520976
473 0.5566147057
474 0.6085441695
475 0.6650582207
476 0.7264916189
477 0.7931964099
478 0.8655421163
479 0.9439158541
480 1.028722366
481 1.120383963
482 1.219340367
483 1.326048448
484 1.440981841
485 1.564630442
486 1.697499771
487 1.840110195
488 1.992996003
489 2.156704331
490 2.331793919
491 2.518833708
492 2.718401266
493 2.931081031
494 3.157462388
495 3.398137555
496 3.653699292
497 3.924738427
498 4.211841208
499 4.515586474
500 4.836542655
501 5.175264611
502 5.532290311
503 5.908137368
504 6.303299435
505 6.718242487
506 7.153400986
507 7.60917397
508 8.085921059
509 8.583958419
510 9.103554704
511 9.644926979
512 10.20823668
513 10.79358564
514 11.40101212
515 12.03048707
516 12.68191041
517 13.35510754
518 14.04982605
519 14.76573265
520 15.50241037
521 16.25935603
522 17.03597812
523 17.83159492
524 18.64543309
525 19.47662668
526 20.32421653
527 21.18715017
528 22.06428222
529 22.95437528
530 23.85610131
531 24.76804368
532 25.68869958
533 26.61648318
534 27.54972919
535 28.48669713
536 29.425576
537 30.36448967
538 31.30150264
539 32.23462649
540 33.16182664
541 34.0810298
542 34.99013167
543 35.8870052
544 36.76950913
545 37.63549694
546 38.48282607
547 39.30936737
548 40.11301478
549 40.89169517
550 41.64337822
551 42.36608643
552 43.05790504
553 43.71699193
554 44.34158738
555 44.93002361
556 45.48073419
557 45.992263
558 46.46327299
559 46.89255443
560 47.27903279
561 47.62177606
562 47.92000157
563 48.1730822
564 48.38055201
565 48.54211114
566 48.65763011
567 48.72715333
568 48.75090197
569 48.72927596
570 48.66285534
571 48.55240079
572 48.39885334
573 48.20333337
574 47.96713884
575 47.69174268
576 47.3787895
577 47.03009152
578 46.64762378
579 46.2335187
580 45.79005985
581 45.3196752
582 44.82492966
583 44.30851703
584 43.77325139
585 43.222058
586 42.65796364
587 42.08408649
588 41.5036256
589 40.91984993
590 40.336087
591 39.75571131
592 39.18213227
593 38.61878205
594 38.06910305
595 37.53653521
596 37.02450316
597 36.53640321
598 36.0755902
599 35.64536428
600 35.24895771
601 34.88952149
602 34.57011217
603 34.2936786
604 34.06304884
605 33.88091712
606 33.74983108
607 33.67217912
608 33.65017802
609 33.68586096
610 33.78106576
611 33.93742361
612 34.15634828
613 34.43902576
614 34.78640457
615 35.19918668
616 35.67781914
617 36.2224865
618 36.83310403
619 37.50931191
620 38.25047033
621 39.05565571
622 39.923658
623 40.85297908
624 41.84183251
625 42.88814452
626 43.98955629
627 45.14342772
628 46.34684253
629 47.59661485
630 48.88929733
631 50.22119067
632 51.58835471
633 52.98662098
634 54.41160675
635 55.85873045
636 57.32322864
637 58.80017414
638 60.28449563
639 61.77099831
640 63.25438574
641 64.72928269
642 66.19025886
643 67.6318534
644 69.04860003
645 70.43505263
646 71.78581126
647 73.09554822
648 74.35903419
649 75.57116422
650 76.7269833
651 77.82171149
652 78.85076831
653 79.80979626
654 80.69468332
655 81.50158427
656 82.22694055
657 82.86749871
658 83.42032719
659 83.88283124
660 84.25276602
661 84.52824772
662 84.7077625
663 84.79017334
664 84.77472473
665 84.661045
666 84.44914651
667 84.13942348
668 83.7326477
669 83.22996193
670 82.63287122
671 81.94323215
672 81.16324011
673 80.29541466
674 79.34258316
675 78.30786281
676 77.19464118
677 76.00655544
678 74.7474704
679 73.42145562
680 72.03276172
681 70.58579597
682 69.08509758
683 67.53531265
684 65.94116904
685 64.30745137
686 62.63897635
687 60.94056843
688 59.21703621
689 57.47314948
690 55.71361721
691 53.94306663
692 52.16602333
693 50.38689271
694 48.60994276
695 46.83928818
696 45.07887607
697 43.33247315
698 41.60365442
699 39.89579358
700 38.21205486
701 36.5553866
702 34.92851624
703 33.33394692
704 31.77395556
705 30.25059238
706 28.76568169
707 27.32082416
708 25.91740012
709 24.55657411
710 23.23930045
711 21.96632975
712 20.73821628
713 19.5553261
714 18.41784582
715 17.32579198
716 16.27902083
717 15.27723849
718 14.32001143
719 13.40677703
720 12.53685433
721 11.70945477
722 10.92369283
723 10.17859657
724 9.473117969
725 8.806143014
726 8.176501451
727 7.582976203
728 7.024312389
729 6.499225899
730 6.006411521
731 5.544550579
732 5.112318073
733 4.708389305
734 4.331445993
735 3.980181861
736 3.65330771
737 3.349555981
738 3.067684822
739 2.806481654
740 2.564766283
741 2.341393547
742 2.135255535
743 1.945283396
744 1.770448766
745 1.609764828
746 1.46228704
747 1.327113551
748 1.203385334
749 1.090286064
750 0.9870417521
751 0.8929201875
752 0.8072301813
753 0.7293206579
754 0.6585796044
755 0.5944329043
756 0.5363430722
757 0.4838079109
758 0.4363591068
759 0.3935607793
760 0.3550080007
761 0.3203252976
762 0.2891651481
763 0.2612064842
764 0.2361532099
765 0.2137327424
766 0.1936945849
767 0.1758089363
768 0.159865343
769 0.1456713983
770 0.133051491
771 0.1218456069
772 0.1119081853
773 0.1031070312
774 0.09532228311
775 0.08844543909
776 0.08237843738
777 0.07703279353
778 0.07232879151
779 0.06819472794
780 0.06456620763
781 0.06138548875
782 0.05860087544
783 0.05616615605
784 0.0540400845
785 0.0521859028
786 0.05057090232
787 0.04916602156
788 0.04794547828
789 0.04688643359
790 0.04596868608
791 0.04517439364
792 0.04448782124
793 0.04389511244
794 0.04338408295
795 0.04294403451
796 0.04256558727
797 0.04224052923
798 0.04196168119
799 0.04172277592
800 0.04151835013
801 0.04134364816
802 0.04119453621
803 0.04106742614
804 0.04095920786
805 0.04086718944
806 0.04078904415
807 0.04072276378
808 0.04066661743
809 0.04061911534
810 0.04057897704
811 0.04054510349
812 0.04051655273
813 0.04049251847
814 0.04047231156
815 0.04045534376
816 0.04044111368
817 0.0404291945
818 0.04041922341
819 0.04041089243
820 0.04040394047
821 0.0403981465
822 0.04039332366
823 0.04038931417
824 0.04038598503
825 0.04038322423
826 0.0403809376
827 0.04037904606
828 0.04037748328
829 0.04037619374
830 0.04037513098
831 0.0403742562
832 0.04037353706
833 0.0403729466
834 0.04037246239
835 0.04037206581
836 0.0403717414
837 0.04037147635
838 0.04037126008
839 0.04037108382
840 0.04037094035
841 0.04037082372
842 0.04037072902
843 0.04037065222
844 0.04037059002
845 0.0403705397
846 0.04037049905
847 0.04037046625
848 0.04037043981
849 0.04037041853
850 0.04037040142
851 0.04037038768
852 0.04037037666
853 0.04037036783
854 0.04037036077
855 0.04037035513
856 0.04037035063
857 0.04037034704
858 0.04037034419
859 0.04037034192
860 0.04037034011
861 0.04037033868
862 0.04037033755
863 0.04037033666
864 0.04037033595
865 0.04037033539
866 0.04037033495
867 0.0403703346
868 0.04037033433
869 0.04037033411
870 0.04037033395
871 0.04037033381
872 0.04037033371
873 0.04037033363
874 0.04037033357
875 0.04037033352
876 0.04037033348
877 0.04037033345
878 0.04037033343
879 0.04037033341
880 0.0403703334
881 0.04037033339
882 0.04037033338
883 0.04037033337
884 0.04037033337
885 0.04037033336
886 0.04037033336
887 0.04037033336
888 0.04037033336
889 0.04037033335
890 0.04037033335
891 0.04037033335
892 0.04037033335
893 0.04037033335
894 0.04037033335
895 0.04037033335
896 0.04037033335
897 0.04037033335
898 0.04037033335
899 0.04037033335
900 0.04037033335
901 0.04037033335
902 0.04037033335
903 0.04037033335
904 0.04037033335
905 0.04037033335
906 0.04037033335
907 0.04037033335
908 0.04037033335
909 0.04037033335
910 0.04037033335
911 0.04037033335
912 0.04037033335
913 0.04037033335
914 0.04037033335
915 0.04037033335
916 0.04037033335
917 0.04037033335
918 0.04037033335
919 0.04037033335
920 0.04037033335
921 0.04037033335
922 0.04037033335
923 0.04037033335
924 0.04037033335
925 0.04037033335
926 0.04037033335
927 0.04037033335
928 0.04037033335
929 0.04037033335
930 0.04037033335
931 0.04037033335
932 0.04037033335
933 0.04037033335
934 0.04037033335
935 0.04037033335
936 0.04037033335
937 0.04037033335
938 0.04037033335
939 0.04037033335
940 0.04037033335
941 0.04037033335
942 0.04037033335
943 0.04037033335
944 0.04037033335
945 0.04037033335
946 0.04037033335
947 0.04037033335
948 0.04037033335
949 0.04037033335
950 0.04037033335
951 0.04037033335
952 0.04037033335
953 0.04037033335
954 0.04037033335
955 0.04037033335
956 0.04037033335
957 0.04037033335
958 0.04037033335
959 0.04037033335
960 0.04037033335
961 0.04037033335
962 0.04037033335
963 0.04037033335
964 0.04037033335
965 0.04037033335
966 0.04037033335
967 0.04037033335
968 0.04037033335
969 0.04037033335
970 0.04037033335
971 0.04037033335
972 0.04037033335
973 0.04037033335
974 0.04037033335
975 0.04037033335
976 0.04037033335
977 0.04037033335
978 0.04037033335
979 0.04037033335
980 0.04037033335
981 0.04037033335
982 0.04037033335
983 0.04037033335
984 0.04037033335
985 0.04037033335
986 0.04037033335
987 0.04037033335
988 0.04037033335
989 0.04037033335
990 0.04037033335
991 0.04037033335
992 0.04037033335
993 0.04037033335
994 0.04037033335
995 0.04037033335
996 0.04037033335
997 0.04037033335
998 0.04037033335
999 0.04037033335
1000 0.04037033335
1001 0.04037033335
1002 0.04037033335
1003 0.04037033335
1004 0.04037033335
1005 0.04037033335
1006 0.04037033335
1007 0.04037033335
1008 0.04037033335
1009 0.04037033335
1010 0.04037033335
1011 0.04037033335
1012 0.04037033335
1013 0.04037033335
1014 0.04037033335
1015 0.04037033335
1016 0.04037033335
1017 0.04037033335
1018 0.04037033335
1019 0.04037033335
1020 0.04037033335
1021 0.04037033335
1022 0.04037033335
1023 0.04037033335
