#53628 2909.9995534832957924 0.0045705166059030813419 1 1461 16.000049430220818044 1024 7 1 J1713+0747 0.0000000 
0 -0.1612213455
1 -0.1612213455
2 -0.1612213455
3 -0.1612213455
4 -0.1612213455
5 -0.1612213455
6 -0.1612213455
7 -0.1612213455
8 -0.1612213455
9 -0.1612213455
10 -0.1612213455
11 -0.1612213455
12 -0.1612213455
13 -0.1612213455
14 -0.1612213455
15 -0.1612213455
16 -0.1612213455
17 -0.1612213455
18 -0.1612213455
19 -0.1612213455
20 -0.1612213455
21 -0.1612213455
22 -0.1612213455
23 -0.1612213455
24 -0.1612213455
25 -0.1612213455
26 -0.1612213455
27 -0.1612213455
28 -0.1612213455
29 -0.1612213455
30 -0.1612213455
31 -0.1612213455
32 -0.1612213455
33 -0.1612213455
34 -0.1612213455
35 -0.1612213455
36 -0.1612213455
37 -0.1612213455
38 -0.1612213455
39 -0.1612213455
40 -0.1612213455
41 -0.1612213455
42 -0.1612213455
43 -0.1612213455
44 -0.1612213455
45 -0.1612213455
46 -0.1612213455
47 -0.1612213455
48 -0.1612213455
49 -0.1612213455
50 -0.1612213455
51 -0.1612213455
52 -0.1612213455
53 -0.1612213455
54 -0.1612213455
55 -0.1612213455
56 -0.1612213455
57 -0.1612213455
58 -0.1612213455
59 -0.1612213455
60 -0.1612213455
61 -0.1612213455
62 -0.1612213455
63 -0.1612213455
64 -0.1612213455
65 -0.1612213455
66 -0.1612213455
67 -0.1612213455
68 -0.1612213455
69 -0.1612213455
70 -0.1612213455
71 -0.1612213455
72 -0.1612213455
73 -0.1612213455
74 -0.1612213455
75 -0.1612213455
76 -0.1612213455
77 -0.1612213455
78 -0.1612213455
79 -0.1612213455
80 -0.1612213455
81 -0.1612213455
82 -0.1612213455
83 -0.1612213455
84 -0.1612213455
85 -0.1612213455
86 -0.1612213455
87 -0.1612213455
88 -0.1612213455
89 -0.1612213455
90 -0.1612213455
91 -0.1612213455
92 -0.1612213455
93 -0.1612213455
94 -0.1612213455
95 -0.1612213455
96 -0.1612213455
97 -0.1612213455
98 -0.1612213455
99 -0.1612213455
100 -0.1612213455
101 -0.1612213455
102 -0.1612213455
103 -0.1612213455
104 -0.1612213455
105 -0.1612213455
106 -0.1612213455
107 -0.1612213455
108 -0.1612213455
109 -0.1612213455
110 -0.1612213455
111 -0.1612213455
112 -0.1612213455
113 -0.1612213455
114 -0.1612213455
115 -0.1612213455
116 -0.1612213455
117 -0.1612213455
118 -0.1612213455
119 -0.1612213455
120 -0.1612213455
121 -0.1612213455
122 -0.1612213455
123 -0.1612213455
124 -0.1612213455
125 -0.1612213455
126 -0.1612213455
127 -0.1612213455
128 -0.1612213455
129 -0.1612213455
130 -0.1612213455
131 -0.1612213455
132 -0.1612213455
133 -0.1612213455
134 -0.1612213455
135 -0.1612213455
136 -0.1612213455
137 -0.1612213455
138 -0.1612213455
139 -0.1612213455
140 -0.1612213455
141 -0.1612213455
142 -0.1612213455
143 -0.1612213455
144 -0.1612213455
145 -0.1612213455
146 -0.1612213455
147 -0.1612213455
148 -0.1612213455
149 -0.1612213455
150 -0.1612213455
151 -0.1612213455
152 -0.1612213455
153 -0.1612213455
154 -0.1612213455
155 -0.1612213455
156 -0.1612213455
157 -0.1612213455
158 -0.1612213455
159 -0.1612213455
160 -0.1612213455
161 -0.1612213455
162 -0.1612213455
163 -0.1612213455
164 -0.1612213455
165 -0.1612213455
166 -0.1612213455
167 -0.1612213455
168 -0.1612213455
169 -0.1612213455
170 -0.1612213455
171 -0.1612213455
172 -0.1612213455
173 -0.1612213455
174 -0.1612213455
175 -0.1612213455
176 -0.1612213455
177 -0.1612213455
178 -0.1612213455
179 -0.1612213455
180 -0.1612213455
181 -0.1612213455
182 -0.1612213455
183 -0.1612213455
184 -0.1612213455
185 -0.1612213455
186 -0.1612213455
187 -0.1612213455
188 -0.1612213455
189 -0.1612213455
190 -0.1612213455
191 -0.1612213455
192 -0.1612213455
193 -0.1612213455
194 -0.1612213455
195 -0.1612213455
196 -0.1612213455
197 -0.1612213455
198 -0.1612213455
199 -0.1612213455
200 -0.1612213455
201 -0.1612213455
202 -0.1612213455
203 -0.1612213455
204 -0.1612213455
205 -0.1612213455
206 -0.1612213455
207 -0.1612213455
208 -0.1612213455
209 -0.1612213455
210 -0.1612213455
211 -0.1612213455
212 -0.1612213455
213 -0.1612213455
214 -0.1612213455
215 -0.1612213455
216 -0.1612213455
217 -0.1612213455
218 -0.1612213455
219 -0.1612213455
220 -0.1612213455
221 -0.1612213455
222 -0.1612213455
223 -0.1612213455
224 -0.1612213455
225 -0.1612213455
226 -0.1612213455
227 -0.1612213455
228 -0.1612213455
229 -0.1612213455
230 -0.1612213455
231 -0.1612213455
232 -0.1612213455
233 -0.1612213455
234 -0.1612213455
235 -0.1612213455
236 -0.1612213455
237 -0.1612213455
238 -0.1612213455
239 -0.1612213455
240 -0.1612213455
241 -0.1612213455
242 -0.1612213455
243 -0.1612213455
244 -0.1612213455
245 -0.1612213455
246 -0.1612213455
247 -0.1612213455
248 -0.1612213455
249 -0.1612213455
250 -0.1612213455
251 -0.1612213455
252 -0.1612213455
253 -0.1612213455
254 -0.1612213455
255 -0.1612213455
256 -0.1612213455
257 -0.1612213455
258 -0.1612213455
259 -0.1612213455
260 -0.1612213455
261 -0.1612213455
262 -0.1612213455
263 -0.1612213455
264 -0.1612213455
265 -0.1612213455
266 -0.1612213455
267 -0.1612213455
268 -0.1612213455
269 -0.1612213455
270 -0.1612213455
271 -0.1612213455
272 -0.1612213455
273 -0.1612213455
274 -0.1612213455
275 -0.1612213455
276 -0.1612213455
277 -0.1612213455
278 -0.1612213455
279 -0.1612213455
280 -0.1612213455
281 -0.1612213455
282 -0.1612213455
283 -0.1612213455
284 -0.1612213455
285 -0.1612213455
286 -0.1612213455
287 -0.1612213455
288 -0.1612213455
289 -0.1612213455
290 -0.1612213455
291 -0.1612213455
292 -0.1612213455
293 -0.1612213455
294 -0.1612213455
295 -0.1612213455
296 -0.1612213455
297 -0.1612213455
298 -0.1612213455
299 -0.1612213455
300 -0.1612213455
301 -0.1612213455
302 -0.1612213455
303 -0.1612213455
304 -0.1612213455
305 -0.1612213455
306 -0.1612213455
307 -0.1612213455
308 -0.1612213455
309 -0.1612213455
310 -0.1612213455
311 -0.1612213455
312 -0.1612213455
313 -0.1612213455
314 -0.1612213455
315 -0.1612213455
316 -0.1612213455
317 -0.1612213455
318 -0.1612213455
319 -0.1612213455
320 -0.1612213455
321 -0.1612213455
322 -0.1612213455
323 -0.1612213455
324 -0.1612213455
325 -0.1612213455
326 -0.1612213455
327 -0.1612213455
328 -0.1612213455
329 -0.1612213455
330 -0.1612213455
331 -0.1612213455
332 -0.1612213455
333 -0.1612213455
334 -0.1612213455
335 -0.1612213455
336 -0.1612213455
337 -0.1612213455
338 -0.1612213455
339 -0.1612213455
340 -0.1612213455
341 -0.1612213455
342 -0.1612213455
343 -0.1612213455
344 -0.1612213455
345 -0.1612213455
346 -0.1612213455
347 -0.1612213454
348 -0.1612213454
349 -0.1612213454
350 -0.1612213453
351 -0.1612213453
352 -0.1612213452
353 -0.1612213451
354 -0.161221345
355 -0.1612213449
356 -0.1612213448
357 -0.1612213446
358 -0.1612213443
359 -0.161221344
360 -0.1612213436
361 -0.1612213431
362 -0.1612213425
363 -0.1612213418
364 -0.1612213409
365 -0.1612213398
366 -0.1612213384
367 -0.1612213367
368 -0.1612213346
369 -0.161221332
370 -0.1612213288
371 -0.1612213249
372 -0.1612213201
373 -0.1612213142
374 -0.161221307
375 -0.1612212982
376 -0.1612212875
377 -0.1612212743
378 -0.1612212583
379 -0.1612212388
380 -0.1612212151
381 -0.1612211863
382 -0.1612211513
383 -0.1612211089
384 -0.1612210574
385 -0.1612209952
386 -0.1612209199
387 -0.161220829
388 -0.1612207194
389 -0.1612205872
390 -0.1612204281
391 -0.1612202367
392 -0.1612200068
393 -0.1612197308
394 -0.1612193999
395 -0.1612190036
396 -0.1612185295
397 -0.1612179629
398 -0.1612172864
399 -0.1612164797
400 -0.1612155185
401 -0.1612143746
402 -0.1612130146
403 -0.1612113995
404 -0.1612094835
405 -0.1612072128
406 -0.1612045246
407 -0.1612013455
408 -0.1611975899
409 -0.161193158
410 -0.1611879333
411 -0.1611817808
412 -0.1611745432
413 -0.1611660382
414 -0.1611560544
415 -0.1611443472
416 -0.1611306336
417 -0.1611145868
418 -0.1610958298
419 -0.161073928
420 -0.1610483814
421 -0.1610186151
422 -0.1609839691
423 -0.1609436861
424 -0.160896899
425 -0.1608426155
426 -0.1607797015
427 -0.1607068626
428 -0.1606226232
429 -0.1605253028
430 -0.1604129902
431 -0.1602835143
432 -0.160134412
433 -0.1599628917
434 -0.1597657943
435 -0.1595395481
436 -0.1592801208
437 -0.1589829651
438 -0.1586429595
439 -0.1582543429
440 -0.1578106427
441 -0.1573045962
442 -0.156728064
443 -0.156071936
444 -0.1553260281
445 -0.1544789705
446 -0.1535180854
447 -0.1524292544
448 -0.1511967756
449 -0.1498032079
450 -0.1482292038
451 -0.1464533288
452 -0.144451867
453 -0.1421986134
454 -0.1396646504
455 -0.1368181096
456 -0.1336239173
457 -0.1300435245
458 -0.1260346195
459 -0.1215508238
460 -0.1165413709
461 -0.1109507678
462 -0.1047184391
463 -0.09777835403
464 -0.09005863677
465 -0.08148115998
466 -0.07196112283
467 -0.06140661394
468 -0.04971816034
469 -0.03678826382
470 -0.02250092602
471 -0.006731164112
472 0.01065548081
473 0.0298034405
474 0.05086761861
475 0.07401388928
476 0.09941959176
477 0.1272740177
478 0.1577788868
479 0.1911488071
480 0.2276117144
481 0.2674092868
482 0.3107973281
483 0.3580461151
484 0.4094407029
485 0.465281181
486 0.5258828747
487 0.5915764853
488 0.6627081605
489 0.7396394898
490 0.8227474166
491 0.9124240602
492 1.00907644
493 1.113126094
494 1.225008589
495 1.345172907
496 1.474080709
497 1.612205466
498 1.760031454
499 1.918052606
500 2.086771211
501 2.266696471
502 2.458342891
503 2.662228525
504 2.878873051
505 3.108795697
506 3.352513001
507 3.610536419
508 3.883369784
509 4.171506607
510 4.475427246
511 4.795595942
512 5.132457719
513 5.486435186
514 5.857925224
515 6.247295601
516 6.654881501
517 7.080982009
518 7.525856561
519 7.989721373
520 8.472745884
521 8.975049227
522 9.496696753
523 10.03769664
524 10.59799659
525 11.17748069
526 11.77596642
527 12.39320181
528 13.02886291
529 13.68255138
530 14.35379246
531 15.04203318
532 15.74664089
533 16.46690221
534 17.20202228
535 17.95112442
536 18.71325024
537 19.4873602
538 20.27233454
539 21.06697475
540 21.87000552
541 22.68007715
542 23.49576843
543 24.31559008
544 25.13798862
545 25.96135074
546 26.7840082
547 27.6042431
548 28.42029368
549 29.23036055
550 30.03261323
551 30.8251972
552 31.60624124
553 32.37386504
554 33.1261872
555 33.86133336
556 34.57744464
557 35.27268613
558 35.94525557
559 36.59339209
560 37.2153849
561 37.80958204
562 38.37439897
563 38.90832709
564 39.40994203
565 39.87791173
566 40.31100426
567 40.70809528
568 41.06817513
569 41.39035556
570 41.67387594
571 41.91810901
572 42.12256612
573 42.28690187
574 42.41091818
575 42.4945678
576 42.53795708
577 42.54134822
578 42.50516072
579 42.42997229
580 42.31651897
581 42.16569463
582 41.97854978
583 41.75628972
584 41.50027194
585 41.212003
586 40.89313463
587 40.54545931
588 40.17090517
589 39.77153038
590 39.34951688
591 38.90716365
592 38.44687946
593 37.97117509
594 37.48265515
595 36.98400941
596 36.47800383
597 35.96747106
598 35.45530077
599 34.94442958
600 34.43783068
601 33.93850324
602 33.44946164
603 32.97372436
604 32.51430283
605 32.0741901
606 31.65634934
607 31.26370234
608 30.89911787
609 30.56540004
610 30.2652767
611 30.00138779
612 29.7762738
613 29.59236432
614 29.45196669
615 29.35725487
616 29.31025842
617 29.31285184
618 29.36674409
619 29.47346851
620 29.63437308
621 29.85061114
622 30.12313257
623 30.45267546
624 30.83975851
625 31.28467389
626 31.78748096
627 32.34800065
628 32.96581075
629 33.64024199
630 34.37037516
631 35.15503916
632 35.99281007
633 36.88201147
634 37.82071572
635 38.80674659
636 39.837683
637 40.91086414
638 42.02339577
639 43.17215789
640 44.3538137
641 45.56481989
642 46.80143817
643 48.05974818
644 49.33566158
645 50.62493737
646 51.92319839
647 53.22594885
648 54.528593
649 55.82645459
650 57.11479732
651 58.3888459
652 59.64380782
653 60.87489555
654 62.07734921
655 63.24645934
656 64.37758987
657 65.46620092
658 66.50787153
659 67.49832187
660 68.43343501
661 69.30927802
662 70.1221222
663 70.86846237
664 71.54503501
665 72.14883518
666 72.67713205
667 73.1274829
668 73.49774553
669 73.786089
670 73.99100255
671 74.11130265
672 74.14613815
673 74.09499355
674 73.95769016
675 73.73438541
676 73.42557011
677 73.0320638
678 72.55500818
679 71.99585865
680 71.35637418
681 70.63860534
682 69.84488083
683 68.97779251
684 68.04017905
685 67.03510832
686 65.96585874
687 64.83589963
688 63.64887083
689 62.40856164
690 61.11888927
691 59.78387701
692 58.40763226
693 56.99432449
694 55.54816348
695 54.07337772
696 52.57419341
697 51.05481393
698 49.51940015
699 47.97205146
700 46.41678785
701 44.85753293
702 43.29809822
703 41.74216852
704 40.19328858
705 38.65485118
706 37.13008641
707 35.62205244
708 34.13362768
709 32.66750424
710 31.22618286
711 29.81196916
712 28.42697123
713 27.07309845
714 25.75206164
715 24.46537429
716 23.21435493
717 22.00013054
718 20.82364097
719 19.68564413
720 18.58672207
721 17.52728773
722 16.50759235
723 15.52773338
724 14.58766284
725 13.6871961
726 12.82602088
727 12.00370651
728 11.21971324
729 10.47340168
730 9.764042213
731 9.090824238
732 8.452865393
733 7.849220502
734 7.278890298
735 6.740829858
736 6.233956707
737 5.757158554
738 5.309300651
739 4.889232723
740 4.495795481
741 4.127826687
742 3.784166763
743 3.463663952
744 3.165179024
745 2.887589521
746 2.629793568
747 2.390713246
748 2.169297545
749 1.964524904
750 1.775405374
751 1.600982402
752 1.440334265
753 1.292575181
754 1.156856106
755 1.032365251
756 0.9183283379
757 0.8140086109
758 0.7187066373
759 0.6317599096
760 0.5525422763
761 0.4804632201
762 0.4149670034
763 0.3555317009
764 0.3016681372
765 0.2529187458
766 0.2088563663
767 0.1690829935
768 0.133228493
769 0.1009492949
770 0.07192707739
771 0.04586744976
772 0.02249864462
773 0.001570226606
774 -0.01714817514
775 -0.03386810485
776 -0.04878348328
777 -0.06207177197
778 -0.07389509515
779 -0.08440131661
780 -0.09372506968
781 -0.1019887386
782 -0.109303391
783 -0.1157696602
784 -0.1214785785
785 -0.1265123616
786 -0.1309451438
787 -0.1348436669
788 -0.1382679234
789 -0.141271754
790 -0.1439034043
791 -0.1462060389
792 -0.1482182175
793 -0.1499743334
794 -0.1515050173
795 -0.1528375074
796 -0.153995989
797 -0.1550019043
798 -0.1558742352
799 -0.1566297607
800 -0.1572832906
801 -0.1578478773
802 -0.1583350077
803 -0.1587547759
804 -0.1591160391
805 -0.1594265585
806 -0.1596931243
807 -0.1599216692
808 -0.1601173689
809 -0.1602847324
810 -0.1604276822
811 -0.1605496259
812 -0.1606535192
813 -0.1607419228
814 -0.1608170514
815 -0.1608808182
816 -0.1609348735
817 -0.1609806389
818 -0.161019337
819 -0.1610520183
820 -0.1610795835
821 -0.1611028046
822 -0.1611223415
823 -0.1611387583
824 -0.161152536
825 -0.1611640844
826 -0.1611737521
827 -0.1611818353
828 -0.1611885852
829 -0.1611942147
830 -0.161198904
831 -0.1612028052
832 -0.1612060467
833 -0.1612087367
834 -0.1612109662
835 -0.1612128119
836 -0.1612143378
837 -0.1612155978
838 -0.1612166369
839 -0.1612174928
840 -0.161218197
841 -0.1612187755
842 -0.1612192503
843 -0.1612196394
844 -0.161219958
845 -0.1612202184
846 -0.161220431
847 -0.1612206045
848 -0.1612207457
849 -0.1612208607
850 -0.161220954
851 -0.1612210298
852 -0.1612210912
853 -0.1612211409
854 -0.1612211811
855 -0.1612212136
856 -0.1612212398
857 -0.1612212609
858 -0.1612212778
859 -0.1612212915
860 -0.1612213024
861 -0.1612213112
862 -0.1612213182
863 -0.1612213238
864 -0.1612213283
865 -0.1612213319
866 -0.1612213347
867 -0.161221337
868 -0.1612213388
869 -0.1612213402
870 -0.1612213413
871 -0.1612213422
872 -0.1612213429
873 -0.1612213435
874 -0.1612213439
875 -0.1612213443
876 -0.1612213446
877 -0.1612213448
878 -0.1612213449
879 -0.1612213451
880 -0.1612213452
881 -0.1612213453
882 -0.1612213453
883 -0.1612213454
884 -0.1612213454
885 -0.1612213454
886 -0.1612213455
887 -0.1612213455
888 -0.1612213455
889 -0.1612213455
890 -0.1612213455
891 -0.1612213455
892 -0.1612213455
893 -0.1612213455
894 -0.1612213455
895 -0.1612213455
896 -0.1612213455
897 -0.1612213455
898 -0.1612213455
899 -0.1612213455
900 -0.1612213455
901 -0.1612213455
902 -0.1612213455
903 -0.1612213455
904 -0.1612213455
905 -0.1612213455
906 -0.1612213455
907 -0.1612213455
908 -0.1612213455
909 -0.1612213455
910 -0.1612213455
911 -0.1612213455
912 -0.1612213455
913 -0.1612213455
914 -0.1612213455
915 -0.1612213455
916 -0.1612213455
917 -0.1612213455
918 -0.1612213455
919 -0.1612213455
920 -0.1612213455
921 -0.1612213455
922 -0.1612213455
923 -0.1612213455
924 -0.1612213455
925 -0.1612213455
926 -0.1612213455
927 -0.1612213455
928 -0.1612213455
929 -0.1612213455
930 -0.1612213455
931 -0.1612213455
932 -0.1612213455
933 -0.1612213455
934 -0.1612213455
935 -0.1612213455
936 -0.1612213455
937 -0.1612213455
938 -0.1612213455
939 -0.1612213455
940 -0.1612213455
941 -0.1612213455
942 -0.1612213455
943 -0.1612213455
944 -0.1612213455
945 -0.1612213455
946 -0.1612213455
947 -0.1612213455
948 -0.1612213455
949 -0.1612213455
950 -0.1612213455
951 -0.1612213455
952 -0.1612213455
953 -0.1612213455
954 -0.1612213455
955 -0.1612213455
956 -0.1612213455
957 -0.1612213455
958 -0.1612213455
959 -0.1612213455
960 -0.1612213455
961 -0.1612213455
962 -0.1612213455
963 -0.1612213455
964 -0.1612213455
965 -0.1612213455
966 -0.1612213455
967 -0.1612213455
968 -0.1612213455
969 -0.1612213455
970 -0.1612213455
971 -0.1612213455
972 -0.1612213455
973 -0.1612213455
974 -0.1612213455
975 -0.1612213455
976 -0.1612213455
977 -0.1612213455
978 -0.1612213455
979 -0.1612213455
980 -0.1612213455
981 -0.1612213455
982 -0.1612213455
983 -0.1612213455
984 -0.1612213455
985 -0.1612213455
986 -0.1612213455
987 -0.1612213455
988 -0.1612213455
989 -0.1612213455
990 -0.1612213455
991 -0.1612213455
992 -0.1612213455
993 -0.1612213455
994 -0.1612213455
995 -0.1612213455
996 -0.1612213455
997 -0.1612213455
998 -0.1612213455
999 -0.1612213455
1000 -0.1612213455
1001 -0.1612213455
1002 -0.1612213455
1003 -0.1612213455
1004 -0.1612213455
1005 -0.1612213455
1006 -0.1612213455
1007 -0.1612213455
1008 -0.1612213455
1009 -0.1612213455
1010 -0.1612213455
1011 -0.1612213455
1012 -0.1612213455
1013 -0.1612213455
1014 -0.1612213455
1015 -0.1612213455
1016 -0.1612213455
1017 -0.1612213455
1018 -0.1612213455
1019 -0.1612213455
1020 -0.1612213455
1021 -0.1612213455
1022 -0.1612213455
1023 -0.1612213455
