#55402 2909.9991662670072869 0.0045704080252021326777 1 1493 16.000049430220818044 1024 7 1 J1713+0747 0.0000000 
0 0.2625704338
1 0.2625704338
2 0.2625704338
3 0.2625704338
4 0.2625704338
5 0.2625704338
6 0.2625704338
7 0.2625704338
8 0.2625704338
9 0.2625704338
10 0.2625704338
11 0.2625704338
12 0.2625704338
13 0.2625704338
14 0.2625704338
15 0.2625704338
16 0.2625704338
17 0.2625704338
18 0.2625704338
19 0.2625704338
20 0.2625704338
21 0.2625704338
22 0.2625704338
23 0.2625704338
24 0.2625704338
25 0.2625704338
26 0.2625704338
27 0.2625704338
28 0.2625704338
29 0.2625704338
30 0.2625704338
31 0.2625704338
32 0.2625704338
33 0.2625704338
34 0.2625704338
35 0.2625704338
36 0.2625704338
37 0.2625704338
38 0.2625704338
39 0.2625704338
40 0.2625704338
41 0.2625704338
42 0.2625704338
43 0.2625704338
44 0.2625704338
45 0.2625704338
46 0.2625704338
47 0.2625704338
48 0.2625704338
49 0.2625704338
50 0.2625704338
51 0.2625704338
52 0.2625704338
53 0.2625704338
54 0.2625704338
55 0.2625704338
56 0.2625704338
57 0.2625704338
58 0.2625704338
59 0.2625704338
60 0.2625704338
61 0.2625704338
62 0.2625704338
63 0.2625704338
64 0.2625704338
65 0.2625704338
66 0.2625704338
67 0.2625704338
68 0.2625704338
69 0.2625704338
70 0.2625704338
71 0.2625704338
72 0.2625704338
73 0.2625704338
74 0.2625704338
75 0.2625704338
76 0.2625704338
77 0.2625704338
78 0.2625704338
79 0.2625704338
80 0.2625704338
81 0.2625704338
82 0.2625704338
83 0.2625704338
84 0.2625704338
85 0.2625704338
86 0.2625704338
87 0.2625704338
88 0.2625704338
89 0.2625704338
90 0.2625704338
91 0.2625704338
92 0.2625704338
93 0.2625704338
94 0.2625704338
95 0.2625704338
96 0.2625704338
97 0.2625704338
98 0.2625704338
99 0.2625704338
100 0.2625704338
101 0.2625704338
102 0.2625704338
103 0.2625704338
104 0.2625704338
105 0.2625704338
106 0.2625704338
107 0.2625704338
108 0.2625704338
109 0.2625704338
110 0.2625704338
111 0.2625704338
112 0.2625704338
113 0.2625704338
114 0.2625704338
115 0.2625704338
116 0.2625704338
117 0.2625704338
118 0.2625704338
119 0.2625704338
120 0.2625704338
121 0.2625704338
122 0.2625704338
123 0.2625704338
124 0.2625704338
125 0.2625704338
126 0.2625704338
127 0.2625704338
128 0.2625704338
129 0.2625704338
130 0.2625704338
131 0.2625704338
132 0.2625704338
133 0.2625704338
134 0.2625704338
135 0.2625704338
136 0.2625704338
137 0.2625704338
138 0.2625704338
139 0.2625704338
140 0.2625704338
141 0.2625704338
142 0.2625704338
143 0.2625704338
144 0.2625704338
145 0.2625704338
146 0.2625704338
147 0.2625704338
148 0.2625704338
149 0.2625704338
150 0.2625704338
151 0.2625704338
152 0.2625704338
153 0.2625704338
154 0.2625704338
155 0.2625704338
156 0.2625704338
157 0.2625704338
158 0.2625704338
159 0.2625704338
160 0.2625704338
161 0.2625704338
162 0.2625704338
163 0.2625704338
164 0.2625704338
165 0.2625704338
166 0.2625704338
167 0.2625704338
168 0.2625704338
169 0.2625704338
170 0.2625704338
171 0.2625704338
172 0.2625704338
173 0.2625704338
174 0.2625704338
175 0.2625704338
176 0.2625704338
177 0.2625704338
178 0.2625704338
179 0.2625704338
180 0.2625704338
181 0.2625704338
182 0.2625704338
183 0.2625704338
184 0.2625704338
185 0.2625704338
186 0.2625704338
187 0.2625704338
188 0.2625704338
189 0.2625704338
190 0.2625704338
191 0.2625704338
192 0.2625704338
193 0.2625704338
194 0.2625704338
195 0.2625704338
196 0.2625704338
197 0.2625704338
198 0.2625704338
199 0.2625704338
200 0.2625704338
201 0.2625704338
202 0.2625704338
203 0.2625704338
204 0.2625704338
205 0.2625704338
206 0.2625704338
207 0.2625704338
208 0.2625704338
209 0.2625704338
210 0.2625704338
211 0.2625704338
212 0.2625704338
213 0.2625704338
214 0.2625704338
215 0.2625704338
216 0.2625704338
217 0.2625704338
218 0.2625704338
219 0.2625704338
220 0.2625704338
221 0.2625704339
222 0.2625704339
223 0.2625704339
224 0.262570434
225 0.2625704341
226 0.2625704341
227 0.2625704342
228 0.2625704343
229 0.2625704345
230 0.2625704347
231 0.2625704349
232 0.2625704352
233 0.2625704355
234 0.262570436
235 0.2625704365
236 0.2625704372
237 0.2625704381
238 0.2625704391
239 0.2625704404
240 0.262570442
241 0.2625704439
242 0.2625704463
243 0.2625704493
244 0.2625704529
245 0.2625704573
246 0.2625704628
247 0.2625704695
248 0.2625704776
249 0.2625704876
250 0.2625704998
251 0.2625705147
252 0.2625705328
253 0.2625705548
254 0.2625705816
255 0.2625706142
256 0.2625706537
257 0.2625707015
258 0.2625707595
259 0.2625708295
260 0.2625709142
261 0.2625710163
262 0.2625711395
263 0.2625712878
264 0.2625714662
265 0.2625716806
266 0.262571938
267 0.2625722467
268 0.2625726164
269 0.262573059
270 0.262573588
271 0.2625742198
272 0.2625749734
273 0.2625758715
274 0.2625769407
275 0.2625782121
276 0.2625797224
277 0.2625815146
278 0.2625836391
279 0.2625861549
280 0.2625891308
281 0.2625926473
282 0.2625967983
283 0.2626016929
284 0.2626074584
285 0.2626142424
286 0.2626222165
287 0.2626315795
288 0.2626425617
289 0.2626554294
290 0.2626704903
291 0.2626880996
292 0.2627086667
293 0.2627326627
294 0.2627606297
295 0.2627931901
296 0.262831058
297 0.2628750517
298 0.2629261078
299 0.2629852969
300 0.2630538413
301 0.263133135
302 0.2632247661
303 0.2633305409
304 0.2634525122
305 0.2635930096
306 0.263754674
307 0.2639404953
308 0.2641538543
309 0.2643985694
310 0.2646789479
311 0.2649998424
312 0.2653667133
313 0.2657856971
314 0.2662636816
315 0.2668083886
316 0.2674284632
317 0.2681335729
318 0.268934514
319 0.2698433289
320 0.2708734323
321 0.2720397484
322 0.2733588597
323 0.2748491674
324 0.2765310639
325 0.2784271196
326 0.2805622817
327 0.2829640892
328 0.2856629009
329 0.2886921402
330 0.2920885547
331 0.2958924924
332 0.3001481943
333 0.3049041035
334 0.3102131916
335 0.3161333016
336 0.3227275076
337 0.3300644915
338 0.3382189347
339 0.3472719271
340 0.3573113895
341 0.3684325104
342 0.3807381955
343 0.3943395287
344 0.4093562424
345 0.4259171955
346 0.4441608576
347 0.4642357949
348 0.4863011575
349 0.5105271636
350 0.5370955763
351 0.5662001716
352 0.5980471913
353 0.6328557772
354 0.6708583823
355 0.7123011527
356 0.757444276
357 0.8065622895
358 0.8599443428
359 0.9178944082
360 0.9807314329
361 1.048789425
362 1.122417468
363 1.201979655
364 1.28785494
365 1.380436889
366 1.48013334
367 1.587365943
368 1.702569601
369 1.826191776
370 1.958691678
371 2.100539312
372 2.2522144
373 2.414205142
374 2.587006848
375 2.771120405
376 2.967050602
377 3.175304293
378 3.396388405
379 3.630807801
380 3.879062974
381 4.141647609
382 4.419045984
383 4.711730242
384 5.020157525
385 5.344766989
386 5.685976697
387 6.044180423
388 6.419744357
389 6.813003741
390 7.224259448
391 7.653774526
392 8.101770714
393 8.568424969
394 9.053866012
395 9.558170919
396 10.08136179
397 10.62340252
398 11.18419567
399 11.7635795
400 12.3613252
401 12.97713431
402 13.61063633
403 14.26138669
404 14.92886487
405 15.61247298
406 16.31153455
407 17.02529374
408 17.75291495
409 18.49348279
410 19.24600248
411 20.00940073
412 20.782527
413 21.56415532
414 22.35298648
415 23.14765076
416 23.94671117
417 24.74866707
418 25.55195836
419 26.3549701
420 27.1560376
421 27.95345193
422 28.74546587
423 29.53030028
424 30.30615083
425 31.07119505
426 31.82359979
427 32.56152883
428 33.28315086
429 33.98664762
430 34.67022215
431 35.33210726
432 35.97057404
433 36.58394031
434 37.17057921
435 37.7289276
436 38.25749437
437 38.75486862
438 39.2197276
439 39.65084438
440 40.04709523
441 40.40746668
442 40.73106209
443 41.01710791
444 41.26495936
445 41.47410571
446 41.64417491
447 41.77493774
448 41.86631136
449 41.91836217
450 41.93130818
451 41.90552057
452 41.84152473
453 41.74000059
454 41.60178225
455 41.42785699
456 41.21936363
457 40.9775902
458 40.70397095
459 40.40008283
460 40.06764119
461 39.70849508
462 39.3246218
463 38.91812099
464 38.49120818
465 38.04620781
466 37.58554577
467 37.11174154
468 36.62739981
469 36.13520181
470 35.63789619
471 35.13828959
472 34.63923691
473 34.14363128
474 33.65439377
475 33.17446289
476 32.70678387
477 32.25429778
478 31.81993048
479 31.40658148
480 31.01711269
481 30.65433712
482 30.32100751
483 30.01980497
484 29.75332767
485 29.5240795
486 29.33445892
487 29.18674784
488 29.08310069
489 29.02553366
490 29.01591418
491 29.05595069
492 29.14718265
493 29.29097099
494 29.48848894
495 29.74071325
496 30.04841605
497 30.41215713
498 30.83227694
499 31.30889022
500 31.84188034
501 32.43089451
502 33.07533974
503 33.77437976
504 34.52693292
505 35.33167102
506 36.18701927
507 37.09115738
508 38.04202175
509 39.03730885
510 40.07447989
511 41.15076667
512 42.26317874
513 43.40851184
514 44.58335758
515 45.78411444
516 47.00700001
517 48.24806445
518 49.50320517
519 50.76818262
520 52.03863718
521 53.31010708
522 54.57804723
523 55.83784892
524 57.08486026
525 58.31440724
526 59.52181531
527 60.70243137
528 61.85164602
529 62.9649159
530 64.03778603
531 65.06591198
532 66.04508168
533 66.97123683
534 67.84049361
535 68.64916268
536 69.39376822
537 70.07106592
538 70.67805982
539 71.21201777
540 71.67048552
541 72.05129917
542 72.35259613
543 72.57282417
544 72.71074885
545 72.76545897
546 72.73637021
547 72.62322679
548 72.42610123
549 72.1453922
550 71.78182039
551 71.33642259
552 70.81054392
553 70.20582827
554 69.52420709
555 68.76788665
556 67.9393337
557 67.04125989
558 66.07660486
559 65.04851829
560 63.96034098
561 62.81558507
562 61.61791368
563 60.37111999
564 59.07910597
565 57.74586098
566 56.37544027
567 54.97194364
568 53.53949434
569 52.08221843
570 50.60422458
571 49.1095847
572 47.60231518
573 46.0863592
574 44.56556991
575 43.04369477
576 41.52436101
577 40.01106235
578 38.50714695
579 37.0158067
580 35.54006789
581 34.08278314
582 32.64662475
583 31.23407941
584 29.84744423
585 28.488824
586 27.16012984
587 25.86307897
588 24.59919565
589 23.36981327
590 22.17607741
591 21.01894988
592 19.89921365
593 18.81747858
594 17.77418781
595 16.76962487
596 15.80392127
597 14.87706458
598 13.98890686
599 13.13917346
600 12.32747192
601 11.5533011
602 10.81606039
603 10.11505883
604 9.449524229
605 8.818612179
606 8.221414828
607 7.656969465
608 7.124266819
609 6.622259053
610 6.149867402
611 5.705989447
612 5.289505982
613 4.899287471
614 4.534200074
615 4.193111235
616 3.874894821
617 3.578435824
618 3.302634618
619 3.046410778
620 2.808706477
621 2.588489466
622 2.384755654
623 2.196531307
624 2.022874873
625 1.862878474
626 1.715669057
627 1.58040925
628 1.456297934
629 1.342570547
630 1.238499158
631 1.143392322
632 1.05659473
633 0.977486705
634 0.9054835218
635 0.8400346102
636 0.7806226343
637 0.7267624776
638 0.6780001473
639 0.6339116141
640 0.5941016022
641 0.558202343
642 0.5258723046
643 0.4967949089
644 0.4706772458
645 0.4472487943
646 0.426260158
647 0.4074818214
648 0.3907029354
649 0.3757301337
650 0.3623863874
651 0.3505099
652 0.3399530451
653 0.3305813505
654 0.3222725282
655 0.3149155534
656 0.3084097908
657 0.30266417
658 0.2975964086
659 0.2931322827
660 0.2892049436
661 0.2857542798
662 0.2827263224
663 0.2800726928
664 0.2777500906
665 0.2757198202
666 0.2739473541
667 0.2724019304
668 0.271056184
669 0.2698858079
670 0.2688692441
671 0.2679874011
672 0.2672233966
673 0.2665623245
674 0.2659910425
675 0.2654979805
676 0.2650729677
677 0.2647070759
678 0.2643924796
679 0.2641223294
680 0.2638906389
681 0.2636921835
682 0.2635224103
683 0.263377357
684 0.2632535803
685 0.2631480923
686 0.2630583039
687 0.2629819746
688 0.2629171685
689 0.2628622151
690 0.2628156749
691 0.2627763093
692 0.2627430541
693 0.262714996
694 0.2626913524
695 0.2626714538
696 0.2626547279
697 0.2626406865
698 0.2626289134
699 0.2626190545
700 0.2626108089
701 0.2626039212
702 0.262598175
703 0.2625933871
704 0.2625894026
705 0.2625860909
706 0.2625833418
707 0.2625810625
708 0.2625791752
709 0.2625776143
710 0.262576325
711 0.2625752613
712 0.262574385
713 0.2625736638
714 0.2625730711
715 0.2625725845
716 0.2625721856
717 0.2625718589
718 0.2625715918
719 0.2625713736
720 0.2625711956
721 0.2625710506
722 0.2625709325
723 0.2625708366
724 0.2625707587
725 0.2625706956
726 0.2625706445
727 0.2625706031
728 0.2625705697
729 0.2625705428
730 0.2625705211
731 0.2625705036
732 0.2625704896
733 0.2625704783
734 0.2625704692
735 0.262570462
736 0.2625704562
737 0.2625704516
738 0.2625704479
739 0.262570445
740 0.2625704426
741 0.2625704408
742 0.2625704393
743 0.2625704381
744 0.2625704372
745 0.2625704365
746 0.2625704359
747 0.2625704354
748 0.2625704351
749 0.2625704348
750 0.2625704346
751 0.2625704344
752 0.2625704342
753 0.2625704341
754 0.2625704341
755 0.262570434
756 0.2625704339
757 0.2625704339
758 0.2625704339
759 0.2625704338
760 0.2625704338
761 0.2625704338
762 0.2625704338
763 0.2625704338
764 0.2625704338
765 0.2625704338
766 0.2625704338
767 0.2625704338
768 0.2625704338
769 0.2625704338
770 0.2625704338
771 0.2625704338
772 0.2625704338
773 0.2625704338
774 0.2625704338
775 0.2625704338
776 0.2625704338
777 0.2625704338
778 0.2625704338
779 0.2625704338
780 0.2625704338
781 0.2625704338
782 0.2625704338
783 0.2625704338
784 0.2625704338
785 0.2625704338
786 0.2625704338
787 0.2625704338
788 0.2625704338
789 0.2625704338
790 0.2625704338
791 0.2625704338
792 0.2625704338
793 0.2625704338
794 0.2625704338
795 0.2625704338
796 0.2625704338
797 0.2625704338
798 0.2625704338
799 0.2625704338
800 0.2625704338
801 0.2625704338
802 0.2625704338
803 0.2625704338
804 0.2625704338
805 0.2625704338
806 0.2625704338
807 0.2625704338
808 0.2625704338
809 0.2625704338
810 0.2625704338
811 0.2625704338
812 0.2625704338
813 0.2625704338
814 0.2625704338
815 0.2625704338
816 0.2625704338
817 0.2625704338
818 0.2625704338
819 0.2625704338
820 0.2625704338
821 0.2625704338
822 0.2625704338
823 0.2625704338
824 0.2625704338
825 0.2625704338
826 0.2625704338
827 0.2625704338
828 0.2625704338
829 0.2625704338
830 0.2625704338
831 0.2625704338
832 0.2625704338
833 0.2625704338
834 0.2625704338
835 0.2625704338
836 0.2625704338
837 0.2625704338
838 0.2625704338
839 0.2625704338
840 0.2625704338
841 0.2625704338
842 0.2625704338
843 0.2625704338
844 0.2625704338
845 0.2625704338
846 0.2625704338
847 0.2625704338
848 0.2625704338
849 0.2625704338
850 0.2625704338
851 0.2625704338
852 0.2625704338
853 0.2625704338
854 0.2625704338
855 0.2625704338
856 0.2625704338
857 0.2625704338
858 0.2625704338
859 0.2625704338
860 0.2625704338
861 0.2625704338
862 0.2625704338
863 0.2625704338
864 0.2625704338
865 0.2625704338
866 0.2625704338
867 0.2625704338
868 0.2625704338
869 0.2625704338
870 0.2625704338
871 0.2625704338
872 0.2625704338
873 0.2625704338
874 0.2625704338
875 0.2625704338
876 0.2625704338
877 0.2625704338
878 0.2625704338
879 0.2625704338
880 0.2625704338
881 0.2625704338
882 0.2625704338
883 0.2625704338
884 0.2625704338
885 0.2625704338
886 0.2625704338
887 0.2625704338
888 0.2625704338
889 0.2625704338
890 0.2625704338
891 0.2625704338
892 0.2625704338
893 0.2625704338
894 0.2625704338
895 0.2625704338
896 0.2625704338
897 0.2625704338
898 0.2625704338
899 0.2625704338
900 0.2625704338
901 0.2625704338
902 0.2625704338
903 0.2625704338
904 0.2625704338
905 0.2625704338
906 0.2625704338
907 0.2625704338
908 0.2625704338
909 0.2625704338
910 0.2625704338
911 0.2625704338
912 0.2625704338
913 0.2625704338
914 0.2625704338
915 0.2625704338
916 0.2625704338
917 0.2625704338
918 0.2625704338
919 0.2625704338
920 0.2625704338
921 0.2625704338
922 0.2625704338
923 0.2625704338
924 0.2625704338
925 0.2625704338
926 0.2625704338
927 0.2625704338
928 0.2625704338
929 0.2625704338
930 0.2625704338
931 0.2625704338
932 0.2625704338
933 0.2625704338
934 0.2625704338
935 0.2625704338
936 0.2625704338
937 0.2625704338
938 0.2625704338
939 0.2625704338
940 0.2625704338
941 0.2625704338
942 0.2625704338
943 0.2625704338
944 0.2625704338
945 0.2625704338
946 0.2625704338
947 0.2625704338
948 0.2625704338
949 0.2625704338
950 0.2625704338
951 0.2625704338
952 0.2625704338
953 0.2625704338
954 0.2625704338
955 0.2625704338
956 0.2625704338
957 0.2625704338
958 0.2625704338
959 0.2625704338
960 0.2625704338
961 0.2625704338
962 0.2625704338
963 0.2625704338
964 0.2625704338
965 0.2625704338
966 0.2625704338
967 0.2625704338
968 0.2625704338
969 0.2625704338
970 0.2625704338
971 0.2625704338
972 0.2625704338
973 0.2625704338
974 0.2625704338
975 0.2625704338
976 0.2625704338
977 0.2625704338
978 0.2625704338
979 0.2625704338
980 0.2625704338
981 0.2625704338
982 0.2625704338
983 0.2625704338
984 0.2625704338
985 0.2625704338
986 0.2625704338
987 0.2625704338
988 0.2625704338
989 0.2625704338
990 0.2625704338
991 0.2625704338
992 0.2625704338
993 0.2625704338
994 0.2625704338
995 0.2625704338
996 0.2625704338
997 0.2625704338
998 0.2625704338
999 0.2625704338
1000 0.2625704338
1001 0.2625704338
1002 0.2625704338
1003 0.2625704338
1004 0.2625704338
1005 0.2625704338
1006 0.2625704338
1007 0.2625704338
1008 0.2625704338
1009 0.2625704338
1010 0.2625704338
1011 0.2625704338
1012 0.2625704338
1013 0.2625704338
1014 0.2625704338
1015 0.2625704338
1016 0.2625704338
1017 0.2625704338
1018 0.2625704338
1019 0.2625704338
1020 0.2625704338
1021 0.2625704338
1022 0.2625704338
1023 0.2625704338
