#55402 2909.9999559818277679 0.0045704080252021326777 1 1293 16.000049430220818044 1024 7 1 J1713+0747 0.0000000 
0 0.05605119694
1 0.05605119694
2 0.05605119694
3 0.05605119694
4 0.05605119694
5 0.05605119694
6 0.05605119694
7 0.05605119694
8 0.05605119694
9 0.05605119694
10 0.05605119694
11 0.05605119694
12 0.05605119694
13 0.05605119694
14 0.05605119694
15 0.05605119694
16 0.05605119694
17 0.05605119694
18 0.05605119694
19 0.05605119694
20 0.05605119694
21 0.05605119694
22 0.05605119694
23 0.05605119694
24 0.05605119694
25 0.05605119694
26 0.05605119694
27 0.05605119694
28 0.05605119694
29 0.05605119694
30 0.05605119694
31 0.05605119694
32 0.05605119694
33 0.05605119694
34 0.05605119694
35 0.05605119694
36 0.05605119694
37 0.05605119694
38 0.05605119694
39 0.05605119694
40 0.05605119694
41 0.05605119694
42 0.05605119694
43 0.05605119694
44 0.05605119694
45 0.05605119694
46 0.05605119694
47 0.05605119694
48 0.05605119694
49 0.05605119694
50 0.05605119694
51 0.05605119694
52 0.05605119694
53 0.05605119694
54 0.05605119694
55 0.05605119694
56 0.05605119694
57 0.05605119694
58 0.05605119694
59 0.05605119694
60 0.05605119694
61 0.05605119694
62 0.05605119694
63 0.05605119694
64 0.05605119694
65 0.05605119694
66 0.05605119694
67 0.05605119694
68 0.05605119694
69 0.05605119694
70 0.05605119694
71 0.05605119694
72 0.05605119694
73 0.05605119694
74 0.05605119694
75 0.05605119694
76 0.05605119694
77 0.05605119694
78 0.05605119694
79 0.05605119694
80 0.05605119694
81 0.05605119694
82 0.05605119694
83 0.05605119694
84 0.05605119694
85 0.05605119694
86 0.05605119694
87 0.05605119694
88 0.05605119694
89 0.05605119694
90 0.05605119694
91 0.05605119694
92 0.05605119694
93 0.05605119694
94 0.05605119694
95 0.05605119694
96 0.05605119694
97 0.05605119694
98 0.05605119694
99 0.05605119694
100 0.05605119694
101 0.05605119694
102 0.05605119694
103 0.05605119694
104 0.05605119694
105 0.05605119694
106 0.05605119694
107 0.05605119694
108 0.05605119694
109 0.05605119694
110 0.05605119694
111 0.05605119694
112 0.05605119694
113 0.05605119694
114 0.05605119694
115 0.05605119694
116 0.05605119694
117 0.05605119694
118 0.05605119694
119 0.05605119694
120 0.05605119694
121 0.05605119694
122 0.05605119694
123 0.05605119694
124 0.05605119694
125 0.05605119694
126 0.05605119694
127 0.05605119694
128 0.05605119694
129 0.05605119694
130 0.05605119694
131 0.05605119694
132 0.05605119694
133 0.05605119694
134 0.05605119694
135 0.05605119694
136 0.05605119694
137 0.05605119694
138 0.05605119694
139 0.05605119694
140 0.05605119694
141 0.05605119694
142 0.05605119694
143 0.05605119694
144 0.05605119694
145 0.05605119694
146 0.05605119694
147 0.05605119694
148 0.05605119694
149 0.05605119694
150 0.05605119694
151 0.05605119694
152 0.05605119694
153 0.05605119694
154 0.05605119694
155 0.05605119694
156 0.05605119694
157 0.05605119694
158 0.05605119694
159 0.05605119694
160 0.05605119694
161 0.05605119694
162 0.05605119694
163 0.05605119694
164 0.05605119694
165 0.05605119694
166 0.05605119694
167 0.05605119694
168 0.05605119694
169 0.05605119694
170 0.05605119694
171 0.05605119694
172 0.05605119694
173 0.05605119694
174 0.05605119694
175 0.05605119694
176 0.05605119694
177 0.05605119694
178 0.05605119694
179 0.05605119694
180 0.05605119694
181 0.05605119694
182 0.05605119694
183 0.05605119694
184 0.05605119694
185 0.05605119694
186 0.05605119694
187 0.05605119694
188 0.05605119694
189 0.05605119694
190 0.05605119694
191 0.05605119694
192 0.05605119694
193 0.05605119694
194 0.05605119694
195 0.05605119694
196 0.05605119694
197 0.05605119694
198 0.05605119694
199 0.05605119694
200 0.05605119694
201 0.05605119694
202 0.05605119694
203 0.05605119694
204 0.05605119694
205 0.05605119694
206 0.05605119694
207 0.05605119694
208 0.05605119694
209 0.05605119694
210 0.05605119694
211 0.05605119694
212 0.05605119694
213 0.05605119694
214 0.05605119694
215 0.05605119694
216 0.05605119694
217 0.05605119694
218 0.05605119694
219 0.05605119694
220 0.05605119694
221 0.05605119694
222 0.05605119694
223 0.05605119694
224 0.05605119694
225 0.05605119694
226 0.05605119694
227 0.05605119694
228 0.05605119694
229 0.05605119694
230 0.05605119694
231 0.05605119694
232 0.05605119694
233 0.05605119694
234 0.05605119694
235 0.05605119694
236 0.05605119694
237 0.05605119694
238 0.05605119694
239 0.05605119694
240 0.05605119694
241 0.05605119694
242 0.05605119694
243 0.05605119694
244 0.05605119694
245 0.05605119694
246 0.05605119694
247 0.05605119694
248 0.05605119694
249 0.05605119694
250 0.05605119694
251 0.05605119694
252 0.05605119694
253 0.05605119694
254 0.05605119694
255 0.05605119694
256 0.05605119694
257 0.05605119694
258 0.05605119694
259 0.05605119694
260 0.05605119694
261 0.05605119694
262 0.05605119694
263 0.05605119694
264 0.05605119694
265 0.05605119694
266 0.05605119694
267 0.05605119694
268 0.05605119694
269 0.05605119694
270 0.05605119694
271 0.05605119694
272 0.05605119694
273 0.05605119694
274 0.05605119694
275 0.05605119694
276 0.05605119694
277 0.05605119694
278 0.05605119694
279 0.05605119694
280 0.05605119694
281 0.05605119694
282 0.05605119694
283 0.05605119694
284 0.05605119694
285 0.05605119694
286 0.05605119694
287 0.05605119694
288 0.05605119694
289 0.05605119694
290 0.05605119694
291 0.05605119694
292 0.05605119694
293 0.05605119694
294 0.05605119694
295 0.05605119694
296 0.05605119694
297 0.05605119694
298 0.05605119694
299 0.05605119694
300 0.05605119694
301 0.05605119694
302 0.05605119694
303 0.05605119694
304 0.05605119694
305 0.05605119694
306 0.05605119694
307 0.05605119694
308 0.05605119694
309 0.05605119694
310 0.05605119694
311 0.05605119694
312 0.05605119694
313 0.05605119694
314 0.05605119694
315 0.05605119694
316 0.05605119694
317 0.05605119694
318 0.05605119694
319 0.05605119694
320 0.05605119694
321 0.05605119694
322 0.05605119694
323 0.05605119694
324 0.05605119694
325 0.05605119694
326 0.05605119694
327 0.05605119694
328 0.05605119694
329 0.05605119694
330 0.05605119694
331 0.05605119694
332 0.05605119694
333 0.05605119694
334 0.05605119694
335 0.05605119694
336 0.05605119694
337 0.05605119694
338 0.05605119694
339 0.05605119694
340 0.05605119694
341 0.05605119694
342 0.05605119694
343 0.05605119694
344 0.05605119694
345 0.05605119694
346 0.05605119694
347 0.05605119694
348 0.05605119694
349 0.05605119694
350 0.05605119694
351 0.05605119694
352 0.05605119694
353 0.05605119694
354 0.05605119694
355 0.05605119694
356 0.05605119694
357 0.05605119694
358 0.05605119694
359 0.05605119694
360 0.05605119694
361 0.05605119694
362 0.05605119694
363 0.05605119694
364 0.05605119694
365 0.05605119694
366 0.05605119694
367 0.05605119694
368 0.05605119694
369 0.05605119694
370 0.05605119694
371 0.05605119694
372 0.05605119694
373 0.05605119694
374 0.05605119694
375 0.05605119694
376 0.05605119694
377 0.05605119694
378 0.05605119694
379 0.05605119694
380 0.05605119694
381 0.05605119694
382 0.05605119695
383 0.05605119695
384 0.05605119695
385 0.05605119695
386 0.05605119695
387 0.05605119695
388 0.05605119696
389 0.05605119696
390 0.05605119697
391 0.05605119698
392 0.05605119698
393 0.056051197
394 0.05605119701
395 0.05605119703
396 0.05605119705
397 0.05605119708
398 0.05605119712
399 0.05605119717
400 0.05605119722
401 0.0560511973
402 0.05605119739
403 0.0560511975
404 0.05605119764
405 0.05605119782
406 0.05605119804
407 0.05605119831
408 0.05605119866
409 0.05605119908
410 0.05605119961
411 0.05605120026
412 0.05605120107
413 0.05605120208
414 0.05605120331
415 0.05605120484
416 0.05605120673
417 0.05605120906
418 0.05605121192
419 0.05605121544
420 0.05605121977
421 0.05605122507
422 0.05605123158
423 0.05605123955
424 0.05605124929
425 0.0560512612
426 0.05605127574
427 0.05605129347
428 0.05605131506
429 0.05605134135
430 0.05605137329
431 0.05605141209
432 0.05605145915
433 0.05605151617
434 0.0560515852
435 0.05605166868
436 0.05605176952
437 0.05605189121
438 0.05605203789
439 0.05605221453
440 0.05605242701
441 0.05605268234
442 0.05605298883
443 0.05605335636
444 0.05605379661
445 0.05605432342
446 0.05605495314
447 0.05605570508
448 0.05605660202
449 0.05605767079
450 0.05605894298
451 0.05606045569
452 0.05606225251
453 0.05606438454
454 0.05606691165
455 0.05606990388
456 0.05607344311
457 0.05607762491
458 0.0560825607
459 0.05608838029
460 0.05609523466
461 0.05610329927
462 0.05611277774
463 0.05612390616
464 0.0561369579
465 0.05615224913
466 0.05617014511
467 0.05619106732
468 0.05621550153
469 0.05624400696
470 0.0562772266
471 0.05631589895
472 0.05636087112
473 0.05641311371
474 0.05647373746
475 0.05654401201
476 0.05662538684
477 0.0567195148
478 0.05682827839
479 0.05695381906
480 0.05709856989
481 0.05726529198
482 0.05745711488
483 0.05767758138
484 0.05793069726
485 0.05822098617
486 0.05855355036
487 0.05893413757
488 0.05936921468
489 0.05986604865
490 0.06043279537
491 0.06107859688
492 0.06181368784
493 0.0626495116
494 0.06359884681
495 0.06467594508
496 0.06589668048
497 0.06727871165
498 0.06884165705
499 0.07060728439
500 0.07259971458
501 0.07484564133
502 0.07737456675
503 0.08021905376
504 0.08341499601
505 0.08700190575
506 0.09102322022
507 0.09552662713
508 0.1005644093
509 0.1061938093
510 0.112477413
511 0.1194835545
512 0.1272867386
513 0.1359680845
514 0.1456157877
515 0.1563255995
516 0.1682013249
517 0.1813553359
518 0.1959091003
519 0.2119937222
520 0.2297504959
521 0.249331466
522 0.270899996
523 0.2946313389
524 0.3207132078
525 0.3493463436
526 0.3807450735
527 0.4151378584
528 0.4527678228
529 0.4938932616
530 0.53878812
531 0.5877424384
532 0.6410627569
533 0.6990724732
534 0.7621121455
535 0.8305397337
536 0.9047307717
537 0.9850784621
538 1.071993685
539 1.165904915
540 1.267258032
541 1.376516028
542 1.494158591
543 1.620681562
544 1.756596258
545 1.902428655
546 2.058718418
547 2.226017779
548 2.404890242
549 2.595909137
550 2.799655982
551 3.016718685
552 3.247689552
553 3.493163127
554 3.753733837
555 4.029993468
556 4.322528453
557 4.631916987
558 4.958725978
559 5.303507824
560 5.666797044
561 6.049106764
562 6.450925066
563 6.872711223
564 7.314891836
565 7.777856874
566 8.261955664
567 8.76749283
568 9.294724208
569 9.843852776
570 10.4150246
571 11.00832486
572 11.62377393
573 12.26132359
574 12.92085342
575 13.6021673
576 14.30499018
577 15.02896508
578 15.77365033
579 16.53851718
580 17.32294767
581 18.12623294
582 18.94757189
583 19.7860703
584 20.64074035
585 21.51050067
586 22.39417686
587 23.29050253
588 24.19812087
589 25.11558676
590 26.04136947
591 26.97385586
592 27.91135419
593 28.8520985
594 29.79425351
595 30.73592012
596 31.67514136
597 32.60990897
598 33.53817039
599 34.45783625
600 35.3667883
601 36.26288778
602 37.14398406
603 38.00792376
604 38.85255999
605 39.67576196
606 40.47542475
607 41.24947911
608 41.99590154
609 42.71272421
610 43.39804494
611 44.05003715
612 44.66695952
613 45.24716559
614 45.78911306
615 46.29137273
616 46.75263715
617 47.17172881
618 47.54760792
619 47.87937956
620 48.16630041
621 48.40778483
622 48.60341026
623 48.75292204
624 48.85623746
625 48.91344914
626 48.92482764
627 48.89082335
628 48.81206755
629 48.68937275
630 48.52373222
631 48.31631877
632 48.0684827
633 47.78174906
634 47.45781408
635 47.09854093
636 46.70595472
637 46.28223679
638 45.82971837
639 45.35087359
640 44.8483118
641 44.32476938
642 43.78310097
643 43.22627013
644 42.65733955
645 42.07946082
646 41.49586367
647 40.90984493
648 40.32475704
649 39.74399629
650 39.17099074
651 38.60918783
652 38.06204185
653 37.53300113
654 37.02549506
655 36.54292108
656 36.08863139
657 35.66591972
658 35.27800803
659 34.92803317
660 34.61903358
661 34.35393606
662 34.13554265
663 33.96651762
664 33.84937468
665 33.78646437
666 33.77996176
667 33.83185444
668 33.94393088
669 34.11776926
670 34.35472674
671 34.65592922
672 35.02226184
673 35.45436
674 35.9526012
675 36.51709762
676 37.14768962
677 37.84394012
678 38.60513
679 39.43025459
680 40.31802123
681 41.26684808
682 42.27486417
683 43.33991073
684 44.45954391
685 45.63103891
686 46.85139549
687 48.11734502
688 49.42535897
689 50.77165893
690 52.15222812
691 53.56282439
692 54.9989947
693 56.45609103
694 57.9292877
695 59.4136
696 60.90390413
697 62.39495828
698 63.88142479
699 65.35789337
700 66.81890513
701 68.25897728
702 69.67262858
703 71.0544051
704 72.39890632
705 73.70081139
706 74.95490527
707 76.15610471
708 77.29948385
709 78.38029919
710 79.39401388
711 80.33632103
712 81.20316602
713 81.99076742
714 82.69563664
715 83.31459594
716 83.84479479
717 84.28372435
718 84.62923007
719 84.87952226
720 85.03318453
721 85.08918002
722 85.04685551
723 84.90594314
724 84.66655998
725 84.32920525
726 83.8947554
727 83.3644569
728 82.73991696
729 82.0230922
730 81.2162753
731 80.32207992
732 79.34342375
733 78.28351009
734 77.14580794
735 75.93403083
736 74.65211452
737 73.30419378
738 71.89457839
739 70.42772864
740 68.90823031
741 67.34076955
742 65.73010773
743 64.08105636
744 62.39845245
745 60.68713425
746 58.95191774
747 57.19757389
748 55.42880681
749 53.65023302
750 51.86636191
751 50.08157742
752 48.30012113
753 46.5260768
754 44.76335638
755 43.01568758
756 41.28660302
757 39.57943094
758 37.89728751
759 36.2430708
760 34.61945617
761 33.02889326
762 31.4736045
763 29.95558494
764 28.47660349
765 27.03820544
766 25.6417162
767 24.28824608
768 22.97869616
769 21.71376508
770 20.49395667
771 19.31958823
772 18.19079957
773 17.10756247
774 16.06969067
775 15.07685011
776 14.12856948
777 13.22425093
778 12.36318079
779 11.54454036
780 10.76741655
781 10.03081243
782 9.333657529
783 8.67481784
784 8.053105564
785 7.467288423
786 6.9160986
787 6.398241223
788 5.912402382
789 5.457256662
790 5.031474165
791 4.633727019
792 4.262695369
793 3.917072839
794 3.595571488
795 3.296926245
796 3.019898851
797 2.763281315
798 2.525898903
799 2.306612676
800 2.104321605
801 1.917964273
802 1.74652021
803 1.589010858
804 1.444500218
805 1.312095184
806 1.190945607
807 1.0802441
808 0.9792256205
809 0.8871668498
810 0.8033853933
811 0.7272388265
812 0.6581236078
813 0.5954738792
814 0.5387601741
815 0.4874880513
816 0.4411966716
817 0.399457333
818 0.3618719797
819 0.3280716958
820 0.2977151985
821 0.2704873386
822 0.2460976193
823 0.2242787408
824 0.2047851778
825 0.1873917956
826 0.1718925102
827 0.1580989966
828 0.1458394473
829 0.1349573851
830 0.1253105307
831 0.1167697267
832 0.1092179178
833 0.1025491885
834 0.09666785667
835 0.09148762226
836 0.08693077072
837 0.08292742884
838 0.07941487175
839 0.0763368791
840 0.0736431384
841 0.07128869334
842 0.06923343504
843 0.06744163371
844 0.06588150876
845 0.06452483483
846 0.06334658165
847 0.06232458548
848 0.06143925001
849 0.06067327455
850 0.06001140764
851 0.05944022404
852 0.05894792337
853 0.05852414851
854 0.05815982233
855 0.05784700098
856 0.0575787424
857 0.05734898877
858 0.05715246138
859 0.05698456705
860 0.05684131475
861 0.05671924161
862 0.05661534727
863 0.05652703577
864 0.05645206422
865 0.05638849747
866 0.05633466826
867 0.05628914212
868 0.0562506866
869 0.05621824428
870 0.05619090918
871 0.05616790611
872 0.05614857279
873 0.05613234407
874 0.05611873846
875 0.05610734621
876 0.05609781918
877 0.05608986192
878 0.05608322408
879 0.05607769379
880 0.056073092
881 0.05606926758
882 0.05606609318
883 0.0560634616
884 0.05606128273
885 0.05605948094
886 0.05605799283
887 0.05605676531
888 0.056055754
889 0.05605492187
890 0.05605423801
891 0.05605367671
892 0.05605321657
893 0.05605283983
894 0.05605253175
895 0.05605228013
896 0.05605207489
897 0.05605190768
898 0.05605177161
899 0.05605166104
900 0.05605157129
901 0.05605149853
902 0.05605143962
903 0.05605139198
904 0.05605135351
905 0.05605132247
906 0.05605129746
907 0.05605127734
908 0.05605126117
909 0.05605124819
910 0.05605123778
911 0.05605122945
912 0.05605122279
913 0.05605121746
914 0.05605121322
915 0.05605120983
916 0.05605120714
917 0.056051205
918 0.0560512033
919 0.05605120196
920 0.05605120089
921 0.05605120005
922 0.05605119938
923 0.05605119886
924 0.05605119844
925 0.05605119812
926 0.05605119786
927 0.05605119766
928 0.0560511975
929 0.05605119738
930 0.05605119728
931 0.0560511972
932 0.05605119715
933 0.0560511971
934 0.05605119706
935 0.05605119704
936 0.05605119701
937 0.056051197
938 0.05605119699
939 0.05605119698
940 0.05605119697
941 0.05605119696
942 0.05605119696
943 0.05605119695
944 0.05605119695
945 0.05605119695
946 0.05605119695
947 0.05605119695
948 0.05605119694
949 0.05605119694
950 0.05605119694
951 0.05605119694
952 0.05605119694
953 0.05605119694
954 0.05605119694
955 0.05605119694
956 0.05605119694
957 0.05605119694
958 0.05605119694
959 0.05605119694
960 0.05605119694
961 0.05605119694
962 0.05605119694
963 0.05605119694
964 0.05605119694
965 0.05605119694
966 0.05605119694
967 0.05605119694
968 0.05605119694
969 0.05605119694
970 0.05605119694
971 0.05605119694
972 0.05605119694
973 0.05605119694
974 0.05605119694
975 0.05605119694
976 0.05605119694
977 0.05605119694
978 0.05605119694
979 0.05605119694
980 0.05605119694
981 0.05605119694
982 0.05605119694
983 0.05605119694
984 0.05605119694
985 0.05605119694
986 0.05605119694
987 0.05605119694
988 0.05605119694
989 0.05605119694
990 0.05605119694
991 0.05605119694
992 0.05605119694
993 0.05605119694
994 0.05605119694
995 0.05605119694
996 0.05605119694
997 0.05605119694
998 0.05605119694
999 0.05605119694
1000 0.05605119694
1001 0.05605119694
1002 0.05605119694
1003 0.05605119694
1004 0.05605119694
1005 0.05605119694
1006 0.05605119694
1007 0.05605119694
1008 0.05605119694
1009 0.05605119694
1010 0.05605119694
1011 0.05605119694
1012 0.05605119694
1013 0.05605119694
1014 0.05605119694
1015 0.05605119694
1016 0.05605119694
1017 0.05605119694
1018 0.05605119694
1019 0.05605119694
1020 0.05605119694
1021 0.05605119694
1022 0.05605119694
1023 0.05605119694
