#55227 2910.0037220114996357 0.0045698200102958818139 1 1293 16.000049430220818044 1024 7 1 J1713+0747 0.0000000 
0 0.4032858068
1 0.4032858068
2 0.4032858068
3 0.4032858068
4 0.4032858068
5 0.4032858068
6 0.4032858068
7 0.4032858068
8 0.4032858068
9 0.4032858068
10 0.4032858068
11 0.4032858068
12 0.4032858068
13 0.4032858068
14 0.4032858068
15 0.4032858068
16 0.4032858068
17 0.4032858068
18 0.4032858068
19 0.4032858068
20 0.4032858068
21 0.4032858068
22 0.4032858068
23 0.4032858068
24 0.4032858068
25 0.4032858068
26 0.4032858068
27 0.4032858068
28 0.4032858068
29 0.4032858068
30 0.4032858068
31 0.4032858068
32 0.4032858068
33 0.4032858068
34 0.4032858068
35 0.4032858068
36 0.4032858068
37 0.4032858068
38 0.4032858068
39 0.4032858068
40 0.4032858068
41 0.4032858068
42 0.4032858068
43 0.4032858068
44 0.4032858068
45 0.4032858068
46 0.4032858068
47 0.4032858068
48 0.4032858068
49 0.4032858068
50 0.4032858068
51 0.4032858068
52 0.4032858068
53 0.4032858068
54 0.4032858068
55 0.4032858068
56 0.4032858068
57 0.4032858068
58 0.4032858068
59 0.4032858068
60 0.4032858068
61 0.4032858068
62 0.4032858068
63 0.4032858068
64 0.4032858068
65 0.4032858068
66 0.4032858068
67 0.4032858068
68 0.4032858068
69 0.4032858068
70 0.4032858068
71 0.4032858068
72 0.4032858068
73 0.4032858068
74 0.4032858068
75 0.4032858068
76 0.4032858068
77 0.4032858068
78 0.4032858068
79 0.4032858068
80 0.4032858068
81 0.4032858068
82 0.4032858068
83 0.4032858068
84 0.4032858068
85 0.4032858068
86 0.4032858068
87 0.4032858068
88 0.4032858068
89 0.4032858068
90 0.4032858068
91 0.4032858068
92 0.4032858068
93 0.4032858068
94 0.4032858068
95 0.4032858068
96 0.4032858068
97 0.4032858068
98 0.4032858068
99 0.4032858068
100 0.4032858068
101 0.4032858068
102 0.4032858068
103 0.4032858068
104 0.4032858068
105 0.4032858068
106 0.4032858068
107 0.4032858068
108 0.4032858068
109 0.4032858068
110 0.4032858068
111 0.4032858068
112 0.4032858068
113 0.4032858068
114 0.4032858068
115 0.4032858068
116 0.4032858068
117 0.4032858068
118 0.4032858068
119 0.4032858068
120 0.4032858068
121 0.4032858068
122 0.4032858068
123 0.4032858068
124 0.4032858068
125 0.4032858068
126 0.4032858068
127 0.4032858068
128 0.4032858068
129 0.4032858068
130 0.4032858068
131 0.4032858068
132 0.4032858068
133 0.4032858068
134 0.4032858068
135 0.4032858068
136 0.4032858068
137 0.4032858068
138 0.4032858068
139 0.4032858068
140 0.4032858068
141 0.4032858068
142 0.4032858068
143 0.4032858068
144 0.4032858068
145 0.4032858068
146 0.4032858068
147 0.4032858068
148 0.4032858068
149 0.4032858068
150 0.4032858068
151 0.4032858068
152 0.4032858068
153 0.4032858068
154 0.4032858068
155 0.4032858068
156 0.4032858068
157 0.4032858068
158 0.4032858068
159 0.4032858068
160 0.4032858068
161 0.4032858068
162 0.4032858068
163 0.4032858068
164 0.4032858068
165 0.4032858068
166 0.4032858068
167 0.4032858068
168 0.4032858068
169 0.4032858068
170 0.4032858068
171 0.4032858068
172 0.4032858068
173 0.4032858068
174 0.4032858068
175 0.4032858068
176 0.4032858068
177 0.4032858068
178 0.4032858068
179 0.4032858068
180 0.4032858068
181 0.4032858068
182 0.4032858068
183 0.4032858068
184 0.4032858068
185 0.4032858068
186 0.4032858068
187 0.4032858068
188 0.4032858068
189 0.4032858068
190 0.4032858068
191 0.4032858068
192 0.4032858068
193 0.4032858068
194 0.4032858068
195 0.4032858068
196 0.4032858068
197 0.4032858068
198 0.4032858068
199 0.4032858068
200 0.4032858068
201 0.4032858068
202 0.4032858068
203 0.4032858068
204 0.4032858068
205 0.4032858068
206 0.4032858068
207 0.4032858068
208 0.4032858068
209 0.4032858068
210 0.4032858068
211 0.4032858068
212 0.4032858068
213 0.4032858068
214 0.4032858068
215 0.4032858068
216 0.4032858068
217 0.4032858068
218 0.4032858068
219 0.4032858068
220 0.4032858068
221 0.4032858068
222 0.4032858068
223 0.4032858068
224 0.4032858068
225 0.4032858068
226 0.4032858068
227 0.4032858068
228 0.4032858068
229 0.4032858068
230 0.4032858068
231 0.4032858068
232 0.4032858068
233 0.4032858068
234 0.4032858068
235 0.4032858068
236 0.4032858068
237 0.4032858068
238 0.4032858068
239 0.4032858068
240 0.4032858068
241 0.4032858068
242 0.4032858068
243 0.4032858068
244 0.4032858068
245 0.4032858068
246 0.4032858068
247 0.4032858068
248 0.4032858068
249 0.4032858068
250 0.4032858068
251 0.4032858068
252 0.4032858068
253 0.4032858068
254 0.4032858068
255 0.4032858068
256 0.4032858068
257 0.4032858068
258 0.4032858068
259 0.4032858068
260 0.4032858068
261 0.4032858068
262 0.4032858068
263 0.4032858068
264 0.4032858068
265 0.4032858068
266 0.4032858068
267 0.4032858068
268 0.4032858068
269 0.4032858068
270 0.4032858068
271 0.4032858068
272 0.4032858068
273 0.4032858068
274 0.4032858068
275 0.4032858068
276 0.4032858068
277 0.4032858068
278 0.4032858068
279 0.4032858068
280 0.4032858068
281 0.4032858068
282 0.4032858068
283 0.4032858068
284 0.4032858068
285 0.4032858068
286 0.4032858068
287 0.4032858068
288 0.4032858068
289 0.4032858068
290 0.4032858068
291 0.4032858068
292 0.4032858068
293 0.4032858068
294 0.4032858068
295 0.4032858068
296 0.4032858068
297 0.4032858068
298 0.4032858068
299 0.4032858068
300 0.4032858068
301 0.4032858068
302 0.4032858068
303 0.4032858068
304 0.4032858068
305 0.4032858068
306 0.4032858068
307 0.4032858068
308 0.4032858068
309 0.4032858068
310 0.4032858068
311 0.4032858068
312 0.4032858068
313 0.4032858068
314 0.4032858068
315 0.4032858068
316 0.4032858068
317 0.4032858068
318 0.4032858068
319 0.4032858068
320 0.4032858068
321 0.4032858068
322 0.4032858068
323 0.4032858068
324 0.4032858068
325 0.4032858068
326 0.4032858068
327 0.4032858068
328 0.4032858068
329 0.4032858068
330 0.4032858068
331 0.4032858068
332 0.4032858069
333 0.4032858069
334 0.4032858069
335 0.4032858069
336 0.403285807
337 0.403285807
338 0.403285807
339 0.4032858071
340 0.4032858072
341 0.4032858073
342 0.4032858074
343 0.4032858076
344 0.4032858078
345 0.403285808
346 0.4032858083
347 0.4032858087
348 0.4032858092
349 0.4032858097
350 0.4032858105
351 0.4032858113
352 0.4032858124
353 0.4032858138
354 0.4032858155
355 0.4032858175
356 0.4032858201
357 0.4032858232
358 0.4032858271
359 0.4032858318
360 0.4032858376
361 0.4032858447
362 0.4032858534
363 0.403285864
364 0.403285877
365 0.4032858929
366 0.4032859122
367 0.4032859357
368 0.4032859643
369 0.403285999
370 0.4032860412
371 0.4032860923
372 0.4032861543
373 0.4032862292
374 0.4032863198
375 0.4032864291
376 0.403286561
377 0.4032867199
378 0.4032869112
379 0.4032871412
380 0.4032874173
381 0.4032877487
382 0.4032881459
383 0.4032886213
384 0.40328919
385 0.4032898695
386 0.4032906804
387 0.4032916472
388 0.4032927986
389 0.4032941685
390 0.4032957966
391 0.4032977294
392 0.4033000217
393 0.4033027374
394 0.4033059513
395 0.4033097508
396 0.4033142378
397 0.4033195312
398 0.4033257692
399 0.4033331127
400 0.4033417485
401 0.4033518931
402 0.4033637975
403 0.4033777523
404 0.4033940933
405 0.4034132081
406 0.4034355439
407 0.4034616157
408 0.4034920161
409 0.4035274261
410 0.4035686273
411 0.4036165159
412 0.4036721181
413 0.4037366076
414 0.403811325
415 0.4038978004
416 0.4039977772
417 0.4041132399
418 0.404246445
419 0.4043999545
420 0.4045766742
421 0.4047798957
422 0.4050133432
423 0.405281225
424 0.4055882907
425 0.4059398942
426 0.4063420633
427 0.4068015758
428 0.4073260436
429 0.4079240045
430 0.408605023
431 0.4093798003
432 0.410260294
433 0.411259849
434 0.4123933394
435 0.4136773222
436 0.4151302049
437 0.4167724248
438 0.4186266443
439 0.4207179601
440 0.4230741283
441 0.4257258057
442 0.4287068084
443 0.4320543875
444 0.4358095235
445 0.4400172384
446 0.4447269277
447 0.4499927113
448 0.4558738038
449 0.462434905
450 0.4697466089
451 0.4778858334
452 0.4869362679
453 0.49698884
454 0.5081421994
455 0.5205032188
456 0.5341875102
457 0.5493199545
458 0.5660352442
459 0.5844784351
460 0.6048055061
461 0.627183924
462 0.6517932091
463 0.6788255003
464 0.7084861134
465 0.7409940902
466 0.7765827334
467 0.815500121
468 0.858009597
469 0.9043902311
470 0.9549372409
471 1.009962372
472 1.069794228
473 1.134778539
474 1.205278375
475 1.281674277
476 1.364364308
477 1.453764027
478 1.550306351
479 1.654441322
480 1.766635759
481 1.887372784
482 2.017151227
483 2.156484882
484 2.305901632
485 2.465942414
486 2.637160024
487 2.820117766
488 3.015387926
489 3.223550074
490 3.445189191
491 3.680893615
492 3.931252806
493 4.196854937
494 4.478284294
495 4.776118517
496 5.090925654
497 5.423261057
498 5.773664121
499 6.142654875
500 6.530730425
501 6.938361292
502 7.365987621
503 7.814015313
504 8.282812068
505 8.772703388
506 9.283968536
507 9.816836493
508 10.37148193
509 10.94802121
510 11.5465085
511 12.16693192
512 12.8092099
513 13.4731876
514 14.15863362
515 14.86523689
516 15.59260378
517 16.34025556
518 17.10762616
519 17.89406024
520 18.69881169
521 19.52104252
522 20.35982216
523 21.21412726
524 22.08284192
525 22.96475849
526 23.85857882
527 24.76291609
528 25.67629717
529 26.59716553
530 27.52388472
531 28.4547424
532 29.38795492
533 30.32167246
534 31.25398474
535 32.18292717
536 33.10648758
537 34.0226134
538 34.92921928
539 35.82419519
540 36.7054148
541 37.57074431
542 38.41805156
543 39.24521535
544 40.05013503
545 40.83074022
546 41.5850007
547 42.31093626
548 43.0066266
549 43.67022123
550 44.29994918
551 44.89412855
552 45.45117591
553 45.9696153
554 46.44808705
555 46.88535605
556 47.28031973
557 47.63201544
558 47.9396274
559 48.202493
560 48.42010856
561 48.59213436
562 48.71839912
563 48.79890363
564 48.83382378
565 48.82351282
566 48.76850276
567 48.6695052
568 48.52741117
569 48.34329039
570 48.11838961
571 47.85413029
572 47.55210548
573 47.21407592
574 46.84196555
575 46.43785615
576 46.00398143
577 45.54272039
578 45.05659007
579 44.54823774
580 44.02043244
581 43.47605606
582 42.91809386
583 42.34962453
584 41.7738098
585 41.19388368
586 40.61314125
587 40.03492718
588 39.46262389
589 38.89963945
590 38.34939522
591 37.81531329
592 37.30080372
593 36.80925164
594 36.3440042
595 35.90835751
596 35.50554337
597 35.13871615
598 34.81093955
599 34.52517349
600 34.28426098
601 34.09091521
602 33.94770675
603 33.85705095
604 33.82119556
605 33.84220873
606 33.92196721
607 34.0621451
608 34.2642029
609 34.52937717
610 34.85867071
611 35.25284334
612 35.71240343
613 36.23760016
614 36.82841655
615 37.48456346
616 38.20547449
617 38.99030193
618 39.83791376
619 40.74689186
620 41.71553137
621 42.74184137
622 43.82354684
623 44.958092
624 46.14264507
625 47.37410449
626 48.64910653
627 49.96403446
628 51.31502919
629 52.69800136
630 54.10864497
631 55.54245237
632 56.99473073
633 58.46061982
634 59.93511113
635 61.41306812
636 62.88924772
637 64.35832275
638 65.81490533
639 67.25357107
640 68.6688839
641 70.05542143
642 71.40780071
643 72.72070415
644 73.98890554
645 75.20729589
646 76.37090902
647 77.47494663
648 78.51480279
649 79.48608755
650 80.38464955
651 81.20659755
652 81.94832055
653 82.60650652
654 83.17815943
655 83.66061466
656 84.05155243
657 84.34900935
658 84.55138786
659 84.65746361
660 84.6663906
661 84.57770411
662 84.39132142
663 84.10754024
664 83.72703496
665 83.25085065
666 82.68039496
667 82.01742789
668 81.26404967
669 80.42268661
670 79.4960753
671 78.48724509
672 77.39949913
673 76.23639396
674 75.00171802
675 73.69946909
676 72.33383089
677 70.909149
678 69.42990634
679 67.90069831
680 66.32620783
681 64.71118046
682 63.06039968
683 61.37866271
684 59.67075675
685 57.94143601
686 56.19539964
687 54.43727054
688 52.67157541
689 50.90272589
690 49.13500114
691 47.37253171
692 45.61928492
693 43.87905173
694 42.15543517
695 40.45184032
696 38.77146589
697 37.11729736
698 35.49210166
699 33.89842343
700 32.33858272
701 30.81467414
702 29.32856738
703 27.88190908
704 26.47612588
705 25.11242864
706 23.79181772
707 22.51508925
708 21.28284222
709 20.09548642
710 18.95325101
711 17.85619365
712 16.80421018
713 15.79704463
714 14.83429953
715 13.91544648
716 13.03983672
717 12.20671184
718 11.41521441
719 10.66439849
720 9.953239935
721 9.280646523
722 8.645467726
723 8.046504168
724 7.482516684
725 6.95223497
726 6.454365768
727 5.987600589
728 5.550622935
729 5.142115014
730 4.760763949
731 4.405267462
732 4.074339048
733 3.766712634
734 3.481146747
735 3.21642818
736 2.971375199
737 2.744840285
738 2.535712448
739 2.342919124
740 2.165427686
741 2.002246584
742 1.852426153
743 1.715059099
744 1.5892807
745 1.474268742
746 1.36924322
747 1.273465822
748 1.186239228
749 1.106906239
750 1.03484877
751 0.9694867122
752 0.9102767011
753 0.8567107979
754 0.8083151059
755 0.7646483391
756 0.7253003561
757 0.6898906736
758 0.6580669721
759 0.6295036049
760 0.6039001195
761 0.5809798011
762 0.5604882448
763 0.5421919638
764 0.525877038
765 0.5113478088
766 0.4984256218
767 0.4869476228
768 0.4767656064
769 0.4677449206
770 0.459763427
771 0.4527105178
772 0.4464861879
773 0.4410001639
774 0.4361710858
775 0.4319257428
776 0.4281983604
777 0.4249299372
778 0.422067629
779 0.41956418
780 0.4173773957
781 0.415469659
782 0.4138074839
783 0.4123611071
784 0.4111041141
785 0.4100130968
786 0.4090673432
787 0.4082485529
788 0.4075405813
789 0.4069292058
790 0.4064019155
791 0.4059477217
792 0.405556986
793 0.4052212675
794 0.4049331837
795 0.4046862881
796 0.4044749587
797 0.4042943001
798 0.4041400557
799 0.4040085292
800 0.4038965157
801 0.4038012404
802 0.4037203039
803 0.4036516346
804 0.4035934464
805 0.4035442014
806 0.4035025774
807 0.4034674391
808 0.403437813
809 0.4034128658
810 0.4033918847
811 0.4033742614
812 0.4033594769
813 0.4033470895
814 0.4033367235
815 0.4033280599
816 0.4033208281
817 0.4033147991
818 0.403309779
819 0.4033056042
820 0.4033021367
821 0.4032992604
822 0.4032968772
823 0.4032949053
824 0.4032932756
825 0.4032919303
826 0.4032908214
827 0.4032899083
828 0.4032891574
829 0.4032885407
830 0.4032880348
831 0.4032876203
832 0.4032872812
833 0.403287004
834 0.4032867778
835 0.4032865933
836 0.4032864432
837 0.403286321
838 0.4032862219
839 0.4032861414
840 0.4032860762
841 0.4032860235
842 0.4032859808
843 0.4032859464
844 0.4032859187
845 0.4032858963
846 0.4032858784
847 0.4032858639
848 0.4032858524
849 0.4032858431
850 0.4032858357
851 0.4032858297
852 0.403285825
853 0.4032858212
854 0.4032858182
855 0.4032858158
856 0.4032858139
857 0.4032858124
858 0.4032858112
859 0.4032858103
860 0.4032858095
861 0.403285809
862 0.4032858085
863 0.4032858081
864 0.4032858078
865 0.4032858076
866 0.4032858074
867 0.4032858073
868 0.4032858072
869 0.4032858071
870 0.403285807
871 0.403285807
872 0.4032858069
873 0.4032858069
874 0.4032858069
875 0.4032858069
876 0.4032858068
877 0.4032858068
878 0.4032858068
879 0.4032858068
880 0.4032858068
881 0.4032858068
882 0.4032858068
883 0.4032858068
884 0.4032858068
885 0.4032858068
886 0.4032858068
887 0.4032858068
888 0.4032858068
889 0.4032858068
890 0.4032858068
891 0.4032858068
892 0.4032858068
893 0.4032858068
894 0.4032858068
895 0.4032858068
896 0.4032858068
897 0.4032858068
898 0.4032858068
899 0.4032858068
900 0.4032858068
901 0.4032858068
902 0.4032858068
903 0.4032858068
904 0.4032858068
905 0.4032858068
906 0.4032858068
907 0.4032858068
908 0.4032858068
909 0.4032858068
910 0.4032858068
911 0.4032858068
912 0.4032858068
913 0.4032858068
914 0.4032858068
915 0.4032858068
916 0.4032858068
917 0.4032858068
918 0.4032858068
919 0.4032858068
920 0.4032858068
921 0.4032858068
922 0.4032858068
923 0.4032858068
924 0.4032858068
925 0.4032858068
926 0.4032858068
927 0.4032858068
928 0.4032858068
929 0.4032858068
930 0.4032858068
931 0.4032858068
932 0.4032858068
933 0.4032858068
934 0.4032858068
935 0.4032858068
936 0.4032858068
937 0.4032858068
938 0.4032858068
939 0.4032858068
940 0.4032858068
941 0.4032858068
942 0.4032858068
943 0.4032858068
944 0.4032858068
945 0.4032858068
946 0.4032858068
947 0.4032858068
948 0.4032858068
949 0.4032858068
950 0.4032858068
951 0.4032858068
952 0.4032858068
953 0.4032858068
954 0.4032858068
955 0.4032858068
956 0.4032858068
957 0.4032858068
958 0.4032858068
959 0.4032858068
960 0.4032858068
961 0.4032858068
962 0.4032858068
963 0.4032858068
964 0.4032858068
965 0.4032858068
966 0.4032858068
967 0.4032858068
968 0.4032858068
969 0.4032858068
970 0.4032858068
971 0.4032858068
972 0.4032858068
973 0.4032858068
974 0.4032858068
975 0.4032858068
976 0.4032858068
977 0.4032858068
978 0.4032858068
979 0.4032858068
980 0.4032858068
981 0.4032858068
982 0.4032858068
983 0.4032858068
984 0.4032858068
985 0.4032858068
986 0.4032858068
987 0.4032858068
988 0.4032858068
989 0.4032858068
990 0.4032858068
991 0.4032858068
992 0.4032858068
993 0.4032858068
994 0.4032858068
995 0.4032858068
996 0.4032858068
997 0.4032858068
998 0.4032858068
999 0.4032858068
1000 0.4032858068
1001 0.4032858068
1002 0.4032858068
1003 0.4032858068
1004 0.4032858068
1005 0.4032858068
1006 0.4032858068
1007 0.4032858068
1008 0.4032858068
1009 0.4032858068
1010 0.4032858068
1011 0.4032858068
1012 0.4032858068
1013 0.4032858068
1014 0.4032858068
1015 0.4032858068
1016 0.4032858068
1017 0.4032858068
1018 0.4032858068
1019 0.4032858068
1020 0.4032858068
1021 0.4032858068
1022 0.4032858068
1023 0.4032858068
