#53628 2910.0017020869393354 0.0045705166059030813419 1 1413 16.000049430220818044 1024 7 1 J1713+0747 0.0000000 
0 25.05074016
1 25.91348212
2 26.77799813
3 27.64256112
4 28.50538933
5 29.36465219
6 30.2184766
7 31.06495372
8 31.90214612
9 32.72809535
10 33.54082981
11 34.33837298
12 35.1187519
13 35.88000592
14 36.62019553
15 37.33741149
16 38.02978392
17 38.69549145
18 39.33277044
19 39.93992405
20 40.51533124
21 41.05745556
22 41.56485379
23 42.03618424
24 42.47021477
25 42.86583045
26 43.22204073
27 43.53798629
28 43.81294523
29 44.04633888
30 44.23773689
31 44.38686184
32 44.49359315
33 44.55797034
34 44.58019567
35 44.56063599
36 44.49982399
37 44.39845869
38 44.25740518
39 44.07769372
40 43.86051809
41 43.60723321
42 43.31935211
43 42.9985422
44 42.64662085
45 42.26555037
46 41.85743236
47 41.42450138
48 40.96911817
49 40.4937622
50 40.0010238
51 39.49359573
52 38.97426429
53 38.44590005
54 37.91144811
55 37.37391802
56 36.83637341
57 36.30192117
58 35.77370049
59 35.25487159
60 34.74860422
61 34.25806595
62 33.78641039
63 33.33676513
64 32.9122197
65 32.51581338
66 32.15052303
67 31.81925078
68 31.52481193
69 31.26992267
70 31.05718809
71 30.88909016
72 30.76797595
73 30.696046
74 30.67534293
75 30.70774038
76 30.79493221
77 30.93842208
78 31.13951354
79 31.39930048
80 31.71865819
81 32.09823504
82 32.53844469
83 33.03945914
84 33.60120253
85 34.2233457
86 34.90530173
87 35.64622242
88 36.44499579
89 37.30024463
90 38.21032625
91 39.17333334
92 40.18709613
93 41.24918578
94 42.35691909
95 43.50736461
96 44.69735001
97 45.92347088
98 47.18210096
99 48.46940364
100 49.78134489
101 51.1137075
102 52.4621066
103 53.82200646
104 55.18873841
105 56.55751995
106 57.92347481
107 59.28165398
108 60.62705756
109 61.9546573
110 63.25941977
111 64.53632992
112 65.78041498
113 66.98676852
114 68.15057448
115 69.26713114
116 70.33187462
117 71.34040206
118 72.28849408
119 73.17213645
120 73.98754078
121 74.73116421
122 75.39972768
123 75.99023295
124 76.49997802
125 76.92657096
126 77.26794192
127 77.52235341
128 77.68840854
129 77.76505738
130 77.75160124
131 77.64769487
132 77.45334665
133 77.16891661
134 76.79511247
135 76.3329836
136 75.78391308
137 75.14960774
138 74.4320865
139 73.63366689
140 72.75695004
141 71.80480406
142 70.78034622
143 69.68692374
144 68.52809367
145 67.30760178
146 66.02936072
147 64.69742759
148 63.31598119
149 61.88929892
150 60.42173366
151 58.91769078
152 57.38160536
153 55.81791982
154 54.23106213
155 52.62542474
156 51.00534426
157 49.37508216
158 47.73880651
159 46.10057483
160 44.46431824
161 42.83382683
162 41.21273649
163 39.60451706
164 38.012462
165 36.4396794
166 34.88908459
167 33.36339412
168 31.86512118
169 30.39657243
170 28.95984626
171 27.55683227
172 26.1892121
173 24.85846135
174 23.56585276
175 22.31246033
176 21.09916442
177 19.92665776
178 18.79545222
179 17.70588633
180 16.65813328
181 15.65220961
182 14.68798416
183 13.76518746
184 12.88342137
185 12.0421688
186 11.24080361
187 10.47860048
188 9.754744739
189 9.068342063
190 8.418427989
191 7.803977202
192 7.223912532
193 6.677113623
194 6.162425235
195 5.678665152
196 5.224631664
197 4.799110605
198 4.400881933
199 4.028725833
200 3.681428353
201 3.357786553
202 3.056613181
203 2.776740878
204 2.517025923
205 2.276351528
206 2.0536307
207 1.847808685
208 1.657865013
209 1.48281517
210 1.321711913
211 1.173646246
212 1.037748098
213 0.9131867054
214 0.799170737
215 0.6949481818
216 0.5998060198
217 0.513069702
218 0.4341024608
219 0.3623044724
220 0.2971118908
221 0.2379957748
222 0.1844609235
223 0.1360446403
224 0.0923154399
225 0.05287171321
226 0.01734036404
227 -0.01462457013
228 -0.04334330226
229 -0.06911167468
230 -0.09220252401
231 -0.1128670243
232 -0.1313360019
233 -0.1478212155
234 -0.1625165982
235 -0.1755994556
236 -0.187231618
237 -0.1975605451
238 -0.2067203786
239 -0.2148329452
240 -0.2220087065
241 -0.228347657
242 -0.2339401708
243 -0.2388677966
244 -0.2432040031
245 -0.247014875
246 -0.2503597624
247 -0.2532918839
248 -0.2558588865
249 -0.2581033629
250 -0.2600633298
251 -0.2617726675
252 -0.2632615244
253 -0.2645566875
254 -0.2656819216
255 -0.2666582787
256 -0.26750438
257 -0.2682366719
258 -0.2688696589
259 -0.2694161141
260 -0.2698872692
261 -0.270292986
262 -0.2706419114
263 -0.2709416156
264 -0.2711987168
265 -0.2714189927
266 -0.2716074798
267 -0.2717685623
268 -0.2719060512
269 -0.2720232545
270 -0.2721230395
271 -0.2722078879
272 -0.272279945
273 -0.2723410622
274 -0.2723928354
275 -0.272436638
276 -0.2724736508
277 -0.2725048869
278 -0.272531215
279 -0.2725533785
280 -0.2725720127
281 -0.27258766
282 -0.2726007829
283 -0.2726117747
284 -0.2726209701
285 -0.2726286531
286 -0.2726350644
287 -0.2726404079
288 -0.2726448557
289 -0.2726485535
290 -0.2726516239
291 -0.2726541701
292 -0.272656279
293 -0.2726580236
294 -0.2726594649
295 -0.2726606543
296 -0.2726616345
297 -0.2726624413
298 -0.2726631046
299 -0.2726636493
300 -0.2726640959
301 -0.2726644617
302 -0.2726647609
303 -0.2726650054
304 -0.2726652049
305 -0.2726653675
306 -0.2726654998
307 -0.2726656074
308 -0.2726656947
309 -0.2726657656
310 -0.272665823
311 -0.2726658694
312 -0.2726659069
313 -0.2726659371
314 -0.2726659615
315 -0.2726659812
316 -0.2726659969
317 -0.2726660096
318 -0.2726660198
319 -0.2726660279
320 -0.2726660344
321 -0.2726660396
322 -0.2726660438
323 -0.2726660471
324 -0.2726660497
325 -0.2726660518
326 -0.2726660535
327 -0.2726660548
328 -0.2726660559
329 -0.2726660567
330 -0.2726660573
331 -0.2726660579
332 -0.2726660583
333 -0.2726660586
334 -0.2726660588
335 -0.272666059
336 -0.2726660592
337 -0.2726660593
338 -0.2726660594
339 -0.2726660595
340 -0.2726660595
341 -0.2726660596
342 -0.2726660596
343 -0.2726660596
344 -0.2726660597
345 -0.2726660597
346 -0.2726660597
347 -0.2726660597
348 -0.2726660597
349 -0.2726660597
350 -0.2726660597
351 -0.2726660597
352 -0.2726660597
353 -0.2726660597
354 -0.2726660597
355 -0.2726660597
356 -0.2726660597
357 -0.2726660597
358 -0.2726660597
359 -0.2726660597
360 -0.2726660597
361 -0.2726660597
362 -0.2726660597
363 -0.2726660597
364 -0.2726660597
365 -0.2726660597
366 -0.2726660597
367 -0.2726660597
368 -0.2726660597
369 -0.2726660597
370 -0.2726660597
371 -0.2726660597
372 -0.2726660597
373 -0.2726660597
374 -0.2726660597
375 -0.2726660597
376 -0.2726660597
377 -0.2726660597
378 -0.2726660597
379 -0.2726660597
380 -0.2726660597
381 -0.2726660597
382 -0.2726660597
383 -0.2726660597
384 -0.2726660597
385 -0.2726660597
386 -0.2726660597
387 -0.2726660597
388 -0.2726660597
389 -0.2726660597
390 -0.2726660597
391 -0.2726660597
392 -0.2726660597
393 -0.2726660597
394 -0.2726660597
395 -0.2726660597
396 -0.2726660597
397 -0.2726660597
398 -0.2726660597
399 -0.2726660597
400 -0.2726660597
401 -0.2726660597
402 -0.2726660597
403 -0.2726660597
404 -0.2726660597
405 -0.2726660597
406 -0.2726660597
407 -0.2726660597
408 -0.2726660597
409 -0.2726660597
410 -0.2726660597
411 -0.2726660597
412 -0.2726660597
413 -0.2726660597
414 -0.2726660597
415 -0.2726660597
416 -0.2726660597
417 -0.2726660597
418 -0.2726660597
419 -0.2726660597
420 -0.2726660597
421 -0.2726660597
422 -0.2726660597
423 -0.2726660597
424 -0.2726660597
425 -0.2726660597
426 -0.2726660597
427 -0.2726660597
428 -0.2726660597
429 -0.2726660597
430 -0.2726660597
431 -0.2726660597
432 -0.2726660597
433 -0.2726660597
434 -0.2726660597
435 -0.2726660597
436 -0.2726660597
437 -0.2726660597
438 -0.2726660597
439 -0.2726660597
440 -0.2726660597
441 -0.2726660597
442 -0.2726660597
443 -0.2726660597
444 -0.2726660597
445 -0.2726660597
446 -0.2726660597
447 -0.2726660597
448 -0.2726660597
449 -0.2726660597
450 -0.2726660597
451 -0.2726660597
452 -0.2726660597
453 -0.2726660597
454 -0.2726660597
455 -0.2726660597
456 -0.2726660597
457 -0.2726660597
458 -0.2726660597
459 -0.2726660597
460 -0.2726660597
461 -0.2726660597
462 -0.2726660597
463 -0.2726660597
464 -0.2726660597
465 -0.2726660597
466 -0.2726660597
467 -0.2726660597
468 -0.2726660597
469 -0.2726660597
470 -0.2726660597
471 -0.2726660597
472 -0.2726660597
473 -0.2726660597
474 -0.2726660597
475 -0.2726660597
476 -0.2726660597
477 -0.2726660597
478 -0.2726660597
479 -0.2726660597
480 -0.2726660597
481 -0.2726660597
482 -0.2726660597
483 -0.2726660597
484 -0.2726660597
485 -0.2726660597
486 -0.2726660597
487 -0.2726660597
488 -0.2726660597
489 -0.2726660597
490 -0.2726660597
491 -0.2726660597
492 -0.2726660597
493 -0.2726660597
494 -0.2726660597
495 -0.2726660597
496 -0.2726660597
497 -0.2726660597
498 -0.2726660597
499 -0.2726660597
500 -0.2726660597
501 -0.2726660597
502 -0.2726660597
503 -0.2726660597
504 -0.2726660597
505 -0.2726660597
506 -0.2726660597
507 -0.2726660597
508 -0.2726660597
509 -0.2726660597
510 -0.2726660597
511 -0.2726660597
512 -0.2726660597
513 -0.2726660597
514 -0.2726660597
515 -0.2726660597
516 -0.2726660597
517 -0.2726660597
518 -0.2726660597
519 -0.2726660597
520 -0.2726660597
521 -0.2726660597
522 -0.2726660597
523 -0.2726660597
524 -0.2726660597
525 -0.2726660597
526 -0.2726660597
527 -0.2726660597
528 -0.2726660597
529 -0.2726660597
530 -0.2726660597
531 -0.2726660597
532 -0.2726660597
533 -0.2726660597
534 -0.2726660597
535 -0.2726660597
536 -0.2726660597
537 -0.2726660597
538 -0.2726660597
539 -0.2726660597
540 -0.2726660597
541 -0.2726660597
542 -0.2726660597
543 -0.2726660597
544 -0.2726660597
545 -0.2726660597
546 -0.2726660597
547 -0.2726660597
548 -0.2726660597
549 -0.2726660597
550 -0.2726660597
551 -0.2726660597
552 -0.2726660597
553 -0.2726660597
554 -0.2726660597
555 -0.2726660597
556 -0.2726660597
557 -0.2726660597
558 -0.2726660597
559 -0.2726660597
560 -0.2726660597
561 -0.2726660597
562 -0.2726660597
563 -0.2726660597
564 -0.2726660597
565 -0.2726660597
566 -0.2726660597
567 -0.2726660597
568 -0.2726660597
569 -0.2726660597
570 -0.2726660597
571 -0.2726660597
572 -0.2726660597
573 -0.2726660597
574 -0.2726660597
575 -0.2726660597
576 -0.2726660597
577 -0.2726660597
578 -0.2726660597
579 -0.2726660597
580 -0.2726660597
581 -0.2726660597
582 -0.2726660597
583 -0.2726660597
584 -0.2726660597
585 -0.2726660597
586 -0.2726660597
587 -0.2726660597
588 -0.2726660597
589 -0.2726660597
590 -0.2726660597
591 -0.2726660597
592 -0.2726660597
593 -0.2726660597
594 -0.2726660597
595 -0.2726660597
596 -0.2726660597
597 -0.2726660597
598 -0.2726660597
599 -0.2726660597
600 -0.2726660597
601 -0.2726660597
602 -0.2726660597
603 -0.2726660597
604 -0.2726660597
605 -0.2726660597
606 -0.2726660597
607 -0.2726660597
608 -0.2726660597
609 -0.2726660597
610 -0.2726660597
611 -0.2726660597
612 -0.2726660597
613 -0.2726660597
614 -0.2726660597
615 -0.2726660597
616 -0.2726660597
617 -0.2726660597
618 -0.2726660597
619 -0.2726660597
620 -0.2726660597
621 -0.2726660597
622 -0.2726660597
623 -0.2726660597
624 -0.2726660597
625 -0.2726660597
626 -0.2726660597
627 -0.2726660597
628 -0.2726660597
629 -0.2726660597
630 -0.2726660597
631 -0.2726660597
632 -0.2726660597
633 -0.2726660597
634 -0.2726660597
635 -0.2726660597
636 -0.2726660597
637 -0.2726660597
638 -0.2726660597
639 -0.2726660597
640 -0.2726660597
641 -0.2726660597
642 -0.2726660597
643 -0.2726660597
644 -0.2726660597
645 -0.2726660597
646 -0.2726660597
647 -0.2726660597
648 -0.2726660597
649 -0.2726660597
650 -0.2726660597
651 -0.2726660597
652 -0.2726660597
653 -0.2726660597
654 -0.2726660597
655 -0.2726660597
656 -0.2726660597
657 -0.2726660597
658 -0.2726660597
659 -0.2726660597
660 -0.2726660597
661 -0.2726660597
662 -0.2726660597
663 -0.2726660597
664 -0.2726660597
665 -0.2726660597
666 -0.2726660597
667 -0.2726660597
668 -0.2726660597
669 -0.2726660597
670 -0.2726660597
671 -0.2726660597
672 -0.2726660597
673 -0.2726660597
674 -0.2726660597
675 -0.2726660597
676 -0.2726660597
677 -0.2726660597
678 -0.2726660597
679 -0.2726660597
680 -0.2726660597
681 -0.2726660597
682 -0.2726660597
683 -0.2726660597
684 -0.2726660597
685 -0.2726660597
686 -0.2726660597
687 -0.2726660597
688 -0.2726660597
689 -0.2726660597
690 -0.2726660597
691 -0.2726660597
692 -0.2726660597
693 -0.2726660597
694 -0.2726660597
695 -0.2726660597
696 -0.2726660597
697 -0.2726660597
698 -0.2726660597
699 -0.2726660597
700 -0.2726660597
701 -0.2726660597
702 -0.2726660597
703 -0.2726660597
704 -0.2726660597
705 -0.2726660597
706 -0.2726660597
707 -0.2726660597
708 -0.2726660597
709 -0.2726660597
710 -0.2726660597
711 -0.2726660597
712 -0.2726660597
713 -0.2726660597
714 -0.2726660597
715 -0.2726660597
716 -0.2726660597
717 -0.2726660597
718 -0.2726660597
719 -0.2726660597
720 -0.2726660597
721 -0.2726660597
722 -0.2726660597
723 -0.2726660597
724 -0.2726660597
725 -0.2726660597
726 -0.2726660597
727 -0.2726660597
728 -0.2726660597
729 -0.2726660597
730 -0.2726660597
731 -0.2726660597
732 -0.2726660597
733 -0.2726660597
734 -0.2726660597
735 -0.2726660597
736 -0.2726660597
737 -0.2726660597
738 -0.2726660597
739 -0.2726660597
740 -0.2726660597
741 -0.2726660597
742 -0.2726660597
743 -0.2726660597
744 -0.2726660597
745 -0.2726660597
746 -0.2726660597
747 -0.2726660597
748 -0.2726660597
749 -0.2726660597
750 -0.2726660597
751 -0.2726660597
752 -0.2726660597
753 -0.2726660597
754 -0.2726660597
755 -0.2726660597
756 -0.2726660597
757 -0.2726660597
758 -0.2726660597
759 -0.2726660597
760 -0.2726660597
761 -0.2726660597
762 -0.2726660597
763 -0.2726660597
764 -0.2726660597
765 -0.2726660597
766 -0.2726660597
767 -0.2726660597
768 -0.2726660597
769 -0.2726660597
770 -0.2726660597
771 -0.2726660597
772 -0.2726660597
773 -0.2726660597
774 -0.2726660597
775 -0.2726660597
776 -0.2726660597
777 -0.2726660597
778 -0.2726660597
779 -0.2726660597
780 -0.2726660597
781 -0.2726660597
782 -0.2726660597
783 -0.2726660597
784 -0.2726660597
785 -0.2726660597
786 -0.2726660597
787 -0.2726660597
788 -0.2726660597
789 -0.2726660597
790 -0.2726660597
791 -0.2726660597
792 -0.2726660597
793 -0.2726660597
794 -0.2726660597
795 -0.2726660597
796 -0.2726660597
797 -0.2726660597
798 -0.2726660597
799 -0.2726660597
800 -0.2726660597
801 -0.2726660597
802 -0.2726660597
803 -0.2726660597
804 -0.2726660597
805 -0.2726660597
806 -0.2726660597
807 -0.2726660597
808 -0.2726660597
809 -0.2726660597
810 -0.2726660597
811 -0.2726660597
812 -0.2726660597
813 -0.2726660597
814 -0.2726660597
815 -0.2726660597
816 -0.2726660597
817 -0.2726660597
818 -0.2726660597
819 -0.2726660597
820 -0.2726660597
821 -0.2726660597
822 -0.2726660597
823 -0.2726660597
824 -0.2726660597
825 -0.2726660597
826 -0.2726660597
827 -0.2726660597
828 -0.2726660596
829 -0.2726660596
830 -0.2726660596
831 -0.2726660596
832 -0.2726660595
833 -0.2726660594
834 -0.2726660594
835 -0.2726660593
836 -0.2726660591
837 -0.272666059
838 -0.2726660588
839 -0.2726660586
840 -0.2726660583
841 -0.2726660579
842 -0.2726660574
843 -0.2726660569
844 -0.2726660562
845 -0.2726660553
846 -0.2726660542
847 -0.2726660529
848 -0.2726660513
849 -0.2726660493
850 -0.2726660468
851 -0.2726660437
852 -0.27266604
853 -0.2726660354
854 -0.2726660298
855 -0.2726660228
856 -0.2726660144
857 -0.2726660041
858 -0.2726659914
859 -0.2726659761
860 -0.2726659573
861 -0.2726659345
862 -0.2726659067
863 -0.272665873
864 -0.2726658321
865 -0.2726657825
866 -0.2726657224
867 -0.2726656498
868 -0.272665562
869 -0.2726654561
870 -0.2726653283
871 -0.2726651744
872 -0.2726649892
873 -0.2726647667
874 -0.2726644994
875 -0.2726641788
876 -0.2726637947
877 -0.2726633349
878 -0.2726627852
879 -0.2726621285
880 -0.272661345
881 -0.2726604111
882 -0.2726592992
883 -0.2726579766
884 -0.2726564052
885 -0.27265454
886 -0.2726523286
887 -0.2726497093
888 -0.2726466103
889 -0.2726429476
890 -0.2726386232
891 -0.272633523
892 -0.2726275141
893 -0.2726204422
894 -0.2726121279
895 -0.2726023634
896 -0.272590908
897 -0.272577483
898 -0.2725617664
899 -0.2725433866
900 -0.2725219152
901 -0.2724968588
902 -0.2724676499
903 -0.2724336363
904 -0.2723940701
905 -0.2723480937
906 -0.2722947253
907 -0.2722328427
908 -0.2721611638
909 -0.2720782265
910 -0.2719823649
911 -0.271871683
912 -0.2717440264
913 -0.271596949
914 -0.2714276775
915 -0.2712330713
916 -0.2710095781
917 -0.2707531851
918 -0.2704593646
919 -0.2701230142
920 -0.2697383914
921 -0.2692990407
922 -0.2687977145
923 -0.2682262861
924 -0.2675756542
925 -0.266835639
926 -0.265994869
927 -0.2650406573
928 -0.2639588674
929 -0.2627337682
930 -0.2613478762
931 -0.2597817855
932 -0.2580139845
933 -0.2560206583
934 -0.2537754767
935 -0.2512493673
936 -0.2484102715
937 -0.2452228858
938 -0.241648385
939 -0.2376441287
940 -0.2331633495
941 -0.228154824
942 -0.2225625254
943 -0.2163252576
944 -0.2093762714
945 -0.2016428635
946 -0.1930459565
947 -0.1834996639
948 -0.1729108373
949 -0.161178599
950 -0.1481938615
951 -0.133838833
952 -0.1179865134
953 -0.1005001806
954 -0.08123287143
955 -0.06002685778
956 -0.0367131225
957 -0.01111083758
958 0.01697315155
959 0.04774483161
960 0.0814235126
961 0.1182422997
962 0.1584485411
963 0.2023042456
964 0.2500864654
965 0.3020876372
966 0.3586158744
967 0.4199952059
968 0.4865657524
969 0.5586838337
970 0.6367220005
971 0.7210689814
972 0.8121295393
973 0.9103242284
974 1.016089044
975 1.12987496
976 1.252147341
977 1.383385231
978 1.524080501
979 1.674736859
980 1.835868709
981 2.007999862
982 2.191662082
983 2.387393478
984 2.595736726
985 2.81723713
986 3.052440509
987 3.301890928
988 3.566128253
989 3.84568555
990 4.141086326
991 4.452841617
992 4.781446933
993 5.127379069
994 5.491092784
995 5.87301738
996 6.273553177
997 6.693067901
998 7.131893018
999 7.590320011
1000 8.068596646
1001 8.566923217
1002 9.085448831
1003 9.624267726
1004 10.18341566
1005 10.76286642
1006 11.36252843
1007 11.9822415
1008 12.62177384
1009 13.2808192
1010 13.9589943
1011 14.6558365
1012 15.37080182
1013 16.10326325
1014 16.85250942
1015 17.61774368
1016 18.39808358
1017 19.19256072
1018 20.00012115
1019 20.81962618
1020 21.64985367
1021 22.48949985
1022 23.33718159
1023 24.19143929
