#55205 2910.0055337403590445 0.004569928717205616088 1 1429 16.000049430220818044 1024 7 1 J1713+0747 0.0000000 
0 32.03782898
1 32.4450739
2 32.91235698
3 33.43971732
4 34.0269461
5 34.67358172
6 35.37890585
7 36.14194053
8 36.96144621
9 37.83592099
10 38.76360092
11 39.74246155
12 40.77022069
13 41.84434252
14 42.9620429
15 44.12029613
16 45.31584299
17 46.54520017
18 47.80467106
19 49.09035789
20 50.39817519
21 51.72386458
22 53.06301074
23 54.41105868
24 55.76333201
25 57.11505241
26 58.46135994
27 59.79733429
28 61.11801676
29 62.41843285
30 63.69361541
31 64.93862811
32 66.14858916
33 67.3186951
34 68.44424452
35 69.52066153
36 70.54351882
37 71.5085602
38 72.41172242
39 73.24915608
40 74.01724551
41 74.71262756
42 75.33220899
43 75.87318241
44 76.33304075
45 76.70958993
46 77.00095984
47 77.20561341
48 77.32235379
49 77.3503295
50 77.28903758
51 77.1383247
52 76.89838616
53 76.56976294
54 76.15333663
55 75.65032245
56 75.06226035
57 74.39100421
58 73.63870938
59 72.80781852
60 71.90104589
61 70.92136027
62 69.8719666
63 68.7562865
64 67.57793785
65 66.34071346
66 65.04855926
67 63.70555185
68 62.31587587
69 60.88380111
70 59.41365973
71 57.9098236
72 56.37668205
73 54.81862
74 53.23999682
75 51.64512586
76 50.03825496
77 48.42354785
78 46.80506672
79 45.18675594
80 43.57242705
81 41.96574506
82 40.37021615
83 38.78917671
84 37.22578393
85 35.68300768
86 34.16362399
87 32.67020985
88 31.20513943
89 29.77058174
90 28.36849953
91 27.0006495
92 25.66858375
93 24.37365233
94 23.11700686
95 21.89960518
96 20.72221686
97 19.58542958
98 18.48965619
99 17.4351424
100 16.42197513
101 15.45009119
102 14.51928637
103 13.62922491
104 12.77944898
105 11.96938853
106 11.19837093
107 10.46563081
108 9.770319653
109 9.1115153
110 8.488231256
111 7.899425702
112 7.344010222
113 6.820858176
114 6.328812703
115 5.866694308
116 5.433308025
117 5.027450128
118 4.647914384
119 4.293497834
120 3.963006106
121 3.655258248
122 3.369091102
123 3.103363213
124 2.856958285
125 2.628788212
126 2.417795676
127 2.222956351
128 2.043280724
129 1.877815553
130 1.725644983
131 1.585891352
132 1.457715701
133 1.340318009
134 1.232937191
135 1.134850868
136 1.045374937
137 0.9638629668
138 0.8897054317
139 0.822328816
140 0.7611945996
141 0.7057981463
142 0.6556675139
143 0.6103622001
144 0.5694718409
145 0.5326148747
146 0.499437185
147 0.4696107338
148 0.4428321954
149 0.4188216001
150 0.3973209961
151 0.3780931366
152 0.360920198
153 0.3456025348
154 0.3319574752
155 0.3198181609
156 0.3090324339
157 0.2994617717
158 0.2909802741
159 0.2834736996
160 0.2768385545
161 0.2709812329
162 0.2658172072
163 0.2612702697
164 0.2572718213
165 0.2537602098
166 0.250680112
167 0.2479819615
168 0.2456214182
169 0.2435588777
170 0.2417590198
171 0.240190393
172 0.2388250325
173 0.237638112
174 0.2366076235
175 0.235714087
176 0.2349402856
177 0.2342710251
178 0.233692916
179 0.2331941765
180 0.2327644546
181 0.2323946678
182 0.232076859
183 0.2318040673
184 0.2315702117
185 0.2313699878
186 0.2311987749
187 0.2310525541
188 0.2309278347
189 0.2308215886
190 0.2307311936
191 0.2306543815
192 0.2305891933
193 0.2305339394
194 0.2304871647
195 0.2304476176
196 0.2304142233
197 0.2303860598
198 0.2303623376
199 0.2303423812
200 0.2303256139
201 0.2303115437
202 0.2302997515
203 0.2302898808
204 0.2302816288
205 0.2302747388
206 0.230268993
207 0.2302642075
208 0.2302602267
209 0.2302569194
210 0.2302541751
211 0.2302519008
212 0.2302500184
213 0.2302484622
214 0.2302471774
215 0.2302461179
216 0.2302452453
217 0.2302445275
218 0.2302439378
219 0.230243454
220 0.2302430574
221 0.2302427329
222 0.2302424676
223 0.2302422509
224 0.2302420743
225 0.2302419304
226 0.2302418134
227 0.2302417183
228 0.2302416412
229 0.2302415786
230 0.230241528
231 0.2302414871
232 0.2302414541
233 0.2302414275
234 0.230241406
235 0.2302413888
236 0.2302413749
237 0.2302413638
238 0.2302413548
239 0.2302413477
240 0.230241342
241 0.2302413374
242 0.2302413338
243 0.2302413309
244 0.2302413286
245 0.2302413268
246 0.2302413253
247 0.2302413242
248 0.2302413233
249 0.2302413226
250 0.230241322
251 0.2302413215
252 0.2302413212
253 0.2302413209
254 0.2302413207
255 0.2302413205
256 0.2302413204
257 0.2302413203
258 0.2302413202
259 0.2302413201
260 0.2302413201
261 0.23024132
262 0.23024132
263 0.23024132
264 0.23024132
265 0.23024132
266 0.2302413199
267 0.2302413199
268 0.2302413199
269 0.2302413199
270 0.2302413199
271 0.2302413199
272 0.2302413199
273 0.2302413199
274 0.2302413199
275 0.2302413199
276 0.2302413199
277 0.2302413199
278 0.2302413199
279 0.2302413199
280 0.2302413199
281 0.2302413199
282 0.2302413199
283 0.2302413199
284 0.2302413199
285 0.2302413199
286 0.2302413199
287 0.2302413199
288 0.2302413199
289 0.2302413199
290 0.2302413199
291 0.2302413199
292 0.2302413199
293 0.2302413199
294 0.2302413199
295 0.2302413199
296 0.2302413199
297 0.2302413199
298 0.2302413199
299 0.2302413199
300 0.2302413199
301 0.2302413199
302 0.2302413199
303 0.2302413199
304 0.2302413199
305 0.2302413199
306 0.2302413199
307 0.2302413199
308 0.2302413199
309 0.2302413199
310 0.2302413199
311 0.2302413199
312 0.2302413199
313 0.2302413199
314 0.2302413199
315 0.2302413199
316 0.2302413199
317 0.2302413199
318 0.2302413199
319 0.2302413199
320 0.2302413199
321 0.2302413199
322 0.2302413199
323 0.2302413199
324 0.2302413199
325 0.2302413199
326 0.2302413199
327 0.2302413199
328 0.2302413199
329 0.2302413199
330 0.2302413199
331 0.2302413199
332 0.2302413199
333 0.2302413199
334 0.2302413199
335 0.2302413199
336 0.2302413199
337 0.2302413199
338 0.2302413199
339 0.2302413199
340 0.2302413199
341 0.2302413199
342 0.2302413199
343 0.2302413199
344 0.2302413199
345 0.2302413199
346 0.2302413199
347 0.2302413199
348 0.2302413199
349 0.2302413199
350 0.2302413199
351 0.2302413199
352 0.2302413199
353 0.2302413199
354 0.2302413199
355 0.2302413199
356 0.2302413199
357 0.2302413199
358 0.2302413199
359 0.2302413199
360 0.2302413199
361 0.2302413199
362 0.2302413199
363 0.2302413199
364 0.2302413199
365 0.2302413199
366 0.2302413199
367 0.2302413199
368 0.2302413199
369 0.2302413199
370 0.2302413199
371 0.2302413199
372 0.2302413199
373 0.2302413199
374 0.2302413199
375 0.2302413199
376 0.2302413199
377 0.2302413199
378 0.2302413199
379 0.2302413199
380 0.2302413199
381 0.2302413199
382 0.2302413199
383 0.2302413199
384 0.2302413199
385 0.2302413199
386 0.2302413199
387 0.2302413199
388 0.2302413199
389 0.2302413199
390 0.2302413199
391 0.2302413199
392 0.2302413199
393 0.2302413199
394 0.2302413199
395 0.2302413199
396 0.2302413199
397 0.2302413199
398 0.2302413199
399 0.2302413199
400 0.2302413199
401 0.2302413199
402 0.2302413199
403 0.2302413199
404 0.2302413199
405 0.2302413199
406 0.2302413199
407 0.2302413199
408 0.2302413199
409 0.2302413199
410 0.2302413199
411 0.2302413199
412 0.2302413199
413 0.2302413199
414 0.2302413199
415 0.2302413199
416 0.2302413199
417 0.2302413199
418 0.2302413199
419 0.2302413199
420 0.2302413199
421 0.2302413199
422 0.2302413199
423 0.2302413199
424 0.2302413199
425 0.2302413199
426 0.2302413199
427 0.2302413199
428 0.2302413199
429 0.2302413199
430 0.2302413199
431 0.2302413199
432 0.2302413199
433 0.2302413199
434 0.2302413199
435 0.2302413199
436 0.2302413199
437 0.2302413199
438 0.2302413199
439 0.2302413199
440 0.2302413199
441 0.2302413199
442 0.2302413199
443 0.2302413199
444 0.2302413199
445 0.2302413199
446 0.2302413199
447 0.2302413199
448 0.2302413199
449 0.2302413199
450 0.2302413199
451 0.2302413199
452 0.2302413199
453 0.2302413199
454 0.2302413199
455 0.2302413199
456 0.2302413199
457 0.2302413199
458 0.2302413199
459 0.2302413199
460 0.2302413199
461 0.2302413199
462 0.2302413199
463 0.2302413199
464 0.2302413199
465 0.2302413199
466 0.2302413199
467 0.2302413199
468 0.2302413199
469 0.2302413199
470 0.2302413199
471 0.2302413199
472 0.2302413199
473 0.2302413199
474 0.2302413199
475 0.2302413199
476 0.2302413199
477 0.2302413199
478 0.2302413199
479 0.2302413199
480 0.2302413199
481 0.2302413199
482 0.2302413199
483 0.2302413199
484 0.2302413199
485 0.2302413199
486 0.2302413199
487 0.2302413199
488 0.2302413199
489 0.2302413199
490 0.2302413199
491 0.2302413199
492 0.2302413199
493 0.2302413199
494 0.2302413199
495 0.2302413199
496 0.2302413199
497 0.2302413199
498 0.2302413199
499 0.2302413199
500 0.2302413199
501 0.2302413199
502 0.2302413199
503 0.2302413199
504 0.2302413199
505 0.2302413199
506 0.2302413199
507 0.2302413199
508 0.2302413199
509 0.2302413199
510 0.2302413199
511 0.2302413199
512 0.2302413199
513 0.2302413199
514 0.2302413199
515 0.2302413199
516 0.2302413199
517 0.2302413199
518 0.2302413199
519 0.2302413199
520 0.2302413199
521 0.2302413199
522 0.2302413199
523 0.2302413199
524 0.2302413199
525 0.2302413199
526 0.2302413199
527 0.2302413199
528 0.2302413199
529 0.2302413199
530 0.2302413199
531 0.2302413199
532 0.2302413199
533 0.2302413199
534 0.2302413199
535 0.2302413199
536 0.2302413199
537 0.2302413199
538 0.2302413199
539 0.2302413199
540 0.2302413199
541 0.2302413199
542 0.2302413199
543 0.2302413199
544 0.2302413199
545 0.2302413199
546 0.2302413199
547 0.2302413199
548 0.2302413199
549 0.2302413199
550 0.2302413199
551 0.2302413199
552 0.2302413199
553 0.2302413199
554 0.2302413199
555 0.2302413199
556 0.2302413199
557 0.2302413199
558 0.2302413199
559 0.2302413199
560 0.2302413199
561 0.2302413199
562 0.2302413199
563 0.2302413199
564 0.2302413199
565 0.2302413199
566 0.2302413199
567 0.2302413199
568 0.2302413199
569 0.2302413199
570 0.2302413199
571 0.2302413199
572 0.2302413199
573 0.2302413199
574 0.2302413199
575 0.2302413199
576 0.2302413199
577 0.2302413199
578 0.2302413199
579 0.2302413199
580 0.2302413199
581 0.2302413199
582 0.2302413199
583 0.2302413199
584 0.2302413199
585 0.2302413199
586 0.2302413199
587 0.2302413199
588 0.2302413199
589 0.2302413199
590 0.2302413199
591 0.2302413199
592 0.2302413199
593 0.2302413199
594 0.2302413199
595 0.2302413199
596 0.2302413199
597 0.2302413199
598 0.2302413199
599 0.2302413199
600 0.2302413199
601 0.2302413199
602 0.2302413199
603 0.2302413199
604 0.2302413199
605 0.2302413199
606 0.2302413199
607 0.2302413199
608 0.2302413199
609 0.2302413199
610 0.2302413199
611 0.2302413199
612 0.2302413199
613 0.2302413199
614 0.2302413199
615 0.2302413199
616 0.2302413199
617 0.2302413199
618 0.2302413199
619 0.2302413199
620 0.2302413199
621 0.2302413199
622 0.2302413199
623 0.2302413199
624 0.2302413199
625 0.2302413199
626 0.2302413199
627 0.2302413199
628 0.2302413199
629 0.2302413199
630 0.2302413199
631 0.2302413199
632 0.2302413199
633 0.2302413199
634 0.2302413199
635 0.2302413199
636 0.2302413199
637 0.2302413199
638 0.2302413199
639 0.2302413199
640 0.2302413199
641 0.2302413199
642 0.2302413199
643 0.2302413199
644 0.2302413199
645 0.2302413199
646 0.2302413199
647 0.2302413199
648 0.2302413199
649 0.2302413199
650 0.2302413199
651 0.2302413199
652 0.2302413199
653 0.2302413199
654 0.2302413199
655 0.2302413199
656 0.2302413199
657 0.2302413199
658 0.2302413199
659 0.2302413199
660 0.2302413199
661 0.2302413199
662 0.2302413199
663 0.2302413199
664 0.2302413199
665 0.2302413199
666 0.2302413199
667 0.2302413199
668 0.2302413199
669 0.2302413199
670 0.2302413199
671 0.2302413199
672 0.2302413199
673 0.2302413199
674 0.2302413199
675 0.2302413199
676 0.2302413199
677 0.2302413199
678 0.2302413199
679 0.2302413199
680 0.2302413199
681 0.2302413199
682 0.2302413199
683 0.2302413199
684 0.2302413199
685 0.2302413199
686 0.2302413199
687 0.2302413199
688 0.2302413199
689 0.2302413199
690 0.2302413199
691 0.2302413199
692 0.2302413199
693 0.2302413199
694 0.2302413199
695 0.2302413199
696 0.2302413199
697 0.2302413199
698 0.2302413199
699 0.2302413199
700 0.2302413199
701 0.2302413199
702 0.2302413199
703 0.2302413199
704 0.2302413199
705 0.2302413199
706 0.2302413199
707 0.2302413199
708 0.2302413199
709 0.2302413199
710 0.2302413199
711 0.2302413199
712 0.2302413199
713 0.2302413199
714 0.2302413199
715 0.2302413199
716 0.2302413199
717 0.2302413199
718 0.2302413199
719 0.2302413199
720 0.2302413199
721 0.2302413199
722 0.2302413199
723 0.2302413199
724 0.2302413199
725 0.2302413199
726 0.2302413199
727 0.2302413199
728 0.2302413199
729 0.2302413199
730 0.2302413199
731 0.2302413199
732 0.2302413199
733 0.2302413199
734 0.2302413199
735 0.2302413199
736 0.2302413199
737 0.2302413199
738 0.2302413199
739 0.2302413199
740 0.2302413199
741 0.2302413199
742 0.2302413199
743 0.2302413199
744 0.2302413199
745 0.23024132
746 0.23024132
747 0.23024132
748 0.23024132
749 0.23024132
750 0.2302413201
751 0.2302413201
752 0.2302413202
753 0.2302413202
754 0.2302413203
755 0.2302413204
756 0.2302413206
757 0.2302413208
758 0.230241321
759 0.2302413212
760 0.2302413216
761 0.230241322
762 0.2302413225
763 0.2302413231
764 0.2302413239
765 0.2302413248
766 0.230241326
767 0.2302413275
768 0.2302413293
769 0.2302413315
770 0.2302413342
771 0.2302413376
772 0.2302413418
773 0.2302413468
774 0.230241353
775 0.2302413606
776 0.23024137
777 0.2302413813
778 0.2302413952
779 0.2302414121
780 0.2302414327
781 0.2302414578
782 0.2302414882
783 0.2302415252
784 0.23024157
785 0.2302416244
786 0.2302416901
787 0.2302417696
788 0.2302418656
789 0.2302419813
790 0.2302421209
791 0.2302422889
792 0.2302424909
793 0.2302427336
794 0.2302430248
795 0.230243374
796 0.2302437921
797 0.2302442923
798 0.2302448901
799 0.2302456036
800 0.2302464546
801 0.2302474683
802 0.2302486746
803 0.2302501085
804 0.2302518114
805 0.2302538314
806 0.230256225
807 0.2302590584
808 0.2302624089
809 0.2302663666
810 0.2302710366
811 0.2302765414
812 0.2302830232
813 0.2302906473
814 0.2302996057
815 0.2303101207
816 0.2303224496
817 0.23033689
818 0.2303537857
819 0.230373533
820 0.2303965889
821 0.2304234789
822 0.2304548076
823 0.2304912685
824 0.2305336575
825 0.2305828859
826 0.2306399963
827 0.23070618
828 0.230782797
829 0.2308713972
830 0.2309737455
831 0.2310918489
832 0.2312279871
833 0.2313847464
834 0.2315650569
835 0.2317722352
836 0.2320100296
837 0.232282672
838 0.2325949338
839 0.2329521885
840 0.23336048
841 0.2338265979
842 0.2343581595
843 0.2349637008
844 0.2356527747
845 0.2364360588
846 0.2373254729
847 0.2383343063
848 0.2394773565
849 0.2407710789
850 0.2422337492
851 0.2438856387
852 0.2457492024
853 0.2478492822
854 0.2502133242
855 0.2528716117
856 0.2558575143
857 0.259207753
858 0.2629626827
859 0.2671665915
860 0.2718680184
861 0.2771200878
862 0.2829808631
863 0.2895137171
864 0.2967877209
865 0.3048780504
866 0.3138664091
867 0.3238414676
868 0.334899319
869 0.3471439478
870 0.3606877125
871 0.3756518394
872 0.3921669262
873 0.4103734526
874 0.4304222961
875 0.4524752508
876 0.4767055434
877 0.5032983474
878 0.5324512866
879 0.5643749285
880 0.5992932597
881 0.63744414
882 0.6790797297
883 0.7244668847
884 0.773887513
885 0.8276388869
886 0.8860339043
887 0.949401292
888 1.018085745
889 1.092447992
890 1.172864784
891 1.259728794
892 1.353448425
893 1.45444751
894 1.563164913
895 1.680053999
896 1.805581997
897 1.940229213
898 2.084488126
899 2.238862322
900 2.403865293
901 2.580019073
902 2.767852724
903 2.967900652
904 3.180700767
905 3.406792479
906 3.646714518
907 3.901002606
908 4.170186951
909 4.454789601
910 4.755321626
911 5.07228017
912 5.406145355
913 5.757377063
914 6.126411598
915 6.513658243
916 6.919495737
917 7.344268669
918 7.788283826
919 8.2518065
920 8.735056791
921 9.238205911
922 9.761372527
923 10.30461916
924 10.86794867
925 11.45130086
926 12.05454919
927 12.67749774
928 13.31987824
929 13.98134748
930 14.66148483
931 15.35979017
932 16.07568205
933 16.80849623
934 17.55748455
935 18.32181426
936 19.1005677
937 19.89274241
938 20.69725178
939 21.51292608
940 22.338514
941 23.17268474
942 24.01403053
943 24.8610697
944 25.71225028
945 26.56595406
946 27.42050119
947 28.27415527
948 29.12512892
949 29.97158981
950 30.81166714
951 31.64345852
952 32.46503729
953 33.27446016
954 34.06977518
955 34.84903
956 35.6102804
957 36.35159902
958 37.07108421
959 37.76686902
960 38.43713029
961 39.08009769
962 39.69406275
963 40.27738781
964 40.8285148
965 41.34597387
966 41.82839174
967 42.27449977
968 42.68314165
969 43.05328079
970 43.38400721
971 43.67454395
972 43.92425299
973 44.13264063
974 44.29936227
975 44.42422658
976 44.50719903
977 44.54840479
978 44.5481309
979 44.50682783
980 44.42511025
981 44.30375715
982 44.14371124
983 43.94607767
984 43.712122
985 43.44326748
986 43.14109174
987 42.80732269
988 42.44383382
989 42.05263896
990 41.63588626
991 41.19585175
992 40.73493228
993 40.25563788
994 39.76058372
995 39.25248154
996 38.73413064
997 38.20840846
998 37.67826081
999 37.14669169
1000 36.61675285
1001 36.09153303
1002 35.57414689
1003 35.06772381
1004 34.5753964
1005 34.10028889
1006 33.64550529
1007 33.21411755
1008 32.80915355
1009 32.43358503
1010 32.09031553
1011 31.78216832
1012 31.51187432
1013 31.28206015
1014 31.09523623
1015 30.95378506
1016 30.85994961
1017 30.81582199
1018 30.82333234
1019 30.88423803
1020 31.00011322
1021 31.17233876
1022 31.40209266
1023 31.6903409
