#55380 2909.9958271922671844 0.0045702931649068126094 1 1421 16.000049430220818044 1024 7 1 J1713+0747 0.0000000 
0 0.09872287185
1 0.09872287185
2 0.09872287185
3 0.09872287185
4 0.09872287185
5 0.09872287185
6 0.09872287185
7 0.09872287185
8 0.09872287185
9 0.09872287185
10 0.09872287185
11 0.09872287185
12 0.09872287185
13 0.09872287185
14 0.09872287185
15 0.09872287185
16 0.09872287185
17 0.09872287185
18 0.09872287185
19 0.09872287185
20 0.09872287185
21 0.09872287185
22 0.09872287185
23 0.09872287185
24 0.09872287185
25 0.09872287185
26 0.09872287185
27 0.09872287186
28 0.09872287186
29 0.09872287186
30 0.09872287186
31 0.09872287186
32 0.09872287186
33 0.09872287186
34 0.09872287187
35 0.09872287187
36 0.09872287188
37 0.09872287188
38 0.09872287189
39 0.0987228719
40 0.09872287192
41 0.09872287193
42 0.09872287196
43 0.09872287198
44 0.09872287202
45 0.09872287206
46 0.09872287211
47 0.09872287218
48 0.09872287227
49 0.09872287237
50 0.0987228725
51 0.09872287267
52 0.09872287288
53 0.09872287313
54 0.09872287345
55 0.09872287384
56 0.09872287434
57 0.09872287494
58 0.0987228757
59 0.09872287663
60 0.09872287778
61 0.0987228792
62 0.09872288096
63 0.09872288312
64 0.09872288578
65 0.09872288906
66 0.09872289308
67 0.09872289801
68 0.09872290405
69 0.09872291145
70 0.09872292051
71 0.09872293157
72 0.09872294507
73 0.09872296153
74 0.09872298158
75 0.09872300598
76 0.09872303563
77 0.09872307163
78 0.09872311531
79 0.09872316822
80 0.09872323226
81 0.0987233097
82 0.09872340324
83 0.09872351609
84 0.09872365211
85 0.09872381589
86 0.09872401288
87 0.09872424956
88 0.09872453364
89 0.09872487425
90 0.0987252822
91 0.0987257703
92 0.09872635367
93 0.0987270502
94 0.09872788093
95 0.09872887069
96 0.09873004868
97 0.09873144922
98 0.0987331126
99 0.09873508605
100 0.0987374249
101 0.0987401939
102 0.09874346869
103 0.09874733755
104 0.09875190343
105 0.09875728621
106 0.09876362533
107 0.0987710828
108 0.09877984662
109 0.09879013472
110 0.09880219943
111 0.09881633254
112 0.09883287109
113 0.09885220396
114 0.09887477926
115 0.09890111282
116 0.09893179764
117 0.0989675147
118 0.09900904505
119 0.09905728345
120 0.09911325375
121 0.09917812604
122 0.09925323604
123 0.09934010663
124 0.09944047202
125 0.09955630474
126 0.0996898456
127 0.09984363719
128 0.1000205609
129 0.1002238783
130 0.1004572765
131 0.1007249187
132 0.1010315001
133 0.101382309
134 0.1017832945
135 0.1022411409
136 0.1027633487
137 0.1033583246
138 0.1040354783
139 0.1048053295
140 0.1056796233
141 0.1066714571
142 0.1077954169
143 0.1090677264
144 0.1105064069
145 0.1121314509
146 0.1139650092
147 0.1160315912
148 0.118358281
149 0.120974968
150 0.1239145938
151 0.1272134152
152 0.1309112847
153 0.1350519475
154 0.1396833564
155 0.1448580048
156 0.1506332772
157 0.1570718181
158 0.1642419182
159 0.1722179186
160 0.1810806319
161 0.1909177799
162 0.2018244464
163 0.2139035452
164 0.2272663011
165 0.2420327423
166 0.2583322031
167 0.2763038345
168 0.2960971192
169 0.3178723905
170 0.3418013499
171 0.3680675811
172 0.3968670565
173 0.4284086323
174 0.4629145267
175 0.5006207781
176 0.5417776765
177 0.5866501639
178 0.6355181966
179 0.6886770645
180 0.74643766
181 0.8091266901
182 0.877086825
183 0.950676775
184 1.03027129
185 1.116261072
186 1.209052596
187 1.309067827
188 1.416743833
189 1.532532275
190 1.656898784
191 1.790322198
192 1.933293669
193 2.086315625
194 2.249900581
195 2.424569805
196 2.610851819
197 2.809280738
198 3.020394457
199 3.244732658
200 3.482834663
201 3.735237121
202 4.002471526
203 4.285061587
204 4.583520435
205 4.898347689
206 5.230026378
207 5.579019738
208 5.945767888
209 6.330684399
210 6.734152777
211 7.156522868
212 7.598107206
213 8.059177325
214 8.539960058
215 9.040633835
216 9.561325018
217 10.10210429
218 10.66298311
219 11.24391033
220 11.84476886
221 12.46537259
222 13.10546342
223 13.76470861
224 14.4426983
225 15.13894334
226 15.85287344
227 16.58383563
228 17.33109315
229 18.09382461
230 18.8711237
231 19.66199922
232 20.46537562
233 21.280094
234 22.1049136
235 22.9385138
236 23.77949653
237 24.62638935
238 25.47764891
239 26.33166499
240 27.186765
241 28.04121903
242 28.89324533
243 29.74101629
244 30.58266488
245 31.41629147
246 32.23997108
247 33.05176098
248 33.84970865
249 34.63186001
250 35.39626787
251 36.14100067
252 36.86415134
253 37.56384627
254 38.23825436
255 38.88559613
256 39.50415272
257 40.09227487
258 40.64839176
259 41.17101963
260 41.65877019
261 42.11035874
262 42.52461195
263 42.90047527
264 43.23701988
265 43.5334492
266 43.78910489
267 44.00347232
268 44.17618539
269 44.30703084
270 44.39595186
271 44.44305106
272 44.44859279
273 44.41300474
274 44.33687885
275 44.22097152
276 44.06620309
277 43.8736567
278 43.64457631
279 43.3803641
280 43.08257725
281 42.75292392
282 42.39325868
283 42.00557726
284 41.59201073
285 41.15481905
286 40.69638408
287 40.21920207
288 39.72587564
289 39.21910527
290 38.70168035
291 38.17646982
292 37.64641242
293 37.11450659
294 36.58380004
295 36.05737899
296 35.53835721
297 35.02986478
298 34.53503664
299 34.05700097
300 33.59886742
301 33.16371521
302 32.75458117
303 32.37444764
304 32.02623044
305 31.71276671
306 31.43680294
307 31.2009829
308 31.00783574
309 30.85976426
310 30.75903325
311 30.70775812
312 30.70789377
313 30.7612237
314 30.8693495
315 31.03368078
316 31.25542542
317 31.53558044
318 31.87492334
319 32.27400412
320 32.73313785
321 33.25239814
322 33.83161123
323 34.47035106
324 35.16793517
325 35.92342163
326 36.73560699
327 37.60302527
328 38.52394817
329 39.49638643
330 40.51809243
331 41.58656405
332 42.6990499
333 43.85255581
334 45.04385273
335 46.26948596
336 47.52578576
337 48.8088793
338 50.11470396
339 51.43902193
340 52.77743604
341 54.12540683
342 55.47827077
343 56.83125949
344 58.17952005
345 59.51813605
346 60.84214955
347 62.14658358
348 63.42646523
349 64.67684914
350 65.89284114
351 67.06962214
352 68.20247179
353 69.28679208
354 70.31813048
355 71.29220254
356 72.20491387
357 73.05238115
358 73.83095227
359 74.53722521
360 75.16806566
361 75.72062324
362 76.19234611
363 76.58099397
364 76.88464927
365 77.10172656
366 77.23097993
367 77.27150849
368 77.22275976
369 77.08453111
370 76.85696902
371 76.54056642
372 76.13615792
373 75.64491309
374 75.06832777
375 74.40821361
376 73.66668579
377 72.84614904
378 71.9492822
379 70.97902127
380 69.93854123
381 68.8312367
382 67.66070158
383 66.4307079
384 65.14518401
385 63.80819218
386 62.423906
387 60.99658749
388 59.53056428
389 58.03020694
390 56.49990656
391 54.9440529
392 53.36701309
393 51.77311102
394 50.16660771
395 48.55168259
396 46.93241586
397 45.31277203
398 43.69658472
399 42.0875428
400 40.48917782
401 38.9048529
402 37.33775307
403 35.79087698
404 34.26703014
405 32.76881951
406 31.29864959
407 29.8587198
408 28.45102324
409 27.07734673
410 25.73927208
411 24.43817847
412 23.17524597
413 21.95146003
414 20.76761685
415 19.62432971
416 18.52203587
417 17.46100427
418 16.44134371
419 15.46301155
420 14.52582273
421 13.62945921
422 12.77347946
423 11.95732825
424 11.18034636
425 10.44178037
426 9.740792337
427 9.076469286
428 8.447832571
429 7.853846933
430 7.293429278
431 6.765457105
432 6.268776569
433 5.802210136
434 5.364563806
435 4.954633899
436 4.571213372
437 4.213097674
438 3.879090126
439 3.568006828
440 3.278681097
441 3.009967445
442 2.760745101
443 2.529921098
444 2.316432941
445 2.119250859
446 1.937379686
447 1.769860363
448 1.61577111
449 1.474228268
450 1.344386849
451 1.225440816
452 1.116623105
453 1.017205432
454 0.9264978815
455 0.8438483333
456 0.7686417126
457 0.7002991124
458 0.6382767933
459 0.5820650842
460 0.5311872013
461 0.4851980015
462 0.4436826857
463 0.4062554655
464 0.3725582084
465 0.34225907
466 0.3150511264
467 0.2906510154
468 0.2687975944
469 0.2492506223
470 0.2317894729
471 0.2162118827
472 0.2023327405
473 0.1899829192
474 0.1790081559
475 0.169267979
476 0.1606346872
477 0.152992378
478 0.1462360293
479 0.1402706311
480 0.1350103686
481 0.1303778564
482 0.1263034199
483 0.1227244263
484 0.1195846603
485 0.1168337452
486 0.1144266063
487 0.1123229744
488 0.1104869286
489 0.1088864758
490 0.1074931637
491 0.1062817274
492 0.1052297659
493 0.1043174471
494 0.103527239
495 0.1028436663
496 0.1022530889
497 0.101743502
498 0.1013043555
499 0.1009263914
500 0.100601497
501 0.1003225736
502 0.1000834191
503 0.09987862187
504 0.09970346733
505 0.09955385373
506 0.09942621767
507 0.09931746781
508 0.09922492615
509 0.09914627601
510 0.09907951611
511 0.09902292007
512 0.0989750007
513 0.09893447871
514 0.0989002551
515 0.09887138715
516 0.09884706723
517 0.09882660448
518 0.09880940869
519 0.09879497635
520 0.0987828785
521 0.0987727502
522 0.0987642814
523 0.09875720903
524 0.0987513102
525 0.09874639632
526 0.09874230804
527 0.09873891087
528 0.09873609152
529 0.0987337546
530 0.09873181999
531 0.09873022041
532 0.09872889949
533 0.09872781005
534 0.09872691263
535 0.09872617431
536 0.09872556764
537 0.09872506976
538 0.09872466167
539 0.09872432759
540 0.09872405444
541 0.09872383139
542 0.09872364947
543 0.09872350127
544 0.09872338071
545 0.09872328274
546 0.09872320323
547 0.09872313879
548 0.09872308662
549 0.09872304444
550 0.09872301037
551 0.09872298289
552 0.09872296076
553 0.09872294295
554 0.09872292865
555 0.09872291716
556 0.09872290796
557 0.09872290059
558 0.09872289469
559 0.09872288999
560 0.09872288623
561 0.09872288324
562 0.09872288086
563 0.09872287897
564 0.09872287747
565 0.09872287628
566 0.09872287534
567 0.09872287459
568 0.09872287401
569 0.09872287354
570 0.09872287318
571 0.09872287289
572 0.09872287266
573 0.09872287248
574 0.09872287234
575 0.09872287224
576 0.09872287215
577 0.09872287208
578 0.09872287203
579 0.09872287199
580 0.09872287196
581 0.09872287194
582 0.09872287192
583 0.0987228719
584 0.09872287189
585 0.09872287188
586 0.09872287187
587 0.09872287187
588 0.09872287187
589 0.09872287186
590 0.09872287186
591 0.09872287186
592 0.09872287186
593 0.09872287186
594 0.09872287185
595 0.09872287185
596 0.09872287185
597 0.09872287185
598 0.09872287185
599 0.09872287185
600 0.09872287185
601 0.09872287185
602 0.09872287185
603 0.09872287185
604 0.09872287185
605 0.09872287185
606 0.09872287185
607 0.09872287185
608 0.09872287185
609 0.09872287185
610 0.09872287185
611 0.09872287185
612 0.09872287185
613 0.09872287185
614 0.09872287185
615 0.09872287185
616 0.09872287185
617 0.09872287185
618 0.09872287185
619 0.09872287185
620 0.09872287185
621 0.09872287185
622 0.09872287185
623 0.09872287185
624 0.09872287185
625 0.09872287185
626 0.09872287185
627 0.09872287185
628 0.09872287185
629 0.09872287185
630 0.09872287185
631 0.09872287185
632 0.09872287185
633 0.09872287185
634 0.09872287185
635 0.09872287185
636 0.09872287185
637 0.09872287185
638 0.09872287185
639 0.09872287185
640 0.09872287185
641 0.09872287185
642 0.09872287185
643 0.09872287185
644 0.09872287185
645 0.09872287185
646 0.09872287185
647 0.09872287185
648 0.09872287185
649 0.09872287185
650 0.09872287185
651 0.09872287185
652 0.09872287185
653 0.09872287185
654 0.09872287185
655 0.09872287185
656 0.09872287185
657 0.09872287185
658 0.09872287185
659 0.09872287185
660 0.09872287185
661 0.09872287185
662 0.09872287185
663 0.09872287185
664 0.09872287185
665 0.09872287185
666 0.09872287185
667 0.09872287185
668 0.09872287185
669 0.09872287185
670 0.09872287185
671 0.09872287185
672 0.09872287185
673 0.09872287185
674 0.09872287185
675 0.09872287185
676 0.09872287185
677 0.09872287185
678 0.09872287185
679 0.09872287185
680 0.09872287185
681 0.09872287185
682 0.09872287185
683 0.09872287185
684 0.09872287185
685 0.09872287185
686 0.09872287185
687 0.09872287185
688 0.09872287185
689 0.09872287185
690 0.09872287185
691 0.09872287185
692 0.09872287185
693 0.09872287185
694 0.09872287185
695 0.09872287185
696 0.09872287185
697 0.09872287185
698 0.09872287185
699 0.09872287185
700 0.09872287185
701 0.09872287185
702 0.09872287185
703 0.09872287185
704 0.09872287185
705 0.09872287185
706 0.09872287185
707 0.09872287185
708 0.09872287185
709 0.09872287185
710 0.09872287185
711 0.09872287185
712 0.09872287185
713 0.09872287185
714 0.09872287185
715 0.09872287185
716 0.09872287185
717 0.09872287185
718 0.09872287185
719 0.09872287185
720 0.09872287185
721 0.09872287185
722 0.09872287185
723 0.09872287185
724 0.09872287185
725 0.09872287185
726 0.09872287185
727 0.09872287185
728 0.09872287185
729 0.09872287185
730 0.09872287185
731 0.09872287185
732 0.09872287185
733 0.09872287185
734 0.09872287185
735 0.09872287185
736 0.09872287185
737 0.09872287185
738 0.09872287185
739 0.09872287185
740 0.09872287185
741 0.09872287185
742 0.09872287185
743 0.09872287185
744 0.09872287185
745 0.09872287185
746 0.09872287185
747 0.09872287185
748 0.09872287185
749 0.09872287185
750 0.09872287185
751 0.09872287185
752 0.09872287185
753 0.09872287185
754 0.09872287185
755 0.09872287185
756 0.09872287185
757 0.09872287185
758 0.09872287185
759 0.09872287185
760 0.09872287185
761 0.09872287185
762 0.09872287185
763 0.09872287185
764 0.09872287185
765 0.09872287185
766 0.09872287185
767 0.09872287185
768 0.09872287185
769 0.09872287185
770 0.09872287185
771 0.09872287185
772 0.09872287185
773 0.09872287185
774 0.09872287185
775 0.09872287185
776 0.09872287185
777 0.09872287185
778 0.09872287185
779 0.09872287185
780 0.09872287185
781 0.09872287185
782 0.09872287185
783 0.09872287185
784 0.09872287185
785 0.09872287185
786 0.09872287185
787 0.09872287185
788 0.09872287185
789 0.09872287185
790 0.09872287185
791 0.09872287185
792 0.09872287185
793 0.09872287185
794 0.09872287185
795 0.09872287185
796 0.09872287185
797 0.09872287185
798 0.09872287185
799 0.09872287185
800 0.09872287185
801 0.09872287185
802 0.09872287185
803 0.09872287185
804 0.09872287185
805 0.09872287185
806 0.09872287185
807 0.09872287185
808 0.09872287185
809 0.09872287185
810 0.09872287185
811 0.09872287185
812 0.09872287185
813 0.09872287185
814 0.09872287185
815 0.09872287185
816 0.09872287185
817 0.09872287185
818 0.09872287185
819 0.09872287185
820 0.09872287185
821 0.09872287185
822 0.09872287185
823 0.09872287185
824 0.09872287185
825 0.09872287185
826 0.09872287185
827 0.09872287185
828 0.09872287185
829 0.09872287185
830 0.09872287185
831 0.09872287185
832 0.09872287185
833 0.09872287185
834 0.09872287185
835 0.09872287185
836 0.09872287185
837 0.09872287185
838 0.09872287185
839 0.09872287185
840 0.09872287185
841 0.09872287185
842 0.09872287185
843 0.09872287185
844 0.09872287185
845 0.09872287185
846 0.09872287185
847 0.09872287185
848 0.09872287185
849 0.09872287185
850 0.09872287185
851 0.09872287185
852 0.09872287185
853 0.09872287185
854 0.09872287185
855 0.09872287185
856 0.09872287185
857 0.09872287185
858 0.09872287185
859 0.09872287185
860 0.09872287185
861 0.09872287185
862 0.09872287185
863 0.09872287185
864 0.09872287185
865 0.09872287185
866 0.09872287185
867 0.09872287185
868 0.09872287185
869 0.09872287185
870 0.09872287185
871 0.09872287185
872 0.09872287185
873 0.09872287185
874 0.09872287185
875 0.09872287185
876 0.09872287185
877 0.09872287185
878 0.09872287185
879 0.09872287185
880 0.09872287185
881 0.09872287185
882 0.09872287185
883 0.09872287185
884 0.09872287185
885 0.09872287185
886 0.09872287185
887 0.09872287185
888 0.09872287185
889 0.09872287185
890 0.09872287185
891 0.09872287185
892 0.09872287185
893 0.09872287185
894 0.09872287185
895 0.09872287185
896 0.09872287185
897 0.09872287185
898 0.09872287185
899 0.09872287185
900 0.09872287185
901 0.09872287185
902 0.09872287185
903 0.09872287185
904 0.09872287185
905 0.09872287185
906 0.09872287185
907 0.09872287185
908 0.09872287185
909 0.09872287185
910 0.09872287185
911 0.09872287185
912 0.09872287185
913 0.09872287185
914 0.09872287185
915 0.09872287185
916 0.09872287185
917 0.09872287185
918 0.09872287185
919 0.09872287185
920 0.09872287185
921 0.09872287185
922 0.09872287185
923 0.09872287185
924 0.09872287185
925 0.09872287185
926 0.09872287185
927 0.09872287185
928 0.09872287185
929 0.09872287185
930 0.09872287185
931 0.09872287185
932 0.09872287185
933 0.09872287185
934 0.09872287185
935 0.09872287185
936 0.09872287185
937 0.09872287185
938 0.09872287185
939 0.09872287185
940 0.09872287185
941 0.09872287185
942 0.09872287185
943 0.09872287185
944 0.09872287185
945 0.09872287185
946 0.09872287185
947 0.09872287185
948 0.09872287185
949 0.09872287185
950 0.09872287185
951 0.09872287185
952 0.09872287185
953 0.09872287185
954 0.09872287185
955 0.09872287185
956 0.09872287185
957 0.09872287185
958 0.09872287185
959 0.09872287185
960 0.09872287185
961 0.09872287185
962 0.09872287185
963 0.09872287185
964 0.09872287185
965 0.09872287185
966 0.09872287185
967 0.09872287185
968 0.09872287185
969 0.09872287185
970 0.09872287185
971 0.09872287185
972 0.09872287185
973 0.09872287185
974 0.09872287185
975 0.09872287185
976 0.09872287185
977 0.09872287185
978 0.09872287185
979 0.09872287185
980 0.09872287185
981 0.09872287185
982 0.09872287185
983 0.09872287185
984 0.09872287185
985 0.09872287185
986 0.09872287185
987 0.09872287185
988 0.09872287185
989 0.09872287185
990 0.09872287185
991 0.09872287185
992 0.09872287185
993 0.09872287185
994 0.09872287185
995 0.09872287185
996 0.09872287185
997 0.09872287185
998 0.09872287185
999 0.09872287185
1000 0.09872287185
1001 0.09872287185
1002 0.09872287185
1003 0.09872287185
1004 0.09872287185
1005 0.09872287185
1006 0.09872287185
1007 0.09872287185
1008 0.09872287185
1009 0.09872287185
1010 0.09872287185
1011 0.09872287185
1012 0.09872287185
1013 0.09872287185
1014 0.09872287185
1015 0.09872287185
1016 0.09872287185
1017 0.09872287185
1018 0.09872287185
1019 0.09872287185
1020 0.09872287185
1021 0.09872287185
1022 0.09872287185
1023 0.09872287185
