#55248 2910.0044413867519348 0.0045697601618617409922 1 1405 16.000049430220818044 1024 7 1 J1713+0747 0.0000000 
0 -0.2130136485
1 -0.2130136462
2 -0.2130136433
3 -0.2130136398
4 -0.2130136355
5 -0.2130136302
6 -0.2130136237
7 -0.2130136157
8 -0.213013606
9 -0.2130135941
10 -0.2130135797
11 -0.213013562
12 -0.2130135405
13 -0.2130135144
14 -0.2130134826
15 -0.213013444
16 -0.2130133973
17 -0.2130133406
18 -0.2130132721
19 -0.2130131892
20 -0.2130130892
21 -0.2130129686
22 -0.2130128232
23 -0.2130126483
24 -0.2130124379
25 -0.2130121853
26 -0.2130118821
27 -0.2130115187
28 -0.2130110837
29 -0.2130105633
30 -0.2130099416
31 -0.2130091996
32 -0.2130083148
33 -0.2130072611
34 -0.2130060074
35 -0.2130045173
36 -0.2130027483
37 -0.2130006501
38 -0.2129981643
39 -0.2129952223
40 -0.2129917442
41 -0.2129876364
42 -0.2129827902
43 -0.212977079
44 -0.2129703553
45 -0.2129624482
46 -0.2129531591
47 -0.212942258
48 -0.2129294789
49 -0.212914514
50 -0.212897008
51 -0.2128765513
52 -0.2128526718
53 -0.2128248265
54 -0.2127923912
55 -0.2127546495
56 -0.21271078
57 -0.2126598422
58 -0.21260076
59 -0.2125323043
60 -0.2124530726
61 -0.2123614665
62 -0.2122556663
63 -0.2121336031
64 -0.2119929278
65 -0.2118309755
66 -0.2116447278
67 -0.2114307693
68 -0.2111852403
69 -0.2109037846
70 -0.2105814913
71 -0.2102128314
72 -0.2097915873
73 -0.2093107762
74 -0.2087625651
75 -0.2081381789
76 -0.2074277993
77 -0.2066204542
78 -0.2057038983
79 -0.2046644821
80 -0.2034870111
81 -0.2021545918
82 -0.2006484665
83 -0.1989478344
84 -0.1970296592
85 -0.1948684621
86 -0.1924360998
87 -0.1897015273
88 -0.1866305441
89 -0.1831855238
90 -0.1793251267
91 -0.1750039949
92 -0.1701724296
93 -0.1647760501
94 -0.1587554352
95 -0.1520457465
96 -0.1445763331
97 -0.1362703199
98 -0.1270441782
99 -0.1168072798
100 -0.1054614366
101 -0.09290042486
102 -0.07900949736
103 -0.06366488413
104 -0.04673328376
105 -0.02807134784
106 -0.00752516069
107 0.01507028251
108 0.0398915961
109 0.06712751932
110 0.09697942282
111 0.1296618019
112 0.1654027524
113 0.204444423
114 0.2470434408
115 0.2934713022
116 0.3440147246
117 0.3989759519
118 0.4586730078
119 0.5234398892
120 0.5936266938
121 0.6695996728
122 0.7517412033
123 0.8404496715
124 0.936139259
125 1.039239626
126 1.150195482
127 1.269466038
128 1.397524333
129 1.534856424
130 1.681960445
131 1.839345508
132 2.007530468
133 2.187042518
134 2.378415632
135 2.582188849
136 2.79890438
137 3.029105561
138 3.273334636
139 3.532130368
140 3.806025501
141 4.095544053
142 4.401198462
143 4.723486584
144 5.062888553
145 5.419863516
146 5.794846253
147 6.188243692
148 6.600431345
149 7.031749665
150 7.482500358
151 7.952942667
152 8.443289637
153 8.953704408
154 9.48429653
155 10.03511836
156 10.60616153
157 11.19735355
158 11.80855456
159 12.43955423
160 13.0900689
161 13.75973894
162 14.44812636
163 15.15471272
164 15.8788974
165 16.61999615
166 17.37724004
167 18.14977484
168 18.93666081
169 19.73687288
170 20.54930135
171 21.37275307
172 22.20595306
173 23.0475467
174 23.89610235
175 24.7501146
176 25.60800788
177 26.46814075
178 27.32881054
179 28.18825864
180 29.04467613
181 29.89620997
182 30.7409696
183 31.57703397
184 32.40245891
185 33.21528495
186 34.0135454
187 34.79527468
188 35.558517
189 36.30133512
190 37.02181935
191 37.71809661
192 38.38833956
193 39.03077572
194 39.64369657
195 40.22546652
196 40.77453171
197 41.28942871
198 41.76879282
199 42.21136617
200 42.61600543
201 42.98168913
202 43.30752451
203 43.59275391
204 43.83676065
205 44.03907432
206 44.19937548
207 44.31749977
208 44.39344133
209 44.42735559
210 44.41956137
211 44.37054227
212 44.28094736
213 44.15159115
214 43.98345288
215 43.77767506
216 43.53556134
217 43.25857364
218 42.94832867
219 42.60659368
220 42.23528167
221 41.83644591
222 41.41227384
223 40.96508046
224 40.49730107
225 40.01148359
226 39.51028027
227 38.99643902
228 38.47279427
229 37.94225739
230 37.40780678
231 36.87247756
232 36.33935103
233 35.81154371
234 35.29219623
235 34.78446197
236 34.29149544
237 33.81644054
238 33.36241872
239 32.9325169
240 32.52977543
241 32.15717592
242 31.8176291
243 31.51396261
244 31.24890894
245 31.02509331
246 30.84502179
247 30.71106944
248 30.62546872
249 30.59029812
250 30.60747096
251 30.67872464
252 30.80561016
253 30.98948203
254 31.23148876
255 31.53256371
256 31.89341666
257 32.31452589
258 32.79613106
259 33.33822674
260 33.94055687
261 34.60260997
262 35.32361542
263 36.10254063
264 36.93808932
265 37.82870093
266 38.77255118
267 39.76755379
268 40.81136358
269 41.90138073
270 43.03475649
271 44.20840015
272 45.41898742
273 46.66297016
274 47.93658753
275 49.23587844
276 50.55669532
277 51.89471927
278 53.24547641
279 54.6043554
280 55.96662611
281 57.32745939
282 58.68194769
283 60.02512659
284 61.35199709
285 62.65754848
286 63.93678169
287 65.18473301
288 66.39649799
289 67.56725542
290 68.69229118
291 69.76702178
292 70.78701758
293 71.74802531
294 72.64598989
295 73.47707537
296 74.23768471
297 74.92447849
298 75.53439215
299 76.06465182
300 76.51278852
301 76.87665068
302 77.1544148
303 77.3445943
304 77.44604634
305 77.45797668
306 77.37994244
307 77.21185289
308 76.95396804
309 76.60689529
310 76.17158399
311 75.64931802
312 75.04170651
313 74.35067264
314 73.57844077
315 72.72752188
316 71.80069748
317 70.80100219
318 69.73170503
319 68.5962896
320 67.39843331
321 66.14198587
322 64.83094713
323 63.46944444
324 62.06170981
325 60.61205685
326 59.12485783
327 57.60452097
328 56.05546798
329 54.4821123
330 52.88883777
331 51.27997833
332 49.6597984
333 48.03247447
334 46.40207768
335 44.77255767
336 43.14772771
337 41.53125112
338 39.92662915
339 38.33719022
340 36.76608065
341 35.21625683
342 33.69047882
343 32.19130545
344 30.72109072
345 29.2819817
346 27.87591764
347 26.50463049
348 25.16964643
349 23.87228877
350 22.61368173
351 21.39475529
352 20.21625089
353 19.07872803
354 17.98257146
355 16.92799909
356 15.91507044
357 14.94369544
358 14.01364376
359 13.1245542
360 12.27594449
361 11.46722101
362 10.69768867
363 9.966560713
364 9.272968375
365 8.615970448
366 7.994562579
367 7.407686308
368 6.854237797
369 6.3330762
370 5.84303164
371 5.382912789
372 4.951513988
373 4.547621932
374 4.170021882
375 3.817503397
376 3.488865602
377 3.182921973
378 2.898504652
379 2.634468306
380 2.389693526
381 2.163089798
382 1.953598053
383 1.760192809
384 1.581883942
385 1.417718085
386 1.2667797
387 1.128191831
388 1.001116564
389 0.8847552221
390 0.7783483198
391 0.6811752907
392 0.5925540234
393 0.5118402196
394 0.4384266003
395 0.371741978
396 0.3112502171
397 0.2564490984
398 0.2068691078
399 0.1620721634
400 0.1216502972
401 0.08522430479
402 0.05244237598
403 0.02297871734
404 -0.003467822544
405 -0.0271751164
406 -0.0483991019
407 -0.06737509884
408 -0.0843190937
409 -0.09942898666
410 -0.1128857969
411 -0.1248548228
412 -0.1354867542
413 -0.144918736
414 -0.1532753793
415 -0.1606697223
416 -0.1672041387
417 -0.1729711948
418 -0.1780544547
419 -0.1825292364
420 -0.1864633183
421 -0.1899175981
422 -0.1929467065
423 -0.1955995756
424 -0.1979199661
425 -0.1999469539
426 -0.2017153783
427 -0.2032562542
428 -0.2045971503
429 -0.2057625352
430 -0.2067740934
431 -0.2076510136
432 -0.2084102506
433 -0.2090667636
434 -0.2096337312
435 -0.2101227467
436 -0.2105439937
437 -0.2109064045
438 -0.2112178028
439 -0.2114850309
440 -0.2117140647
441 -0.2119101155
442 -0.2120777216
443 -0.2122208294
444 -0.2123428658
445 -0.2124468025
446 -0.2125352126
447 -0.212610321
448 -0.2126740488
449 -0.2127280525
450 -0.2127737585
451 -0.2128123933
452 -0.2128450098
453 -0.212872511
454 -0.2128956703
455 -0.2129151485
456 -0.2129315104
457 -0.2129452374
458 -0.2129567393
459 -0.2129663648
460 -0.21297441
461 -0.2129811259
462 -0.2129867251
463 -0.2129913876
464 -0.2129952651
465 -0.2129984859
466 -0.2130011578
467 -0.2130033716
468 -0.2130052035
469 -0.2130067176
470 -0.2130079674
471 -0.2130089978
472 -0.2130098463
473 -0.213010544
474 -0.2130111171
475 -0.2130115872
476 -0.2130119724
477 -0.2130122876
478 -0.2130125453
479 -0.2130127556
480 -0.213012927
481 -0.2130130666
482 -0.2130131801
483 -0.2130132724
484 -0.2130133472
485 -0.2130134078
486 -0.2130134568
487 -0.2130134965
488 -0.2130135285
489 -0.2130135543
490 -0.213013575
491 -0.2130135917
492 -0.2130136052
493 -0.2130136159
494 -0.2130136246
495 -0.2130136315
496 -0.213013637
497 -0.2130136414
498 -0.2130136449
499 -0.2130136477
500 -0.2130136499
501 -0.2130136517
502 -0.2130136531
503 -0.2130136542
504 -0.2130136551
505 -0.2130136558
506 -0.2130136563
507 -0.2130136568
508 -0.2130136571
509 -0.2130136574
510 -0.2130136576
511 -0.2130136577
512 -0.2130136579
513 -0.213013658
514 -0.2130136581
515 -0.2130136581
516 -0.2130136582
517 -0.2130136582
518 -0.2130136582
519 -0.2130136583
520 -0.2130136583
521 -0.2130136583
522 -0.2130136583
523 -0.2130136583
524 -0.2130136583
525 -0.2130136583
526 -0.2130136583
527 -0.2130136583
528 -0.2130136583
529 -0.2130136583
530 -0.2130136583
531 -0.2130136583
532 -0.2130136583
533 -0.2130136583
534 -0.2130136583
535 -0.2130136583
536 -0.2130136583
537 -0.2130136583
538 -0.2130136583
539 -0.2130136583
540 -0.2130136583
541 -0.2130136583
542 -0.2130136583
543 -0.2130136583
544 -0.2130136583
545 -0.2130136583
546 -0.2130136583
547 -0.2130136583
548 -0.2130136583
549 -0.2130136583
550 -0.2130136583
551 -0.2130136583
552 -0.2130136583
553 -0.2130136583
554 -0.2130136583
555 -0.2130136583
556 -0.2130136583
557 -0.2130136583
558 -0.2130136583
559 -0.2130136583
560 -0.2130136583
561 -0.2130136583
562 -0.2130136583
563 -0.2130136583
564 -0.2130136583
565 -0.2130136583
566 -0.2130136583
567 -0.2130136583
568 -0.2130136583
569 -0.2130136583
570 -0.2130136583
571 -0.2130136583
572 -0.2130136583
573 -0.2130136583
574 -0.2130136583
575 -0.2130136583
576 -0.2130136583
577 -0.2130136583
578 -0.2130136583
579 -0.2130136583
580 -0.2130136583
581 -0.2130136583
582 -0.2130136583
583 -0.2130136583
584 -0.2130136583
585 -0.2130136583
586 -0.2130136583
587 -0.2130136583
588 -0.2130136583
589 -0.2130136583
590 -0.2130136583
591 -0.2130136583
592 -0.2130136583
593 -0.2130136583
594 -0.2130136583
595 -0.2130136583
596 -0.2130136583
597 -0.2130136583
598 -0.2130136583
599 -0.2130136583
600 -0.2130136583
601 -0.2130136583
602 -0.2130136583
603 -0.2130136583
604 -0.2130136583
605 -0.2130136583
606 -0.2130136583
607 -0.2130136583
608 -0.2130136583
609 -0.2130136583
610 -0.2130136583
611 -0.2130136583
612 -0.2130136583
613 -0.2130136583
614 -0.2130136583
615 -0.2130136583
616 -0.2130136583
617 -0.2130136583
618 -0.2130136583
619 -0.2130136583
620 -0.2130136583
621 -0.2130136583
622 -0.2130136583
623 -0.2130136583
624 -0.2130136583
625 -0.2130136583
626 -0.2130136583
627 -0.2130136583
628 -0.2130136583
629 -0.2130136583
630 -0.2130136583
631 -0.2130136583
632 -0.2130136583
633 -0.2130136583
634 -0.2130136583
635 -0.2130136583
636 -0.2130136583
637 -0.2130136583
638 -0.2130136583
639 -0.2130136583
640 -0.2130136583
641 -0.2130136583
642 -0.2130136583
643 -0.2130136583
644 -0.2130136583
645 -0.2130136583
646 -0.2130136583
647 -0.2130136583
648 -0.2130136583
649 -0.2130136583
650 -0.2130136583
651 -0.2130136583
652 -0.2130136583
653 -0.2130136583
654 -0.2130136583
655 -0.2130136583
656 -0.2130136583
657 -0.2130136583
658 -0.2130136583
659 -0.2130136583
660 -0.2130136583
661 -0.2130136583
662 -0.2130136583
663 -0.2130136583
664 -0.2130136583
665 -0.2130136583
666 -0.2130136583
667 -0.2130136583
668 -0.2130136583
669 -0.2130136583
670 -0.2130136583
671 -0.2130136583
672 -0.2130136583
673 -0.2130136583
674 -0.2130136583
675 -0.2130136583
676 -0.2130136583
677 -0.2130136583
678 -0.2130136583
679 -0.2130136583
680 -0.2130136583
681 -0.2130136583
682 -0.2130136583
683 -0.2130136583
684 -0.2130136583
685 -0.2130136583
686 -0.2130136583
687 -0.2130136583
688 -0.2130136583
689 -0.2130136583
690 -0.2130136583
691 -0.2130136583
692 -0.2130136583
693 -0.2130136583
694 -0.2130136583
695 -0.2130136583
696 -0.2130136583
697 -0.2130136583
698 -0.2130136583
699 -0.2130136583
700 -0.2130136583
701 -0.2130136583
702 -0.2130136583
703 -0.2130136583
704 -0.2130136583
705 -0.2130136583
706 -0.2130136583
707 -0.2130136583
708 -0.2130136583
709 -0.2130136583
710 -0.2130136583
711 -0.2130136583
712 -0.2130136583
713 -0.2130136583
714 -0.2130136583
715 -0.2130136583
716 -0.2130136583
717 -0.2130136583
718 -0.2130136583
719 -0.2130136583
720 -0.2130136583
721 -0.2130136583
722 -0.2130136583
723 -0.2130136583
724 -0.2130136583
725 -0.2130136583
726 -0.2130136583
727 -0.2130136583
728 -0.2130136583
729 -0.2130136583
730 -0.2130136583
731 -0.2130136583
732 -0.2130136583
733 -0.2130136583
734 -0.2130136583
735 -0.2130136583
736 -0.2130136583
737 -0.2130136583
738 -0.2130136583
739 -0.2130136583
740 -0.2130136583
741 -0.2130136583
742 -0.2130136583
743 -0.2130136583
744 -0.2130136583
745 -0.2130136583
746 -0.2130136583
747 -0.2130136583
748 -0.2130136583
749 -0.2130136583
750 -0.2130136583
751 -0.2130136583
752 -0.2130136583
753 -0.2130136583
754 -0.2130136583
755 -0.2130136583
756 -0.2130136583
757 -0.2130136583
758 -0.2130136583
759 -0.2130136583
760 -0.2130136583
761 -0.2130136583
762 -0.2130136583
763 -0.2130136583
764 -0.2130136583
765 -0.2130136583
766 -0.2130136583
767 -0.2130136583
768 -0.2130136583
769 -0.2130136583
770 -0.2130136583
771 -0.2130136583
772 -0.2130136583
773 -0.2130136583
774 -0.2130136583
775 -0.2130136583
776 -0.2130136583
777 -0.2130136583
778 -0.2130136583
779 -0.2130136583
780 -0.2130136583
781 -0.2130136583
782 -0.2130136583
783 -0.2130136583
784 -0.2130136583
785 -0.2130136583
786 -0.2130136583
787 -0.2130136583
788 -0.2130136583
789 -0.2130136583
790 -0.2130136583
791 -0.2130136583
792 -0.2130136583
793 -0.2130136583
794 -0.2130136583
795 -0.2130136583
796 -0.2130136583
797 -0.2130136583
798 -0.2130136583
799 -0.2130136583
800 -0.2130136583
801 -0.2130136583
802 -0.2130136583
803 -0.2130136583
804 -0.2130136583
805 -0.2130136583
806 -0.2130136583
807 -0.2130136583
808 -0.2130136583
809 -0.2130136583
810 -0.2130136583
811 -0.2130136583
812 -0.2130136583
813 -0.2130136583
814 -0.2130136583
815 -0.2130136583
816 -0.2130136583
817 -0.2130136583
818 -0.2130136583
819 -0.2130136583
820 -0.2130136583
821 -0.2130136583
822 -0.2130136583
823 -0.2130136583
824 -0.2130136583
825 -0.2130136583
826 -0.2130136583
827 -0.2130136583
828 -0.2130136583
829 -0.2130136583
830 -0.2130136583
831 -0.2130136583
832 -0.2130136583
833 -0.2130136583
834 -0.2130136583
835 -0.2130136583
836 -0.2130136583
837 -0.2130136583
838 -0.2130136583
839 -0.2130136583
840 -0.2130136583
841 -0.2130136583
842 -0.2130136583
843 -0.2130136583
844 -0.2130136583
845 -0.2130136583
846 -0.2130136583
847 -0.2130136583
848 -0.2130136583
849 -0.2130136583
850 -0.2130136583
851 -0.2130136583
852 -0.2130136583
853 -0.2130136583
854 -0.2130136583
855 -0.2130136583
856 -0.2130136583
857 -0.2130136583
858 -0.2130136583
859 -0.2130136583
860 -0.2130136583
861 -0.2130136583
862 -0.2130136583
863 -0.2130136583
864 -0.2130136583
865 -0.2130136583
866 -0.2130136583
867 -0.2130136583
868 -0.2130136583
869 -0.2130136583
870 -0.2130136583
871 -0.2130136583
872 -0.2130136583
873 -0.2130136583
874 -0.2130136583
875 -0.2130136583
876 -0.2130136583
877 -0.2130136583
878 -0.2130136583
879 -0.2130136583
880 -0.2130136583
881 -0.2130136583
882 -0.2130136583
883 -0.2130136583
884 -0.2130136583
885 -0.2130136583
886 -0.2130136583
887 -0.2130136583
888 -0.2130136583
889 -0.2130136583
890 -0.2130136583
891 -0.2130136583
892 -0.2130136583
893 -0.2130136583
894 -0.2130136583
895 -0.2130136583
896 -0.2130136583
897 -0.2130136583
898 -0.2130136583
899 -0.2130136583
900 -0.2130136583
901 -0.2130136583
902 -0.2130136583
903 -0.2130136583
904 -0.2130136583
905 -0.2130136583
906 -0.2130136583
907 -0.2130136583
908 -0.2130136583
909 -0.2130136583
910 -0.2130136583
911 -0.2130136583
912 -0.2130136583
913 -0.2130136583
914 -0.2130136583
915 -0.2130136583
916 -0.2130136583
917 -0.2130136583
918 -0.2130136583
919 -0.2130136583
920 -0.2130136583
921 -0.2130136583
922 -0.2130136583
923 -0.2130136583
924 -0.2130136583
925 -0.2130136583
926 -0.2130136583
927 -0.2130136583
928 -0.2130136583
929 -0.2130136583
930 -0.2130136583
931 -0.2130136583
932 -0.2130136583
933 -0.2130136583
934 -0.2130136583
935 -0.2130136583
936 -0.2130136583
937 -0.2130136583
938 -0.2130136583
939 -0.2130136583
940 -0.2130136583
941 -0.2130136583
942 -0.2130136583
943 -0.2130136583
944 -0.2130136583
945 -0.2130136583
946 -0.2130136583
947 -0.2130136583
948 -0.2130136583
949 -0.2130136583
950 -0.2130136583
951 -0.2130136583
952 -0.2130136583
953 -0.2130136583
954 -0.2130136583
955 -0.2130136583
956 -0.2130136583
957 -0.2130136583
958 -0.2130136583
959 -0.2130136583
960 -0.2130136583
961 -0.2130136583
962 -0.2130136583
963 -0.2130136583
964 -0.2130136583
965 -0.2130136583
966 -0.2130136583
967 -0.2130136583
968 -0.2130136583
969 -0.2130136583
970 -0.2130136583
971 -0.2130136583
972 -0.2130136583
973 -0.2130136583
974 -0.2130136583
975 -0.2130136583
976 -0.2130136583
977 -0.2130136583
978 -0.2130136583
979 -0.2130136583
980 -0.2130136583
981 -0.2130136583
982 -0.2130136583
983 -0.2130136583
984 -0.2130136583
985 -0.2130136583
986 -0.2130136583
987 -0.2130136583
988 -0.2130136583
989 -0.2130136583
990 -0.2130136583
991 -0.2130136583
992 -0.2130136583
993 -0.2130136583
994 -0.2130136583
995 -0.2130136583
996 -0.2130136583
997 -0.2130136583
998 -0.2130136583
999 -0.2130136583
1000 -0.2130136583
1001 -0.2130136583
1002 -0.2130136583
1003 -0.2130136582
1004 -0.2130136582
1005 -0.2130136582
1006 -0.2130136582
1007 -0.2130136581
1008 -0.213013658
1009 -0.213013658
1010 -0.2130136579
1011 -0.2130136578
1012 -0.2130136576
1013 -0.2130136574
1014 -0.2130136572
1015 -0.2130136569
1016 -0.2130136566
1017 -0.2130136562
1018 -0.2130136556
1019 -0.213013655
1020 -0.2130136542
1021 -0.2130136532
1022 -0.2130136519
1023 -0.2130136504
