#55205 2910.0053636542502675 0.004569928717205616088 1 1341 16.000049430220818044 1024 7 1 J1713+0747 0.0000000 
0 75.43843694
1 76.43524984
2 77.36436636
3 78.22180356
4 79.00383634
5 79.70701669
6 80.32819156
7 80.86451911
8 81.31348319
9 81.67290609
10 81.94095922
11 82.11617191
12 82.19743803
13 82.18402053
14 82.07555377
15 81.87204372
16 81.57386593
17 81.18176135
18 80.69683003
19 80.12052274
20 79.45463058
21 78.70127271
22 77.86288221
23 76.94219028
24 75.94220886
25 74.86621182
26 73.71771488
27 72.50045442
28 71.21836528
29 69.87555785
30 68.47629455
31 67.02496581
32 65.52606588
33 63.98416854
34 62.40390289
35 60.78992941
36 59.14691652
37 57.47951761
38 55.79234886
39 54.089968
40 52.37685392
41 50.65738748
42 48.93583354
43 47.21632422
44 45.50284356
45 43.79921366
46 42.10908223
47 40.43591165
48 38.78296963
49 37.15332136
50 35.54982313
51 33.97511761
52 32.43163046
53 30.92156845
54 29.44691897
55 28.00945081
56 26.61071631
57 25.25205453
58 23.93459565
59 22.65926635
60 21.42679606
61 20.23772413
62 19.09240762
63 17.99102986
64 16.93360942
65 15.92000962
66 14.94994838
67 14.02300827
68 13.13864682
69 12.29620688
70 11.494927
71 10.73395174
72 10.0123419
73 9.329084482
74 8.683102474
75 8.073264301
76 7.498392936
77 6.957274629
78 6.448667221
79 5.971308011
80 5.52392115
81 5.105224566
82 4.71393638
83 4.348780827
84 4.008493678
85 3.691827153
86 3.397554345
87 3.12447316
88 2.871409781
89 2.637221681
90 2.420800192
91 2.221072662
92 2.037004211
93 1.867599113
94 1.711901833
95 1.568997732
96 1.438013477
97 1.318117175
98 1.208518253
99 1.108467116
100 1.0172546
101 0.9342112528
102 0.8587064505
103 0.7901473856
104 0.7279779395
105 0.6716774595
106 0.620759461
107 0.5747702681
108 0.5332876119
109 0.4959191972
110 0.462301254
111 0.4320970823
112 0.4049956033
113 0.3807099249
114 0.3589759299
115 0.3395508943
116 0.3222121413
117 0.3067557365
118 0.2929952279
119 0.2807604347
120 0.2698962868
121 0.2602617172
122 0.2517286083
123 0.244180793
124 0.2375131105
125 0.2316305165
126 0.226447247
127 0.2218860349
128 0.2178773777
129 0.2143588554
130 0.2112744958
131 0.2085741861
132 0.2062131286
133 0.2041513384
134 0.2023531805
135 0.2007869448
136 0.1994244563
137 0.1982407185
138 0.1972135883
139 0.196323479
140 0.1955530911
141 0.1948871678
142 0.1943122733
143 0.193816593
144 0.1933897531
145 0.1930226579
146 0.192707344
147 0.1924368493
148 0.1922050962
149 0.1920067862
150 0.1918373074
151 0.1916926506
152 0.1915693358
153 0.1914643466
154 0.191375072
155 0.1912992554
156 0.1912349488
157 0.1911804734
158 0.191134384
159 0.1910954386
160 0.1910625711
161 0.1910348678
162 0.1910115464
163 0.1909919385
164 0.1909754733
165 0.1909616645
166 0.1909500979
167 0.1909404216
168 0.1909323368
169 0.19092559
170 0.190919967
171 0.1909152864
172 0.1909113951
173 0.1909081639
174 0.1909054844
175 0.190903265
176 0.190901429
177 0.1908999122
178 0.1908986605
179 0.1908976289
180 0.1908967797
181 0.1908960817
182 0.1908955085
183 0.1908950384
184 0.1908946535
185 0.1908943385
186 0.1908940812
187 0.1908938712
188 0.1908937001
189 0.1908935608
190 0.1908934476
191 0.1908933557
192 0.1908932811
193 0.1908932207
194 0.1908931718
195 0.1908931324
196 0.1908931005
197 0.1908930748
198 0.1908930542
199 0.1908930376
200 0.1908930242
201 0.1908930135
202 0.190893005
203 0.1908929981
204 0.1908929926
205 0.1908929882
206 0.1908929848
207 0.190892982
208 0.1908929798
209 0.190892978
210 0.1908929766
211 0.1908929755
212 0.1908929747
213 0.190892974
214 0.1908929734
215 0.190892973
216 0.1908929727
217 0.1908929724
218 0.1908929722
219 0.190892972
220 0.1908929719
221 0.1908929718
222 0.1908929717
223 0.1908929717
224 0.1908929716
225 0.1908929716
226 0.1908929716
227 0.1908929715
228 0.1908929715
229 0.1908929715
230 0.1908929715
231 0.1908929715
232 0.1908929715
233 0.1908929715
234 0.1908929715
235 0.1908929715
236 0.1908929715
237 0.1908929715
238 0.1908929715
239 0.1908929715
240 0.1908929715
241 0.1908929715
242 0.1908929715
243 0.1908929715
244 0.1908929715
245 0.1908929715
246 0.1908929715
247 0.1908929715
248 0.1908929715
249 0.1908929715
250 0.1908929715
251 0.1908929715
252 0.1908929715
253 0.1908929715
254 0.1908929715
255 0.1908929715
256 0.1908929715
257 0.1908929715
258 0.1908929715
259 0.1908929715
260 0.1908929715
261 0.1908929715
262 0.1908929715
263 0.1908929715
264 0.1908929715
265 0.1908929715
266 0.1908929715
267 0.1908929715
268 0.1908929715
269 0.1908929715
270 0.1908929715
271 0.1908929715
272 0.1908929715
273 0.1908929715
274 0.1908929715
275 0.1908929715
276 0.1908929715
277 0.1908929715
278 0.1908929715
279 0.1908929715
280 0.1908929715
281 0.1908929715
282 0.1908929715
283 0.1908929715
284 0.1908929715
285 0.1908929715
286 0.1908929715
287 0.1908929715
288 0.1908929715
289 0.1908929715
290 0.1908929715
291 0.1908929715
292 0.1908929715
293 0.1908929715
294 0.1908929715
295 0.1908929715
296 0.1908929715
297 0.1908929715
298 0.1908929715
299 0.1908929715
300 0.1908929715
301 0.1908929715
302 0.1908929715
303 0.1908929715
304 0.1908929715
305 0.1908929715
306 0.1908929715
307 0.1908929715
308 0.1908929715
309 0.1908929715
310 0.1908929715
311 0.1908929715
312 0.1908929715
313 0.1908929715
314 0.1908929715
315 0.1908929715
316 0.1908929715
317 0.1908929715
318 0.1908929715
319 0.1908929715
320 0.1908929715
321 0.1908929715
322 0.1908929715
323 0.1908929715
324 0.1908929715
325 0.1908929715
326 0.1908929715
327 0.1908929715
328 0.1908929715
329 0.1908929715
330 0.1908929715
331 0.1908929715
332 0.1908929715
333 0.1908929715
334 0.1908929715
335 0.1908929715
336 0.1908929715
337 0.1908929715
338 0.1908929715
339 0.1908929715
340 0.1908929715
341 0.1908929715
342 0.1908929715
343 0.1908929715
344 0.1908929715
345 0.1908929715
346 0.1908929715
347 0.1908929715
348 0.1908929715
349 0.1908929715
350 0.1908929715
351 0.1908929715
352 0.1908929715
353 0.1908929715
354 0.1908929715
355 0.1908929715
356 0.1908929715
357 0.1908929715
358 0.1908929715
359 0.1908929715
360 0.1908929715
361 0.1908929715
362 0.1908929715
363 0.1908929715
364 0.1908929715
365 0.1908929715
366 0.1908929715
367 0.1908929715
368 0.1908929715
369 0.1908929715
370 0.1908929715
371 0.1908929715
372 0.1908929715
373 0.1908929715
374 0.1908929715
375 0.1908929715
376 0.1908929715
377 0.1908929715
378 0.1908929715
379 0.1908929715
380 0.1908929715
381 0.1908929715
382 0.1908929715
383 0.1908929715
384 0.1908929715
385 0.1908929715
386 0.1908929715
387 0.1908929715
388 0.1908929715
389 0.1908929715
390 0.1908929715
391 0.1908929715
392 0.1908929715
393 0.1908929715
394 0.1908929715
395 0.1908929715
396 0.1908929715
397 0.1908929715
398 0.1908929715
399 0.1908929715
400 0.1908929715
401 0.1908929715
402 0.1908929715
403 0.1908929715
404 0.1908929715
405 0.1908929715
406 0.1908929715
407 0.1908929715
408 0.1908929715
409 0.1908929715
410 0.1908929715
411 0.1908929715
412 0.1908929715
413 0.1908929715
414 0.1908929715
415 0.1908929715
416 0.1908929715
417 0.1908929715
418 0.1908929715
419 0.1908929715
420 0.1908929715
421 0.1908929715
422 0.1908929715
423 0.1908929715
424 0.1908929715
425 0.1908929715
426 0.1908929715
427 0.1908929715
428 0.1908929715
429 0.1908929715
430 0.1908929715
431 0.1908929715
432 0.1908929715
433 0.1908929715
434 0.1908929715
435 0.1908929715
436 0.1908929715
437 0.1908929715
438 0.1908929715
439 0.1908929715
440 0.1908929715
441 0.1908929715
442 0.1908929715
443 0.1908929715
444 0.1908929715
445 0.1908929715
446 0.1908929715
447 0.1908929715
448 0.1908929715
449 0.1908929715
450 0.1908929715
451 0.1908929715
452 0.1908929715
453 0.1908929715
454 0.1908929715
455 0.1908929715
456 0.1908929715
457 0.1908929715
458 0.1908929715
459 0.1908929715
460 0.1908929715
461 0.1908929715
462 0.1908929715
463 0.1908929715
464 0.1908929715
465 0.1908929715
466 0.1908929715
467 0.1908929715
468 0.1908929715
469 0.1908929715
470 0.1908929715
471 0.1908929715
472 0.1908929715
473 0.1908929715
474 0.1908929715
475 0.1908929715
476 0.1908929715
477 0.1908929715
478 0.1908929715
479 0.1908929715
480 0.1908929715
481 0.1908929715
482 0.1908929715
483 0.1908929715
484 0.1908929715
485 0.1908929715
486 0.1908929715
487 0.1908929715
488 0.1908929715
489 0.1908929715
490 0.1908929715
491 0.1908929715
492 0.1908929715
493 0.1908929715
494 0.1908929715
495 0.1908929715
496 0.1908929715
497 0.1908929715
498 0.1908929715
499 0.1908929715
500 0.1908929715
501 0.1908929715
502 0.1908929715
503 0.1908929715
504 0.1908929715
505 0.1908929715
506 0.1908929715
507 0.1908929715
508 0.1908929715
509 0.1908929715
510 0.1908929715
511 0.1908929715
512 0.1908929715
513 0.1908929715
514 0.1908929715
515 0.1908929715
516 0.1908929715
517 0.1908929715
518 0.1908929715
519 0.1908929715
520 0.1908929715
521 0.1908929715
522 0.1908929715
523 0.1908929715
524 0.1908929715
525 0.1908929715
526 0.1908929715
527 0.1908929715
528 0.1908929715
529 0.1908929715
530 0.1908929715
531 0.1908929715
532 0.1908929715
533 0.1908929715
534 0.1908929715
535 0.1908929715
536 0.1908929715
537 0.1908929715
538 0.1908929715
539 0.1908929715
540 0.1908929715
541 0.1908929715
542 0.1908929715
543 0.1908929715
544 0.1908929715
545 0.1908929715
546 0.1908929715
547 0.1908929715
548 0.1908929715
549 0.1908929715
550 0.1908929715
551 0.1908929715
552 0.1908929715
553 0.1908929715
554 0.1908929715
555 0.1908929715
556 0.1908929715
557 0.1908929715
558 0.1908929715
559 0.1908929715
560 0.1908929715
561 0.1908929715
562 0.1908929715
563 0.1908929715
564 0.1908929715
565 0.1908929715
566 0.1908929715
567 0.1908929715
568 0.1908929715
569 0.1908929715
570 0.1908929715
571 0.1908929715
572 0.1908929715
573 0.1908929715
574 0.1908929715
575 0.1908929715
576 0.1908929715
577 0.1908929715
578 0.1908929715
579 0.1908929715
580 0.1908929715
581 0.1908929715
582 0.1908929715
583 0.1908929715
584 0.1908929715
585 0.1908929715
586 0.1908929715
587 0.1908929715
588 0.1908929715
589 0.1908929715
590 0.1908929715
591 0.1908929715
592 0.1908929715
593 0.1908929715
594 0.1908929715
595 0.1908929715
596 0.1908929715
597 0.1908929715
598 0.1908929715
599 0.1908929715
600 0.1908929715
601 0.1908929715
602 0.1908929715
603 0.1908929715
604 0.1908929715
605 0.1908929715
606 0.1908929715
607 0.1908929715
608 0.1908929715
609 0.1908929715
610 0.1908929715
611 0.1908929715
612 0.1908929715
613 0.1908929715
614 0.1908929715
615 0.1908929715
616 0.1908929715
617 0.1908929715
618 0.1908929715
619 0.1908929715
620 0.1908929715
621 0.1908929715
622 0.1908929715
623 0.1908929715
624 0.1908929715
625 0.1908929715
626 0.1908929715
627 0.1908929715
628 0.1908929715
629 0.1908929715
630 0.1908929715
631 0.1908929715
632 0.1908929715
633 0.1908929715
634 0.1908929715
635 0.1908929715
636 0.1908929715
637 0.1908929715
638 0.1908929715
639 0.1908929715
640 0.1908929715
641 0.1908929715
642 0.1908929715
643 0.1908929715
644 0.1908929715
645 0.1908929715
646 0.1908929715
647 0.1908929715
648 0.1908929715
649 0.1908929715
650 0.1908929715
651 0.1908929715
652 0.1908929715
653 0.1908929715
654 0.1908929715
655 0.1908929715
656 0.1908929715
657 0.1908929715
658 0.1908929715
659 0.1908929715
660 0.1908929715
661 0.1908929715
662 0.1908929715
663 0.1908929715
664 0.1908929715
665 0.1908929715
666 0.1908929715
667 0.1908929715
668 0.1908929715
669 0.1908929715
670 0.1908929715
671 0.1908929715
672 0.1908929715
673 0.1908929715
674 0.1908929715
675 0.1908929715
676 0.1908929715
677 0.1908929715
678 0.1908929715
679 0.1908929715
680 0.1908929715
681 0.1908929715
682 0.1908929715
683 0.1908929715
684 0.1908929715
685 0.1908929715
686 0.1908929715
687 0.1908929715
688 0.1908929715
689 0.1908929715
690 0.1908929715
691 0.1908929715
692 0.1908929715
693 0.1908929715
694 0.1908929715
695 0.1908929715
696 0.1908929715
697 0.1908929715
698 0.1908929715
699 0.1908929715
700 0.1908929715
701 0.1908929715
702 0.1908929715
703 0.1908929715
704 0.1908929715
705 0.1908929715
706 0.1908929715
707 0.1908929715
708 0.1908929715
709 0.1908929715
710 0.1908929715
711 0.1908929716
712 0.1908929716
713 0.1908929716
714 0.1908929717
715 0.1908929717
716 0.1908929718
717 0.1908929719
718 0.190892972
719 0.1908929721
720 0.1908929723
721 0.1908929725
722 0.1908929727
723 0.190892973
724 0.1908929734
725 0.1908929739
726 0.1908929745
727 0.1908929752
728 0.1908929761
729 0.1908929772
730 0.1908929786
731 0.1908929803
732 0.1908929825
733 0.1908929851
734 0.1908929883
735 0.1908929922
736 0.190892997
737 0.1908930029
738 0.1908930102
739 0.190893019
740 0.1908930299
741 0.1908930431
742 0.1908930593
743 0.190893079
744 0.1908931029
745 0.190893132
746 0.1908931674
747 0.1908932103
748 0.1908932624
749 0.1908933254
750 0.1908934016
751 0.1908934937
752 0.1908936049
753 0.190893739
754 0.1908939005
755 0.1908940948
756 0.1908943284
757 0.1908946088
758 0.1908949452
759 0.1908953483
760 0.1908958308
761 0.1908964078
762 0.1908970969
763 0.1908979191
764 0.1908988992
765 0.1909000662
766 0.1909014542
767 0.1909031034
768 0.1909050609
769 0.1909073818
770 0.1909101307
771 0.1909133832
772 0.1909172273
773 0.1909217659
774 0.1909271188
775 0.1909334255
776 0.1909408479
777 0.1909495743
778 0.1909598229
779 0.1909718464
780 0.1909859373
781 0.1910024335
782 0.1910217251
783 0.1910442619
784 0.1910705619
785 0.1911012207
786 0.1911369229
787 0.1911784538
788 0.1912267137
789 0.1912827329
790 0.19134769
791 0.1914229306
792 0.1915099897
793 0.1916106163
794 0.1917268007
795 0.1918608049
796 0.1920151969
797 0.1921928881
798 0.1923971759
799 0.1926317896
800 0.1929009425
801 0.193209388
802 0.1935624832
803 0.1939662573
804 0.1944274881
805 0.1949537852
806 0.1955536811
807 0.196236732
808 0.1970136262
809 0.1978963036
810 0.1988980855
811 0.2000338149
812 0.2013200099
813 0.2027750285
814 0.2044192473
815 0.2062752547
816 0.2083680573
817 0.2107253036
818 0.2133775219
819 0.2163583762
820 0.2197049386
821 0.2234579796
822 0.2276622768
823 0.2323669417
824 0.2376257659
825 0.2434975862
826 0.2500466682
827 0.2573431098
828 0.2654632631
829 0.2744901744
830 0.2845140424
831 0.2956326933
832 0.3079520714
833 0.3215867452
834 0.3366604256
835 0.3533064966
836 0.3716685539
837 0.3919009516
838 0.4141693517
839 0.4386512753
840 0.4655366509
841 0.4950283564
842 0.5273427506
843 0.5627101892
844 0.6013755212
845 0.6435985594
846 0.6896545198
847 0.739834424
848 0.7944454577
849 0.8538112789
850 0.9182722689
851 0.9881857178
852 1.063925938
853 1.1458843
854 1.234469173
855 1.330105779
856 1.433235938
857 1.544317698
858 1.663824852
859 1.792246322
860 1.930085409
861 2.077858902
862 2.236096038
863 2.405337305
864 2.586133084
865 2.779042129
866 2.984629872
867 3.203466562
868 3.436125225
869 3.683179446
870 3.945200984
871 4.222757208
872 4.51640836
873 4.826704662
874 5.154183254
875 5.499364985
876 5.862751061
877 6.244819563
878 6.646021845
879 7.066778831
880 7.507477229
881 7.968465666
882 8.450050787
883 8.952493322
884 9.476004149
885 10.02074038
886 10.58680151
887 11.17422559
888 11.78298557
889 12.41298577
890 13.06405841
891 13.73596051
892 14.42837083
893 15.14088722
894 15.87302416
895 16.62421067
896 17.3937885
897 18.1810108
898 18.98504108
899 19.80495268
900 20.63972866
901 21.48826213
902 22.34935716
903 23.22173012
904 24.10401155
905 24.99474863
906 25.89240811
907 26.7953798
908 27.70198068
909 28.61045944
910 29.51900161
911 30.42573524
912 31.32873701
913 32.22603886
914 33.11563513
915 33.99549007
916 34.86354572
917 35.71773029
918 36.55596675
919 37.37618173
920 38.17631471
921 38.95432735
922 39.70821301
923 40.43600634
924 41.13579295
925 41.80571897
926 42.4440007
927 43.04893399
928 43.61890356
929 44.15239199
930 44.64798851
931 45.10439741
932 45.52044607
933 45.89509256
934 46.22743276
935 46.51670694
936 46.76230582
937 46.96377596
938 47.1208246
939 47.23332374
940 47.30131363
941 47.32500551
942 47.30478355
943 47.24120622
944 47.13500674
945 46.98709289
946 46.79854602
947 46.57061931
948 46.30473531
949 46.00248277
950 45.66561268
951 45.29603366
952 44.89580669
953 44.46713916
954 44.01237826
955 43.53400381
956 43.03462046
957 42.51694945
958 41.9838197
959 41.43815852
960 40.88298183
961 40.32138397
962 39.7565271
963 39.19163024
964 38.62995803
965 38.07480911
966 37.52950429
967 36.99737451
968 36.48174853
969 35.98594049
970 35.51323731
971 35.06688603
972 34.65008095
973 34.26595087
974 33.9175462
975 33.60782615
976 33.33964591
977 33.11574401
978 32.93872967
979 32.81107048
980 32.7350801
981 32.71290637
982 32.7465196
983 32.83770129
984 32.98803315
985 33.19888666
986 33.47141306
987 33.80653396
988 34.20493252
989 34.66704537
990 35.19305523
991 35.78288436
992 36.43618891
993 37.1523542
994 37.93049099
995 38.76943285
996 39.66773467
997 40.62367231
998 41.63524358
999 42.70017044
1000 43.81590256
1001 44.97962231
1002 46.18825108
1003 47.43845709
1004 48.7266646
1005 50.04906466
1006 51.40162714
1007 52.78011436
1008 54.18009604
1009 55.59696556
1010 57.02595763
1011 58.46216713
1012 59.90056914
1013 61.33604005
1014 62.76337963
1015 64.177334
1016 65.57261932
1017 66.94394608
1018 68.28604393
1019 69.59368673
1020 70.8617179
1021 72.08507561
1022 73.25881797
1023 74.37814781
