#53628 2910.0005381186860438 0.0045705166059030813419 1 1269 16.000049430220818044 1024 7 1 J1713+0747 0.0000000 
0 0.247060912
1 0.2466985342
2 0.2463874487
3 0.2461207326
4 0.2458923461
5 0.2456970276
6 0.2455301996
7 0.2453878859
8 0.245266637
9 0.2451634649
10 0.2450757849
11 0.2450013645
12 0.2449382777
13 0.2448848657
14 0.2448397014
15 0.2448015593
16 0.2447693877
17 0.2447422862
18 0.2447194843
19 0.2447003239
20 0.2446842435
21 0.2446707649
22 0.2446594813
23 0.2446500471
24 0.2446421688
25 0.2446355982
26 0.2446301251
27 0.2446255717
28 0.2446217883
29 0.2446186486
30 0.2446160462
31 0.244613892
32 0.244612111
33 0.2446106403
34 0.2446094274
35 0.2446084283
36 0.2446076064
37 0.2446069311
38 0.2446063769
39 0.2446059227
40 0.2446055509
41 0.2446052469
42 0.2446049987
43 0.2446047962
44 0.2446046313
45 0.2446044972
46 0.2446043882
47 0.2446042998
48 0.2446042281
49 0.24460417
50 0.2446041231
51 0.2446040852
52 0.2446040547
53 0.24460403
54 0.2446040102
55 0.2446039943
56 0.2446039815
57 0.2446039713
58 0.2446039631
59 0.2446039566
60 0.2446039513
61 0.2446039472
62 0.2446039438
63 0.2446039412
64 0.2446039391
65 0.2446039374
66 0.2446039361
67 0.2446039351
68 0.2446039342
69 0.2446039336
70 0.2446039331
71 0.2446039327
72 0.2446039323
73 0.2446039321
74 0.2446039319
75 0.2446039317
76 0.2446039316
77 0.2446039315
78 0.2446039314
79 0.2446039314
80 0.2446039313
81 0.2446039313
82 0.2446039313
83 0.2446039313
84 0.2446039312
85 0.2446039312
86 0.2446039312
87 0.2446039312
88 0.2446039312
89 0.2446039312
90 0.2446039312
91 0.2446039312
92 0.2446039312
93 0.2446039312
94 0.2446039312
95 0.2446039312
96 0.2446039312
97 0.2446039312
98 0.2446039312
99 0.2446039312
100 0.2446039312
101 0.2446039312
102 0.2446039312
103 0.2446039312
104 0.2446039312
105 0.2446039312
106 0.2446039312
107 0.2446039312
108 0.2446039312
109 0.2446039312
110 0.2446039312
111 0.2446039312
112 0.2446039312
113 0.2446039312
114 0.2446039312
115 0.2446039312
116 0.2446039312
117 0.2446039312
118 0.2446039312
119 0.2446039312
120 0.2446039312
121 0.2446039312
122 0.2446039312
123 0.2446039312
124 0.2446039312
125 0.2446039312
126 0.2446039312
127 0.2446039312
128 0.2446039312
129 0.2446039312
130 0.2446039312
131 0.2446039312
132 0.2446039312
133 0.2446039312
134 0.2446039312
135 0.2446039312
136 0.2446039312
137 0.2446039312
138 0.2446039312
139 0.2446039312
140 0.2446039312
141 0.2446039312
142 0.2446039312
143 0.2446039312
144 0.2446039312
145 0.2446039312
146 0.2446039312
147 0.2446039312
148 0.2446039312
149 0.2446039312
150 0.2446039312
151 0.2446039312
152 0.2446039312
153 0.2446039312
154 0.2446039312
155 0.2446039312
156 0.2446039312
157 0.2446039312
158 0.2446039312
159 0.2446039312
160 0.2446039312
161 0.2446039312
162 0.2446039312
163 0.2446039312
164 0.2446039312
165 0.2446039312
166 0.2446039312
167 0.2446039312
168 0.2446039312
169 0.2446039312
170 0.2446039312
171 0.2446039312
172 0.2446039312
173 0.2446039312
174 0.2446039312
175 0.2446039312
176 0.2446039312
177 0.2446039312
178 0.2446039312
179 0.2446039312
180 0.2446039312
181 0.2446039312
182 0.2446039312
183 0.2446039312
184 0.2446039312
185 0.2446039312
186 0.2446039312
187 0.2446039312
188 0.2446039312
189 0.2446039312
190 0.2446039312
191 0.2446039312
192 0.2446039312
193 0.2446039312
194 0.2446039312
195 0.2446039312
196 0.2446039312
197 0.2446039312
198 0.2446039312
199 0.2446039312
200 0.2446039312
201 0.2446039312
202 0.2446039312
203 0.2446039312
204 0.2446039312
205 0.2446039312
206 0.2446039312
207 0.2446039312
208 0.2446039312
209 0.2446039312
210 0.2446039312
211 0.2446039312
212 0.2446039312
213 0.2446039312
214 0.2446039312
215 0.2446039312
216 0.2446039312
217 0.2446039312
218 0.2446039312
219 0.2446039312
220 0.2446039312
221 0.2446039312
222 0.2446039312
223 0.2446039312
224 0.2446039312
225 0.2446039312
226 0.2446039312
227 0.2446039312
228 0.2446039312
229 0.2446039312
230 0.2446039312
231 0.2446039312
232 0.2446039312
233 0.2446039312
234 0.2446039312
235 0.2446039312
236 0.2446039312
237 0.2446039312
238 0.2446039312
239 0.2446039312
240 0.2446039312
241 0.2446039312
242 0.2446039312
243 0.2446039312
244 0.2446039312
245 0.2446039312
246 0.2446039312
247 0.2446039312
248 0.2446039312
249 0.2446039312
250 0.2446039312
251 0.2446039312
252 0.2446039312
253 0.2446039312
254 0.2446039312
255 0.2446039312
256 0.2446039312
257 0.2446039312
258 0.2446039312
259 0.2446039312
260 0.2446039312
261 0.2446039312
262 0.2446039312
263 0.2446039312
264 0.2446039312
265 0.2446039312
266 0.2446039312
267 0.2446039312
268 0.2446039312
269 0.2446039312
270 0.2446039312
271 0.2446039312
272 0.2446039312
273 0.2446039312
274 0.2446039312
275 0.2446039312
276 0.2446039312
277 0.2446039312
278 0.2446039312
279 0.2446039312
280 0.2446039312
281 0.2446039312
282 0.2446039312
283 0.2446039312
284 0.2446039312
285 0.2446039312
286 0.2446039312
287 0.2446039312
288 0.2446039312
289 0.2446039312
290 0.2446039312
291 0.2446039312
292 0.2446039312
293 0.2446039312
294 0.2446039312
295 0.2446039312
296 0.2446039312
297 0.2446039312
298 0.2446039312
299 0.2446039312
300 0.2446039312
301 0.2446039312
302 0.2446039312
303 0.2446039312
304 0.2446039312
305 0.2446039312
306 0.2446039312
307 0.2446039312
308 0.2446039312
309 0.2446039312
310 0.2446039312
311 0.2446039312
312 0.2446039312
313 0.2446039312
314 0.2446039312
315 0.2446039312
316 0.2446039312
317 0.2446039312
318 0.2446039312
319 0.2446039312
320 0.2446039312
321 0.2446039312
322 0.2446039312
323 0.2446039312
324 0.2446039312
325 0.2446039312
326 0.2446039312
327 0.2446039312
328 0.2446039312
329 0.2446039312
330 0.2446039312
331 0.2446039312
332 0.2446039312
333 0.2446039312
334 0.2446039312
335 0.2446039312
336 0.2446039312
337 0.2446039312
338 0.2446039312
339 0.2446039312
340 0.2446039312
341 0.2446039312
342 0.2446039312
343 0.2446039312
344 0.2446039312
345 0.2446039312
346 0.2446039312
347 0.2446039312
348 0.2446039312
349 0.2446039312
350 0.2446039312
351 0.2446039312
352 0.2446039312
353 0.2446039312
354 0.2446039312
355 0.2446039312
356 0.2446039312
357 0.2446039312
358 0.2446039312
359 0.2446039312
360 0.2446039312
361 0.2446039312
362 0.2446039312
363 0.2446039312
364 0.2446039312
365 0.2446039312
366 0.2446039312
367 0.2446039312
368 0.2446039312
369 0.2446039312
370 0.2446039312
371 0.2446039312
372 0.2446039312
373 0.2446039312
374 0.2446039312
375 0.2446039312
376 0.2446039312
377 0.2446039312
378 0.2446039312
379 0.2446039312
380 0.2446039312
381 0.2446039312
382 0.2446039312
383 0.2446039312
384 0.2446039312
385 0.2446039312
386 0.2446039312
387 0.2446039312
388 0.2446039312
389 0.2446039312
390 0.2446039312
391 0.2446039312
392 0.2446039312
393 0.2446039312
394 0.2446039312
395 0.2446039312
396 0.2446039312
397 0.2446039312
398 0.2446039312
399 0.2446039312
400 0.2446039312
401 0.2446039312
402 0.2446039312
403 0.2446039312
404 0.2446039312
405 0.2446039312
406 0.2446039312
407 0.2446039312
408 0.2446039312
409 0.2446039312
410 0.2446039312
411 0.2446039312
412 0.2446039312
413 0.2446039312
414 0.2446039312
415 0.2446039312
416 0.2446039312
417 0.2446039312
418 0.2446039312
419 0.2446039312
420 0.2446039312
421 0.2446039312
422 0.2446039312
423 0.2446039312
424 0.2446039312
425 0.2446039312
426 0.2446039312
427 0.2446039312
428 0.2446039312
429 0.2446039312
430 0.2446039312
431 0.2446039312
432 0.2446039312
433 0.2446039312
434 0.2446039312
435 0.2446039312
436 0.2446039312
437 0.2446039312
438 0.2446039312
439 0.2446039312
440 0.2446039312
441 0.2446039312
442 0.2446039312
443 0.2446039312
444 0.2446039312
445 0.2446039312
446 0.2446039312
447 0.2446039312
448 0.2446039312
449 0.2446039312
450 0.2446039312
451 0.2446039312
452 0.2446039312
453 0.2446039312
454 0.2446039312
455 0.2446039312
456 0.2446039312
457 0.2446039312
458 0.2446039312
459 0.2446039312
460 0.2446039312
461 0.2446039312
462 0.2446039312
463 0.2446039312
464 0.2446039312
465 0.2446039312
466 0.2446039312
467 0.2446039312
468 0.2446039312
469 0.2446039312
470 0.2446039312
471 0.2446039312
472 0.2446039312
473 0.2446039312
474 0.2446039312
475 0.2446039312
476 0.2446039312
477 0.2446039312
478 0.2446039312
479 0.2446039312
480 0.2446039312
481 0.2446039312
482 0.2446039312
483 0.2446039312
484 0.2446039312
485 0.2446039312
486 0.2446039312
487 0.2446039312
488 0.2446039312
489 0.2446039312
490 0.2446039312
491 0.2446039312
492 0.2446039312
493 0.2446039312
494 0.2446039312
495 0.2446039312
496 0.2446039312
497 0.2446039312
498 0.2446039312
499 0.2446039312
500 0.2446039312
501 0.2446039312
502 0.2446039312
503 0.2446039312
504 0.2446039312
505 0.2446039312
506 0.2446039312
507 0.2446039312
508 0.2446039312
509 0.2446039312
510 0.2446039312
511 0.2446039312
512 0.2446039312
513 0.2446039312
514 0.2446039312
515 0.2446039312
516 0.2446039312
517 0.2446039312
518 0.2446039312
519 0.2446039312
520 0.2446039312
521 0.2446039312
522 0.2446039312
523 0.2446039312
524 0.2446039312
525 0.2446039312
526 0.2446039312
527 0.2446039312
528 0.2446039312
529 0.2446039312
530 0.2446039312
531 0.2446039312
532 0.2446039312
533 0.2446039312
534 0.2446039312
535 0.2446039312
536 0.2446039312
537 0.2446039312
538 0.2446039312
539 0.2446039312
540 0.2446039312
541 0.2446039312
542 0.2446039312
543 0.2446039312
544 0.2446039312
545 0.2446039312
546 0.2446039312
547 0.2446039312
548 0.2446039312
549 0.2446039312
550 0.2446039312
551 0.2446039312
552 0.2446039312
553 0.2446039312
554 0.2446039312
555 0.2446039312
556 0.2446039312
557 0.2446039312
558 0.2446039312
559 0.2446039312
560 0.2446039312
561 0.2446039312
562 0.2446039312
563 0.2446039312
564 0.2446039312
565 0.2446039313
566 0.2446039313
567 0.2446039313
568 0.2446039313
569 0.2446039314
570 0.2446039314
571 0.2446039315
572 0.2446039316
573 0.2446039317
574 0.2446039318
575 0.2446039319
576 0.2446039321
577 0.2446039323
578 0.2446039326
579 0.244603933
580 0.2446039334
581 0.244603934
582 0.2446039347
583 0.2446039355
584 0.2446039366
585 0.2446039379
586 0.2446039395
587 0.2446039415
588 0.244603944
589 0.244603947
590 0.2446039507
591 0.2446039552
592 0.2446039608
593 0.2446039677
594 0.2446039761
595 0.2446039863
596 0.2446039988
597 0.2446040141
598 0.2446040328
599 0.2446040555
600 0.2446040831
601 0.2446041167
602 0.2446041575
603 0.244604207
604 0.2446042669
605 0.2446043394
606 0.2446044271
607 0.244604533
608 0.2446046608
609 0.2446048148
610 0.2446050002
611 0.2446052232
612 0.2446054912
613 0.2446058128
614 0.2446061983
615 0.2446066601
616 0.2446072125
617 0.2446078728
618 0.2446086611
619 0.2446096012
620 0.2446107213
621 0.2446120543
622 0.2446136391
623 0.2446155211
624 0.244617754
625 0.2446204001
626 0.2446235327
627 0.2446272374
628 0.244631614
629 0.2446367787
630 0.2446428673
631 0.2446500372
632 0.2446584717
633 0.2446683831
634 0.244680018
635 0.2446936613
636 0.244709643
637 0.2447283438
638 0.2447502033
639 0.2447757277
640 0.2448054999
641 0.24484019
642 0.2448805673
643 0.2449275141
644 0.2449820413
645 0.2450453053
646 0.245118628
647 0.245203518
648 0.2453016951
649 0.2454151182
650 0.2455460147
651 0.245696915
652 0.2458706904
653 0.2460705941
654 0.2463003088
655 0.2465639972
656 0.2468663595
657 0.2472126959
658 0.2476089759
659 0.2480619147
660 0.2485790567
661 0.2491688676
662 0.2498408347
663 0.2506055771
664 0.2514749655
665 0.2524622531
666 0.2535822178
667 0.2548513166
668 0.2562878527
669 0.2579121564
670 0.2597467807
671 0.2618167114
672 0.2641495937
673 0.2667759745
674 0.2697295632
675 0.2730475091
676 0.2767706978
677 0.2809440668
678 0.2856169402
679 0.2908433828
680 0.2966825755
681 0.3031992091
682 0.3104638998
683 0.3185536239
684 0.3275521723
685 0.3375506241
686 0.348647839
687 0.3609509667
688 0.3745759731
689 0.3896481805
690 0.406302822
691 0.4246856055
692 0.4449532878
693 0.4672742534
694 0.4918290965
695 0.518811203
696 0.5484273264
697 0.5808981572
698 0.6164588771
699 0.6553596956
700 0.6978663634
701 0.7442606552
702 0.7948408175
703 0.8499219737
704 0.9098364803
705 0.9749342256
706 1.045582866
707 1.122167988
708 1.205093192
709 1.294780087
710 1.391668189
711 1.496214713
712 1.608894253
713 1.730198337
714 1.860634855
715 2.000727347
716 2.151014142
717 2.312047349
718 2.484391682
719 2.668623125
720 2.865327411
721 3.075098346
722 3.298535928
723 3.536244304
724 3.788829525
725 4.056897128
726 4.341049525
727 4.641883216
728 4.959985822
729 5.295932942
730 5.650284854
731 6.023583049
732 6.41634663
733 6.829068573
734 7.26221187
735 7.716205575
736 8.191440763
737 8.688266429
738 9.206985346
739 9.747849902
740 10.31105795
741 10.89674871
742 11.50499866
743 12.13581766
744 12.78914505
745 13.46484598
746 14.16270796
747 14.8824375
748 15.62365719
749 16.38590287
750 17.16862128
751 17.97116795
752 18.79280551
753 19.63270242
754 20.48993212
755 21.36347267
756 22.25220681
757 23.15492261
758 24.07031462
759 24.99698555
760 25.93344851
761 26.87812983
762 27.82937246
763 28.78543992
764 29.74452085
765 30.7047341
766 31.66413442
767 32.62071861
768 33.57243232
769 34.51717724
770 35.4528188
771 36.37719436
772 37.28812171
773 38.18340808
774 39.06085931
775 39.91828948
776 40.75353061
777 41.56444267
778 42.34892366
779 43.10491977
780 43.83043561
781 44.52354428
782 45.18239752
783 45.80523556
784 46.39039682
785 46.93632734
786 47.44158988
787 47.90487264
788 48.32499754
789 48.70092803
790 49.03177637
791 49.31681035
792 49.55545934
793 49.74731977
794 49.89215989
795 49.98992377
796 50.04073464
797 50.04489746
798 50.00290064
799 49.91541706
800 49.78330429
801 49.60760394
802 49.38954033
803 49.13051827
804 48.83212011
805 48.49610202
806 48.12438955
807 47.71907237
808 47.2823984
809 46.81676723
810 46.32472283
811 45.80894571
812 45.27224445
813 44.71754664
814 44.14788933
815 43.56640895
816 42.97633079
817 42.38095803
818 41.78366035
819 41.18786223
820 40.59703089
821 40.01466391
822 39.44427659
823 38.88938917
824 38.35351366
825 37.84014071
826 37.3527262
827 36.89467778
828 36.46934137
829 36.07998751
830 35.72979788
831 35.4218517
832 35.15911227
833 34.94441359
834 34.78044721
835 34.66974912
836 34.61468702
837 34.61744779
838 34.68002535
839 34.80420882
840 34.99157125
841 35.2434587
842 35.56098001
843 35.94499709
844 36.39611601
845 36.91467871
846 37.50075563
847 38.15413922
848 38.87433835
849 39.66057384
850 40.51177499
851 41.42657736
852 42.40332171
853 43.44005427
854 44.53452832
855 45.6842072
856 46.8862687
857 48.13761099
858 49.43485997
859 50.77437823
860 52.15227545
861 53.56442043
862 55.00645454
863 56.47380671
864 57.96170993
865 59.46521904
866 60.97923001
867 62.4985004
868 64.01767103
869 65.53128881
870 67.03383045
871 68.51972711
872 69.98338974
873 71.41923499
874 72.82171163
875 74.18532712
876 75.50467436
877 76.77445837
878 77.98952265
879 79.14487525
880 80.23571405
881 81.2574514
882 82.20573773
883 83.07648406
884 83.86588312
885 84.57042913
886 85.18693588
887 85.71255311
888 86.14478097
889 86.48148255
890 86.72089427
891 86.86163418
892 86.90270791
893 86.84351251
894 86.68383784
895 86.42386574
896 86.06416687
897 85.60569529
898 85.04978078
899 84.39811906
900 83.65275987
901 82.81609314
902 81.8908332
903 80.88000139
904 79.78690693
905 78.61512646
906 77.36848226
907 76.05101935
908 74.66698173
909 73.22078776
910 71.71700515
911 70.1603254
912 68.55553822
913 66.90750584
914 65.22113757
915 63.50136471
916 61.75311593
917 59.98129347
918 58.19075003
919 56.38626675
920 54.57253221
921 52.75412276
922 50.93548403
923 49.12091398
924 47.31454731
925 45.52034153
926 43.74206448
927 41.98328356
928 40.24735656
929 38.53742402
930 36.85640336
931 35.20698445
932 33.59162678
933 32.01255816
934 30.47177479
935 28.97104272
936 27.51190067
937 26.09566394
938 24.72342953
939 23.39608227
940 22.11430185
941 20.87857072
942 19.6891827
943 18.54625221
944 17.44972404
945 16.39938357
946 15.39486726
947 14.43567343
948 13.52117317
949 12.65062134
950 11.82316747
951 11.03786663
952 10.29369017
953 9.589536099
954 8.924239335
955 8.29658149
956 7.705300345
957 7.149098872
958 6.626653812
959 6.136623767
960 5.677656792
961 5.248397472
962 4.847493468
963 4.473601534
964 4.12539301
965 3.801558775
966 3.500813695
967 3.221900555
968 2.963593507
969 2.724701037
970 2.504068485
971 2.300580129
972 2.113160862
973 1.940777483
974 1.782439635
975 1.637200406
976 1.504156626
977 1.382448889
978 1.271261313
979 1.169821084
980 1.077397788
981 0.9933025738
982 0.9168871544
983 0.8475426809
984 0.7846985034
985 0.7278208407
986 0.676411378
987 0.6300058081
988 0.5881723341
989 0.5505101456
990 0.5166478836
991 0.4862421048
992 0.4589757562
993 0.4345566693
994 0.4127160814
995 0.3932071921
996 0.3758037599
997 0.360298744
998 0.3465029962
999 0.3342440042
1000 0.3233646907
1001 0.3137222682
1002 0.3051871517
1003 0.2976419293
1004 0.2909803897
1005 0.2851066083
1006 0.2799340884
1007 0.2753849578
1008 0.2713892192
1009 0.2678840522
1010 0.2648131644
1011 0.2621261915
1012 0.259778142
1013 0.2577288851
1014 0.2559426804
1015 0.2543877456
1016 0.2530358604
1017 0.2518620051
1018 0.2508440307
1019 0.2499623583
1020 0.249199707
1021 0.2485408462
1022 0.247972372
1023 0.2474825059
