#55227 2910.0022198092239165 0.0045698200102958818139 1 1405 16.000049430220818044 1024 7 1 J1713+0747 0.0000000 
0 0.2096750088
1 0.2096750089
2 0.2096750089
3 0.209675009
4 0.2096750092
5 0.2096750093
6 0.2096750095
7 0.2096750097
8 0.20967501
9 0.2096750104
10 0.2096750108
11 0.2096750114
12 0.2096750121
13 0.209675013
14 0.209675014
15 0.2096750153
16 0.209675017
17 0.209675019
18 0.2096750214
19 0.2096750245
20 0.2096750282
21 0.2096750327
22 0.2096750383
23 0.2096750452
24 0.2096750536
25 0.2096750639
26 0.2096750764
27 0.2096750917
28 0.2096751103
29 0.209675133
30 0.2096751605
31 0.209675194
32 0.2096752347
33 0.2096752839
34 0.2096753436
35 0.2096754157
36 0.2096755029
37 0.2096756082
38 0.2096757351
39 0.209675888
40 0.2096760719
41 0.2096762931
42 0.2096765586
43 0.2096768771
44 0.2096772587
45 0.2096777155
46 0.2096782618
47 0.2096789142
48 0.2096796927
49 0.2096806207
50 0.2096817256
51 0.2096830399
52 0.2096846015
53 0.209686455
54 0.2096886527
55 0.2096912557
56 0.2096943355
57 0.2096979756
58 0.2097022735
59 0.2097073426
60 0.2097133149
61 0.2097203439
62 0.209728608
63 0.2097383136
64 0.2097497004
65 0.2097630453
66 0.2097786683
67 0.2097969392
68 0.2098182838
69 0.2098431929
70 0.2098722308
71 0.2099060459
72 0.2099453823
73 0.2099910927
74 0.2100441534
75 0.2101056808
76 0.2101769499
77 0.210259415
78 0.2103547331
79 0.2104647899
80 0.2105917286
81 0.2107379823
82 0.2109063098
83 0.2110998352
84 0.2113220924
85 0.2115770735
86 0.2118692829
87 0.2122037968
88 0.2125863287
89 0.2130233012
90 0.2135219255
91 0.2140902876
92 0.2147374436
93 0.2154735227
94 0.2163098405
95 0.217259022
96 0.2183351345
97 0.2195538332
98 0.2209325175
99 0.2224905003
100 0.2242491911
101 0.2262322921
102 0.2284660098
103 0.2309792811
104 0.2338040155
105 0.236975354
106 0.2405319439
107 0.2445162315
108 0.2489747726
109 0.2539585606
110 0.2595233724
111 0.2657301329
112 0.2726452975
113 0.2803412518
114 0.2888967301
115 0.298397249
116 0.3089355587
117 0.3206121085
118 0.3335355266
119 0.3478231127
120 0.3636013401
121 0.3810063686
122 0.4001845619
123 0.4212930098
124 0.4445000517
125 0.4699857965
126 0.4979426373
127 0.5285757566
128 0.5621036157
129 0.5987584265
130 0.6387865984
131 0.6824491559
132 0.7300221211
133 0.7817968546
134 0.838080349
135 0.8991954673
136 0.9654811209
137 1.037292378
138 1.115000496
139 1.198992875
140 1.289672908
141 1.38745975
142 1.492787967
143 1.606107075
144 1.72788096
145 1.858587171
146 1.998716069
147 2.148769849
148 2.3092614
149 2.480713024
150 2.66365499
151 2.858623932
152 3.066161083
153 3.286810337
154 3.521116155
155 3.769621296
156 4.032864387
157 4.311377332
158 4.60568256
159 4.916290128
160 5.243694673
161 5.588372233
162 5.950776945
163 6.331337626
164 6.73045426
165 7.148494403
166 7.585789518
167 8.042631273
168 8.519267806
169 9.015899989
170 9.532677714
171 10.06969622
172 10.6269925
173 11.2045418
174 11.80225422
175 12.41997153
176 13.05746413
177 13.71442818
178 14.39048308
179 15.08516913
180 15.7979455
181 16.52818859
182 17.2751907
183 18.03815904
184 18.81621526
185 19.60839529
186 20.41364969
187 21.23084448
188 22.0587624
189 22.89610471
190 23.74149351
191 24.59347447
192 25.45052025
193 26.31103424
194 27.173355
195 28.03576104
196 28.89647624
197 29.75367561
198 30.60549164
199 31.45002099
200 32.28533167
201 33.10947051
202 33.92047107
203 34.71636184
204 35.49517464
205 36.25495338
206 36.9937629
207 37.70969797
208 38.40089245
209 39.06552842
210 39.70184531
211 40.30814897
212 40.88282068
213 41.42432593
214 41.93122299
215 42.40217124
216 42.83593915
217 43.23141194
218 43.58759878
219 43.90363954
220 44.17881109
221 44.41253299
222 44.6043727
223 44.7540501
224 44.86144144
225 44.9265826
226 44.94967174
227 44.93107118
228 44.87130863
229 44.7710777
230 44.63123768
231 44.45281263
232 44.23698978
233 43.98511713
234 43.69870049
235 43.37939973
236 43.02902443
237 42.64952884
238 42.24300628
239 41.81168287
240 41.3579107
241 40.88416051
242 40.39301376
243 39.88715429
244 39.36935944
245 38.84249082
246 38.30948459
247 37.77334144
248 37.2371162
249 36.70390714
250 36.17684495
251 35.65908158
252 35.15377869
253 34.6640961
254 34.19317988
255 33.74415047
256 33.32009059
257 32.92403311
258 32.55894889
259 32.22773454
260 31.93320029
261 31.67805782
262 31.46490821
263 31.29623002
264 31.1743675
265 31.10151897
266 31.0797255
267 31.11085984
268 31.19661562
269 31.33849702
270 31.53780876
271 31.7956467
272 32.11288879
273 32.49018682
274 32.92795864
275 33.42638118
276 33.98538424
277 34.6046451
278 35.283584
279 36.02136062
280 36.81687159
281 37.66874897
282 38.57536
283 39.53480796
284 40.54493424
285 41.60332174
286 42.70729954
287 43.8539489
288 45.04011067
289 46.26239397
290 47.51718642
291 48.80066552
292 50.10881156
293 51.43742179
294 52.78212587
295 54.1384026
296 55.50159776
297 56.86694317
298 58.22957664
299 59.58456297
300 60.92691573
301 62.25161969
302 63.55365394
303 64.82801539
304 66.06974259
305 67.27393974
306 68.43580068
307 69.55063272
308 70.61388023
309 71.62114765
310 72.56822194
311 73.45109426
312 74.26598061
313 75.00934143
314 75.67789996
315 76.26865919
316 76.77891727
317 77.20628135
318 77.54867964
319 77.80437162
320 77.9719564
321 78.05037904
322 78.03893487
323 77.93727177
324 77.74539037
325 77.46364212
326 77.09272541
327 76.63367957
328 76.08787698
329 75.45701322
330 74.74309543
331 73.94842892
332 73.07560225
333 72.12747065
334 71.10713828
335 70.01793914
336 68.86341696
337 67.64730417
338 66.37350016
339 65.04604893
340 63.66911632
341 62.24696707
342 60.78394171
343 59.28443362
344 57.75286631
345 56.1936711
346 54.61126538
347 53.01003153
348 51.3942967
349 49.76831348
350 48.13624168
351 46.50213122
352 44.86990626
353 43.24335058
354 41.62609445
355 40.02160272
356 38.43316453
357 36.8638843
358 35.31667432
359 33.7942487
360 32.29911881
361 30.83359005
362 29.39976012
363 27.99951841
364 26.63454688
365 25.3063219
366 24.01611741
367 22.765009
368 21.553879
369 20.38342244
370 19.2541538
371 18.16641443
372 17.12038065
373 16.11607227
374 15.15336161
375 14.23198281
376 13.35154143
377 12.51152418
378 11.71130879
379 10.95017382
380 10.2273085
381 9.541822409
382 8.892754935
383 8.279084579
384 7.699737924
385 7.153598287
386 6.639514011
387 6.156306364
388 5.702777008
389 5.277715033
390 4.879903525
391 4.508125673
392 4.161170392
393 3.837837476
394 3.536942269
395 3.25731987
396 2.997828882
397 2.757354704
398 2.534812397
399 2.32914913
400 2.139346231
401 1.96442086
402 1.803427329
403 1.655458082
404 1.51964438
405 1.395156685
406 1.281204794
407 1.17703773
408 1.081943417
409 0.9952481667
410 0.9163159955
411 0.8445477887
412 0.7793803424
413 0.7202852933
414 0.6667679605
415 0.6183661133
416 0.5746486824
417 0.5352144293
418 0.4996905866
419 0.4677314828
420 0.4390171612
421 0.4132520048
422 0.3901633741
423 0.3695002664
424 0.3510320046
425 0.3345469583
426 0.319851305
427 0.3067678337
428 0.2951347939
429 0.2848047941
430 0.2756437489
431 0.2675298789
432 0.2603527614
433 0.2540124333
434 0.2484185459
435 0.2434895706
436 0.2391520543
437 0.2353399238
438 0.2319938375
439 0.2290605825
440 0.2264925154
441 0.2242470452
442 0.2222861555
443 0.2205759651
444 0.2190863238
445 0.2177904421
446 0.2166645522
447 0.2156875987
448 0.2148409571
449 0.2141081771
450 0.2134747505
451 0.2129279006
452 0.2124563921
453 0.2120503596
454 0.2117011531
455 0.2114011991
456 0.2111438764
457 0.2109234047
458 0.2107347448
459 0.2105735102
460 0.2104358876
461 0.2103185671
462 0.2102186796
463 0.2101337416
464 0.2100616065
465 0.2100004215
466 0.2099485894
467 0.2099047357
468 0.2098676788
469 0.2098364045
470 0.2098100435
471 0.2097878518
472 0.2097691933
473 0.2097535251
474 0.2097403845
475 0.2097293774
476 0.2097201689
477 0.2097124749
478 0.2097060542
479 0.2097007028
480 0.2096962481
481 0.2096925446
482 0.2096894694
483 0.2096869191
484 0.2096848067
485 0.2096830593
486 0.2096816155
487 0.2096804241
488 0.2096794421
489 0.2096786339
490 0.2096779694
491 0.2096774238
492 0.2096769763
493 0.2096766099
494 0.2096763101
495 0.2096760651
496 0.2096758652
497 0.2096757023
498 0.2096755697
499 0.2096754619
500 0.2096753744
501 0.2096753034
502 0.2096752459
503 0.2096751994
504 0.2096751618
505 0.2096751315
506 0.209675107
507 0.2096750873
508 0.2096750715
509 0.2096750588
510 0.2096750486
511 0.2096750405
512 0.2096750339
513 0.2096750287
514 0.2096750245
515 0.2096750212
516 0.2096750186
517 0.2096750165
518 0.2096750148
519 0.2096750135
520 0.2096750124
521 0.2096750116
522 0.209675011
523 0.2096750104
524 0.20967501
525 0.2096750097
526 0.2096750095
527 0.2096750093
528 0.2096750091
529 0.209675009
530 0.2096750089
531 0.2096750088
532 0.2096750088
533 0.2096750087
534 0.2096750087
535 0.2096750087
536 0.2096750086
537 0.2096750086
538 0.2096750086
539 0.2096750086
540 0.2096750086
541 0.2096750086
542 0.2096750086
543 0.2096750086
544 0.2096750086
545 0.2096750086
546 0.2096750086
547 0.2096750086
548 0.2096750086
549 0.2096750086
550 0.2096750086
551 0.2096750086
552 0.2096750086
553 0.2096750086
554 0.2096750086
555 0.2096750086
556 0.2096750086
557 0.2096750086
558 0.2096750086
559 0.2096750086
560 0.2096750086
561 0.2096750086
562 0.2096750086
563 0.2096750086
564 0.2096750086
565 0.2096750086
566 0.2096750086
567 0.2096750086
568 0.2096750086
569 0.2096750086
570 0.2096750086
571 0.2096750086
572 0.2096750086
573 0.2096750086
574 0.2096750086
575 0.2096750086
576 0.2096750086
577 0.2096750086
578 0.2096750086
579 0.2096750086
580 0.2096750086
581 0.2096750086
582 0.2096750086
583 0.2096750086
584 0.2096750086
585 0.2096750086
586 0.2096750086
587 0.2096750086
588 0.2096750086
589 0.2096750086
590 0.2096750086
591 0.2096750086
592 0.2096750086
593 0.2096750086
594 0.2096750086
595 0.2096750086
596 0.2096750086
597 0.2096750086
598 0.2096750086
599 0.2096750086
600 0.2096750086
601 0.2096750086
602 0.2096750086
603 0.2096750086
604 0.2096750086
605 0.2096750086
606 0.2096750086
607 0.2096750086
608 0.2096750086
609 0.2096750086
610 0.2096750086
611 0.2096750086
612 0.2096750086
613 0.2096750086
614 0.2096750086
615 0.2096750086
616 0.2096750086
617 0.2096750086
618 0.2096750086
619 0.2096750086
620 0.2096750086
621 0.2096750086
622 0.2096750086
623 0.2096750086
624 0.2096750086
625 0.2096750086
626 0.2096750086
627 0.2096750086
628 0.2096750086
629 0.2096750086
630 0.2096750086
631 0.2096750086
632 0.2096750086
633 0.2096750086
634 0.2096750086
635 0.2096750086
636 0.2096750086
637 0.2096750086
638 0.2096750086
639 0.2096750086
640 0.2096750086
641 0.2096750086
642 0.2096750086
643 0.2096750086
644 0.2096750086
645 0.2096750086
646 0.2096750086
647 0.2096750086
648 0.2096750086
649 0.2096750086
650 0.2096750086
651 0.2096750086
652 0.2096750086
653 0.2096750086
654 0.2096750086
655 0.2096750086
656 0.2096750086
657 0.2096750086
658 0.2096750086
659 0.2096750086
660 0.2096750086
661 0.2096750086
662 0.2096750086
663 0.2096750086
664 0.2096750086
665 0.2096750086
666 0.2096750086
667 0.2096750086
668 0.2096750086
669 0.2096750086
670 0.2096750086
671 0.2096750086
672 0.2096750086
673 0.2096750086
674 0.2096750086
675 0.2096750086
676 0.2096750086
677 0.2096750086
678 0.2096750086
679 0.2096750086
680 0.2096750086
681 0.2096750086
682 0.2096750086
683 0.2096750086
684 0.2096750086
685 0.2096750086
686 0.2096750086
687 0.2096750086
688 0.2096750086
689 0.2096750086
690 0.2096750086
691 0.2096750086
692 0.2096750086
693 0.2096750086
694 0.2096750086
695 0.2096750086
696 0.2096750086
697 0.2096750086
698 0.2096750086
699 0.2096750086
700 0.2096750086
701 0.2096750086
702 0.2096750086
703 0.2096750086
704 0.2096750086
705 0.2096750086
706 0.2096750086
707 0.2096750086
708 0.2096750086
709 0.2096750086
710 0.2096750086
711 0.2096750086
712 0.2096750086
713 0.2096750086
714 0.2096750086
715 0.2096750086
716 0.2096750086
717 0.2096750086
718 0.2096750086
719 0.2096750086
720 0.2096750086
721 0.2096750086
722 0.2096750086
723 0.2096750086
724 0.2096750086
725 0.2096750086
726 0.2096750086
727 0.2096750086
728 0.2096750086
729 0.2096750086
730 0.2096750086
731 0.2096750086
732 0.2096750086
733 0.2096750086
734 0.2096750086
735 0.2096750086
736 0.2096750086
737 0.2096750086
738 0.2096750086
739 0.2096750086
740 0.2096750086
741 0.2096750086
742 0.2096750086
743 0.2096750086
744 0.2096750086
745 0.2096750086
746 0.2096750086
747 0.2096750086
748 0.2096750086
749 0.2096750086
750 0.2096750086
751 0.2096750086
752 0.2096750086
753 0.2096750086
754 0.2096750086
755 0.2096750086
756 0.2096750086
757 0.2096750086
758 0.2096750086
759 0.2096750086
760 0.2096750086
761 0.2096750086
762 0.2096750086
763 0.2096750086
764 0.2096750086
765 0.2096750086
766 0.2096750086
767 0.2096750086
768 0.2096750086
769 0.2096750086
770 0.2096750086
771 0.2096750086
772 0.2096750086
773 0.2096750086
774 0.2096750086
775 0.2096750086
776 0.2096750086
777 0.2096750086
778 0.2096750086
779 0.2096750086
780 0.2096750086
781 0.2096750086
782 0.2096750086
783 0.2096750086
784 0.2096750086
785 0.2096750086
786 0.2096750086
787 0.2096750086
788 0.2096750086
789 0.2096750086
790 0.2096750086
791 0.2096750086
792 0.2096750086
793 0.2096750086
794 0.2096750086
795 0.2096750086
796 0.2096750086
797 0.2096750086
798 0.2096750086
799 0.2096750086
800 0.2096750086
801 0.2096750086
802 0.2096750086
803 0.2096750086
804 0.2096750086
805 0.2096750086
806 0.2096750086
807 0.2096750086
808 0.2096750086
809 0.2096750086
810 0.2096750086
811 0.2096750086
812 0.2096750086
813 0.2096750086
814 0.2096750086
815 0.2096750086
816 0.2096750086
817 0.2096750086
818 0.2096750086
819 0.2096750086
820 0.2096750086
821 0.2096750086
822 0.2096750086
823 0.2096750086
824 0.2096750086
825 0.2096750086
826 0.2096750086
827 0.2096750086
828 0.2096750086
829 0.2096750086
830 0.2096750086
831 0.2096750086
832 0.2096750086
833 0.2096750086
834 0.2096750086
835 0.2096750086
836 0.2096750086
837 0.2096750086
838 0.2096750086
839 0.2096750086
840 0.2096750086
841 0.2096750086
842 0.2096750086
843 0.2096750086
844 0.2096750086
845 0.2096750086
846 0.2096750086
847 0.2096750086
848 0.2096750086
849 0.2096750086
850 0.2096750086
851 0.2096750086
852 0.2096750086
853 0.2096750086
854 0.2096750086
855 0.2096750086
856 0.2096750086
857 0.2096750086
858 0.2096750086
859 0.2096750086
860 0.2096750086
861 0.2096750086
862 0.2096750086
863 0.2096750086
864 0.2096750086
865 0.2096750086
866 0.2096750086
867 0.2096750086
868 0.2096750086
869 0.2096750086
870 0.2096750086
871 0.2096750086
872 0.2096750086
873 0.2096750086
874 0.2096750086
875 0.2096750086
876 0.2096750086
877 0.2096750086
878 0.2096750086
879 0.2096750086
880 0.2096750086
881 0.2096750086
882 0.2096750086
883 0.2096750086
884 0.2096750086
885 0.2096750086
886 0.2096750086
887 0.2096750086
888 0.2096750086
889 0.2096750086
890 0.2096750086
891 0.2096750086
892 0.2096750086
893 0.2096750086
894 0.2096750086
895 0.2096750086
896 0.2096750086
897 0.2096750086
898 0.2096750086
899 0.2096750086
900 0.2096750086
901 0.2096750086
902 0.2096750086
903 0.2096750086
904 0.2096750086
905 0.2096750086
906 0.2096750086
907 0.2096750086
908 0.2096750086
909 0.2096750086
910 0.2096750086
911 0.2096750086
912 0.2096750086
913 0.2096750086
914 0.2096750086
915 0.2096750086
916 0.2096750086
917 0.2096750086
918 0.2096750086
919 0.2096750086
920 0.2096750086
921 0.2096750086
922 0.2096750086
923 0.2096750086
924 0.2096750086
925 0.2096750086
926 0.2096750086
927 0.2096750086
928 0.2096750086
929 0.2096750086
930 0.2096750086
931 0.2096750086
932 0.2096750086
933 0.2096750086
934 0.2096750086
935 0.2096750086
936 0.2096750086
937 0.2096750086
938 0.2096750086
939 0.2096750086
940 0.2096750086
941 0.2096750086
942 0.2096750086
943 0.2096750086
944 0.2096750086
945 0.2096750086
946 0.2096750086
947 0.2096750086
948 0.2096750086
949 0.2096750086
950 0.2096750086
951 0.2096750086
952 0.2096750086
953 0.2096750086
954 0.2096750086
955 0.2096750086
956 0.2096750086
957 0.2096750086
958 0.2096750086
959 0.2096750086
960 0.2096750086
961 0.2096750086
962 0.2096750086
963 0.2096750086
964 0.2096750086
965 0.2096750086
966 0.2096750086
967 0.2096750086
968 0.2096750086
969 0.2096750086
970 0.2096750086
971 0.2096750086
972 0.2096750086
973 0.2096750086
974 0.2096750086
975 0.2096750086
976 0.2096750086
977 0.2096750086
978 0.2096750086
979 0.2096750086
980 0.2096750086
981 0.2096750086
982 0.2096750086
983 0.2096750086
984 0.2096750086
985 0.2096750086
986 0.2096750086
987 0.2096750086
988 0.2096750086
989 0.2096750086
990 0.2096750086
991 0.2096750086
992 0.2096750086
993 0.2096750086
994 0.2096750086
995 0.2096750086
996 0.2096750086
997 0.2096750086
998 0.2096750086
999 0.2096750086
1000 0.2096750086
1001 0.2096750086
1002 0.2096750086
1003 0.2096750086
1004 0.2096750086
1005 0.2096750086
1006 0.2096750086
1007 0.2096750086
1008 0.2096750086
1009 0.2096750086
1010 0.2096750086
1011 0.2096750086
1012 0.2096750086
1013 0.2096750086
1014 0.2096750086
1015 0.2096750086
1016 0.2096750086
1017 0.2096750086
1018 0.2096750086
1019 0.2096750086
1020 0.2096750087
1021 0.2096750087
1022 0.2096750087
1023 0.2096750088
