#55314 2909.9963203643512992 0.0045698922369794845247 1 1309 16.000049430220818044 1024 7 1 J1713+0747 0.0000000 
0 -0.2214766621
1 -0.2214766621
2 -0.2214766621
3 -0.2214766621
4 -0.2214766621
5 -0.2214766621
6 -0.2214766621
7 -0.2214766621
8 -0.2214766621
9 -0.2214766621
10 -0.2214766621
11 -0.2214766621
12 -0.2214766621
13 -0.2214766621
14 -0.2214766621
15 -0.2214766621
16 -0.2214766621
17 -0.2214766621
18 -0.2214766621
19 -0.2214766621
20 -0.2214766621
21 -0.2214766621
22 -0.2214766621
23 -0.2214766621
24 -0.2214766621
25 -0.2214766621
26 -0.221476662
27 -0.221476662
28 -0.221476662
29 -0.221476662
30 -0.2214766619
31 -0.2214766618
32 -0.2214766618
33 -0.2214766617
34 -0.2214766616
35 -0.2214766614
36 -0.2214766613
37 -0.221476661
38 -0.2214766608
39 -0.2214766604
40 -0.22147666
41 -0.2214766595
42 -0.2214766588
43 -0.221476658
44 -0.221476657
45 -0.2214766558
46 -0.2214766543
47 -0.2214766524
48 -0.2214766501
49 -0.2214766473
50 -0.2214766438
51 -0.2214766395
52 -0.2214766342
53 -0.2214766278
54 -0.2214766199
55 -0.2214766102
56 -0.2214765984
57 -0.221476584
58 -0.2214765664
59 -0.221476545
60 -0.221476519
61 -0.2214764873
62 -0.2214764489
63 -0.2214764022
64 -0.2214763457
65 -0.2214762772
66 -0.2214761945
67 -0.2214760945
68 -0.2214759739
69 -0.2214758285
70 -0.2214756533
71 -0.2214754427
72 -0.2214751896
73 -0.2214748857
74 -0.2214745214
75 -0.2214740849
76 -0.2214735626
77 -0.2214729383
78 -0.2214721928
79 -0.2214713036
80 -0.221470244
81 -0.2214689827
82 -0.221467483
83 -0.2214657015
84 -0.2214635878
85 -0.2214610823
86 -0.2214581156
87 -0.2214546066
88 -0.2214504605
89 -0.2214455669
90 -0.2214397969
91 -0.2214330009
92 -0.221425005
93 -0.2214156073
94 -0.2214045735
95 -0.2213916327
96 -0.2213764715
97 -0.2213587274
98 -0.2213379828
99 -0.2213137558
100 -0.221285492
101 -0.2212525538
102 -0.2212142089
103 -0.2211696172
104 -0.2211178164
105 -0.2210577049
106 -0.2209880239
107 -0.2209073359
108 -0.2208140019
109 -0.2207061551
110 -0.2205816721
111 -0.22043814
112 -0.2202728207
113 -0.2200826108
114 -0.219863997
115 -0.2196130069
116 -0.2193251544
117 -0.2189953797
118 -0.2186179828
119 -0.2181865505
120 -0.2176938761
121 -0.2171318712
122 -0.2164914696
123 -0.2157625213
124 -0.2149336776
125 -0.2139922653
126 -0.2129241505
127 -0.2117135902
128 -0.2103430712
129 -0.2087931367
130 -0.2070421982
131 -0.2050663331
132 -0.202839067
133 -0.2003311402
134 -0.1975102569
135 -0.1943408178
136 -0.1907836342
137 -0.1867956246
138 -0.1823294911
139 -0.1773333783
140 -0.1717505111
141 -0.1655188141
142 -0.1585705104
143 -0.150831702
144 -0.1422219298
145 -0.1326537155
146 -0.1220320858
147 -0.1102540781
148 -0.09720823188
149 -0.08277406365
150 -0.06682153037
151 -0.0492104809
152 -0.029790099
153 -0.008398340085
154 0.01513863525
155 0.0410070277
156 0.06940596197
157 0.1005480418
158 0.1346598926
159 0.1719826874
160 0.2127726504
161 0.2573015326
162 0.3058570538
163 0.3587433044
164 0.4162811002
165 0.4788082837
166 0.5466799639
167 0.620268687
168 0.6999645312
169 0.7861751161
170 0.8793255197
171 0.9798580936
172 1.08823217
173 1.204923649
174 1.330424465
175 1.465241909
176 1.609897827
177 1.764927648
178 1.930879278
179 2.108311819
180 2.297794125
181 2.499903186
182 2.715222341
183 2.944339305
184 3.187844021
185 3.446326332
186 3.720373471
187 4.010567372
188 4.317481813
189 4.641679382
190 4.983708291
191 5.344099024
192 5.723360857
193 6.121978231
194 6.540407023
195 6.979070705
196 7.438356424
197 7.918611016
198 8.420136981
199 8.943188426
200 9.487967029
201 10.05461802
202 10.64322622
203 11.25381217
204 11.88632838
205 12.54065571
206 13.21659995
207 13.91388855
208 14.6321677
209 15.37099957
210 16.12985992
211 16.908136
212 17.70512489
213 18.52003212
214 19.35197084
215 20.19996132
216 21.06293099
217 21.939715
218 22.82905717
219 23.72961162
220 24.63994482
221 25.55853827
222 26.48379168
223 27.41402678
224 28.34749159
225 29.28236534
226 30.21676389
227 31.14874566
228 32.07631815
229 32.99744484
230 33.91005268
231 34.8120399
232 35.70128433
233 36.57565202
234 37.43300619
235 38.27121649
236 39.08816851
237 39.88177341
238 40.64997775
239 41.39077341
240 42.10220745
241 42.78239207
242 43.42951438
243 44.04184609
244 44.61775298
245 45.15570412
246 45.65428077
247 46.11218499
248 46.5282477
249 46.90143644
250 47.2308625
251 47.51578753
252 47.75562964
253 47.94996872
254 48.09855125
255 48.2012943
256 48.25828891
257 48.26980269
258 48.23628166
259 48.15835133
260 48.03681705
261 47.87266355
262 47.66705367
263 47.42132645
264 47.1369943
265 46.81573951
266 46.45941007
267 46.07001464
268 45.64971697
269 45.20082958
270 44.72580678
271 44.22723712
272 43.70783526
273 43.1704332
274 42.61797111
275 42.05348758
276 41.4801094
277 40.90104102
278 40.31955349
279 39.73897311
280 39.16266975
281 38.59404485
282 38.03651915
283 37.49352026
284 36.96846991
285 36.46477115
286 35.98579533
287 35.53486902
288 35.11526083
289 34.7301682
290 34.38270419
291 34.07588428
292 33.81261325
293 33.59567211
294 33.42770528
295 33.31120779
296 33.24851287
297 33.24177966
298 33.29298133
299 33.40389356
300 33.57608338
301 33.81089856
302 34.10945747
303 34.47263961
304 34.90107671
305 35.39514463
306 35.954956
307 36.58035376
308 37.27090557
309 38.02589927
310 38.84433933
311 39.72494451
312 40.66614659
313 41.66609048
314 42.72263548
315 43.83335802
316 44.9955557
317 46.2062528
318 47.46220722
319 48.75991895
320 50.09563997
321 51.46538566
322 52.86494772
323 54.2899085
324 55.73565681
325 57.19740507
326 58.67020782
327 60.14898147
328 61.62852522
329 63.10354308
330 64.56866685
331 66.01847998
332 67.44754211
333 68.85041428
334 70.22168448
335 71.55599362
336 72.84806147
337 74.09271271
338 75.28490266
339 76.41974269
340 77.492525
341 78.4987467
342 79.43413303
343 80.29465937
344 81.07657214
345 81.77640823
346 82.39101288
347 82.91755595
348 83.35354627
349 83.69684419
350 83.94567203
351 84.09862251
352 84.15466491
353 84.11314916
354 83.9738076
355 83.73675452
356 83.40248341
357 82.97186214
358 82.44612574
359 81.82686728
360 81.11602657
361 80.315877
362 79.42901047
363 78.4583207
364 77.4069849
365 76.27844402
366 75.07638174
367 73.8047024
368 72.4675079
369 71.06907394
370 69.61382565
371 68.10631285
372 66.55118506
373 64.95316654
374 63.31703146
375 61.64757937
376 59.94961121
377 58.22790592
378 56.48719788
379 54.73215523
380 52.96735931
381 51.19728523
382 49.42628372
383 47.65856432
384 45.89818006
385 44.14901354
386 42.41476459
387 40.69893951
388 39.00484184
389 37.33556476
390 35.693985
391 34.08275836
392 32.50431666
393 30.96086627
394 29.45438794
395 27.98663801
396 26.55915094
397 25.17324293
398 23.83001676
399 22.53036757
400 21.27498958
401 20.06438363
402 18.89886548
403 17.77857469
404 16.70348408
405 15.67340956
406 14.68802035
407 13.74684943
408 12.84930416
409 11.99467693
410 11.18215584
411 10.4108353
412 9.679726463
413 8.98776746
414 8.33383334
415 7.716745716
416 7.135282028
417 6.588184405
418 6.074168091
419 5.591929403
420 5.140153204
421 4.717519875
422 4.32271178
423 3.954419207
424 3.611345796
425 3.292213452
426 2.995766758
427 2.720776882
428 2.466045009
429 2.230405312
430 2.012727472
431 1.811918773
432 1.626925806
433 1.456735778
434 1.300377486
435 1.156921953
436 1.025482763
437 0.9052161253
438 0.7953206823
439 0.6950370967
440 0.6036474354
441 0.5204743781
442 0.4448802707
443 0.376266047
444 0.3140700397
445 0.257766698
446 0.2068652327
447 0.1609082044
448 0.1194700695
449 0.08215570133
450 0.04859889537
451 0.01846087399
452 -0.008571201362
453 -0.03278570011
454 -0.05444796689
455 -0.07380173327
456 -0.09107049101
457 -0.1064588218
458 -0.1201536796
459 -0.1323256224
460 -0.1431299904
461 -0.1527080306
462 -0.1611879644
463 -0.1686859993
464 -0.1753072847
465 -0.1811468116
466 -0.1862902571
467 -0.1908147755
468 -0.1947897369
469 -0.1982774147
470 -0.2013336254
471 -0.2040083203
472 -0.2063461332
473 -0.2083868856
474 -0.2101660518
475 -0.211715185
476 -0.213062309
477 -0.2142322756
478 -0.2152470905
479 -0.2161262104
480 -0.2168868131
481 -0.2175440416
482 -0.2181112258
483 -0.2186000825
484 -0.2190208954
485 -0.2193826774
486 -0.2196933161
487 -0.2199597047
488 -0.2201878581
489 -0.220383018
490 -0.220549745
491 -0.2206920023
492 -0.2208132282
493 -0.2209164021
494 -0.2210041018
495 -0.2210785545
496 -0.2211416816
497 -0.2211951389
498 -0.2212403508
499 -0.2212785411
500 -0.2213107598
501 -0.2213379067
502 -0.2213607516
503 -0.221379952
504 -0.2213960693
505 -0.2214095816
506 -0.2214208957
507 -0.2214303575
508 -0.2214382604
509 -0.2214448528
510 -0.2214503453
511 -0.2214549157
512 -0.2214587141
513 -0.2214618669
514 -0.2214644805
515 -0.2214666446
516 -0.2214684341
517 -0.2214699121
518 -0.2214711313
519 -0.2214721358
520 -0.2214729623
521 -0.2214736415
522 -0.221474199
523 -0.2214746561
524 -0.2214750303
525 -0.2214753363
526 -0.2214755862
527 -0.2214757901
528 -0.2214759561
529 -0.2214760913
530 -0.2214762011
531 -0.2214762903
532 -0.2214763625
533 -0.2214764211
534 -0.2214764684
535 -0.2214765066
536 -0.2214765374
537 -0.2214765623
538 -0.2214765823
539 -0.2214765983
540 -0.2214766112
541 -0.2214766216
542 -0.2214766298
543 -0.2214766365
544 -0.2214766417
545 -0.221476646
546 -0.2214766493
547 -0.221476652
548 -0.2214766541
549 -0.2214766558
550 -0.2214766571
551 -0.2214766582
552 -0.221476659
553 -0.2214766597
554 -0.2214766602
555 -0.2214766606
556 -0.221476661
557 -0.2214766612
558 -0.2214766614
559 -0.2214766616
560 -0.2214766617
561 -0.2214766618
562 -0.2214766619
563 -0.2214766619
564 -0.221476662
565 -0.221476662
566 -0.221476662
567 -0.2214766621
568 -0.2214766621
569 -0.2214766621
570 -0.2214766621
571 -0.2214766621
572 -0.2214766621
573 -0.2214766621
574 -0.2214766621
575 -0.2214766621
576 -0.2214766621
577 -0.2214766621
578 -0.2214766621
579 -0.2214766621
580 -0.2214766621
581 -0.2214766621
582 -0.2214766621
583 -0.2214766621
584 -0.2214766621
585 -0.2214766621
586 -0.2214766621
587 -0.2214766621
588 -0.2214766621
589 -0.2214766621
590 -0.2214766621
591 -0.2214766621
592 -0.2214766621
593 -0.2214766621
594 -0.2214766621
595 -0.2214766621
596 -0.2214766621
597 -0.2214766621
598 -0.2214766621
599 -0.2214766621
600 -0.2214766621
601 -0.2214766621
602 -0.2214766621
603 -0.2214766621
604 -0.2214766621
605 -0.2214766621
606 -0.2214766621
607 -0.2214766621
608 -0.2214766621
609 -0.2214766621
610 -0.2214766621
611 -0.2214766621
612 -0.2214766621
613 -0.2214766621
614 -0.2214766621
615 -0.2214766621
616 -0.2214766621
617 -0.2214766621
618 -0.2214766621
619 -0.2214766621
620 -0.2214766621
621 -0.2214766621
622 -0.2214766621
623 -0.2214766621
624 -0.2214766621
625 -0.2214766621
626 -0.2214766621
627 -0.2214766621
628 -0.2214766621
629 -0.2214766621
630 -0.2214766621
631 -0.2214766621
632 -0.2214766621
633 -0.2214766621
634 -0.2214766621
635 -0.2214766621
636 -0.2214766621
637 -0.2214766621
638 -0.2214766621
639 -0.2214766621
640 -0.2214766621
641 -0.2214766621
642 -0.2214766621
643 -0.2214766621
644 -0.2214766621
645 -0.2214766621
646 -0.2214766621
647 -0.2214766621
648 -0.2214766621
649 -0.2214766621
650 -0.2214766621
651 -0.2214766621
652 -0.2214766621
653 -0.2214766621
654 -0.2214766621
655 -0.2214766621
656 -0.2214766621
657 -0.2214766621
658 -0.2214766621
659 -0.2214766621
660 -0.2214766621
661 -0.2214766621
662 -0.2214766621
663 -0.2214766621
664 -0.2214766621
665 -0.2214766621
666 -0.2214766621
667 -0.2214766621
668 -0.2214766621
669 -0.2214766621
670 -0.2214766621
671 -0.2214766621
672 -0.2214766621
673 -0.2214766621
674 -0.2214766621
675 -0.2214766621
676 -0.2214766621
677 -0.2214766621
678 -0.2214766621
679 -0.2214766621
680 -0.2214766621
681 -0.2214766621
682 -0.2214766621
683 -0.2214766621
684 -0.2214766621
685 -0.2214766621
686 -0.2214766621
687 -0.2214766621
688 -0.2214766621
689 -0.2214766621
690 -0.2214766621
691 -0.2214766621
692 -0.2214766621
693 -0.2214766621
694 -0.2214766621
695 -0.2214766621
696 -0.2214766621
697 -0.2214766621
698 -0.2214766621
699 -0.2214766621
700 -0.2214766621
701 -0.2214766621
702 -0.2214766621
703 -0.2214766621
704 -0.2214766621
705 -0.2214766621
706 -0.2214766621
707 -0.2214766621
708 -0.2214766621
709 -0.2214766621
710 -0.2214766621
711 -0.2214766621
712 -0.2214766621
713 -0.2214766621
714 -0.2214766621
715 -0.2214766621
716 -0.2214766621
717 -0.2214766621
718 -0.2214766621
719 -0.2214766621
720 -0.2214766621
721 -0.2214766621
722 -0.2214766621
723 -0.2214766621
724 -0.2214766621
725 -0.2214766621
726 -0.2214766621
727 -0.2214766621
728 -0.2214766621
729 -0.2214766621
730 -0.2214766621
731 -0.2214766621
732 -0.2214766621
733 -0.2214766621
734 -0.2214766621
735 -0.2214766621
736 -0.2214766621
737 -0.2214766621
738 -0.2214766621
739 -0.2214766621
740 -0.2214766621
741 -0.2214766621
742 -0.2214766621
743 -0.2214766621
744 -0.2214766621
745 -0.2214766621
746 -0.2214766621
747 -0.2214766621
748 -0.2214766621
749 -0.2214766621
750 -0.2214766621
751 -0.2214766621
752 -0.2214766621
753 -0.2214766621
754 -0.2214766621
755 -0.2214766621
756 -0.2214766621
757 -0.2214766621
758 -0.2214766621
759 -0.2214766621
760 -0.2214766621
761 -0.2214766621
762 -0.2214766621
763 -0.2214766621
764 -0.2214766621
765 -0.2214766621
766 -0.2214766621
767 -0.2214766621
768 -0.2214766621
769 -0.2214766621
770 -0.2214766621
771 -0.2214766621
772 -0.2214766621
773 -0.2214766621
774 -0.2214766621
775 -0.2214766621
776 -0.2214766621
777 -0.2214766621
778 -0.2214766621
779 -0.2214766621
780 -0.2214766621
781 -0.2214766621
782 -0.2214766621
783 -0.2214766621
784 -0.2214766621
785 -0.2214766621
786 -0.2214766621
787 -0.2214766621
788 -0.2214766621
789 -0.2214766621
790 -0.2214766621
791 -0.2214766621
792 -0.2214766621
793 -0.2214766621
794 -0.2214766621
795 -0.2214766621
796 -0.2214766621
797 -0.2214766621
798 -0.2214766621
799 -0.2214766621
800 -0.2214766621
801 -0.2214766621
802 -0.2214766621
803 -0.2214766621
804 -0.2214766621
805 -0.2214766621
806 -0.2214766621
807 -0.2214766621
808 -0.2214766621
809 -0.2214766621
810 -0.2214766621
811 -0.2214766621
812 -0.2214766621
813 -0.2214766621
814 -0.2214766621
815 -0.2214766621
816 -0.2214766621
817 -0.2214766621
818 -0.2214766621
819 -0.2214766621
820 -0.2214766621
821 -0.2214766621
822 -0.2214766621
823 -0.2214766621
824 -0.2214766621
825 -0.2214766621
826 -0.2214766621
827 -0.2214766621
828 -0.2214766621
829 -0.2214766621
830 -0.2214766621
831 -0.2214766621
832 -0.2214766621
833 -0.2214766621
834 -0.2214766621
835 -0.2214766621
836 -0.2214766621
837 -0.2214766621
838 -0.2214766621
839 -0.2214766621
840 -0.2214766621
841 -0.2214766621
842 -0.2214766621
843 -0.2214766621
844 -0.2214766621
845 -0.2214766621
846 -0.2214766621
847 -0.2214766621
848 -0.2214766621
849 -0.2214766621
850 -0.2214766621
851 -0.2214766621
852 -0.2214766621
853 -0.2214766621
854 -0.2214766621
855 -0.2214766621
856 -0.2214766621
857 -0.2214766621
858 -0.2214766621
859 -0.2214766621
860 -0.2214766621
861 -0.2214766621
862 -0.2214766621
863 -0.2214766621
864 -0.2214766621
865 -0.2214766621
866 -0.2214766621
867 -0.2214766621
868 -0.2214766621
869 -0.2214766621
870 -0.2214766621
871 -0.2214766621
872 -0.2214766621
873 -0.2214766621
874 -0.2214766621
875 -0.2214766621
876 -0.2214766621
877 -0.2214766621
878 -0.2214766621
879 -0.2214766621
880 -0.2214766621
881 -0.2214766621
882 -0.2214766621
883 -0.2214766621
884 -0.2214766621
885 -0.2214766621
886 -0.2214766621
887 -0.2214766621
888 -0.2214766621
889 -0.2214766621
890 -0.2214766621
891 -0.2214766621
892 -0.2214766621
893 -0.2214766621
894 -0.2214766621
895 -0.2214766621
896 -0.2214766621
897 -0.2214766621
898 -0.2214766621
899 -0.2214766621
900 -0.2214766621
901 -0.2214766621
902 -0.2214766621
903 -0.2214766621
904 -0.2214766621
905 -0.2214766621
906 -0.2214766621
907 -0.2214766621
908 -0.2214766621
909 -0.2214766621
910 -0.2214766621
911 -0.2214766621
912 -0.2214766621
913 -0.2214766621
914 -0.2214766621
915 -0.2214766621
916 -0.2214766621
917 -0.2214766621
918 -0.2214766621
919 -0.2214766621
920 -0.2214766621
921 -0.2214766621
922 -0.2214766621
923 -0.2214766621
924 -0.2214766621
925 -0.2214766621
926 -0.2214766621
927 -0.2214766621
928 -0.2214766621
929 -0.2214766621
930 -0.2214766621
931 -0.2214766621
932 -0.2214766621
933 -0.2214766621
934 -0.2214766621
935 -0.2214766621
936 -0.2214766621
937 -0.2214766621
938 -0.2214766621
939 -0.2214766621
940 -0.2214766621
941 -0.2214766621
942 -0.2214766621
943 -0.2214766621
944 -0.2214766621
945 -0.2214766621
946 -0.2214766621
947 -0.2214766621
948 -0.2214766621
949 -0.2214766621
950 -0.2214766621
951 -0.2214766621
952 -0.2214766621
953 -0.2214766621
954 -0.2214766621
955 -0.2214766621
956 -0.2214766621
957 -0.2214766621
958 -0.2214766621
959 -0.2214766621
960 -0.2214766621
961 -0.2214766621
962 -0.2214766621
963 -0.2214766621
964 -0.2214766621
965 -0.2214766621
966 -0.2214766621
967 -0.2214766621
968 -0.2214766621
969 -0.2214766621
970 -0.2214766621
971 -0.2214766621
972 -0.2214766621
973 -0.2214766621
974 -0.2214766621
975 -0.2214766621
976 -0.2214766621
977 -0.2214766621
978 -0.2214766621
979 -0.2214766621
980 -0.2214766621
981 -0.2214766621
982 -0.2214766621
983 -0.2214766621
984 -0.2214766621
985 -0.2214766621
986 -0.2214766621
987 -0.2214766621
988 -0.2214766621
989 -0.2214766621
990 -0.2214766621
991 -0.2214766621
992 -0.2214766621
993 -0.2214766621
994 -0.2214766621
995 -0.2214766621
996 -0.2214766621
997 -0.2214766621
998 -0.2214766621
999 -0.2214766621
1000 -0.2214766621
1001 -0.2214766621
1002 -0.2214766621
1003 -0.2214766621
1004 -0.2214766621
1005 -0.2214766621
1006 -0.2214766621
1007 -0.2214766621
1008 -0.2214766621
1009 -0.2214766621
1010 -0.2214766621
1011 -0.2214766621
1012 -0.2214766621
1013 -0.2214766621
1014 -0.2214766621
1015 -0.2214766621
1016 -0.2214766621
1017 -0.2214766621
1018 -0.2214766621
1019 -0.2214766621
1020 -0.2214766621
1021 -0.2214766621
1022 -0.2214766621
1023 -0.2214766621
