#55489 2910.0047466134816712 0.0045704282170151537545 1 1285 16.000049430220818044 1024 7 1 J1713+0747 0.0000000 
0 6.01369528
1 5.546600459
2 5.10939848
3 4.700759269
4 4.319358514
5 3.963883341
6 3.633037463
7 3.325545819
8 3.040158706
9 2.775655426
10 2.530847453
11 2.304581143
12 2.095740012
13 1.903246599
14 1.726063936
15 1.563196657
16 1.413691762
17 1.276639073
18 1.151171397
19 1.03646443
20 0.9317364182
21 0.8362476178
22 0.7492995581
23 0.6702341453
24 0.5984326233
25 0.5333144151
26 0.4743358632
27 0.4209888896
28 0.372799592
29 0.3293267923
30 0.2901605534
31 0.2549206768
32 0.2232551933
33 0.1948388596
34 0.1693716676
35 0.1465773775
36 0.1262020811
37 0.1080128019
38 0.09179613645
39 0.07735694336
40 0.06451708119
41 0.05311419954
42 0.04300058454
43 0.0340420604
44 0.02611694752
45 0.01911507738
46 0.01293686401
47 0.007492431175
48 0.002700794385
49 -0.001510903811
50 -0.005208106706
51 -0.008449506386
52 -0.0112876587
53 -0.01376955235
54 -0.01593713425
55 -0.01782779349
56 -0.01947480601
57 -0.02090774245
58 -0.02215284124
59 -0.02323334934
60 -0.0241698326
61 -0.02498045806
62 -0.02568125002
63 -0.02628632204
64 -0.02680808653
65 -0.02725744389
66 -0.02764395279
67 -0.02797598317
68 -0.02826085347
69 -0.02850495357
70 -0.02871385457
71 -0.02889240678
72 -0.02904482694
73 -0.02917477577
74 -0.02928542682
75 -0.02937952736
76 -0.02945945233
77 -0.02952725191
78 -0.02958469342
79 -0.02963329824
80 -0.02967437422
81 -0.02970904405
82 -0.02973827016
83 -0.02976287646
84 -0.02978356727
85 -0.02980094388
86 -0.0298155189
87 -0.02982772875
88 -0.02983794445
89 -0.02984648103
90 -0.02985360557
91 -0.02985954422
92 -0.0298644882
93 -0.02986859898
94 -0.02987201271
95 -0.02987484407
96 -0.02987718947
97 -0.0298791299
98 -0.0298807333
99 -0.02988205655
100 -0.02988314725
101 -0.02988404514
102 -0.02988478339
103 -0.02988538963
104 -0.02988588685
105 -0.02988629415
106 -0.02988662737
107 -0.02988689965
108 -0.02988712186
109 -0.02988730298
110 -0.02988745043
111 -0.02988757032
112 -0.02988766767
113 -0.02988774663
114 -0.0298878106
115 -0.02988786235
116 -0.02988790416
117 -0.02988793791
118 -0.02988796512
119 -0.02988798702
120 -0.02988800462
121 -0.02988801877
122 -0.02988803011
123 -0.02988803919
124 -0.02988804646
125 -0.02988805227
126 -0.02988805691
127 -0.02988806061
128 -0.02988806355
129 -0.02988806589
130 -0.02988806775
131 -0.02988806922
132 -0.02988807039
133 -0.02988807131
134 -0.02988807204
135 -0.02988807262
136 -0.02988807308
137 -0.02988807343
138 -0.02988807371
139 -0.02988807394
140 -0.02988807411
141 -0.02988807425
142 -0.02988807435
143 -0.02988807443
144 -0.0298880745
145 -0.02988807455
146 -0.02988807459
147 -0.02988807462
148 -0.02988807464
149 -0.02988807466
150 -0.02988807468
151 -0.02988807469
152 -0.0298880747
153 -0.0298880747
154 -0.02988807471
155 -0.02988807471
156 -0.02988807471
157 -0.02988807472
158 -0.02988807472
159 -0.02988807472
160 -0.02988807472
161 -0.02988807472
162 -0.02988807472
163 -0.02988807472
164 -0.02988807472
165 -0.02988807472
166 -0.02988807472
167 -0.02988807472
168 -0.02988807472
169 -0.02988807472
170 -0.02988807472
171 -0.02988807472
172 -0.02988807472
173 -0.02988807472
174 -0.02988807472
175 -0.02988807472
176 -0.02988807472
177 -0.02988807472
178 -0.02988807472
179 -0.02988807472
180 -0.02988807472
181 -0.02988807472
182 -0.02988807472
183 -0.02988807472
184 -0.02988807472
185 -0.02988807472
186 -0.02988807472
187 -0.02988807472
188 -0.02988807472
189 -0.02988807472
190 -0.02988807472
191 -0.02988807472
192 -0.02988807472
193 -0.02988807472
194 -0.02988807472
195 -0.02988807472
196 -0.02988807472
197 -0.02988807472
198 -0.02988807472
199 -0.02988807472
200 -0.02988807472
201 -0.02988807472
202 -0.02988807472
203 -0.02988807472
204 -0.02988807472
205 -0.02988807472
206 -0.02988807472
207 -0.02988807472
208 -0.02988807472
209 -0.02988807472
210 -0.02988807472
211 -0.02988807472
212 -0.02988807472
213 -0.02988807472
214 -0.02988807472
215 -0.02988807472
216 -0.02988807472
217 -0.02988807472
218 -0.02988807472
219 -0.02988807472
220 -0.02988807472
221 -0.02988807472
222 -0.02988807472
223 -0.02988807472
224 -0.02988807472
225 -0.02988807472
226 -0.02988807472
227 -0.02988807472
228 -0.02988807472
229 -0.02988807472
230 -0.02988807472
231 -0.02988807472
232 -0.02988807472
233 -0.02988807472
234 -0.02988807472
235 -0.02988807472
236 -0.02988807472
237 -0.02988807472
238 -0.02988807472
239 -0.02988807472
240 -0.02988807472
241 -0.02988807472
242 -0.02988807472
243 -0.02988807472
244 -0.02988807472
245 -0.02988807472
246 -0.02988807472
247 -0.02988807472
248 -0.02988807472
249 -0.02988807472
250 -0.02988807472
251 -0.02988807472
252 -0.02988807472
253 -0.02988807472
254 -0.02988807472
255 -0.02988807472
256 -0.02988807472
257 -0.02988807472
258 -0.02988807472
259 -0.02988807472
260 -0.02988807472
261 -0.02988807472
262 -0.02988807472
263 -0.02988807472
264 -0.02988807472
265 -0.02988807472
266 -0.02988807472
267 -0.02988807472
268 -0.02988807472
269 -0.02988807472
270 -0.02988807472
271 -0.02988807472
272 -0.02988807472
273 -0.02988807472
274 -0.02988807472
275 -0.02988807472
276 -0.02988807472
277 -0.02988807472
278 -0.02988807472
279 -0.02988807472
280 -0.02988807472
281 -0.02988807472
282 -0.02988807472
283 -0.02988807472
284 -0.02988807472
285 -0.02988807472
286 -0.02988807472
287 -0.02988807472
288 -0.02988807472
289 -0.02988807472
290 -0.02988807472
291 -0.02988807472
292 -0.02988807472
293 -0.02988807472
294 -0.02988807472
295 -0.02988807472
296 -0.02988807472
297 -0.02988807472
298 -0.02988807472
299 -0.02988807472
300 -0.02988807472
301 -0.02988807472
302 -0.02988807472
303 -0.02988807472
304 -0.02988807472
305 -0.02988807472
306 -0.02988807472
307 -0.02988807472
308 -0.02988807472
309 -0.02988807472
310 -0.02988807472
311 -0.02988807472
312 -0.02988807472
313 -0.02988807472
314 -0.02988807472
315 -0.02988807472
316 -0.02988807472
317 -0.02988807472
318 -0.02988807472
319 -0.02988807472
320 -0.02988807472
321 -0.02988807472
322 -0.02988807472
323 -0.02988807472
324 -0.02988807472
325 -0.02988807472
326 -0.02988807472
327 -0.02988807472
328 -0.02988807472
329 -0.02988807472
330 -0.02988807472
331 -0.02988807472
332 -0.02988807472
333 -0.02988807472
334 -0.02988807472
335 -0.02988807472
336 -0.02988807472
337 -0.02988807472
338 -0.02988807472
339 -0.02988807472
340 -0.02988807472
341 -0.02988807472
342 -0.02988807472
343 -0.02988807472
344 -0.02988807472
345 -0.02988807472
346 -0.02988807472
347 -0.02988807472
348 -0.02988807472
349 -0.02988807472
350 -0.02988807472
351 -0.02988807472
352 -0.02988807472
353 -0.02988807472
354 -0.02988807472
355 -0.02988807472
356 -0.02988807472
357 -0.02988807472
358 -0.02988807472
359 -0.02988807472
360 -0.02988807472
361 -0.02988807472
362 -0.02988807472
363 -0.02988807472
364 -0.02988807472
365 -0.02988807472
366 -0.02988807472
367 -0.02988807472
368 -0.02988807472
369 -0.02988807472
370 -0.02988807472
371 -0.02988807472
372 -0.02988807472
373 -0.02988807472
374 -0.02988807472
375 -0.02988807472
376 -0.02988807472
377 -0.02988807472
378 -0.02988807472
379 -0.02988807472
380 -0.02988807472
381 -0.02988807472
382 -0.02988807472
383 -0.02988807472
384 -0.02988807472
385 -0.02988807472
386 -0.02988807472
387 -0.02988807472
388 -0.02988807472
389 -0.02988807472
390 -0.02988807472
391 -0.02988807472
392 -0.02988807472
393 -0.02988807472
394 -0.02988807472
395 -0.02988807472
396 -0.02988807472
397 -0.02988807472
398 -0.02988807472
399 -0.02988807472
400 -0.02988807472
401 -0.02988807472
402 -0.02988807472
403 -0.02988807472
404 -0.02988807472
405 -0.02988807472
406 -0.02988807472
407 -0.02988807472
408 -0.02988807472
409 -0.02988807472
410 -0.02988807472
411 -0.02988807472
412 -0.02988807472
413 -0.02988807472
414 -0.02988807472
415 -0.02988807472
416 -0.02988807472
417 -0.02988807472
418 -0.02988807472
419 -0.02988807472
420 -0.02988807472
421 -0.02988807472
422 -0.02988807472
423 -0.02988807472
424 -0.02988807472
425 -0.02988807472
426 -0.02988807472
427 -0.02988807472
428 -0.02988807472
429 -0.02988807472
430 -0.02988807472
431 -0.02988807472
432 -0.02988807472
433 -0.02988807472
434 -0.02988807472
435 -0.02988807472
436 -0.02988807472
437 -0.02988807472
438 -0.02988807472
439 -0.02988807472
440 -0.02988807472
441 -0.02988807472
442 -0.02988807472
443 -0.02988807472
444 -0.02988807472
445 -0.02988807472
446 -0.02988807472
447 -0.02988807472
448 -0.02988807472
449 -0.02988807472
450 -0.02988807472
451 -0.02988807472
452 -0.02988807472
453 -0.02988807472
454 -0.02988807472
455 -0.02988807472
456 -0.02988807472
457 -0.02988807472
458 -0.02988807472
459 -0.02988807472
460 -0.02988807472
461 -0.02988807472
462 -0.02988807472
463 -0.02988807472
464 -0.02988807472
465 -0.02988807472
466 -0.02988807472
467 -0.02988807472
468 -0.02988807472
469 -0.02988807472
470 -0.02988807472
471 -0.02988807472
472 -0.02988807472
473 -0.02988807472
474 -0.02988807472
475 -0.02988807472
476 -0.02988807472
477 -0.02988807472
478 -0.02988807472
479 -0.02988807472
480 -0.02988807472
481 -0.02988807472
482 -0.02988807472
483 -0.02988807472
484 -0.02988807472
485 -0.02988807472
486 -0.02988807472
487 -0.02988807472
488 -0.02988807472
489 -0.02988807472
490 -0.02988807472
491 -0.02988807472
492 -0.02988807472
493 -0.02988807472
494 -0.02988807472
495 -0.02988807472
496 -0.02988807472
497 -0.02988807472
498 -0.02988807472
499 -0.02988807472
500 -0.02988807472
501 -0.02988807472
502 -0.02988807472
503 -0.02988807472
504 -0.02988807472
505 -0.02988807472
506 -0.02988807472
507 -0.02988807472
508 -0.02988807472
509 -0.02988807472
510 -0.02988807472
511 -0.02988807472
512 -0.02988807472
513 -0.02988807472
514 -0.02988807472
515 -0.02988807472
516 -0.02988807472
517 -0.02988807472
518 -0.02988807472
519 -0.02988807472
520 -0.02988807472
521 -0.02988807472
522 -0.02988807472
523 -0.02988807472
524 -0.02988807472
525 -0.02988807472
526 -0.02988807472
527 -0.02988807472
528 -0.02988807472
529 -0.02988807472
530 -0.02988807472
531 -0.02988807472
532 -0.02988807472
533 -0.02988807472
534 -0.02988807472
535 -0.02988807472
536 -0.02988807472
537 -0.02988807472
538 -0.02988807472
539 -0.02988807472
540 -0.02988807472
541 -0.02988807472
542 -0.02988807472
543 -0.02988807472
544 -0.02988807472
545 -0.02988807472
546 -0.02988807472
547 -0.02988807472
548 -0.02988807472
549 -0.02988807472
550 -0.02988807472
551 -0.02988807472
552 -0.02988807472
553 -0.02988807472
554 -0.02988807472
555 -0.02988807472
556 -0.02988807472
557 -0.02988807472
558 -0.02988807472
559 -0.02988807472
560 -0.02988807472
561 -0.02988807472
562 -0.02988807472
563 -0.02988807472
564 -0.02988807472
565 -0.02988807472
566 -0.02988807472
567 -0.02988807472
568 -0.02988807472
569 -0.02988807472
570 -0.02988807472
571 -0.02988807472
572 -0.02988807472
573 -0.02988807472
574 -0.02988807472
575 -0.02988807472
576 -0.02988807472
577 -0.02988807472
578 -0.02988807472
579 -0.02988807472
580 -0.02988807472
581 -0.02988807472
582 -0.02988807472
583 -0.02988807472
584 -0.02988807472
585 -0.02988807472
586 -0.02988807472
587 -0.02988807472
588 -0.02988807472
589 -0.02988807472
590 -0.02988807472
591 -0.02988807472
592 -0.02988807472
593 -0.02988807472
594 -0.02988807472
595 -0.02988807472
596 -0.02988807472
597 -0.02988807472
598 -0.02988807472
599 -0.02988807472
600 -0.02988807472
601 -0.02988807472
602 -0.02988807472
603 -0.02988807472
604 -0.02988807472
605 -0.02988807472
606 -0.02988807472
607 -0.02988807472
608 -0.02988807472
609 -0.02988807472
610 -0.02988807472
611 -0.02988807472
612 -0.02988807472
613 -0.02988807472
614 -0.02988807472
615 -0.02988807472
616 -0.02988807472
617 -0.02988807472
618 -0.02988807472
619 -0.02988807472
620 -0.02988807472
621 -0.02988807472
622 -0.02988807472
623 -0.02988807471
624 -0.02988807471
625 -0.02988807471
626 -0.0298880747
627 -0.02988807469
628 -0.02988807469
629 -0.02988807467
630 -0.02988807466
631 -0.02988807464
632 -0.02988807462
633 -0.0298880746
634 -0.02988807456
635 -0.02988807452
636 -0.02988807447
637 -0.0298880744
638 -0.02988807432
639 -0.02988807421
640 -0.02988807408
641 -0.02988807392
642 -0.02988807372
643 -0.02988807346
644 -0.02988807315
645 -0.02988807276
646 -0.02988807227
647 -0.02988807167
648 -0.02988807093
649 -0.02988807
650 -0.02988806886
651 -0.02988806745
652 -0.02988806571
653 -0.02988806356
654 -0.02988806092
655 -0.02988805766
656 -0.02988805367
657 -0.02988804876
658 -0.02988804274
659 -0.02988803537
660 -0.02988802635
661 -0.02988801532
662 -0.02988800185
663 -0.02988798542
664 -0.0298879654
665 -0.02988794103
666 -0.02988791139
667 -0.02988787538
668 -0.02988783167
669 -0.0298877787
670 -0.02988771454
671 -0.02988763692
672 -0.02988754313
673 -0.0298874299
674 -0.02988729335
675 -0.02988712885
676 -0.02988693089
677 -0.02988669292
678 -0.02988640714
679 -0.02988606432
680 -0.02988565349
681 -0.02988516169
682 -0.02988457358
683 -0.02988387103
684 -0.02988303267
685 -0.02988203329
686 -0.02988084323
687 -0.02987942758
688 -0.02987774537
689 -0.02987574852
690 -0.02987338067
691 -0.02987057586
692 -0.02986725696
693 -0.02986333389
694 -0.02985870158
695 -0.02985323759
696 -0.0298467994
697 -0.02983922137
698 -0.02983031111
699 -0.02981984554
700 -0.02980756617
701 -0.02979317394
702 -0.02977632318
703 -0.02975661485
704 -0.02973358883
705 -0.02970671518
706 -0.02967538429
707 -0.02963889572
708 -0.0295964456
709 -0.02954711247
710 -0.02948984135
711 -0.02942342578
712 -0.02934648774
713 -0.02925745518
714 -0.02915453677
715 -0.02903569383
716 -0.02889860894
717 -0.02874065106
718 -0.02855883663
719 -0.02834978652
720 -0.02810967824
721 -0.02783419301
722 -0.0275184574
723 -0.02715697877
724 -0.02674357433
725 -0.02627129298
726 -0.02573232961
727 -0.02511793109
728 -0.02441829341
729 -0.02362244936
730 -0.02271814602
731 -0.02169171137
732 -0.02052790934
733 -0.01920978267
734 -0.01771848267
735 -0.0160330853
736 -0.0141303928
737 -0.01198472009
738 -0.009567665395
739 -0.006847864221
740 -0.003790726153
741 -0.0003581538674
742 0.003491756218
743 0.007805032128
744 0.01263216374
745 0.01802845975
746 0.02405442431
747 0.0307761536
748 0.03826575199
749 0.04660176783
750 0.05586964827
751 0.06616221267
752 0.07758014365
753 0.09023249482
754 0.1042372139
755 0.1197216794
756 0.1368232498
757 0.1556898219
758 0.1764803967
759 0.1993656495
760 0.2245285022
761 0.2521646917
762 0.2824833336
763 0.3157074745
764 0.3520746293
765 0.391837298
766 0.4352634574
767 0.4826370194
768 0.5342582535
769 0.5904441625
770 0.6515288085
771 0.7178635787
772 0.7898173854
773 0.8677767915
774 0.952146054
775 1.043347077
776 1.141819264
777 1.248019269
778 1.362420622
779 1.485513243
780 1.617802813
781 1.759810014
782 1.912069616
783 2.075129417
784 2.249549012
785 2.435898408
786 2.634756457
787 2.846709122
788 3.072347559
789 3.312266018
790 3.567059569
791 3.837321632
792 4.123641344
793 4.426600738
794 4.746771751
795 5.084713068
796 5.440966808
797 5.816055063
798 6.210476293
799 6.624701605
800 7.059170921
801 7.514289055
802 7.990421716
803 8.48789146
804 9.006973612
805 9.547892184
806 10.11081581
807 10.69585374
808 11.30305187
809 11.93238895
810 12.58377284
811 13.257037
812 13.95193715
813 14.66814816
814 15.4052612
815 16.16278119
816 16.94012461
817 17.73661757
818 18.55149438
819 19.38389645
820 20.23287169
821 21.09737434
822 21.97626529
823 22.86831292
824 23.77219449
825 24.68649802
826 25.60972475
827 26.54029218
828 27.47653762
829 28.41672236
830 29.35903639
831 30.30160363
832 31.24248775
833 32.1796985
834 33.11119854
835 34.03491074
836 34.94872599
837 35.85051135
838 36.73811861
839 37.60939327
840 38.46218371
841 39.29435067
842 40.10377697
843 40.88837733
844 41.64610833
845 42.37497839
846 43.07305781
847 43.73848864
848 44.36949455
849 44.96439042
850 45.52159179
851 46.03962391
852 46.51713059
853 46.9528825
854 47.34578513
855 47.69488626
856 47.99938279
857 48.25862709
858 48.47213269
859 48.63957933
860 48.76081731
861 48.8358711
862 48.86494231
863 48.84841183
864 48.7868412
865 48.68097324
866 48.53173193
867 48.34022139
868 48.10772427
869 47.83569916
870 47.52577741
871 47.17975912
872 46.79960843
873 46.38744807
874 45.94555329
875 45.47634508
876 44.98238274
877 44.46635594
878 43.93107611
879 43.37946732
880 42.81455669
881 42.23946427
882 41.65739251
883 41.07161532
884 40.48546671
885 39.9023292
886 39.32562173
887 38.7587875
888 38.20528144
889 37.66855747
890 37.15205561
891 36.65918897
892 36.19333052
893 35.7577999
894 35.35585006
895 34.99065395
896 34.66529122
897 34.38273491
898 34.14583832
899 33.95732192
900 33.81976044
901 33.73557024
902 33.70699681
903 33.73610269
904 33.82475566
905 33.97461736
906 34.18713237
907 34.4635178
908 34.80475349
909 35.21157279
910 35.68445407
911 36.22361304
912 36.82899585
913 37.50027312
914 38.23683494
915 39.03778696
916 39.90194745
917 40.8278457
918 41.81372155
919 42.85752621
920 43.95692445
921 45.10929817
922 46.31175141
923 47.56111676
924 48.8539633
925 50.18660609
926 51.55511703
927 52.95533735
928 54.38289149
929 55.83320251
930 57.30150883
931 58.78288242
932 60.27224823
933 61.76440481
934 63.25404617
935 64.73578455
936 66.20417413
937 67.6537356
938 69.07898126
939 70.47444074
940 71.83468699
941 73.15436249
942 74.42820549
943 75.65107611
944 76.81798208
945 77.92410399
946 78.96481991
947 79.93572908
948 80.83267463
949 81.65176512
950 82.38939466
951 83.0422616
952 83.60738553
953 84.08212255
954 84.46417858
955 84.75162077
956 84.9428867
957 85.03679157
958 85.03253308
959 84.92969409
960 84.72824301
961 84.42853197
962 84.03129266
963 83.53763004
964 82.94901382
965 82.26726793
966 81.49455792
967 80.63337654
968 79.68652745
969 78.65710741
970 77.54848685
971 76.36428918
972 75.10836894
973 73.78478882
974 72.397796
975 70.95179778
976 69.45133671
977 67.90106552
978 66.30572189
979 64.67010335
980 62.99904242
981 61.29738219
982 59.56995249
983 57.82154676
984 56.05689991
985 54.28066711
986 52.49740374
987 50.7115466
988 48.92739642
989 47.14910187
990 45.38064492
991 43.62582784
992 41.88826171
993 40.17135653
994 38.47831294
995 36.81211547
996 35.17552744
997 33.57108735
998 32.00110674
999 30.46766958
1000 28.97263293
1001 27.517629
1002 26.10406844
1003 24.73314468
1004 23.40583946
1005 22.12292923
1006 20.88499248
1007 19.69241781
1008 18.54541265
1009 17.44401262
1010 16.38809129
1011 15.37737037
1012 14.41143015
1013 13.48972014
1014 12.61156984
1015 11.77619948
1016 10.98273076
1017 10.23019744
1018 9.517555737
1019 8.843694479
1020 8.207444937
1021 7.607590324
1022 7.042874891
1023 6.512012589
