#55533 2910.0027306555595563 0.0045701723689761716146 1 1261 16.000049430220818044 1024 7 1 J1713+0747 0.0000000 
0 52.51166927
1 53.93737471
2 55.39243123
3 56.87220782
4 58.37187911
5 59.88644349
6 61.41074274
7 62.93948275
8 64.46725561
9 65.98856261
10 67.49783833
11 68.98947554
12 70.45785078
13 71.89735056
14 73.30239788
15 74.66747911
16 75.98717082
17 77.25616664
18 78.4693037
19 79.62158875
20 80.70822354
21 81.72462939
22 82.66647085
23 83.52967804
24 84.31046781
25 85.00536328
26 85.61121181
27 86.12520117
28 86.54487377
29 86.86813898
30 87.0932832
31 87.21897781
32 87.24428495
33 87.16866084
34 86.99195692
35 86.71441861
36 86.33668176
37 85.85976685
38 85.28507091
39 84.61435735
40 83.84974362
41 82.99368701
42 82.04896851
43 81.01867496
44 79.90617966
45 78.71512154
46 77.44938302
47 76.11306687
48 74.71047214
49 73.24606932
50 71.72447507
51 70.15042651
52 68.52875543
53 66.8643625
54 65.16219169
55 63.42720513
56 61.66435845
57 59.87857691
58 58.07473237
59 56.25762123
60 54.43194358
61 52.60228352
62 50.77309087
63 48.94866425
64 47.13313576
65 45.33045711
66 43.54438738
67 41.77848244
68 40.03608591
69 38.32032189
70 36.63408914
71 34.98005696
72 33.36066261
73 31.77811016
74 30.23437085
75 28.73118473
76 27.27006372
77 25.85229572
78 24.47894992
79 23.15088315
80 21.86874708
81 20.63299626
82 19.44389695
83 18.30153643
84 17.20583297
85 16.15654611
86 15.15328729
87 14.19553074
88 13.28262443
89 12.41380115
90 11.58818949
91 10.80482474
92 10.06265962
93 9.360574786
94 8.697388952
95 8.071868785
96 7.48273832
97 6.928687981
98 6.408383127
99 5.920472123
100 5.463593889
101 5.036384934
102 4.637485865
103 4.265547349
104 3.919235554
105 3.597237051
106 3.298263205
107 3.021054053
108 2.764381689
109 2.527053188
110 2.307913054
111 2.105845265
112 1.919774883
113 1.748669308
114 1.591539153
115 1.447438809
116 1.31546669
117 1.194765215
118 1.084520532
119 0.9839620202
120 0.8923615911
121 0.8090328182
122 0.7333299115
123 0.6646465643
124 0.6024146909
125 0.546103076
126 0.4952159533
127 0.4492915313
128 0.4079004813
129 0.3706444019
130 0.3371542744
131 0.3070889181
132 0.2801334586
133 0.2559978167
134 0.2344152262
135 0.2151407877
136 0.1979500634
137 0.1826377192
138 0.1690162161
139 0.1569145548
140 0.1461770771
141 0.1366623221
142 0.1282419423
143 0.1207996767
144 0.1142303826
145 0.1084391239
146 0.1033403173
147 0.09885693209
148 0.09491974475
149 0.09146664437
150 0.08844198847
151 0.0857960061
152 0.08348424664
153 0.0814670716
154 0.07970918734
155 0.0781792163
156 0.07684930441
157 0.07569476247
158 0.07469373911
159 0.07382692334
160 0.07307727442
161 0.07242977706
162 0.07187122012
163 0.07138999678
164 0.07097592456
165 0.0706200835
166 0.07031467089
167 0.07005287116
168 0.06982873956
169 0.0696370983
170 0.06947344404
171 0.06933386559
172 0.06921497092
173 0.06911382232
174 0.06902787922
175 0.06895494756
176 0.06889313517
177 0.06884081253
178 0.0687965783
179 0.06875922898
180 0.06872773249
181 0.06870120492
182 0.06867889033
183 0.06866014313
184 0.0686444127
185 0.06863123009
186 0.06862019644
187 0.06861097296
188 0.06860327232
189 0.0685968511
190 0.06859150341
191 0.06858705533
192 0.06858336013
193 0.0685802942
194 0.06857775356
195 0.06857565082
196 0.06857391268
197 0.06857247769
198 0.06857129447
199 0.06857032005
200 0.06856951858
201 0.06856886019
202 0.06856832
203 0.06856787734
204 0.06856751505
205 0.06856721892
206 0.06856697715
207 0.06856678002
208 0.06856661948
209 0.0685664889
210 0.06856638282
211 0.06856629675
212 0.068566227
213 0.06856617056
214 0.06856612493
215 0.06856608809
216 0.06856605838
217 0.06856603446
218 0.06856601522
219 0.06856599976
220 0.06856598735
221 0.06856597741
222 0.06856596946
223 0.0685659631
224 0.06856595802
225 0.06856595397
226 0.06856595074
227 0.06856594818
228 0.06856594614
229 0.06856594452
230 0.06856594324
231 0.06856594223
232 0.06856594142
233 0.06856594079
234 0.06856594029
235 0.0685659399
236 0.06856593959
237 0.06856593935
238 0.06856593915
239 0.06856593901
240 0.06856593889
241 0.0685659388
242 0.06856593873
243 0.06856593867
244 0.06856593863
245 0.06856593859
246 0.06856593857
247 0.06856593855
248 0.06856593853
249 0.06856593852
250 0.06856593851
251 0.0685659385
252 0.06856593849
253 0.06856593849
254 0.06856593849
255 0.06856593848
256 0.06856593848
257 0.06856593848
258 0.06856593848
259 0.06856593848
260 0.06856593848
261 0.06856593848
262 0.06856593848
263 0.06856593848
264 0.06856593848
265 0.06856593848
266 0.06856593848
267 0.06856593848
268 0.06856593848
269 0.06856593848
270 0.06856593848
271 0.06856593848
272 0.06856593848
273 0.06856593848
274 0.06856593848
275 0.06856593848
276 0.06856593848
277 0.06856593848
278 0.06856593848
279 0.06856593848
280 0.06856593848
281 0.06856593848
282 0.06856593848
283 0.06856593848
284 0.06856593848
285 0.06856593848
286 0.06856593848
287 0.06856593848
288 0.06856593848
289 0.06856593848
290 0.06856593848
291 0.06856593848
292 0.06856593848
293 0.06856593848
294 0.06856593848
295 0.06856593848
296 0.06856593848
297 0.06856593848
298 0.06856593848
299 0.06856593848
300 0.06856593848
301 0.06856593848
302 0.06856593848
303 0.06856593848
304 0.06856593848
305 0.06856593848
306 0.06856593848
307 0.06856593848
308 0.06856593848
309 0.06856593848
310 0.06856593848
311 0.06856593848
312 0.06856593848
313 0.06856593848
314 0.06856593848
315 0.06856593848
316 0.06856593848
317 0.06856593848
318 0.06856593848
319 0.06856593848
320 0.06856593848
321 0.06856593848
322 0.06856593848
323 0.06856593848
324 0.06856593848
325 0.06856593848
326 0.06856593848
327 0.06856593848
328 0.06856593848
329 0.06856593848
330 0.06856593848
331 0.06856593848
332 0.06856593848
333 0.06856593848
334 0.06856593848
335 0.06856593848
336 0.06856593848
337 0.06856593848
338 0.06856593848
339 0.06856593848
340 0.06856593848
341 0.06856593848
342 0.06856593848
343 0.06856593848
344 0.06856593848
345 0.06856593848
346 0.06856593848
347 0.06856593848
348 0.06856593848
349 0.06856593848
350 0.06856593848
351 0.06856593848
352 0.06856593848
353 0.06856593848
354 0.06856593848
355 0.06856593848
356 0.06856593848
357 0.06856593848
358 0.06856593848
359 0.06856593848
360 0.06856593848
361 0.06856593848
362 0.06856593848
363 0.06856593848
364 0.06856593848
365 0.06856593848
366 0.06856593848
367 0.06856593848
368 0.06856593848
369 0.06856593848
370 0.06856593848
371 0.06856593848
372 0.06856593848
373 0.06856593848
374 0.06856593848
375 0.06856593848
376 0.06856593848
377 0.06856593848
378 0.06856593848
379 0.06856593848
380 0.06856593848
381 0.06856593848
382 0.06856593848
383 0.06856593848
384 0.06856593848
385 0.06856593848
386 0.06856593848
387 0.06856593848
388 0.06856593848
389 0.06856593848
390 0.06856593848
391 0.06856593848
392 0.06856593848
393 0.06856593848
394 0.06856593848
395 0.06856593848
396 0.06856593848
397 0.06856593848
398 0.06856593848
399 0.06856593848
400 0.06856593848
401 0.06856593848
402 0.06856593848
403 0.06856593848
404 0.06856593848
405 0.06856593848
406 0.06856593848
407 0.06856593848
408 0.06856593848
409 0.06856593848
410 0.06856593848
411 0.06856593848
412 0.06856593848
413 0.06856593848
414 0.06856593848
415 0.06856593848
416 0.06856593848
417 0.06856593848
418 0.06856593848
419 0.06856593848
420 0.06856593848
421 0.06856593848
422 0.06856593848
423 0.06856593848
424 0.06856593848
425 0.06856593848
426 0.06856593848
427 0.06856593848
428 0.06856593848
429 0.06856593848
430 0.06856593848
431 0.06856593848
432 0.06856593848
433 0.06856593848
434 0.06856593848
435 0.06856593848
436 0.06856593848
437 0.06856593848
438 0.06856593848
439 0.06856593848
440 0.06856593848
441 0.06856593848
442 0.06856593848
443 0.06856593848
444 0.06856593848
445 0.06856593848
446 0.06856593848
447 0.06856593848
448 0.06856593848
449 0.06856593848
450 0.06856593848
451 0.06856593848
452 0.06856593848
453 0.06856593848
454 0.06856593848
455 0.06856593848
456 0.06856593848
457 0.06856593848
458 0.06856593848
459 0.06856593848
460 0.06856593848
461 0.06856593848
462 0.06856593848
463 0.06856593848
464 0.06856593848
465 0.06856593848
466 0.06856593848
467 0.06856593848
468 0.06856593848
469 0.06856593848
470 0.06856593848
471 0.06856593848
472 0.06856593848
473 0.06856593848
474 0.06856593848
475 0.06856593848
476 0.06856593848
477 0.06856593848
478 0.06856593848
479 0.06856593848
480 0.06856593848
481 0.06856593848
482 0.06856593848
483 0.06856593848
484 0.06856593848
485 0.06856593848
486 0.06856593848
487 0.06856593848
488 0.06856593848
489 0.06856593848
490 0.06856593848
491 0.06856593848
492 0.06856593848
493 0.06856593848
494 0.06856593848
495 0.06856593848
496 0.06856593848
497 0.06856593848
498 0.06856593848
499 0.06856593848
500 0.06856593848
501 0.06856593848
502 0.06856593848
503 0.06856593848
504 0.06856593848
505 0.06856593848
506 0.06856593848
507 0.06856593848
508 0.06856593848
509 0.06856593848
510 0.06856593848
511 0.06856593848
512 0.06856593848
513 0.06856593848
514 0.06856593848
515 0.06856593848
516 0.06856593848
517 0.06856593848
518 0.06856593848
519 0.06856593848
520 0.06856593848
521 0.06856593848
522 0.06856593848
523 0.06856593848
524 0.06856593848
525 0.06856593848
526 0.06856593848
527 0.06856593848
528 0.06856593848
529 0.06856593848
530 0.06856593848
531 0.06856593848
532 0.06856593848
533 0.06856593848
534 0.06856593848
535 0.06856593848
536 0.06856593848
537 0.06856593848
538 0.06856593848
539 0.06856593848
540 0.06856593848
541 0.06856593848
542 0.06856593848
543 0.06856593848
544 0.06856593848
545 0.06856593848
546 0.06856593848
547 0.06856593848
548 0.06856593848
549 0.06856593848
550 0.06856593848
551 0.06856593848
552 0.06856593848
553 0.06856593848
554 0.06856593848
555 0.06856593848
556 0.06856593848
557 0.06856593848
558 0.06856593848
559 0.06856593848
560 0.06856593848
561 0.06856593848
562 0.06856593848
563 0.06856593848
564 0.06856593848
565 0.06856593848
566 0.06856593848
567 0.06856593848
568 0.06856593848
569 0.06856593848
570 0.06856593848
571 0.06856593848
572 0.06856593848
573 0.06856593848
574 0.06856593848
575 0.06856593848
576 0.06856593848
577 0.06856593848
578 0.06856593848
579 0.06856593848
580 0.06856593848
581 0.06856593848
582 0.06856593848
583 0.06856593848
584 0.06856593848
585 0.06856593848
586 0.06856593848
587 0.06856593848
588 0.06856593848
589 0.06856593848
590 0.06856593848
591 0.06856593848
592 0.06856593848
593 0.06856593848
594 0.06856593848
595 0.06856593848
596 0.06856593848
597 0.06856593848
598 0.06856593848
599 0.06856593848
600 0.06856593848
601 0.06856593848
602 0.06856593848
603 0.06856593848
604 0.06856593848
605 0.06856593848
606 0.06856593848
607 0.06856593848
608 0.06856593848
609 0.06856593848
610 0.06856593848
611 0.06856593848
612 0.06856593848
613 0.06856593848
614 0.06856593848
615 0.06856593848
616 0.06856593848
617 0.06856593848
618 0.06856593848
619 0.06856593848
620 0.06856593848
621 0.06856593848
622 0.06856593848
623 0.06856593848
624 0.06856593848
625 0.06856593848
626 0.06856593848
627 0.06856593848
628 0.06856593848
629 0.06856593848
630 0.06856593848
631 0.06856593848
632 0.06856593848
633 0.06856593848
634 0.06856593848
635 0.06856593848
636 0.06856593848
637 0.06856593848
638 0.06856593848
639 0.06856593848
640 0.06856593848
641 0.06856593848
642 0.06856593848
643 0.06856593848
644 0.06856593848
645 0.06856593848
646 0.06856593848
647 0.06856593848
648 0.06856593848
649 0.06856593848
650 0.06856593848
651 0.06856593848
652 0.06856593848
653 0.06856593848
654 0.06856593848
655 0.06856593848
656 0.06856593848
657 0.06856593848
658 0.06856593848
659 0.06856593848
660 0.06856593848
661 0.06856593848
662 0.06856593848
663 0.06856593848
664 0.06856593848
665 0.06856593848
666 0.06856593848
667 0.06856593848
668 0.06856593848
669 0.06856593848
670 0.06856593848
671 0.06856593848
672 0.06856593848
673 0.06856593848
674 0.06856593848
675 0.06856593848
676 0.06856593848
677 0.06856593848
678 0.06856593848
679 0.06856593848
680 0.06856593848
681 0.06856593848
682 0.06856593848
683 0.06856593848
684 0.06856593848
685 0.06856593848
686 0.06856593848
687 0.06856593848
688 0.06856593848
689 0.06856593848
690 0.06856593848
691 0.06856593848
692 0.06856593848
693 0.06856593848
694 0.06856593848
695 0.06856593848
696 0.06856593848
697 0.06856593848
698 0.06856593848
699 0.06856593848
700 0.06856593848
701 0.06856593848
702 0.06856593848
703 0.06856593848
704 0.06856593848
705 0.06856593848
706 0.06856593848
707 0.06856593848
708 0.06856593848
709 0.06856593848
710 0.06856593848
711 0.06856593848
712 0.06856593848
713 0.06856593848
714 0.06856593848
715 0.06856593848
716 0.06856593848
717 0.06856593848
718 0.06856593848
719 0.06856593848
720 0.06856593849
721 0.06856593849
722 0.06856593849
723 0.06856593849
724 0.0685659385
725 0.06856593851
726 0.06856593851
727 0.06856593852
728 0.06856593854
729 0.06856593855
730 0.06856593857
731 0.0685659386
732 0.06856593863
733 0.06856593867
734 0.06856593872
735 0.06856593879
736 0.06856593887
737 0.06856593897
738 0.06856593909
739 0.06856593925
740 0.06856593944
741 0.06856593969
742 0.06856593999
743 0.06856594036
744 0.06856594083
745 0.06856594141
746 0.06856594213
747 0.06856594302
748 0.06856594412
749 0.06856594547
750 0.06856594715
751 0.06856594922
752 0.06856595177
753 0.06856595491
754 0.06856595876
755 0.06856596349
756 0.0685659693
757 0.06856597642
758 0.06856598513
759 0.06856599578
760 0.0685660088
761 0.06856602468
762 0.06856604403
763 0.06856606761
764 0.06856609629
765 0.06856613114
766 0.06856617344
767 0.06856622474
768 0.06856628689
769 0.0685663621
770 0.06856645301
771 0.06856656279
772 0.06856669522
773 0.06856685481
774 0.06856704692
775 0.06856727794
776 0.06856755544
777 0.06856788845
778 0.06856828763
779 0.06856876564
780 0.06856933744
781 0.06857002071
782 0.06857083633
783 0.06857180889
784 0.06857296738
785 0.0685743459
786 0.0685759845
787 0.06857793019
788 0.06858023808
789 0.06858297273
790 0.06858620961
791 0.06859003691
792 0.06859455755
793 0.06859989149
794 0.0686061784
795 0.06861358067
796 0.06862228698
797 0.0686325162
798 0.068644522
799 0.06865859798
800 0.06867508362
801 0.06869437094
802 0.06871691212
803 0.06874322815
804 0.06877391853
805 0.06880967235
806 0.0688512807
807 0.06889965073
808 0.0689558214
809 0.06902098125
810 0.06909648832
811 0.06918389242
812 0.06928496015
813 0.06940170276
814 0.06953640729
815 0.06969167126
816 0.06987044123
817 0.07007605561
818 0.07031229225
819 0.07058342094
820 0.07089426168
821 0.07125024876
822 0.07165750159
823 0.0721229025
824 0.07265418222
825 0.07326001367
826 0.07395011458
827 0.07473535971
828 0.07562790321
829 0.07664131197
830 0.07779071056
831 0.07909293851
832 0.08056672076
833 0.08223285189
834 0.08411439493
835 0.08623689562
836 0.08862861257
837 0.09132076435
838 0.09434779383
839 0.09774765078
840 0.101562093
841 0.1058370066
842 0.1106227459
843 0.1159744935
844 0.1219526399
845 0.1286231841
846 0.1360581542
847 0.1443360479
848 0.153542293
849 0.163769727
850 0.1751190947
851 0.1876995643
852 0.201629258
853 0.2170357991
854 0.2340568702
855 0.2528407834
856 0.2735470581
857 0.2963470042
858 0.3214243081
859 0.3489756169
860 0.3792111178
861 0.4123551081
862 0.4486465504
863 0.4883396098
864 0.5317041646
865 0.579026288
866 0.6306086916
867 0.6867711259
868 0.7478507293
869 0.8142023203
870 0.8861986223
871 0.9642304162
872 1.04870661
873 1.140054219
874 1.238718248
875 1.345161461
876 1.459864044
877 1.583323138
878 1.716052237
879 1.858580454
880 2.011451626
881 2.175223278
882 2.350465413
883 2.537759137
884 2.737695113
885 2.950871832
886 3.177893702
887 3.419368958
888 3.675907374
889 3.948117805
890 4.236605525
891 4.5419694
892 4.86479887
893 5.205670767
894 5.565145963
895 5.943765865
896 6.342048766
897 6.760486066
898 7.199538378
899 7.659631527
900 8.14115248
901 8.644445214
902 9.169806534
903 9.717481901
904 10.28766125
905 10.88047485
906 11.49598928
907 12.1342034
908 12.79504456
909 13.47836493
910 14.18393796
911 14.9114552
912 15.66052326
913 16.43066109
914 17.22129764
915 18.03176981
916 18.86132081
917 19.70909896
918 20.57415687
919 21.4554512
920 22.35184278
921 23.26209736
922 24.18488681
923 25.11879095
924 26.06229987
925 27.01381689
926 27.97166199
927 28.93407598
928 29.8992251
929 30.86520625
930 31.83005278
931 32.79174084
932 33.7481962
933 34.6973016
934 35.63690463
935 36.56482592
936 37.47886789
937 38.37682373
938 39.25648678
939 40.11566019
940 40.95216678
941 41.76385907
942 42.54862946
943 43.30442047
944 44.02923499
945 44.72114649
946 45.37830909
947 45.99896752
948 46.58146683
949 47.12426179
950 47.62592603
951 48.08516071
952 48.50080283
953 48.87183294
954 49.19738243
955 49.47674013
956 49.7093584
957 49.89485841
958 50.03303491
959 50.12386009
960 50.16748686
961 50.16425124
962 50.11467406
963 50.0194618
964 49.87950669
965 49.69588593
966 49.46986025
967 49.20287151
968 48.89653965
969 48.55265881
970 48.17319272
971 47.76026934
972 47.31617482
973 46.84334675
974 46.34436679
975 45.8219526
976 45.2789493
977 44.71832023
978 44.14313726
979 43.5565706
980 42.96187811
981 42.36239421
982 41.7615184
983 41.16270338
984 40.56944286
985 39.98525913
986 39.41369027
987 38.85827719
988 38.32255049
989 37.81001711
990 37.32414688
991 36.86835893
992 36.44600813
993 36.06037136
994 35.71463391
995 35.41187584
996 35.15505846
997 34.94701089
998 34.79041679
999 34.68780133
1000 34.64151831
1001 34.65373769
1002 34.72643337
1003 34.8613714
1004 35.06009865
1005 35.323932
1006 35.65394806
1007 36.05097358
1008 36.51557652
1009 37.04805791
1010 37.64844457
1011 38.31648265
1012 39.05163228
1013 39.85306314
1014 40.71965123
1015 41.64997677
1016 42.6423234
1017 43.6946786
1018 44.80473552
1019 45.96989625
1020 47.18727646
1021 48.45371159
1022 49.76576451
1023 51.11973475
