#55446 2910.0010787695514423 0.004570518329143966399 1 1373 16.000049430220818044 1024 7 1 J1713+0747 0.0000000 
0 0.3497096685
1 0.3497095712
2 0.3497094922
3 0.3497094282
4 0.3497093765
5 0.3497093346
6 0.3497093008
7 0.3497092736
8 0.3497092516
9 0.349709234
10 0.3497092198
11 0.3497092084
12 0.3497091993
13 0.349709192
14 0.3497091861
15 0.3497091815
16 0.3497091778
17 0.3497091748
18 0.3497091725
19 0.3497091706
20 0.3497091691
21 0.3497091679
22 0.349709167
23 0.3497091663
24 0.3497091657
25 0.3497091652
26 0.3497091649
27 0.3497091646
28 0.3497091644
29 0.3497091642
30 0.3497091641
31 0.3497091639
32 0.3497091639
33 0.3497091638
34 0.3497091637
35 0.3497091637
36 0.3497091637
37 0.3497091636
38 0.3497091636
39 0.3497091636
40 0.3497091636
41 0.3497091636
42 0.3497091636
43 0.3497091636
44 0.3497091636
45 0.3497091636
46 0.3497091636
47 0.3497091636
48 0.3497091636
49 0.3497091636
50 0.3497091636
51 0.3497091636
52 0.3497091636
53 0.3497091636
54 0.3497091636
55 0.3497091636
56 0.3497091636
57 0.3497091636
58 0.3497091636
59 0.3497091636
60 0.3497091636
61 0.3497091636
62 0.3497091636
63 0.3497091636
64 0.3497091636
65 0.3497091636
66 0.3497091636
67 0.3497091636
68 0.3497091636
69 0.3497091636
70 0.3497091636
71 0.3497091636
72 0.3497091636
73 0.3497091636
74 0.3497091636
75 0.3497091636
76 0.3497091636
77 0.3497091636
78 0.3497091636
79 0.3497091636
80 0.3497091636
81 0.3497091636
82 0.3497091636
83 0.3497091636
84 0.3497091636
85 0.3497091636
86 0.3497091636
87 0.3497091636
88 0.3497091636
89 0.3497091636
90 0.3497091636
91 0.3497091636
92 0.3497091636
93 0.3497091636
94 0.3497091636
95 0.3497091636
96 0.3497091636
97 0.3497091636
98 0.3497091636
99 0.3497091636
100 0.3497091636
101 0.3497091636
102 0.3497091636
103 0.3497091636
104 0.3497091636
105 0.3497091636
106 0.3497091636
107 0.3497091636
108 0.3497091636
109 0.3497091636
110 0.3497091636
111 0.3497091636
112 0.3497091636
113 0.3497091636
114 0.3497091636
115 0.3497091636
116 0.3497091636
117 0.3497091636
118 0.3497091636
119 0.3497091636
120 0.3497091636
121 0.3497091636
122 0.3497091636
123 0.3497091636
124 0.3497091636
125 0.3497091636
126 0.3497091636
127 0.3497091636
128 0.3497091636
129 0.3497091636
130 0.3497091636
131 0.3497091636
132 0.3497091636
133 0.3497091636
134 0.3497091636
135 0.3497091636
136 0.3497091636
137 0.3497091636
138 0.3497091636
139 0.3497091636
140 0.3497091636
141 0.3497091636
142 0.3497091636
143 0.3497091636
144 0.3497091636
145 0.3497091636
146 0.3497091636
147 0.3497091636
148 0.3497091636
149 0.3497091636
150 0.3497091636
151 0.3497091636
152 0.3497091636
153 0.3497091636
154 0.3497091636
155 0.3497091636
156 0.3497091636
157 0.3497091636
158 0.3497091636
159 0.3497091636
160 0.3497091636
161 0.3497091636
162 0.3497091636
163 0.3497091636
164 0.3497091636
165 0.3497091636
166 0.3497091636
167 0.3497091636
168 0.3497091636
169 0.3497091636
170 0.3497091636
171 0.3497091636
172 0.3497091636
173 0.3497091636
174 0.3497091636
175 0.3497091636
176 0.3497091636
177 0.3497091636
178 0.3497091636
179 0.3497091636
180 0.3497091636
181 0.3497091636
182 0.3497091636
183 0.3497091636
184 0.3497091636
185 0.3497091636
186 0.3497091636
187 0.3497091636
188 0.3497091636
189 0.3497091636
190 0.3497091636
191 0.3497091636
192 0.3497091636
193 0.3497091636
194 0.3497091636
195 0.3497091636
196 0.3497091636
197 0.3497091636
198 0.3497091636
199 0.3497091636
200 0.3497091636
201 0.3497091636
202 0.3497091636
203 0.3497091636
204 0.3497091636
205 0.3497091636
206 0.3497091636
207 0.3497091636
208 0.3497091636
209 0.3497091636
210 0.3497091636
211 0.3497091636
212 0.3497091636
213 0.3497091636
214 0.3497091636
215 0.3497091636
216 0.3497091636
217 0.3497091636
218 0.3497091636
219 0.3497091636
220 0.3497091636
221 0.3497091636
222 0.3497091636
223 0.3497091636
224 0.3497091636
225 0.3497091636
226 0.3497091636
227 0.3497091636
228 0.3497091636
229 0.3497091636
230 0.3497091636
231 0.3497091636
232 0.3497091636
233 0.3497091636
234 0.3497091636
235 0.3497091636
236 0.3497091636
237 0.3497091636
238 0.3497091636
239 0.3497091636
240 0.3497091636
241 0.3497091636
242 0.3497091636
243 0.3497091636
244 0.3497091636
245 0.3497091636
246 0.3497091636
247 0.3497091636
248 0.3497091636
249 0.3497091636
250 0.3497091636
251 0.3497091636
252 0.3497091636
253 0.3497091636
254 0.3497091636
255 0.3497091636
256 0.3497091636
257 0.3497091636
258 0.3497091636
259 0.3497091636
260 0.3497091636
261 0.3497091636
262 0.3497091636
263 0.3497091636
264 0.3497091636
265 0.3497091636
266 0.3497091636
267 0.3497091636
268 0.3497091636
269 0.3497091636
270 0.3497091636
271 0.3497091636
272 0.3497091636
273 0.3497091636
274 0.3497091636
275 0.3497091636
276 0.3497091636
277 0.3497091636
278 0.3497091636
279 0.3497091636
280 0.3497091636
281 0.3497091636
282 0.3497091636
283 0.3497091636
284 0.3497091636
285 0.3497091636
286 0.3497091636
287 0.3497091636
288 0.3497091636
289 0.3497091636
290 0.3497091636
291 0.3497091636
292 0.3497091636
293 0.3497091636
294 0.3497091636
295 0.3497091636
296 0.3497091636
297 0.3497091636
298 0.3497091636
299 0.3497091636
300 0.3497091636
301 0.3497091636
302 0.3497091636
303 0.3497091636
304 0.3497091636
305 0.3497091636
306 0.3497091636
307 0.3497091636
308 0.3497091636
309 0.3497091636
310 0.3497091636
311 0.3497091636
312 0.3497091636
313 0.3497091636
314 0.3497091636
315 0.3497091636
316 0.3497091636
317 0.3497091636
318 0.3497091636
319 0.3497091636
320 0.3497091636
321 0.3497091636
322 0.3497091636
323 0.3497091636
324 0.3497091636
325 0.3497091636
326 0.3497091636
327 0.3497091636
328 0.3497091636
329 0.3497091636
330 0.3497091636
331 0.3497091636
332 0.3497091636
333 0.3497091636
334 0.3497091636
335 0.3497091636
336 0.3497091636
337 0.3497091636
338 0.3497091636
339 0.3497091636
340 0.3497091636
341 0.3497091636
342 0.3497091636
343 0.3497091636
344 0.3497091636
345 0.3497091636
346 0.3497091636
347 0.3497091636
348 0.3497091636
349 0.3497091636
350 0.3497091636
351 0.3497091636
352 0.3497091636
353 0.3497091636
354 0.3497091636
355 0.3497091636
356 0.3497091636
357 0.3497091636
358 0.3497091636
359 0.3497091636
360 0.3497091636
361 0.3497091636
362 0.3497091636
363 0.3497091636
364 0.3497091636
365 0.3497091636
366 0.3497091636
367 0.3497091636
368 0.3497091636
369 0.3497091636
370 0.3497091636
371 0.3497091636
372 0.3497091636
373 0.3497091636
374 0.3497091636
375 0.3497091636
376 0.3497091636
377 0.3497091636
378 0.3497091636
379 0.3497091636
380 0.3497091636
381 0.3497091636
382 0.3497091636
383 0.3497091636
384 0.3497091636
385 0.3497091636
386 0.3497091636
387 0.3497091636
388 0.3497091636
389 0.3497091636
390 0.3497091636
391 0.3497091636
392 0.3497091636
393 0.3497091636
394 0.3497091636
395 0.3497091636
396 0.3497091636
397 0.3497091636
398 0.3497091636
399 0.3497091636
400 0.3497091636
401 0.3497091636
402 0.3497091636
403 0.3497091636
404 0.3497091636
405 0.3497091636
406 0.3497091636
407 0.3497091636
408 0.3497091636
409 0.3497091636
410 0.3497091636
411 0.3497091636
412 0.3497091636
413 0.3497091636
414 0.3497091636
415 0.3497091636
416 0.3497091636
417 0.3497091636
418 0.3497091636
419 0.3497091636
420 0.3497091636
421 0.3497091636
422 0.3497091636
423 0.3497091636
424 0.3497091636
425 0.3497091636
426 0.3497091636
427 0.3497091636
428 0.3497091636
429 0.3497091636
430 0.3497091636
431 0.3497091636
432 0.3497091636
433 0.3497091636
434 0.3497091636
435 0.3497091636
436 0.3497091636
437 0.3497091636
438 0.3497091636
439 0.3497091636
440 0.3497091636
441 0.3497091636
442 0.3497091636
443 0.3497091636
444 0.3497091636
445 0.3497091636
446 0.3497091636
447 0.3497091636
448 0.3497091636
449 0.3497091636
450 0.3497091636
451 0.3497091636
452 0.3497091636
453 0.3497091636
454 0.3497091636
455 0.3497091636
456 0.3497091636
457 0.3497091636
458 0.3497091636
459 0.3497091636
460 0.3497091636
461 0.3497091636
462 0.3497091636
463 0.3497091636
464 0.3497091636
465 0.3497091636
466 0.3497091636
467 0.3497091636
468 0.3497091636
469 0.3497091636
470 0.3497091636
471 0.3497091636
472 0.3497091636
473 0.3497091636
474 0.3497091636
475 0.3497091636
476 0.3497091636
477 0.3497091636
478 0.3497091636
479 0.3497091636
480 0.3497091636
481 0.3497091636
482 0.3497091636
483 0.3497091636
484 0.3497091636
485 0.3497091636
486 0.3497091636
487 0.3497091636
488 0.3497091636
489 0.3497091636
490 0.3497091636
491 0.3497091636
492 0.3497091636
493 0.3497091636
494 0.3497091636
495 0.3497091636
496 0.3497091636
497 0.3497091636
498 0.3497091636
499 0.3497091636
500 0.3497091636
501 0.3497091636
502 0.3497091636
503 0.3497091636
504 0.3497091636
505 0.3497091636
506 0.3497091636
507 0.3497091636
508 0.3497091636
509 0.3497091636
510 0.3497091636
511 0.3497091636
512 0.3497091636
513 0.3497091636
514 0.3497091636
515 0.3497091636
516 0.3497091636
517 0.3497091636
518 0.3497091636
519 0.3497091636
520 0.3497091636
521 0.3497091637
522 0.3497091637
523 0.3497091637
524 0.3497091637
525 0.3497091638
526 0.3497091639
527 0.3497091639
528 0.349709164
529 0.3497091641
530 0.3497091643
531 0.3497091645
532 0.3497091647
533 0.349709165
534 0.3497091653
535 0.3497091657
536 0.3497091663
537 0.3497091669
538 0.3497091678
539 0.3497091688
540 0.34970917
541 0.3497091716
542 0.3497091735
543 0.3497091758
544 0.3497091787
545 0.3497091823
546 0.3497091867
547 0.349709192
548 0.3497091986
549 0.3497092067
550 0.3497092165
551 0.3497092285
552 0.3497092432
553 0.3497092611
554 0.3497092828
555 0.3497093093
556 0.3497093415
557 0.3497093806
558 0.349709428
559 0.3497094854
560 0.3497095548
561 0.3497096388
562 0.3497097402
563 0.3497098625
564 0.3497100099
565 0.3497101873
566 0.3497104006
567 0.3497106569
568 0.3497109644
569 0.349711333
570 0.3497117744
571 0.3497123023
572 0.3497129332
573 0.3497136863
574 0.3497145843
575 0.349715654
576 0.3497169268
577 0.3497184396
578 0.349720236
579 0.3497223668
580 0.3497248915
581 0.3497278798
582 0.3497314131
583 0.3497355865
584 0.3497405106
585 0.3497463143
586 0.3497531476
587 0.3497611845
588 0.3497706271
589 0.3497817095
590 0.3497947025
591 0.3498099196
592 0.3498277224
593 0.3498485284
594 0.3498728181
595 0.3499011448
596 0.3499341445
597 0.349972547
598 0.3500171895
599 0.3500690305
600 0.3501291668
601 0.3501988513
602 0.350279514
603 0.3503727848
604 0.3504805194
605 0.3506048277
606 0.3507481061
607 0.3509130731
608 0.3511028085
609 0.3513207974
610 0.3515709787
611 0.3518577987
612 0.3521862706
613 0.352562039
614 0.3529914525
615 0.3534816419
616 0.3540406071
617 0.3546773114
618 0.3554017851
619 0.3562252385
620 0.3571601845
621 0.3582205724
622 0.3594219328
623 0.3607815349
624 0.3623185561
625 0.3640542657
626 0.3660122216
627 0.3682184834
628 0.3707018392
629 0.3734940502
630 0.3766301103
631 0.3801485241
632 0.384091602
633 0.3885057733
634 0.3934419181
635 0.3989557169
636 0.4051080202
637 0.4119652357
638 0.4195997338
639 0.4280902727
640 0.4375224394
641 0.4479891087
642 0.4595909181
643 0.472436757
644 0.4866442702
645 0.5023403723
646 0.5196617726
647 0.538755507
648 0.5597794754
649 0.582902981
650 0.608307268
651 0.6361860548
652 0.6667460591
653 0.7002075084
654 0.7368046339
655 0.7767861412
656 0.8204156524
657 0.8679721142
658 0.9197501655
659 0.9760604586
660 1.037229926
661 1.103601989
662 1.175536693
663 1.253410773
664 1.337617635
665 1.42856724
666 1.5266859
667 1.632415957
668 1.746215354
669 1.868557083
670 1.999928496
671 2.140830495
672 2.291776558
673 2.453291636
674 2.625910879
675 2.810178209
676 3.006644729
677 3.215866957
678 3.438404901
679 3.674819952
680 3.925672614
681 4.191520052
682 4.472913487
683 4.770395416
684 5.084496677
685 5.415733363
686 5.764603591
687 6.131584144
688 6.517126985
689 6.921655673
690 7.34556168
691 7.789200639
692 8.252888541
693 8.736897888
694 9.241453842
695 9.766730387
696 10.31284652
697 10.87986252
698 11.46777628
699 12.0765198
700 12.70595579
701 13.35587448
702 14.0259906
703 14.71594066
704 15.42528043
705 16.1534828
706 16.89993586
707 17.66394143
708 18.44471398
709 19.24137983
710 20.05297695
711 20.87845515
712 21.71667664
713 22.5664173
714 23.42636826
715 24.29513807
716 25.17125545
717 26.05317248
718 26.93926839
719 27.82785384
720 28.71717574
721 29.60542258
722 30.49073031
723 31.37118856
724 32.24484753
725 33.10972512
726 33.96381457
727 34.80509247
728 35.63152708
729 36.44108693
730 37.23174973
731 38.00151144
732 38.74839553
733 39.47046234
734 40.16581852
735 40.83262644
736 41.4691136
737 42.07358193
738 42.64441689
739 43.18009646
740 43.67919981
741 44.14041562
742 44.56255014
743 44.9445348
744 45.2854333
745 45.5844483
746 45.84092753
747 46.05436934
748 46.2244276
749 46.35091599
750 46.43381168
751 46.47325819
752 46.46956772
753 46.42322257
754 46.33487601
755 46.20535228
756 46.03564593
757 45.8269204
758 45.5805059
759 45.2978965
760 44.98074658
761 44.63086658
762 44.25021807
763 43.84090813
764 43.40518318
765 42.94542213
766 42.464129
767 41.963925
768 41.44754003
769 40.91780379
770 40.37763631
771 39.83003819
772 39.27808031
773 38.7248933
774 38.17365658
775 37.62758715
776 37.08992813
777 36.56393694
778 36.05287347
779 35.55998788
780 35.08850833
781 34.64162863
782 34.22249571
783 33.83419711
784 33.47974838
785 33.16208054
786 32.8840275
787 32.64831367
788 32.45754152
789 32.31417945
790 32.22054969
791 32.17881657
792 32.19097493
793 32.25883894
794 32.38403125
795 32.56797255
796 32.81187161
797 33.11671588
798 33.4832626
799 33.91203066
800 34.40329306
801 34.95707025
802 35.5731242
803 36.25095349
804 36.98978921
805 37.78859208
806 38.64605046
807 39.56057965
808 40.53032233
809 41.55315027
810 42.62666728
811 43.74821361
812 44.9148716
813 46.12347279
814 47.37060644
815 48.65262942
816 49.96567759
817 51.30567851
818 52.66836557
819 54.0492935
820 55.44385506
821 56.84729913
822 58.25474983
823 59.66122683
824 61.06166657
825 62.45094447
826 63.82389783
827 65.17534939
828 66.50013149
829 67.79311046
830 69.04921139
831 70.26344283
832 71.43092148
833 72.54689659
834 73.60677393
835 74.60613919
836 75.54078059
837 76.4067106
838 77.20018654
839 77.91773
840 78.55614484
841 79.11253368
842 79.58431276
843 79.96922505
844 80.26535149
845 80.47112028
846 80.58531418
847 80.60707574
848 80.53591037
849 80.37168732
850 80.11463852
851 79.76535529
852 79.32478294
853 78.79421331
854 78.17527536
855 77.46992383
856 76.68042605
857 75.80934714
858 74.8595335
859 73.83409495
860 72.73638552
861 71.56998308
862 70.33866801
863 69.04640099
864 67.69730019
865 66.29561792
866 64.84571702
867 63.3520471
868 61.81912077
869 60.25149014
870 58.65372365
871 57.03038337
872 55.38600307
873 53.725067
874 52.05198963
875 50.37109645
876 48.68660584
877 47.00261232
878 45.32307098
879 43.65178334
880 41.99238466
881 40.34833269
882 38.72289795
883 37.11915542
884 35.53997788
885 33.98803058
886 32.46576747
887 30.97542885
888 29.51904031
889 28.09841311
890 26.71514574
891 25.37062666
892 24.06603818
893 22.80236138
894 21.58038188
895 20.40069658
896 19.26372102
897 18.16969752
898 17.11870378
899 16.11066205
900 15.14534862
901 14.22240359
902 13.34134089
903 12.50155841
904 11.70234814
905 10.94290631
906 10.22234344
907 9.539694184
908 8.893926983
909 8.283953442
910 7.708637378
911 7.166803501
912 6.657245714
913 6.178734969
914 5.730026693
915 5.309867728
916 4.9170028
917 4.550180503
918 4.208158779
919 3.88970992
920 3.593625073
921 3.318718275
922 3.063830012
923 2.827830337
924 2.609621541
925 2.408140416
926 2.222360117
927 2.051291649
928 1.893985007
929 1.749529986
930 1.617056684
931 1.495735737
932 1.384778287
933 1.283435733
934 1.190999259
935 1.106799201
936 1.030204231
937 0.9606204201
938 0.8974901674
939 0.8402910421
940 0.788534536
941 0.7417647548
942 0.69955706
943 0.6615166764
944 0.6272772785
945 0.5964995679
946 0.5688698517
947 0.5440986326
948 0.5219192178
949 0.5020863554
950 0.4843749028
951 0.4685785346
952 0.4545084925
953 0.4419923815
954 0.4308730155
955 0.4210073135
956 0.4122652488
957 0.4045288511
958 0.3976912623
959 0.3916558457
960 0.3863353482
961 0.3816511144
962 0.3775323512
963 0.3739154419
964 0.370743308
965 0.3679648165
966 0.3655342314
967 0.3634107067
968 0.3615578191
969 0.3599431386
970 0.3585378344
971 0.3573163137
972 0.3562558922
973 0.3553364936
974 0.3545403758
975 0.3538518832
976 0.3532572211
977 0.3527442528
978 0.3523023155
979 0.3519220552
980 0.3515952779
981 0.3513148162
982 0.3510744093
983 0.3508685969
984 0.3506926229
985 0.3505423511
986 0.350414189
987 0.3503050212
988 0.3502121495
989 0.3501332408
990 0.3500662799
991 0.3500095292
992 0.3499614921
993 0.3499208818
994 0.349886593
995 0.3498576781
996 0.3498333253
997 0.3498128406
998 0.3497956311
999 0.3497811911
1000 0.3497690903
1001 0.3497589623
1002 0.349750496
1003 0.3497434277
1004 0.3497375339
1005 0.3497326255
1006 0.349728543
1007 0.3497251515
1008 0.3497223376
1009 0.3497200059
1010 0.3497180761
1011 0.3497164809
1012 0.349715164
1013 0.3497140782
1014 0.349713184
1015 0.3497124485
1016 0.3497118443
1017 0.3497113487
1018 0.3497109425
1019 0.3497106101
1020 0.3497103383
1021 0.3497101165
1022 0.3497099356
1023 0.3497097883
