#55511 2910.0016791393824982 0.0045703141642531534133 1 1325 16.000049430220818044 1024 7 1 J1713+0747 0.0000000 
0 0.190894551
1 0.190894551
2 0.190894551
3 0.190894551
4 0.190894551
5 0.190894551
6 0.190894551
7 0.190894551
8 0.190894551
9 0.190894551
10 0.190894551
11 0.190894551
12 0.190894551
13 0.190894551
14 0.190894551
15 0.190894551
16 0.190894551
17 0.190894551
18 0.190894551
19 0.190894551
20 0.190894551
21 0.190894551
22 0.190894551
23 0.190894551
24 0.190894551
25 0.190894551
26 0.190894551
27 0.190894551
28 0.190894551
29 0.190894551
30 0.190894551
31 0.190894551
32 0.190894551
33 0.190894551
34 0.190894551
35 0.190894551
36 0.190894551
37 0.190894551
38 0.190894551
39 0.190894551
40 0.190894551
41 0.190894551
42 0.190894551
43 0.190894551
44 0.190894551
45 0.190894551
46 0.190894551
47 0.190894551
48 0.190894551
49 0.190894551
50 0.190894551
51 0.190894551
52 0.190894551
53 0.190894551
54 0.190894551
55 0.190894551
56 0.190894551
57 0.190894551
58 0.190894551
59 0.190894551
60 0.190894551
61 0.190894551
62 0.190894551
63 0.190894551
64 0.190894551
65 0.190894551
66 0.190894551
67 0.190894551
68 0.190894551
69 0.190894551
70 0.190894551
71 0.190894551
72 0.190894551
73 0.190894551
74 0.190894551
75 0.190894551
76 0.190894551
77 0.190894551
78 0.190894551
79 0.190894551
80 0.190894551
81 0.190894551
82 0.190894551
83 0.190894551
84 0.190894551
85 0.190894551
86 0.190894551
87 0.190894551
88 0.190894551
89 0.190894551
90 0.190894551
91 0.190894551
92 0.190894551
93 0.190894551
94 0.190894551
95 0.190894551
96 0.190894551
97 0.190894551
98 0.190894551
99 0.190894551
100 0.190894551
101 0.190894551
102 0.190894551
103 0.190894551
104 0.190894551
105 0.190894551
106 0.190894551
107 0.190894551
108 0.190894551
109 0.190894551
110 0.190894551
111 0.190894551
112 0.190894551
113 0.190894551
114 0.190894551
115 0.190894551
116 0.190894551
117 0.190894551
118 0.190894551
119 0.190894551
120 0.190894551
121 0.190894551
122 0.190894551
123 0.190894551
124 0.190894551
125 0.190894551
126 0.190894551
127 0.190894551
128 0.190894551
129 0.190894551
130 0.190894551
131 0.190894551
132 0.190894551
133 0.190894551
134 0.190894551
135 0.190894551
136 0.190894551
137 0.190894551
138 0.190894551
139 0.190894551
140 0.190894551
141 0.190894551
142 0.190894551
143 0.190894551
144 0.190894551
145 0.190894551
146 0.190894551
147 0.190894551
148 0.190894551
149 0.190894551
150 0.190894551
151 0.190894551
152 0.190894551
153 0.190894551
154 0.190894551
155 0.190894551
156 0.190894551
157 0.190894551
158 0.190894551
159 0.190894551
160 0.190894551
161 0.190894551
162 0.190894551
163 0.190894551
164 0.190894551
165 0.190894551
166 0.190894551
167 0.190894551
168 0.190894551
169 0.190894551
170 0.190894551
171 0.190894551
172 0.190894551
173 0.190894551
174 0.190894551
175 0.190894551
176 0.190894551
177 0.190894551
178 0.190894551
179 0.190894551
180 0.190894551
181 0.190894551
182 0.190894551
183 0.190894551
184 0.190894551
185 0.190894551
186 0.190894551
187 0.190894551
188 0.190894551
189 0.190894551
190 0.190894551
191 0.190894551
192 0.190894551
193 0.190894551
194 0.190894551
195 0.190894551
196 0.190894551
197 0.190894551
198 0.190894551
199 0.190894551
200 0.190894551
201 0.190894551
202 0.190894551
203 0.190894551
204 0.190894551
205 0.190894551
206 0.190894551
207 0.190894551
208 0.190894551
209 0.190894551
210 0.190894551
211 0.190894551
212 0.190894551
213 0.190894551
214 0.190894551
215 0.190894551
216 0.190894551
217 0.190894551
218 0.190894551
219 0.190894551
220 0.190894551
221 0.190894551
222 0.190894551
223 0.190894551
224 0.190894551
225 0.190894551
226 0.190894551
227 0.190894551
228 0.190894551
229 0.190894551
230 0.190894551
231 0.190894551
232 0.190894551
233 0.190894551
234 0.190894551
235 0.190894551
236 0.190894551
237 0.190894551
238 0.190894551
239 0.190894551
240 0.190894551
241 0.190894551
242 0.190894551
243 0.190894551
244 0.190894551
245 0.190894551
246 0.190894551
247 0.190894551
248 0.190894551
249 0.190894551
250 0.190894551
251 0.190894551
252 0.190894551
253 0.190894551
254 0.190894551
255 0.190894551
256 0.190894551
257 0.190894551
258 0.190894551
259 0.190894551
260 0.190894551
261 0.190894551
262 0.190894551
263 0.190894551
264 0.190894551
265 0.190894551
266 0.190894551
267 0.190894551
268 0.190894551
269 0.190894551
270 0.190894551
271 0.190894551
272 0.190894551
273 0.190894551
274 0.190894551
275 0.190894551
276 0.190894551
277 0.190894551
278 0.190894551
279 0.190894551
280 0.190894551
281 0.190894551
282 0.190894551
283 0.190894551
284 0.190894551
285 0.190894551
286 0.190894551
287 0.190894551
288 0.190894551
289 0.190894551
290 0.190894551
291 0.190894551
292 0.190894551
293 0.190894551
294 0.190894551
295 0.190894551
296 0.190894551
297 0.190894551
298 0.190894551
299 0.190894551
300 0.190894551
301 0.190894551
302 0.190894551
303 0.190894551
304 0.190894551
305 0.190894551
306 0.190894551
307 0.190894551
308 0.190894551
309 0.190894551
310 0.190894551
311 0.190894551
312 0.190894551
313 0.190894551
314 0.190894551
315 0.190894551
316 0.190894551
317 0.190894551
318 0.190894551
319 0.190894551
320 0.190894551
321 0.190894551
322 0.190894551
323 0.190894551
324 0.190894551
325 0.190894551
326 0.190894551
327 0.190894551
328 0.190894551
329 0.190894551
330 0.190894551
331 0.190894551
332 0.190894551
333 0.190894551
334 0.190894551
335 0.190894551
336 0.190894551
337 0.190894551
338 0.190894551
339 0.190894551
340 0.190894551
341 0.190894551
342 0.190894551
343 0.190894551
344 0.190894551
345 0.190894551
346 0.190894551
347 0.190894551
348 0.190894551
349 0.190894551
350 0.190894551
351 0.190894551
352 0.190894551
353 0.190894551
354 0.190894551
355 0.190894551
356 0.190894551
357 0.190894551
358 0.190894551
359 0.190894551
360 0.190894551
361 0.190894551
362 0.190894551
363 0.190894551
364 0.190894551
365 0.190894551
366 0.190894551
367 0.190894551
368 0.190894551
369 0.190894551
370 0.190894551
371 0.190894551
372 0.190894551
373 0.190894551
374 0.190894551
375 0.190894551
376 0.190894551
377 0.190894551
378 0.190894551
379 0.190894551
380 0.190894551
381 0.190894551
382 0.190894551
383 0.190894551
384 0.190894551
385 0.190894551
386 0.190894551
387 0.190894551
388 0.190894551
389 0.190894551
390 0.190894551
391 0.190894551
392 0.190894551
393 0.190894551
394 0.190894551
395 0.190894551
396 0.190894551
397 0.190894551
398 0.190894551
399 0.190894551
400 0.190894551
401 0.190894551
402 0.190894551
403 0.190894551
404 0.190894551
405 0.190894551
406 0.190894551
407 0.190894551
408 0.190894551
409 0.190894551
410 0.190894551
411 0.190894551
412 0.190894551
413 0.190894551
414 0.190894551
415 0.190894551
416 0.190894551
417 0.190894551
418 0.190894551
419 0.190894551
420 0.190894551
421 0.190894551
422 0.190894551
423 0.190894551
424 0.190894551
425 0.190894551
426 0.190894551
427 0.190894551
428 0.190894551
429 0.190894551
430 0.190894551
431 0.190894551
432 0.190894551
433 0.190894551
434 0.190894551
435 0.190894551
436 0.190894551
437 0.190894551
438 0.190894551
439 0.190894551
440 0.190894551
441 0.190894551
442 0.190894551
443 0.190894551
444 0.190894551
445 0.190894551
446 0.190894551
447 0.190894551
448 0.1908945511
449 0.1908945511
450 0.1908945511
451 0.1908945511
452 0.1908945512
453 0.1908945512
454 0.1908945512
455 0.1908945513
456 0.1908945514
457 0.1908945515
458 0.1908945516
459 0.1908945518
460 0.190894552
461 0.1908945522
462 0.1908945526
463 0.190894553
464 0.1908945534
465 0.190894554
466 0.1908945548
467 0.1908945557
468 0.1908945568
469 0.1908945583
470 0.19089456
471 0.1908945621
472 0.1908945648
473 0.190894568
474 0.190894572
475 0.1908945769
476 0.1908945829
477 0.1908945903
478 0.1908945992
479 0.1908946102
480 0.1908946237
481 0.19089464
482 0.19089466
483 0.1908946843
484 0.1908947138
485 0.1908947497
486 0.1908947932
487 0.1908948459
488 0.1908949098
489 0.1908949871
490 0.1908950804
491 0.1908951931
492 0.1908953289
493 0.1908954926
494 0.1908956894
495 0.1908959261
496 0.1908962103
497 0.1908965511
498 0.1908969594
499 0.1908974482
500 0.1908980326
501 0.1908987306
502 0.1908995635
503 0.1909005561
504 0.190901738
505 0.1909031437
506 0.1909048138
507 0.190906796
508 0.1909091461
509 0.1909119294
510 0.1909152225
511 0.1909191144
512 0.1909237092
513 0.1909291281
514 0.1909355122
515 0.1909430255
516 0.1909518582
517 0.1909622312
518 0.1909744001
519 0.1909886606
520 0.1910053547
521 0.1910248767
522 0.1910476816
523 0.1910742932
524 0.1911053138
525 0.1911414355
526 0.1911834523
527 0.1912322745
528 0.1912889438
529 0.1913546514
530 0.1914307577
531 0.1915188143
532 0.1916205889
533 0.1917380931
534 0.1918736129
535 0.1920297435
536 0.1922094271
537 0.1924159954
538 0.1926532168
539 0.1929253479
540 0.1932371913
541 0.1935941589
542 0.1940023414
543 0.1944685852
544 0.1950005765
545 0.1956069335
546 0.1962973073
547 0.1970824922
548 0.1979745457
549 0.1989869192
550 0.2001346004
551 0.2014342668
552 0.202904453
553 0.2045657303
554 0.2064409013
555 0.2085552086
556 0.2109365596
557 0.2136157671
558 0.2166268064
559 0.2200070903
560 0.2237977614
561 0.2280440033
562 0.2327953697
563 0.2381061332
564 0.2440356528
565 0.2506487607
566 0.2580161683
567 0.2662148909
568 0.2753286907
569 0.2854485382
570 0.2966730902
571 0.3091091834
572 0.3228723436
573 0.3380873071
574 0.3548885543
575 0.3734208513
576 0.3938397994
577 0.4163123875
578 0.4410175459
579 0.4681466968
580 0.4979042992
581 0.5305083812
582 0.5661910592
583 0.6051990341
584 0.6477940639
585 0.6942534034
586 0.7448702064
587 0.7999538841
588 0.8598304121
589 0.9248425799
590 0.9953501743
591 1.07173009
592 1.154376361
593 1.243700099
594 1.340129339
595 1.44410878
596 1.556099408
597 1.676578006
598 1.806036526
599 1.944981333
600 2.093932301
601 2.253421758
602 2.423993283
603 2.606200329
604 2.800604687
605 3.00777478
606 3.228283782
607 3.462707558
608 3.711622434
609 3.975602784
610 4.255218452
611 4.551031996
612 4.863595763
613 5.193448817
614 5.541113702
615 5.907093068
616 6.291866167
617 6.695885229
618 7.119571739
619 7.563312621
620 8.027456362
621 8.512309086
622 9.018130599
623 9.545130438
624 10.09346394
625 10.66322835
626 11.25445905
627 11.8671258
628 12.50112925
629 13.15629746
630 13.83238278
631 14.5290588
632 15.2459177
633 15.98246776
634 16.7381313
635 17.51224292
636 18.30404809
637 19.1127022
638 19.93727
639 20.77672554
640 21.62995252
641 22.49574523
642 23.37280988
643 24.25976656
644 25.1551517
645 26.05742109
646 26.96495335
647 27.87605413
648 28.78896068
649 29.70184704
650 30.61282974
651 31.519974
652 32.42130039
653 33.31479205
654 34.19840219
655 35.07006213
656 35.92768964
657 36.76919764
658 37.59250313
659 38.39553645
660 39.17625066
661 39.93263111
662 40.66270506
663 41.36455141
664 42.03631036
665 42.67619298
666 43.28249076
667 43.85358486
668 44.38795521
669 44.88418928
670 45.34099053
671 45.75718646
672 46.13173622
673 46.46373775
674 46.75243439
675 46.99722087
676 47.19764878
677 47.35343135
678 47.46444754
679 47.53074552
680 47.55254537
681 47.53024102
682 47.46440158
683 47.35577175
684 47.20527161
685 47.01399559
686 46.78321067
687 46.51435392
688 46.20902921
689 45.86900324
690 45.49620092
691 45.09269997
692 44.66072491
693 44.20264046
694 43.72094427
695 43.21825905
696 42.69732425
697 42.16098713
698 41.61219337
699 41.05397726
700 40.48945137
701 39.92179595
702 39.3542479
703 38.7900894
704 38.23263626
705 37.68522609
706 37.15120604
707 36.63392055
708 36.1366988
709 35.66284205
710 35.21561086
711 34.79821228
712 34.41378691
713 34.06539602
714 33.75600865
715 33.48848875
716 33.26558245
717 33.0899054
718 32.96393035
719 32.88997486
720 32.87018931
721 32.9065452
722 33.00082374
723 33.15460497
724 33.36925717
725 33.6459269
726 33.98552957
727 34.38874059
728 34.85598731
729 35.38744163
730 35.98301344
731 36.64234502
732 37.3648063
733 38.14949121
734 38.99521503
735 39.90051299
736 40.86363996
737 41.88257147
738 42.95500603
739 44.07836872
740 45.24981629
741 46.46624359
742 47.72429144
743 49.02035602
744 50.35059963
745 51.71096297
746 53.09717881
747 54.50478709
748 55.92915136
749 57.36547656
750 58.80882798
751 60.25415151
752 61.69629483
753 63.13002967
754 64.5500749
755 65.9511204
756 67.32785145
757 68.67497373
758 69.98723849
759 71.25946801
760 72.48658094
761 73.66361759
762 74.78576478
763 75.84838026
764 76.84701638
765 77.77744295
766 78.6356691
767 79.41796392
768 80.12087581
769 80.74125031
770 81.27624636
771 81.7233508
772 82.08039106
773 82.34554583
774 82.51735379
775 82.59472016
776 82.5769212
777 82.4636064
778 82.25479863
779 81.95089198
780 81.55264745
781 81.06118654
782 80.47798274
783 79.80485101
784 79.04393531
785 78.19769438
786 77.26888576
787 76.26054826
788 75.17598298
789 74.01873314
790 72.79256263
791 71.50143379
792 70.14948428
793 68.74100343
794 67.2804081
795 65.7722184
796 64.2210332
797 62.6315059
798 61.00832036
799 59.35616731
800 57.67972139
801 55.98361889
802 54.27243636
803 52.55067026
804 50.82271771
805 49.09285847
806 47.36523819
807 45.64385308
808 43.93253601
809 42.23494409
810 40.55454776
811 38.89462146
812 37.25823578
813 35.6482512
814 34.06731333
815 32.51784962
816 31.0020675
817 29.521954
818 28.07927657
819 26.67558523
820 25.31221592
821 23.9902949
822 22.71074421
823 21.474288
824 20.28145975
825 19.13261016
826 18.02791576
827 16.96738793
828 15.95088252
829 14.97810969
830 14.0486441
831 13.16193523
832 12.31731777
833 11.51402212
834 10.75118467
835 10.02785811
836 9.343021435
837 8.695589759
838 8.084423778
839 7.508338927
840 6.966114131
841 6.456500132
842 5.978227379
843 5.530013437
844 5.110569918
845 4.718608908
846 4.352848897
847 4.012020197
848 3.694869862
849 3.40016611
850 3.126702258
851 2.873300184
852 2.638813334
853 2.422129283
854 2.222171882
855 2.037903009
856 1.868323941
857 1.712476376
858 1.569443132
859 1.438348545
860 1.318358588
861 1.208680744
862 1.108563653
863 1.017296551
864 0.9342085391
865 0.8586676918
866 0.790080034
867 0.7278884026
868 0.6715712142
869 0.6206411574
870 0.5746438255
871 0.5331563055
872 0.4957857373
873 0.4621678572
874 0.4319655366
875 0.4048673259
876 0.3805860141
877 0.3588572117
878 0.3394379635
879 0.3221053982
880 0.3066554189
881 0.2929014394
882 0.2806731694
883 0.2698154505
884 0.260187146
885 0.2516600847
886 0.2441180594
887 0.2374558804
888 0.2315784845
889 0.2264000966
890 0.2218434451
891 0.2178390288
892 0.2143244329
893 0.2112436936
894 0.2085467097
895 0.2061886967
896 0.2041296841
897 0.2023340523
898 0.2007701071
899 0.1994096896
900 0.1982278193
901 0.1972023684
902 0.1963137656
903 0.1955447257
904 0.1948800058
905 0.1943061831
906 0.1938114553
907 0.19338546
908 0.1930191122
909 0.1927044582
910 0.1924345451
911 0.1922033034
912 0.1920054425
913 0.191836357
914 0.1916920442
915 0.1915690296
916 0.191464302
917 0.1913752549
918 0.1912996358
919 0.1912355004
920 0.191181173
921 0.1911352115
922 0.1910963765
923 0.1910636039
924 0.1910359821
925 0.1910127308
926 0.1909931828
927 0.1909767689
928 0.1909630039
929 0.1909514746
930 0.1909418301
931 0.1909337722
932 0.1909270484
933 0.1909214448
934 0.1909167806
935 0.1909129032
936 0.1909096837
937 0.190907014
938 0.1909048029
939 0.1909029739
940 0.1909014629
941 0.1909002161
942 0.1908991886
943 0.1908983428
944 0.1908976476
945 0.1908970768
946 0.1908966087
947 0.1908962254
948 0.1908959118
949 0.1908956556
950 0.1908954465
951 0.1908952762
952 0.1908951375
953 0.1908950248
954 0.1908949333
955 0.1908948591
956 0.190894799
957 0.1908947504
958 0.1908947111
959 0.1908946794
960 0.1908946538
961 0.1908946333
962 0.1908946167
963 0.1908946035
964 0.1908945928
965 0.1908945843
966 0.1908945775
967 0.190894572
968 0.1908945677
969 0.1908945642
970 0.1908945615
971 0.1908945593
972 0.1908945575
973 0.1908945561
974 0.190894555
975 0.1908945542
976 0.1908945535
977 0.190894553
978 0.1908945525
979 0.1908945522
980 0.1908945519
981 0.1908945517
982 0.1908945516
983 0.1908945514
984 0.1908945513
985 0.1908945513
986 0.1908945512
987 0.1908945512
988 0.1908945511
989 0.1908945511
990 0.1908945511
991 0.190894551
992 0.190894551
993 0.190894551
994 0.190894551
995 0.190894551
996 0.190894551
997 0.190894551
998 0.190894551
999 0.190894551
1000 0.190894551
1001 0.190894551
1002 0.190894551
1003 0.190894551
1004 0.190894551
1005 0.190894551
1006 0.190894551
1007 0.190894551
1008 0.190894551
1009 0.190894551
1010 0.190894551
1011 0.190894551
1012 0.190894551
1013 0.190894551
1014 0.190894551
1015 0.190894551
1016 0.190894551
1017 0.190894551
1018 0.190894551
1019 0.190894551
1020 0.190894551
1021 0.190894551
1022 0.190894551
1023 0.190894551
