#55621 2910.0031899125837911 0.0045697507883115237245 1 1269 16.000049430220818044 1024 7 1 J1713+0747 0.0000000 
0 -0.2648671491
1 -0.2665748453
2 -0.268060767
3 -0.2693520696
4 -0.2704728163
5 -0.271444298
6 -0.272285325
7 -0.2730124915
8 -0.2736404151
9 -0.2741819536
10 -0.2746483998
11 -0.2750496582
12 -0.2753944026
13 -0.2756902185
14 -0.2759437296
15 -0.276160712
16 -0.2763461949
17 -0.2765045513
18 -0.2766395782
19 -0.2767545676
20 -0.27685237
21 -0.2769354496
22 -0.277005934
23 -0.2770656577
24 -0.2771161999
25 -0.2771589186
26 -0.2771949794
27 -0.2772253819
28 -0.2772509819
29 -0.2772725109
30 -0.2772905937
31 -0.277305763
32 -0.2773184723
33 -0.2773291071
34 -0.2773379951
35 -0.2773454138
36 -0.2773515985
37 -0.2773567479
38 -0.27736103
39 -0.2773645865
40 -0.2773675366
41 -0.2773699806
42 -0.277372003
43 -0.2773736742
44 -0.2773750537
45 -0.2773761908
46 -0.2773771271
47 -0.277377897
48 -0.2773785293
49 -0.2773790479
50 -0.2773794728
51 -0.2773798205
52 -0.2773801046
53 -0.2773803365
54 -0.2773805256
55 -0.2773806795
56 -0.2773808046
57 -0.2773809063
58 -0.2773809888
59 -0.2773810556
60 -0.2773811096
61 -0.2773811533
62 -0.2773811886
63 -0.277381217
64 -0.2773812399
65 -0.2773812583
66 -0.277381273
67 -0.2773812849
68 -0.2773812944
69 -0.277381302
70 -0.2773813081
71 -0.2773813129
72 -0.2773813168
73 -0.2773813199
74 -0.2773813223
75 -0.2773813243
76 -0.2773813258
77 -0.277381327
78 -0.277381328
79 -0.2773813288
80 -0.2773813294
81 -0.2773813299
82 -0.2773813302
83 -0.2773813305
84 -0.2773813308
85 -0.2773813309
86 -0.2773813311
87 -0.2773813312
88 -0.2773813313
89 -0.2773813313
90 -0.2773813314
91 -0.2773813314
92 -0.2773813315
93 -0.2773813315
94 -0.2773813315
95 -0.2773813315
96 -0.2773813315
97 -0.2773813315
98 -0.2773813316
99 -0.2773813316
100 -0.2773813316
101 -0.2773813316
102 -0.2773813316
103 -0.2773813316
104 -0.2773813316
105 -0.2773813316
106 -0.2773813316
107 -0.2773813316
108 -0.2773813316
109 -0.2773813316
110 -0.2773813316
111 -0.2773813316
112 -0.2773813316
113 -0.2773813316
114 -0.2773813316
115 -0.2773813316
116 -0.2773813316
117 -0.2773813316
118 -0.2773813316
119 -0.2773813316
120 -0.2773813316
121 -0.2773813316
122 -0.2773813316
123 -0.2773813316
124 -0.2773813316
125 -0.2773813316
126 -0.2773813316
127 -0.2773813316
128 -0.2773813316
129 -0.2773813316
130 -0.2773813316
131 -0.2773813316
132 -0.2773813316
133 -0.2773813316
134 -0.2773813316
135 -0.2773813316
136 -0.2773813316
137 -0.2773813316
138 -0.2773813316
139 -0.2773813316
140 -0.2773813316
141 -0.2773813316
142 -0.2773813316
143 -0.2773813316
144 -0.2773813316
145 -0.2773813316
146 -0.2773813316
147 -0.2773813316
148 -0.2773813316
149 -0.2773813316
150 -0.2773813316
151 -0.2773813316
152 -0.2773813316
153 -0.2773813316
154 -0.2773813316
155 -0.2773813316
156 -0.2773813316
157 -0.2773813316
158 -0.2773813316
159 -0.2773813316
160 -0.2773813316
161 -0.2773813316
162 -0.2773813316
163 -0.2773813316
164 -0.2773813316
165 -0.2773813316
166 -0.2773813316
167 -0.2773813316
168 -0.2773813316
169 -0.2773813316
170 -0.2773813316
171 -0.2773813316
172 -0.2773813316
173 -0.2773813316
174 -0.2773813316
175 -0.2773813316
176 -0.2773813316
177 -0.2773813316
178 -0.2773813316
179 -0.2773813316
180 -0.2773813316
181 -0.2773813316
182 -0.2773813316
183 -0.2773813316
184 -0.2773813316
185 -0.2773813316
186 -0.2773813316
187 -0.2773813316
188 -0.2773813316
189 -0.2773813316
190 -0.2773813316
191 -0.2773813316
192 -0.2773813316
193 -0.2773813316
194 -0.2773813316
195 -0.2773813316
196 -0.2773813316
197 -0.2773813316
198 -0.2773813316
199 -0.2773813316
200 -0.2773813316
201 -0.2773813316
202 -0.2773813316
203 -0.2773813316
204 -0.2773813316
205 -0.2773813316
206 -0.2773813316
207 -0.2773813316
208 -0.2773813316
209 -0.2773813316
210 -0.2773813316
211 -0.2773813316
212 -0.2773813316
213 -0.2773813316
214 -0.2773813316
215 -0.2773813316
216 -0.2773813316
217 -0.2773813316
218 -0.2773813316
219 -0.2773813316
220 -0.2773813316
221 -0.2773813316
222 -0.2773813316
223 -0.2773813316
224 -0.2773813316
225 -0.2773813316
226 -0.2773813316
227 -0.2773813316
228 -0.2773813316
229 -0.2773813316
230 -0.2773813316
231 -0.2773813316
232 -0.2773813316
233 -0.2773813316
234 -0.2773813316
235 -0.2773813316
236 -0.2773813316
237 -0.2773813316
238 -0.2773813316
239 -0.2773813316
240 -0.2773813316
241 -0.2773813316
242 -0.2773813316
243 -0.2773813316
244 -0.2773813316
245 -0.2773813316
246 -0.2773813316
247 -0.2773813316
248 -0.2773813316
249 -0.2773813316
250 -0.2773813316
251 -0.2773813316
252 -0.2773813316
253 -0.2773813316
254 -0.2773813316
255 -0.2773813316
256 -0.2773813316
257 -0.2773813316
258 -0.2773813316
259 -0.2773813316
260 -0.2773813316
261 -0.2773813316
262 -0.2773813316
263 -0.2773813316
264 -0.2773813316
265 -0.2773813316
266 -0.2773813316
267 -0.2773813316
268 -0.2773813316
269 -0.2773813316
270 -0.2773813316
271 -0.2773813316
272 -0.2773813316
273 -0.2773813316
274 -0.2773813316
275 -0.2773813316
276 -0.2773813316
277 -0.2773813316
278 -0.2773813316
279 -0.2773813316
280 -0.2773813316
281 -0.2773813316
282 -0.2773813316
283 -0.2773813316
284 -0.2773813316
285 -0.2773813316
286 -0.2773813316
287 -0.2773813316
288 -0.2773813316
289 -0.2773813316
290 -0.2773813316
291 -0.2773813316
292 -0.2773813316
293 -0.2773813316
294 -0.2773813316
295 -0.2773813316
296 -0.2773813316
297 -0.2773813316
298 -0.2773813316
299 -0.2773813316
300 -0.2773813316
301 -0.2773813316
302 -0.2773813316
303 -0.2773813316
304 -0.2773813316
305 -0.2773813316
306 -0.2773813316
307 -0.2773813316
308 -0.2773813316
309 -0.2773813316
310 -0.2773813316
311 -0.2773813316
312 -0.2773813316
313 -0.2773813316
314 -0.2773813316
315 -0.2773813316
316 -0.2773813316
317 -0.2773813316
318 -0.2773813316
319 -0.2773813316
320 -0.2773813316
321 -0.2773813316
322 -0.2773813316
323 -0.2773813316
324 -0.2773813316
325 -0.2773813316
326 -0.2773813316
327 -0.2773813316
328 -0.2773813316
329 -0.2773813316
330 -0.2773813316
331 -0.2773813316
332 -0.2773813316
333 -0.2773813316
334 -0.2773813316
335 -0.2773813316
336 -0.2773813316
337 -0.2773813316
338 -0.2773813316
339 -0.2773813316
340 -0.2773813316
341 -0.2773813316
342 -0.2773813316
343 -0.2773813316
344 -0.2773813316
345 -0.2773813316
346 -0.2773813316
347 -0.2773813316
348 -0.2773813316
349 -0.2773813316
350 -0.2773813316
351 -0.2773813316
352 -0.2773813316
353 -0.2773813316
354 -0.2773813316
355 -0.2773813316
356 -0.2773813316
357 -0.2773813316
358 -0.2773813316
359 -0.2773813316
360 -0.2773813316
361 -0.2773813316
362 -0.2773813316
363 -0.2773813316
364 -0.2773813316
365 -0.2773813316
366 -0.2773813316
367 -0.2773813316
368 -0.2773813316
369 -0.2773813316
370 -0.2773813316
371 -0.2773813316
372 -0.2773813316
373 -0.2773813316
374 -0.2773813316
375 -0.2773813316
376 -0.2773813316
377 -0.2773813316
378 -0.2773813316
379 -0.2773813316
380 -0.2773813316
381 -0.2773813316
382 -0.2773813316
383 -0.2773813316
384 -0.2773813316
385 -0.2773813316
386 -0.2773813316
387 -0.2773813316
388 -0.2773813316
389 -0.2773813316
390 -0.2773813316
391 -0.2773813316
392 -0.2773813316
393 -0.2773813316
394 -0.2773813316
395 -0.2773813316
396 -0.2773813316
397 -0.2773813316
398 -0.2773813316
399 -0.2773813316
400 -0.2773813316
401 -0.2773813316
402 -0.2773813316
403 -0.2773813316
404 -0.2773813316
405 -0.2773813316
406 -0.2773813316
407 -0.2773813316
408 -0.2773813316
409 -0.2773813316
410 -0.2773813316
411 -0.2773813316
412 -0.2773813316
413 -0.2773813316
414 -0.2773813316
415 -0.2773813316
416 -0.2773813316
417 -0.2773813316
418 -0.2773813316
419 -0.2773813316
420 -0.2773813316
421 -0.2773813316
422 -0.2773813316
423 -0.2773813316
424 -0.2773813316
425 -0.2773813316
426 -0.2773813316
427 -0.2773813316
428 -0.2773813316
429 -0.2773813316
430 -0.2773813316
431 -0.2773813316
432 -0.2773813316
433 -0.2773813316
434 -0.2773813316
435 -0.2773813316
436 -0.2773813316
437 -0.2773813316
438 -0.2773813316
439 -0.2773813316
440 -0.2773813316
441 -0.2773813316
442 -0.2773813316
443 -0.2773813316
444 -0.2773813316
445 -0.2773813316
446 -0.2773813316
447 -0.2773813316
448 -0.2773813316
449 -0.2773813316
450 -0.2773813316
451 -0.2773813316
452 -0.2773813316
453 -0.2773813316
454 -0.2773813316
455 -0.2773813316
456 -0.2773813316
457 -0.2773813316
458 -0.2773813316
459 -0.2773813316
460 -0.2773813316
461 -0.2773813316
462 -0.2773813316
463 -0.2773813316
464 -0.2773813316
465 -0.2773813316
466 -0.2773813316
467 -0.2773813316
468 -0.2773813316
469 -0.2773813316
470 -0.2773813316
471 -0.2773813316
472 -0.2773813316
473 -0.2773813316
474 -0.2773813316
475 -0.2773813316
476 -0.2773813316
477 -0.2773813316
478 -0.2773813316
479 -0.2773813316
480 -0.2773813316
481 -0.2773813316
482 -0.2773813316
483 -0.2773813316
484 -0.2773813316
485 -0.2773813316
486 -0.2773813316
487 -0.2773813316
488 -0.2773813316
489 -0.2773813316
490 -0.2773813316
491 -0.2773813316
492 -0.2773813316
493 -0.2773813316
494 -0.2773813316
495 -0.2773813316
496 -0.2773813316
497 -0.2773813316
498 -0.2773813316
499 -0.2773813316
500 -0.2773813316
501 -0.2773813316
502 -0.2773813316
503 -0.2773813316
504 -0.2773813316
505 -0.2773813316
506 -0.2773813316
507 -0.2773813316
508 -0.2773813316
509 -0.2773813316
510 -0.2773813316
511 -0.2773813316
512 -0.2773813316
513 -0.2773813316
514 -0.2773813316
515 -0.2773813316
516 -0.2773813316
517 -0.2773813316
518 -0.2773813316
519 -0.2773813316
520 -0.2773813316
521 -0.2773813316
522 -0.2773813316
523 -0.2773813316
524 -0.2773813316
525 -0.2773813316
526 -0.2773813316
527 -0.2773813316
528 -0.2773813316
529 -0.2773813316
530 -0.2773813316
531 -0.2773813316
532 -0.2773813316
533 -0.2773813316
534 -0.2773813316
535 -0.2773813316
536 -0.2773813316
537 -0.2773813316
538 -0.2773813316
539 -0.2773813316
540 -0.2773813316
541 -0.2773813316
542 -0.2773813316
543 -0.2773813316
544 -0.2773813316
545 -0.2773813316
546 -0.2773813316
547 -0.2773813316
548 -0.2773813316
549 -0.2773813316
550 -0.2773813316
551 -0.2773813316
552 -0.2773813316
553 -0.2773813316
554 -0.2773813316
555 -0.2773813316
556 -0.2773813316
557 -0.2773813316
558 -0.2773813316
559 -0.2773813316
560 -0.2773813316
561 -0.2773813316
562 -0.2773813316
563 -0.2773813316
564 -0.2773813316
565 -0.2773813316
566 -0.2773813316
567 -0.2773813316
568 -0.2773813316
569 -0.2773813316
570 -0.2773813316
571 -0.2773813316
572 -0.2773813315
573 -0.2773813315
574 -0.2773813315
575 -0.2773813315
576 -0.2773813315
577 -0.2773813315
578 -0.2773813314
579 -0.2773813314
580 -0.2773813314
581 -0.2773813313
582 -0.2773813313
583 -0.2773813312
584 -0.2773813311
585 -0.2773813309
586 -0.2773813308
587 -0.2773813306
588 -0.2773813303
589 -0.27738133
590 -0.2773813296
591 -0.2773813291
592 -0.2773813285
593 -0.2773813278
594 -0.2773813269
595 -0.2773813257
596 -0.2773813243
597 -0.2773813226
598 -0.2773813204
599 -0.2773813178
600 -0.2773813145
601 -0.2773813105
602 -0.2773813056
603 -0.2773812995
604 -0.2773812922
605 -0.2773812831
606 -0.2773812721
607 -0.2773812586
608 -0.2773812421
609 -0.277381222
610 -0.2773811976
611 -0.2773811678
612 -0.2773811317
613 -0.2773810879
614 -0.2773810348
615 -0.2773809704
616 -0.2773808925
617 -0.2773807984
618 -0.2773806848
619 -0.2773805477
620 -0.2773803826
621 -0.2773801839
622 -0.2773799449
623 -0.277379658
624 -0.2773793137
625 -0.2773789011
626 -0.2773784071
627 -0.2773778164
628 -0.2773771106
629 -0.2773762682
630 -0.277375264
631 -0.277374068
632 -0.2773726452
633 -0.2773709543
634 -0.2773689469
635 -0.2773665664
636 -0.2773637462
637 -0.2773604087
638 -0.2773564633
639 -0.2773518041
640 -0.2773463078
641 -0.2773398309
642 -0.2773322065
643 -0.2773232408
644 -0.2773127089
645 -0.2773003505
646 -0.277285864
647 -0.2772689011
648 -0.2772490595
649 -0.2772258754
650 -0.2771988143
651 -0.2771672615
652 -0.2771305107
653 -0.2770877508
654 -0.2770380525
655 -0.2769803513
656 -0.2769134298
657 -0.2768358974
658 -0.2767461675
659 -0.2766424319
660 -0.2765226326
661 -0.2763844298
662 -0.2762251667
663 -0.2760418304
664 -0.2758310078
665 -0.2755888378
666 -0.2753109574
667 -0.2749924424
668 -0.2746277426
669 -0.2742106096
670 -0.2737340173
671 -0.273190076
672 -0.272569936
673 -0.2718636842
674 -0.2710602301
675 -0.270147181
676 -0.2691107077
677 -0.2679353965
678 -0.2666040906
679 -0.2650977169
680 -0.2633950996
681 -0.2614727586
682 -0.259304693
683 -0.256862148
684 -0.254113365
685 -0.2510233142
686 -0.2475534093
687 -0.2436612034
688 -0.239300065
689 -0.2344188355
690 -0.228961466
691 -0.2228666341
692 -0.2160673405
693 -0.2084904854
694 -0.2000564248
695 -0.1906785073
696 -0.1802625921
697 -0.1687065485
698 -0.1558997379
699 -0.1417224813
700 -0.1260455107
701 -0.1087294097
702 -0.08962404272
703 -0.06856797734
704 -0.04538790108
705 -0.0198980371
706 0.008100438481
707 0.03881997315
708 0.07248720432
709 0.1093435106
710 0.1496455426
711 0.1936657281
712 0.2416927455
713 0.2940319585
714 0.3510058063
715 0.4129541422
716 0.4802345113
717 0.5532223632
718 0.6323111872
719 0.7179125664
720 0.8104561382
721 0.9103894563
722 1.018177743
723 1.134303523
724 1.259266136
725 1.393581112
726 1.537779401
727 1.692406463
728 1.858021194
729 2.035194687
730 2.224508831
731 2.426554732
732 2.641930947
733 2.871241552
734 3.115094008
735 3.374096854
736 3.648857205
737 3.939978072
738 4.248055498
739 4.573675514
740 4.917410932
741 5.279817969
742 5.66143272
743 6.06276749
744 6.484307
745 6.926504475
746 7.389777644
747 7.874504659
748 8.38101996
749 8.909610105
750 9.460509597
751 10.03389673
752 10.62988945
753 11.24854137
754 11.88983777
755 12.55369185
756 13.23994106
757 13.9483437
758 14.67857567
759 15.4302276
760 16.20280213
761 16.99571169
762 17.80827647
763 18.63972292
764 19.48918259
765 20.35569143
766 21.23818962
767 22.13552183
768 23.04643801
769 23.96959477
770 24.90355724
771 25.84680154
772 26.79771781
773 27.75461381
774 28.71571912
775 29.67918987
776 30.6431141
777 31.60551761
778 32.56437038
779 33.51759352
780 34.46306671
781 35.39863607
782 36.32212252
783 37.23133048
784 38.12405699
785 38.99810109
786 39.85127349
787 40.68140648
788 41.48636395
789 42.26405156
790 43.01242701
791 43.72951019
792 44.41339342
793 45.06225143
794 45.6743513
795 46.24806203
796 46.78186397
797 47.27435775
798 47.72427295
799 48.13047623
800 48.49197895
801 48.80794436
802 49.07769403
803 49.3007138
804 49.47665898
805 49.60535887
806 49.68682056
807 49.72123202
808 49.70896433
809 49.65057321
810 49.54679977
811 49.39857035
812 49.20699571
813 48.97336931
814 48.69916487
815 48.38603312
816 48.03579778
817 47.65045084
818 47.23214707
819 46.78319783
820 46.30606425
821 45.80334968
822 45.27779161
823 44.73225297
824 44.16971281
825 43.59325657
826 43.00606577
827 42.41140729
828 41.81262222
829 41.21311429
830 40.61633802
831 40.02578643
832 39.44497861
833 38.87744691
834 38.32672399
835 37.79632961
836 37.28975734
837 36.81046105
838 36.36184146
839 35.94723241
840 35.56988735
841 35.23296563
842 34.93951897
843 34.69247796
844 34.49463869
845 34.34864956
846 34.25699826
847 34.22199905
848 34.24578029
849 34.33027239
850 34.47719609
851 34.68805129
852 34.9641063
853 35.30638777
854 35.71567118
855 36.19247216
856 36.73703844
857 37.34934278
858 38.02907677
859 38.77564559
860 39.58816386
861 40.46545264
862 41.40603755
863 42.40814823
864 43.46971899
865 44.58839099
866 45.76151567
867 46.98615976
868 48.25911167
869 49.5768895
870 50.93575053
871 52.3317022
872 53.76051475
873 55.21773522
874 56.69870311
875 58.1985673
876 59.71230456
877 61.23473928
878 62.76056443
879 64.28436378
880 65.80063513
881 67.30381445
882 68.78830091
883 70.24848252
884 71.67876235
885 73.07358511
886 74.42746394
887 75.73500722
888 76.99094531
889 78.1901569
890 79.32769489
891 80.39881164
892 81.39898332
893 82.32393323
894 83.16965392
895 83.93242798
896 84.60884729
897 85.19583053
898 85.69063906
899 86.09089067
900 86.39457147
901 86.60004553
902 86.70606244
903 86.71176254
904 86.61667986
905 86.42074274
906 86.12427223
907 85.72797801
908 85.23295223
909 84.64066098
910 83.95293377
911 83.17195081
912 82.30022842
913 81.34060267
914 80.29621118
915 79.1704735
916 77.96707006
917 76.68991989
918 75.34315728
919 73.93110763
920 72.45826258
921 70.92925466
922 69.34883159
923 67.72183058
924 66.05315257
925 64.34773684
926 62.61053591
927 60.84649113
928 59.06050903
929 57.25743845
930 55.44204882
931 53.61900951
932 51.79287051
933 49.96804438
934 48.14878973
935 46.33919616
936 44.54317077
937 42.76442621
938 41.0064705
939 39.2725983
940 37.56588391
941 35.88917588
942 34.24509314
943 32.6360227
944 31.06411885
945 29.53130372
946 28.03926925
947 26.58948038
948 25.18317949
949 23.82139184
950 22.50493206
951 21.2344116
952 20.01024682
953 18.83266795
954 17.70172852
955 16.61731533
956 15.57915884
957 14.58684383
958 13.63982024
959 12.73741418
960 11.87883893
961 11.06320593
962 10.28953563
963 9.556768089
964 8.863773471
965 8.209362078
966 7.592294119
967 7.011289048
968 6.465034472
969 5.952194593
970 5.471418154
971 5.021345882
972 4.600617402
973 4.207877627
974 3.841782606
975 3.501004851
976 3.184238125
977 2.890201727
978 2.617644263
979 2.365346936
980 2.132126363
981 1.916836946
982 1.718372823
983 1.535669402
984 1.36770454
985 1.213499351
986 1.072118708
987 0.9426714343
988 0.8243102312
989 0.7162313593
990 0.6176741005
991 0.5279200259
992 0.4462920942
993 0.3721536025
994 0.304907013
995 0.243992674
996 0.1888874574
997 0.1391033288
998 0.09418586727
999 0.05371275133
1000 0.01729222383
1001 -0.01543845081
1002 -0.04481452577
1003 -0.07114529735
1004 -0.0947156079
1005 -0.1157873185
1006 -0.1346007446
1007 -0.1513760495
1008 -0.1663145901
1009 -0.1796002129
1010 -0.1914004955
1011 -0.2018679329
1012 -0.2111410665
1013 -0.2193455554
1014 -0.2265951894
1015 -0.2329928447
1016 -0.2386313813
1017 -0.2435944858
1018 -0.2479574585
1019 -0.2517879472
1020 -0.2551466307
1021 -0.2580878523
1022 -0.2606602061
1023 -0.262907079
