#55424 2910.0004680619874005 0.0045704868121041186679 1 1453 16.000049430220818044 1024 7 1 J1713+0747 0.0000000 
0 0.3123235395
1 0.3123235395
2 0.3123235395
3 0.3123235395
4 0.3123235395
5 0.3123235395
6 0.3123235395
7 0.3123235395
8 0.3123235395
9 0.3123235395
10 0.3123235395
11 0.3123235395
12 0.3123235395
13 0.3123235395
14 0.3123235395
15 0.3123235395
16 0.3123235395
17 0.3123235395
18 0.3123235395
19 0.3123235395
20 0.3123235395
21 0.3123235395
22 0.3123235395
23 0.3123235395
24 0.3123235395
25 0.3123235395
26 0.3123235395
27 0.3123235395
28 0.3123235395
29 0.3123235395
30 0.3123235395
31 0.3123235395
32 0.3123235395
33 0.3123235395
34 0.3123235395
35 0.3123235395
36 0.3123235395
37 0.3123235395
38 0.3123235395
39 0.3123235395
40 0.3123235395
41 0.3123235395
42 0.3123235395
43 0.3123235395
44 0.3123235395
45 0.3123235395
46 0.3123235395
47 0.3123235395
48 0.3123235395
49 0.3123235395
50 0.3123235395
51 0.3123235395
52 0.3123235395
53 0.3123235395
54 0.3123235395
55 0.3123235395
56 0.3123235395
57 0.3123235395
58 0.3123235395
59 0.3123235395
60 0.3123235395
61 0.3123235395
62 0.3123235395
63 0.3123235395
64 0.3123235395
65 0.3123235395
66 0.3123235395
67 0.3123235395
68 0.3123235395
69 0.3123235395
70 0.3123235395
71 0.3123235395
72 0.3123235395
73 0.3123235395
74 0.3123235395
75 0.3123235395
76 0.3123235395
77 0.3123235395
78 0.3123235395
79 0.3123235395
80 0.3123235395
81 0.3123235395
82 0.3123235395
83 0.3123235395
84 0.3123235395
85 0.3123235395
86 0.3123235395
87 0.3123235395
88 0.3123235395
89 0.3123235395
90 0.3123235395
91 0.3123235395
92 0.3123235395
93 0.3123235395
94 0.3123235395
95 0.3123235395
96 0.3123235395
97 0.3123235395
98 0.3123235395
99 0.3123235395
100 0.3123235395
101 0.3123235395
102 0.3123235395
103 0.3123235395
104 0.3123235395
105 0.3123235395
106 0.3123235395
107 0.3123235395
108 0.3123235395
109 0.3123235395
110 0.3123235395
111 0.3123235395
112 0.3123235395
113 0.3123235395
114 0.3123235395
115 0.3123235395
116 0.3123235395
117 0.3123235395
118 0.3123235395
119 0.3123235395
120 0.3123235395
121 0.3123235395
122 0.3123235395
123 0.3123235395
124 0.3123235395
125 0.3123235395
126 0.3123235395
127 0.3123235395
128 0.3123235395
129 0.3123235395
130 0.3123235395
131 0.3123235395
132 0.3123235395
133 0.3123235395
134 0.3123235395
135 0.3123235395
136 0.3123235395
137 0.3123235395
138 0.3123235395
139 0.3123235395
140 0.3123235395
141 0.3123235395
142 0.3123235395
143 0.3123235395
144 0.3123235395
145 0.3123235395
146 0.3123235395
147 0.3123235395
148 0.3123235395
149 0.3123235395
150 0.3123235395
151 0.3123235395
152 0.3123235395
153 0.3123235395
154 0.3123235395
155 0.3123235395
156 0.3123235395
157 0.3123235395
158 0.3123235395
159 0.3123235395
160 0.3123235395
161 0.3123235395
162 0.3123235395
163 0.3123235395
164 0.3123235395
165 0.3123235395
166 0.3123235395
167 0.3123235395
168 0.3123235395
169 0.3123235395
170 0.3123235395
171 0.3123235395
172 0.3123235395
173 0.3123235395
174 0.3123235395
175 0.3123235395
176 0.3123235395
177 0.3123235395
178 0.3123235395
179 0.3123235395
180 0.3123235395
181 0.3123235395
182 0.3123235395
183 0.3123235395
184 0.3123235395
185 0.3123235395
186 0.3123235395
187 0.3123235395
188 0.3123235395
189 0.3123235395
190 0.3123235395
191 0.3123235395
192 0.3123235395
193 0.3123235395
194 0.3123235395
195 0.3123235395
196 0.3123235395
197 0.3123235395
198 0.3123235395
199 0.3123235395
200 0.3123235395
201 0.3123235395
202 0.3123235395
203 0.3123235395
204 0.3123235395
205 0.3123235395
206 0.3123235395
207 0.3123235395
208 0.3123235395
209 0.3123235395
210 0.3123235395
211 0.3123235395
212 0.3123235395
213 0.3123235395
214 0.3123235395
215 0.3123235395
216 0.3123235395
217 0.3123235395
218 0.3123235395
219 0.3123235395
220 0.3123235395
221 0.3123235395
222 0.3123235395
223 0.3123235395
224 0.3123235395
225 0.3123235395
226 0.3123235395
227 0.3123235395
228 0.3123235395
229 0.3123235395
230 0.3123235395
231 0.3123235395
232 0.3123235395
233 0.3123235395
234 0.3123235395
235 0.3123235395
236 0.3123235395
237 0.3123235395
238 0.3123235395
239 0.3123235395
240 0.3123235395
241 0.3123235395
242 0.3123235395
243 0.3123235395
244 0.3123235395
245 0.3123235395
246 0.3123235395
247 0.3123235395
248 0.3123235395
249 0.3123235395
250 0.3123235395
251 0.3123235395
252 0.3123235395
253 0.3123235395
254 0.3123235395
255 0.3123235395
256 0.3123235395
257 0.3123235395
258 0.3123235395
259 0.3123235395
260 0.3123235395
261 0.3123235395
262 0.3123235395
263 0.3123235395
264 0.3123235395
265 0.3123235395
266 0.3123235395
267 0.3123235395
268 0.3123235395
269 0.3123235396
270 0.3123235396
271 0.3123235396
272 0.3123235396
273 0.3123235397
274 0.3123235397
275 0.3123235398
276 0.3123235398
277 0.3123235399
278 0.31232354
279 0.3123235401
280 0.3123235403
281 0.3123235405
282 0.3123235408
283 0.3123235411
284 0.3123235415
285 0.3123235419
286 0.3123235425
287 0.3123235433
288 0.3123235442
289 0.3123235453
290 0.3123235467
291 0.3123235485
292 0.3123235506
293 0.3123235532
294 0.3123235564
295 0.3123235604
296 0.3123235652
297 0.3123235711
298 0.3123235784
299 0.3123235873
300 0.3123235982
301 0.3123236115
302 0.3123236276
303 0.3123236473
304 0.3123236713
305 0.3123237004
306 0.3123237358
307 0.3123237787
308 0.3123238307
309 0.3123238936
310 0.3123239697
311 0.3123240616
312 0.3123241724
313 0.312324306
314 0.3123244669
315 0.3123246603
316 0.3123248928
317 0.3123251718
318 0.3123255062
319 0.3123259068
320 0.3123263861
321 0.312326959
322 0.3123276429
323 0.3123284585
324 0.3123294303
325 0.3123305868
326 0.3123319617
327 0.3123335947
328 0.3123355319
329 0.3123378278
330 0.3123405458
331 0.3123437602
332 0.3123475575
333 0.3123520388
334 0.3123573217
335 0.3123635429
336 0.3123708614
337 0.3123794616
338 0.3123895572
339 0.3124013958
340 0.3124152634
341 0.3124314908
342 0.3124504591
343 0.3124726079
344 0.312498443
345 0.3125285458
346 0.3125635841
347 0.3126043237
348 0.3126516418
349 0.3127065423
350 0.3127701722
351 0.312843841
352 0.3129290414
353 0.3130274735
354 0.3131410707
355 0.3132720293
356 0.3134228414
357 0.3135963308
358 0.313795694
359 0.3140245443
360 0.3142869615
361 0.3145875462
362 0.3149314802
363 0.3153245925
364 0.3157734322
365 0.3162853477
366 0.3168685749
367 0.3175323318
368 0.3182869233
369 0.3191438546
370 0.3201159545
371 0.3212175095
372 0.322464409
373 0.3238743028
374 0.3254667702
375 0.3272635026
376 0.3292885009
377 0.3315682853
378 0.3341321218
379 0.3370122634
380 0.3402442075
381 0.3438669697
382 0.3479233747
383 0.3524603639
384 0.3575293211
385 0.3631864151
386 0.36949296
387 0.3765157931
388 0.3843276698
389 0.3930076748
390 0.4026416496
391 0.4133226355
392 0.4251513305
393 0.4382365586
394 0.452695751
395 0.4686554373
396 0.4862517431
397 0.5056308932
398 0.5269497181
399 0.5503761585
400 0.5760897668
401 0.6042822015
402 0.6351577088
403 0.6689335897
404 0.7058406453
405 0.7461235974
406 0.7900414777
407 0.8378679801
408 0.8898917703
409 0.9464167468
410 1.007762246
411 1.074263182
412 1.146270125
413 1.224149293
414 1.308282463
415 1.399066797
416 1.496914559
417 1.602252733
418 1.715522526
419 1.837178749
420 1.967689073
421 2.107533149
422 2.257201595
423 2.417194827
424 2.588021752
425 2.770198299
426 2.964245799
427 3.170689199
428 3.390055125
429 3.62286977
430 3.869656636
431 4.130934111
432 4.407212887
433 4.698993239
434 5.006762152
435 5.330990317
436 5.672128997
437 6.03060678
438 6.406826233
439 6.801160464
440 7.213949607
441 7.645497267
442 8.096066913
443 8.565878268
444 9.055103698
445 9.563864639
446 10.09222807
447 10.64020308
448 11.20773752
449 11.79471482
450 12.40095093
451 13.02619148
452 13.67010918
453 14.33230139
454 15.01228805
455 15.70950985
456 16.42332681
457 17.15301708
458 17.89777627
459 18.65671711
460 19.42886949
461 20.21318106
462 21.00851814
463 21.81366728
464 22.62733712
465 23.44816089
466 24.27469933
467 25.10544413
468 25.93882186
469 26.77319843
470 27.60688397
471 28.43813825
472 29.26517649
473 30.08617569
474 30.89928125
475 31.70261414
476 32.49427825
477 33.2723682
478 34.03497737
479 34.78020618
480 35.50617059
481 36.21101078
482 36.89289986
483 37.55005277
484 38.18073511
485 38.78327193
486 39.35605654
487 39.89755904
488 40.40633482
489 40.88103268
490 41.3204028
491 41.72330426
492 42.0887123
493 42.41572509
494 42.70357003
495 42.95160964
496 43.15934678
497 43.32642947
498 43.45265495
499 43.53797324
500 43.58249004
501 43.5864689
502 43.55033278
503 43.47466497
504 43.3602092
505 43.20786917
506 43.01870731
507 42.79394295
508 42.53494971
509 42.24325227
510 41.92052254
511 41.56857508
512 41.18936203
513 40.78496734
514 40.35760052
515 39.90958976
516 39.44337461
517 38.96149811
518 38.4665985
519 37.96140045
520 37.44870593
521 36.93138466
522 36.41236428
523 35.89462009
524 35.38116466
525 34.87503702
526 34.37929172
527 33.89698765
528 33.43117673
529 32.98489236
530 32.56113785
531 32.16287472
532 31.79301092
533 31.45438905
534 31.14977457
535 30.88184401
536 30.6531733
537 30.4662261
538 30.32334239
539 30.22672708
540 30.17843895
541 30.18037975
542 30.23428364
543 30.34170691
544 30.5040182
545 30.72238897
546 30.99778462
547 31.3309561
548 31.72243205
549 32.17251169
550 32.68125838
551 33.24849395
552 33.87379386
553 34.55648329
554 35.29563415
555 36.09006309
556 36.93833062
557 37.83874128
558 38.78934508
559 39.78794
560 40.8320759
561 41.91905959
562 43.04596123
563 44.2096221
564 45.40666363
565 46.63349784
566 47.886339
567 49.16121669
568 50.45399004
569 51.7603633
570 53.07590245
571 54.39605307
572 55.71615914
573 57.03148281
574 58.33722507
575 59.62854714
576 60.90059246
577 62.14850924
578 63.36747338
579 64.55271156
580 65.69952452
581 66.8033102
582 67.85958669
583 68.86401483
584 69.81242027
585 70.70081478
586 71.52541688
587 72.28267131
588 72.96926748
589 73.58215663
590 74.11856753
591 74.57602078
592 74.95234135
593 75.24566951
594 75.45446985
595 75.57753852
596 75.61400843
597 75.56335259
598 75.42538535
599 75.20026166
600 74.8884744
601 74.49084963
602 74.00853998
603 73.44301615
604 72.79605654
605 72.0697353
606 71.26640859
607 70.38869948
608 69.43948136
609 68.42186016
610 67.33915541
611 66.1948804
612 64.9927215
613 63.73651679
614 62.43023431
615 61.07794989
616 59.68382488
617 58.25208384
618 56.78699247
619 55.29283573
620 53.77389653
621 52.23443495
622 50.67866822
623 49.11075156
624 47.53475992
625 45.95467086
626 44.3743485
627 42.79752877
628 41.22780584
629 39.66862003
630 38.12324692
631 36.59478801
632 35.08616271
633 33.60010172
634 32.13914189
635 30.70562235
636 29.3016821
637 27.92925879
638 26.59008882
639 25.28570859
640 24.01745692
641 22.78647846
642 21.59372814
643 20.43997644
644 19.32581557
645 18.25166624
646 17.2177852
647 16.22427324
648 15.27108367
649 14.35803119
650 13.48480102
651 12.65095826
652 11.85595738
653 11.09915173
654 10.37980308
655 9.697091032
656 9.050122344
657 8.437939982
658 7.85953199
659 7.31384003
660 6.799767602
661 6.31618789
662 5.861951219
663 5.435892093
664 5.036835791
665 4.663604526
666 4.315023134
667 3.989924309
668 3.687153376
669 3.405572604
670 3.144065072
671 2.901538093
672 2.676926206
673 2.469193768
674 2.277337141
675 2.100386508
676 1.937407331
677 1.78750148
678 1.649808047
679 1.523503872
680 1.407803804
681 1.301960721
682 1.205265326
683 1.117045747
684 1.036666963
685 0.9635300781
686 0.8970714498
687 0.8367617164
688 0.7821047189
689 0.7326363459
690 0.6879233158
691 0.6475619098
692 0.61117667
693 0.5784190769
694 0.5489662142
695 0.5225194354
696 0.4988030374
697 0.477562952
698 0.4585654611
699 0.4415959419
700 0.4264576468
701 0.4129705232
702 0.4009700763
703 0.3903062766
704 0.3808425158
705 0.3724546119
706 0.365029863
707 0.3584661529
708 0.3526711058
709 0.3475612912
710 0.3430614774
711 0.3391039332
712 0.3356277759
713 0.3325783641
714 0.3299067343
715 0.3275690783
716 0.3255262609
717 0.3237433746
718 0.3221893301
719 0.320836481
720 0.3196602789
721 0.3186389593
722 0.3177532547
723 0.3169861331
724 0.3163225613
725 0.3157492895
726 0.3152546572
727 0.3148284172
728 0.3144615779
729 0.3141462603
730 0.3138755709
731 0.3136434866
732 0.3134447529
733 0.3132747917
734 0.3131296207
735 0.3130057801
736 0.3129002689
737 0.3128104871
738 0.312734186
739 0.3126694229
740 0.312614522
741 0.3125680401
742 0.3125287353
743 0.3124955412
744 0.3124675429
745 0.3124439567
746 0.3124241122
747 0.3124074366
748 0.3123934415
749 0.3123817107
750 0.3123718902
751 0.312363679
752 0.3123568221
753 0.3123511033
754 0.3123463396
755 0.3123423764
756 0.3123390833
757 0.3123363504
758 0.3123340853
759 0.3123322102
760 0.3123306599
761 0.3123293798
762 0.312328324
763 0.3123274543
764 0.3123267389
765 0.312326151
766 0.3123256686
767 0.3123252732
768 0.3123249496
769 0.3123246849
770 0.3123244688
771 0.3123242926
772 0.3123241491
773 0.3123240323
774 0.3123239374
775 0.3123238604
776 0.312323798
777 0.3123237474
778 0.3123237066
779 0.3123236736
780 0.312323647
781 0.3123236256
782 0.3123236083
783 0.3123235945
784 0.3123235834
785 0.3123235744
786 0.3123235673
787 0.3123235616
788 0.312323557
789 0.3123235534
790 0.3123235505
791 0.3123235482
792 0.3123235464
793 0.3123235449
794 0.3123235438
795 0.3123235429
796 0.3123235421
797 0.3123235416
798 0.3123235411
799 0.3123235408
800 0.3123235405
801 0.3123235403
802 0.3123235401
803 0.31232354
804 0.3123235399
805 0.3123235398
806 0.3123235397
807 0.3123235397
808 0.3123235396
809 0.3123235396
810 0.3123235396
811 0.3123235396
812 0.3123235395
813 0.3123235395
814 0.3123235395
815 0.3123235395
816 0.3123235395
817 0.3123235395
818 0.3123235395
819 0.3123235395
820 0.3123235395
821 0.3123235395
822 0.3123235395
823 0.3123235395
824 0.3123235395
825 0.3123235395
826 0.3123235395
827 0.3123235395
828 0.3123235395
829 0.3123235395
830 0.3123235395
831 0.3123235395
832 0.3123235395
833 0.3123235395
834 0.3123235395
835 0.3123235395
836 0.3123235395
837 0.3123235395
838 0.3123235395
839 0.3123235395
840 0.3123235395
841 0.3123235395
842 0.3123235395
843 0.3123235395
844 0.3123235395
845 0.3123235395
846 0.3123235395
847 0.3123235395
848 0.3123235395
849 0.3123235395
850 0.3123235395
851 0.3123235395
852 0.3123235395
853 0.3123235395
854 0.3123235395
855 0.3123235395
856 0.3123235395
857 0.3123235395
858 0.3123235395
859 0.3123235395
860 0.3123235395
861 0.3123235395
862 0.3123235395
863 0.3123235395
864 0.3123235395
865 0.3123235395
866 0.3123235395
867 0.3123235395
868 0.3123235395
869 0.3123235395
870 0.3123235395
871 0.3123235395
872 0.3123235395
873 0.3123235395
874 0.3123235395
875 0.3123235395
876 0.3123235395
877 0.3123235395
878 0.3123235395
879 0.3123235395
880 0.3123235395
881 0.3123235395
882 0.3123235395
883 0.3123235395
884 0.3123235395
885 0.3123235395
886 0.3123235395
887 0.3123235395
888 0.3123235395
889 0.3123235395
890 0.3123235395
891 0.3123235395
892 0.3123235395
893 0.3123235395
894 0.3123235395
895 0.3123235395
896 0.3123235395
897 0.3123235395
898 0.3123235395
899 0.3123235395
900 0.3123235395
901 0.3123235395
902 0.3123235395
903 0.3123235395
904 0.3123235395
905 0.3123235395
906 0.3123235395
907 0.3123235395
908 0.3123235395
909 0.3123235395
910 0.3123235395
911 0.3123235395
912 0.3123235395
913 0.3123235395
914 0.3123235395
915 0.3123235395
916 0.3123235395
917 0.3123235395
918 0.3123235395
919 0.3123235395
920 0.3123235395
921 0.3123235395
922 0.3123235395
923 0.3123235395
924 0.3123235395
925 0.3123235395
926 0.3123235395
927 0.3123235395
928 0.3123235395
929 0.3123235395
930 0.3123235395
931 0.3123235395
932 0.3123235395
933 0.3123235395
934 0.3123235395
935 0.3123235395
936 0.3123235395
937 0.3123235395
938 0.3123235395
939 0.3123235395
940 0.3123235395
941 0.3123235395
942 0.3123235395
943 0.3123235395
944 0.3123235395
945 0.3123235395
946 0.3123235395
947 0.3123235395
948 0.3123235395
949 0.3123235395
950 0.3123235395
951 0.3123235395
952 0.3123235395
953 0.3123235395
954 0.3123235395
955 0.3123235395
956 0.3123235395
957 0.3123235395
958 0.3123235395
959 0.3123235395
960 0.3123235395
961 0.3123235395
962 0.3123235395
963 0.3123235395
964 0.3123235395
965 0.3123235395
966 0.3123235395
967 0.3123235395
968 0.3123235395
969 0.3123235395
970 0.3123235395
971 0.3123235395
972 0.3123235395
973 0.3123235395
974 0.3123235395
975 0.3123235395
976 0.3123235395
977 0.3123235395
978 0.3123235395
979 0.3123235395
980 0.3123235395
981 0.3123235395
982 0.3123235395
983 0.3123235395
984 0.3123235395
985 0.3123235395
986 0.3123235395
987 0.3123235395
988 0.3123235395
989 0.3123235395
990 0.3123235395
991 0.3123235395
992 0.3123235395
993 0.3123235395
994 0.3123235395
995 0.3123235395
996 0.3123235395
997 0.3123235395
998 0.3123235395
999 0.3123235395
1000 0.3123235395
1001 0.3123235395
1002 0.3123235395
1003 0.3123235395
1004 0.3123235395
1005 0.3123235395
1006 0.3123235395
1007 0.3123235395
1008 0.3123235395
1009 0.3123235395
1010 0.3123235395
1011 0.3123235395
1012 0.3123235395
1013 0.3123235395
1014 0.3123235395
1015 0.3123235395
1016 0.3123235395
1017 0.3123235395
1018 0.3123235395
1019 0.3123235395
1020 0.3123235395
1021 0.3123235395
1022 0.3123235395
1023 0.3123235395
