#55621 2910.0012060413905268 0.0045697507883115237245 1 1485 16.000049430220818044 1024 7 1 J1713+0747 0.0000000 
0 -0.08627405196
1 -0.08627405196
2 -0.08627405196
3 -0.08627405196
4 -0.08627405196
5 -0.08627405196
6 -0.08627405196
7 -0.08627405196
8 -0.08627405196
9 -0.08627405196
10 -0.08627405196
11 -0.08627405196
12 -0.08627405196
13 -0.08627405196
14 -0.08627405196
15 -0.08627405196
16 -0.08627405196
17 -0.08627405196
18 -0.08627405196
19 -0.08627405196
20 -0.08627405196
21 -0.08627405196
22 -0.08627405196
23 -0.08627405196
24 -0.08627405196
25 -0.08627405196
26 -0.08627405196
27 -0.08627405196
28 -0.08627405196
29 -0.08627405196
30 -0.08627405196
31 -0.08627405196
32 -0.08627405196
33 -0.08627405196
34 -0.08627405196
35 -0.08627405196
36 -0.08627405196
37 -0.08627405196
38 -0.08627405196
39 -0.08627405196
40 -0.08627405196
41 -0.08627405196
42 -0.08627405196
43 -0.08627405196
44 -0.08627405196
45 -0.08627405196
46 -0.08627405196
47 -0.08627405196
48 -0.08627405196
49 -0.08627405196
50 -0.08627405196
51 -0.08627405196
52 -0.08627405196
53 -0.08627405196
54 -0.08627405196
55 -0.08627405196
56 -0.08627405196
57 -0.08627405196
58 -0.08627405196
59 -0.08627405196
60 -0.08627405196
61 -0.08627405196
62 -0.08627405196
63 -0.08627405196
64 -0.08627405196
65 -0.08627405196
66 -0.08627405196
67 -0.08627405196
68 -0.08627405196
69 -0.08627405196
70 -0.08627405196
71 -0.08627405196
72 -0.08627405196
73 -0.08627405196
74 -0.08627405196
75 -0.08627405196
76 -0.08627405196
77 -0.08627405196
78 -0.08627405196
79 -0.08627405196
80 -0.08627405196
81 -0.08627405196
82 -0.08627405196
83 -0.08627405196
84 -0.08627405196
85 -0.08627405196
86 -0.08627405196
87 -0.08627405196
88 -0.08627405196
89 -0.08627405196
90 -0.08627405196
91 -0.08627405196
92 -0.08627405196
93 -0.08627405196
94 -0.08627405196
95 -0.08627405196
96 -0.08627405196
97 -0.08627405196
98 -0.08627405196
99 -0.08627405196
100 -0.08627405196
101 -0.08627405196
102 -0.08627405196
103 -0.08627405196
104 -0.08627405196
105 -0.08627405196
106 -0.08627405196
107 -0.08627405196
108 -0.08627405196
109 -0.08627405196
110 -0.08627405196
111 -0.08627405196
112 -0.08627405196
113 -0.08627405196
114 -0.08627405196
115 -0.08627405196
116 -0.08627405196
117 -0.08627405196
118 -0.08627405196
119 -0.08627405196
120 -0.08627405196
121 -0.08627405196
122 -0.08627405195
123 -0.08627405195
124 -0.08627405195
125 -0.08627405195
126 -0.08627405194
127 -0.08627405194
128 -0.08627405193
129 -0.08627405193
130 -0.08627405192
131 -0.0862740519
132 -0.08627405189
133 -0.08627405187
134 -0.08627405185
135 -0.08627405182
136 -0.08627405178
137 -0.08627405173
138 -0.08627405167
139 -0.0862740516
140 -0.08627405151
141 -0.08627405139
142 -0.08627405125
143 -0.08627405107
144 -0.08627405084
145 -0.08627405056
146 -0.08627405022
147 -0.08627404979
148 -0.08627404925
149 -0.08627404859
150 -0.08627404778
151 -0.08627404676
152 -0.08627404552
153 -0.08627404397
154 -0.08627404208
155 -0.08627403974
156 -0.08627403686
157 -0.08627403332
158 -0.08627402899
159 -0.08627402367
160 -0.08627401715
161 -0.08627400918
162 -0.08627399943
163 -0.08627398753
164 -0.08627397301
165 -0.08627395533
166 -0.0862739338
167 -0.08627390762
168 -0.08627387583
169 -0.08627383725
170 -0.08627379048
171 -0.08627373386
172 -0.08627366537
173 -0.08627358262
174 -0.08627348274
175 -0.0862733623
176 -0.08627321723
177 -0.08627304269
178 -0.08627283289
179 -0.08627258099
180 -0.08627227884
181 -0.08627191682
182 -0.08627148352
183 -0.08627096543
184 -0.08627034663
185 -0.08626960832
186 -0.08626872834
187 -0.08626768062
188 -0.08626643449
189 -0.08626495395
190 -0.08626319674
191 -0.08626111339
192 -0.08625864595
193 -0.08625572671
194 -0.08625227659
195 -0.08624820335
196 -0.08624339954
197 -0.08623774012
198 -0.08623107974
199 -0.08622324967
200 -0.08621405425
201 -0.08620326683
202 -0.0861906252
203 -0.08617582637
204 -0.08615852061
205 -0.08613830471
206 -0.0861147144
207 -0.08608721567
208 -0.08605519505
209 -0.08601794861
210 -0.0859746696
211 -0.08592443451
212 -0.08586618743
213 -0.08579872249
214 -0.08572066427
215 -0.08563044579
216 -0.08552628399
217 -0.08540615239
218 -0.08526775065
219 -0.0851084707
220 -0.0849253592
221 -0.08471507588
222 -0.08447384752
223 -0.08419741701
224 -0.08388098725
225 -0.08351915932
226 -0.08310586451
227 -0.08263428975
228 -0.08209679581
229 -0.0814848279
230 -0.08078881799
231 -0.0799980783
232 -0.07910068547
233 -0.07808335458
234 -0.07693130268
235 -0.075628101
236 -0.07415551529
237 -0.07249333368
238 -0.07061918142
239 -0.06850832187
240 -0.06613344327
241 -0.06346443055
242 -0.06046812193
243 -0.0571080496
244 -0.05334416415
245 -0.04913254261
246 -0.04442507949
247 -0.03916916102
248 -0.03330732226
249 -0.02677688742
250 -0.01950959332
251 -0.01143119666
252 -0.002461065344
253 0.00748824516
254 0.01851142967
255 0.03071088414
256 0.04419716809
257 0.0590894771
258 0.07551612336
259 0.0936150221
260 0.1135341816
261 0.1354321935
262 0.1594787214
263 0.1858549827
264 0.2147542216
265 0.2463821677
266 0.2809574772
267 0.3187121507
268 0.3598919231
269 0.4047566201
270 0.4535804754
271 0.5066524033
272 0.5642762191
273 0.6267708017
274 0.694470192
275 0.767723619
276 0.8468954474
277 0.9323650394
278 1.024526524
279 1.123788464
280 1.23057342
281 1.345317397
282 1.468469169
283 1.600489482
284 1.741850118
285 1.893032825
286 2.054528102
287 2.226833834
288 2.410453782
289 2.60589591
290 2.813670568
291 3.034288508
292 3.268258751
293 3.516086296
294 3.778269681
295 4.055298393
296 4.347650139
297 4.655787981
298 4.980157346
299 5.321182919
300 5.679265431
301 6.05477836
302 6.448064551
303 6.859432777
304 7.289154262
305 7.737459176
306 8.204533132
307 8.690513704
308 9.195486983
309 9.719484212
310 10.2624785
311 10.82438167
312 11.40504125
313 12.00423762
314 12.6216814
315 13.25701102
316 13.90979058
317 14.579508
318 15.26557343
319 15.96731804
320 16.68399318
321 17.41476987
322 18.15873874
323 18.91491036
324 19.68221604
325 20.45950906
326 21.24556639
327 22.03909085
328 22.83871377
329 23.64299815
330 24.45044229
331 25.25948389
332 26.06850466
333 26.87583532
334 27.67976114
335 28.47852787
336 29.27034802
337 30.05340766
338 30.82587344
339 31.58590003
340 32.3316378
341 33.06124075
342 33.77287475
343 34.46472577
344 35.13500844
345 35.78197456
346 36.40392168
347 36.9992017
348 37.56622937
349 38.10349068
350 38.60955113
351 39.08306376
352 39.52277693
353 39.92754181
354 40.29631949
355 40.62818777
356 40.92234746
357 41.1781282
358 41.39499385
359 41.57254726
360 41.71053454
361 41.8088487
362 41.86753271
363 41.88678186
364 41.86694556
365 41.80852843
366 41.71219074
367 41.57874815
368 41.40917085
369 41.20458195
370 40.96625527
371 40.69561246
372 40.39421949
373 40.06378249
374 39.70614302
375 39.32327275
376 38.91726757
377 38.49034114
378 38.04481798
379 37.58312604
380 37.10778879
381 36.62141691
382 36.12669959
383 35.6263954
384 35.12332284
385 34.62035061
386 34.12038752
387 33.62637218
388 33.14126247
389 32.66802473
390 32.20962288
391 31.76900727
392 31.34910351
393 30.95280112
394 30.58294215
395 30.24230979
396 29.93361686
397 29.65949444
398 29.42248046
399 29.2250084
400 29.0693961
401 28.95783475
402 28.89237796
403 28.87493117
404 28.90724128
405 28.99088654
406 29.12726689
407 29.31759458
408 29.56288537
409 29.86395014
410 30.22138706
411 30.63557448
412 31.1066643
413 31.63457626
414 32.21899291
415 32.85935544
416 33.5548604
417 34.30445745
418 35.10684801
419 35.96048505
420 36.86357402
421 37.81407482
422 38.80970508
423 39.84794462
424 40.92604115
425 42.04101732
426 43.18967892
427 44.36862454
428 45.57425639
429 46.80279243
430 48.05027974
431 49.31260913
432 50.58553084
433 51.86467144
434 53.14555165
435 54.42360524
436 55.69419867
437 56.95265162
438 58.19425809
439 59.41430808
440 60.60810967
441 61.77101138
442 62.89842472
443 63.98584666
444 65.028882
445 66.02326545
446 66.96488321
447 67.84979398
448 68.67424926
449 69.43471261
450 70.12787805
451 70.75068714
452 71.3003448
453 71.77433373
454 72.17042725
455 72.4867005
456 72.72153997
457 72.87365117
458 72.94206448
459 72.92613908
460 72.82556494
461 72.64036293
462 72.37088287
463 72.01779977
464 71.58210809
465 71.06511423
466 70.46842718
467 69.79394748
468 69.04385462
469 68.22059285
470 67.32685567
471 66.36556902
472 65.33987333
473 64.25310459
474 63.10877463
475 61.9105506
476 60.66223402
477 59.36773942
478 58.03107277
479 56.65630981
480 55.24757456
481 53.809018
482 52.34479717
483 50.8590548
484 49.35589961
485 47.83938733
486 46.3135027
487 44.78214239
488 43.24909901
489 41.71804632
490 40.19252562
491 38.67593341
492 37.17151043
493 35.68233196
494 34.21129957
495 32.76113417
496 31.33437044
497 29.93335265
498 28.5602317
499 27.21696355
500 25.90530879
501 24.62683341
502 23.38291075
503 22.17472443
504 21.00327222
505 19.86937093
506 18.77366203
507 17.716618
508 16.69854935
509 15.71961226
510 14.77981656
511 13.87903425
512 13.01700827
513 12.19336145
514 11.4076057
515 10.65915126
516 9.947315915
517 9.271334182
518 8.630366403
519 8.023507633
520 7.449796317
521 6.908222702
522 6.397736932
523 5.917256809
524 5.465675172
525 5.041866888
526 4.644695416
527 4.273018951
528 3.925696117
529 3.601591224
530 3.299579065
531 3.01854928
532 2.757410271
533 2.515092687
534 2.290552496
535 2.082773646
536 1.890770334
537 1.713588911
538 1.550309428
539 1.400046857
540 1.26195199
541 1.135212066
542 1.019051114
543 0.9127300664
544 0.8155466412
545 0.7268350282
546 0.6459653955
547 0.5723432386
548 0.5054085912
549 0.4446351171
550 0.3895291022
551 0.3396283619
552 0.2945010824
553 0.2537446085
554 0.216984193
555 0.1838717204
556 0.1540844155
557 0.1273235486
558 0.1033131449
559 0.08179870853
560 0.06254596611
561 0.04533963777
562 0.02998224028
563 0.01629292675
564 0.004106366788
565 -0.006728330178
566 -0.01634864608
567 -0.02487963829
568 -0.0324348756
569 -0.03911732548
570 -0.04502019267
571 -0.05022770927
572 -0.0548158771
573 -0.05885316313
574 -0.06240114945
575 -0.06551513882
576 -0.06824471773
577 -0.07063427849
578 -0.07272350214
579 -0.07454780417
580 -0.07613874498
581 -0.07752440685
582 -0.07872973964
583 -0.07977687687
584 -0.08068542434
585 -0.08147272297
586 -0.0821540877
587 -0.08274302429
588 -0.08325142546
589 -0.08368974832
590 -0.08406717417
591 -0.0843917525
592 -0.08467053026
593 -0.08490966783
594 -0.08511454285
595 -0.0852898429
596 -0.08543964821
597 -0.08556750534
598 -0.08567649255
599 -0.08576927788
600 -0.08584817054
601 -0.08591516636
602 -0.0859719879
603 -0.08602011976
604 -0.0860608397
605 -0.08609524588
606 -0.08612428084
607 -0.0861487524
608 -0.08616935195
609 -0.08618667044
610 -0.08620121226
611 -0.08621340733
612 -0.08622362157
613 -0.08623216605
614 -0.08623930481
615 -0.08624526166
616 -0.08625022608
617 -0.08625435826
618 -0.08625779343
619 -0.08626064559
620 -0.08626301075
621 -0.08626496962
622 -0.08626658997
623 -0.08626792864
624 -0.08626903321
625 -0.0862699435
626 -0.08627069274
627 -0.08627130866
628 -0.08627181435
629 -0.08627222902
630 -0.08627256864
631 -0.08627284645
632 -0.0862730734
633 -0.08627325859
634 -0.08627340951
635 -0.08627353235
636 -0.0862736322
637 -0.08627371328
638 -0.08627377903
639 -0.08627383227
640 -0.08627387535
641 -0.08627391015
642 -0.08627393823
643 -0.08627396086
644 -0.08627397907
645 -0.08627399372
646 -0.08627400547
647 -0.0862740149
648 -0.08627402246
649 -0.0862740285
650 -0.08627403332
651 -0.08627403718
652 -0.08627404024
653 -0.08627404269
654 -0.08627404463
655 -0.08627404617
656 -0.0862740474
657 -0.08627404837
658 -0.08627404913
659 -0.08627404974
660 -0.08627405022
661 -0.08627405059
662 -0.08627405089
663 -0.08627405112
664 -0.08627405131
665 -0.08627405145
666 -0.08627405156
667 -0.08627405165
668 -0.08627405172
669 -0.08627405177
670 -0.08627405182
671 -0.08627405185
672 -0.08627405187
673 -0.08627405189
674 -0.08627405191
675 -0.08627405192
676 -0.08627405193
677 -0.08627405194
678 -0.08627405194
679 -0.08627405195
680 -0.08627405195
681 -0.08627405195
682 -0.08627405195
683 -0.08627405196
684 -0.08627405196
685 -0.08627405196
686 -0.08627405196
687 -0.08627405196
688 -0.08627405196
689 -0.08627405196
690 -0.08627405196
691 -0.08627405196
692 -0.08627405196
693 -0.08627405196
694 -0.08627405196
695 -0.08627405196
696 -0.08627405196
697 -0.08627405196
698 -0.08627405196
699 -0.08627405196
700 -0.08627405196
701 -0.08627405196
702 -0.08627405196
703 -0.08627405196
704 -0.08627405196
705 -0.08627405196
706 -0.08627405196
707 -0.08627405196
708 -0.08627405196
709 -0.08627405196
710 -0.08627405196
711 -0.08627405196
712 -0.08627405196
713 -0.08627405196
714 -0.08627405196
715 -0.08627405196
716 -0.08627405196
717 -0.08627405196
718 -0.08627405196
719 -0.08627405196
720 -0.08627405196
721 -0.08627405196
722 -0.08627405196
723 -0.08627405196
724 -0.08627405196
725 -0.08627405196
726 -0.08627405196
727 -0.08627405196
728 -0.08627405196
729 -0.08627405196
730 -0.08627405196
731 -0.08627405196
732 -0.08627405196
733 -0.08627405196
734 -0.08627405196
735 -0.08627405196
736 -0.08627405196
737 -0.08627405196
738 -0.08627405196
739 -0.08627405196
740 -0.08627405196
741 -0.08627405196
742 -0.08627405196
743 -0.08627405196
744 -0.08627405196
745 -0.08627405196
746 -0.08627405196
747 -0.08627405196
748 -0.08627405196
749 -0.08627405196
750 -0.08627405196
751 -0.08627405196
752 -0.08627405196
753 -0.08627405196
754 -0.08627405196
755 -0.08627405196
756 -0.08627405196
757 -0.08627405196
758 -0.08627405196
759 -0.08627405196
760 -0.08627405196
761 -0.08627405196
762 -0.08627405196
763 -0.08627405196
764 -0.08627405196
765 -0.08627405196
766 -0.08627405196
767 -0.08627405196
768 -0.08627405196
769 -0.08627405196
770 -0.08627405196
771 -0.08627405196
772 -0.08627405196
773 -0.08627405196
774 -0.08627405196
775 -0.08627405196
776 -0.08627405196
777 -0.08627405196
778 -0.08627405196
779 -0.08627405196
780 -0.08627405196
781 -0.08627405196
782 -0.08627405196
783 -0.08627405196
784 -0.08627405196
785 -0.08627405196
786 -0.08627405196
787 -0.08627405196
788 -0.08627405196
789 -0.08627405196
790 -0.08627405196
791 -0.08627405196
792 -0.08627405196
793 -0.08627405196
794 -0.08627405196
795 -0.08627405196
796 -0.08627405196
797 -0.08627405196
798 -0.08627405196
799 -0.08627405196
800 -0.08627405196
801 -0.08627405196
802 -0.08627405196
803 -0.08627405196
804 -0.08627405196
805 -0.08627405196
806 -0.08627405196
807 -0.08627405196
808 -0.08627405196
809 -0.08627405196
810 -0.08627405196
811 -0.08627405196
812 -0.08627405196
813 -0.08627405196
814 -0.08627405196
815 -0.08627405196
816 -0.08627405196
817 -0.08627405196
818 -0.08627405196
819 -0.08627405196
820 -0.08627405196
821 -0.08627405196
822 -0.08627405196
823 -0.08627405196
824 -0.08627405196
825 -0.08627405196
826 -0.08627405196
827 -0.08627405196
828 -0.08627405196
829 -0.08627405196
830 -0.08627405196
831 -0.08627405196
832 -0.08627405196
833 -0.08627405196
834 -0.08627405196
835 -0.08627405196
836 -0.08627405196
837 -0.08627405196
838 -0.08627405196
839 -0.08627405196
840 -0.08627405196
841 -0.08627405196
842 -0.08627405196
843 -0.08627405196
844 -0.08627405196
845 -0.08627405196
846 -0.08627405196
847 -0.08627405196
848 -0.08627405196
849 -0.08627405196
850 -0.08627405196
851 -0.08627405196
852 -0.08627405196
853 -0.08627405196
854 -0.08627405196
855 -0.08627405196
856 -0.08627405196
857 -0.08627405196
858 -0.08627405196
859 -0.08627405196
860 -0.08627405196
861 -0.08627405196
862 -0.08627405196
863 -0.08627405196
864 -0.08627405196
865 -0.08627405196
866 -0.08627405196
867 -0.08627405196
868 -0.08627405196
869 -0.08627405196
870 -0.08627405196
871 -0.08627405196
872 -0.08627405196
873 -0.08627405196
874 -0.08627405196
875 -0.08627405196
876 -0.08627405196
877 -0.08627405196
878 -0.08627405196
879 -0.08627405196
880 -0.08627405196
881 -0.08627405196
882 -0.08627405196
883 -0.08627405196
884 -0.08627405196
885 -0.08627405196
886 -0.08627405196
887 -0.08627405196
888 -0.08627405196
889 -0.08627405196
890 -0.08627405196
891 -0.08627405196
892 -0.08627405196
893 -0.08627405196
894 -0.08627405196
895 -0.08627405196
896 -0.08627405196
897 -0.08627405196
898 -0.08627405196
899 -0.08627405196
900 -0.08627405196
901 -0.08627405196
902 -0.08627405196
903 -0.08627405196
904 -0.08627405196
905 -0.08627405196
906 -0.08627405196
907 -0.08627405196
908 -0.08627405196
909 -0.08627405196
910 -0.08627405196
911 -0.08627405196
912 -0.08627405196
913 -0.08627405196
914 -0.08627405196
915 -0.08627405196
916 -0.08627405196
917 -0.08627405196
918 -0.08627405196
919 -0.08627405196
920 -0.08627405196
921 -0.08627405196
922 -0.08627405196
923 -0.08627405196
924 -0.08627405196
925 -0.08627405196
926 -0.08627405196
927 -0.08627405196
928 -0.08627405196
929 -0.08627405196
930 -0.08627405196
931 -0.08627405196
932 -0.08627405196
933 -0.08627405196
934 -0.08627405196
935 -0.08627405196
936 -0.08627405196
937 -0.08627405196
938 -0.08627405196
939 -0.08627405196
940 -0.08627405196
941 -0.08627405196
942 -0.08627405196
943 -0.08627405196
944 -0.08627405196
945 -0.08627405196
946 -0.08627405196
947 -0.08627405196
948 -0.08627405196
949 -0.08627405196
950 -0.08627405196
951 -0.08627405196
952 -0.08627405196
953 -0.08627405196
954 -0.08627405196
955 -0.08627405196
956 -0.08627405196
957 -0.08627405196
958 -0.08627405196
959 -0.08627405196
960 -0.08627405196
961 -0.08627405196
962 -0.08627405196
963 -0.08627405196
964 -0.08627405196
965 -0.08627405196
966 -0.08627405196
967 -0.08627405196
968 -0.08627405196
969 -0.08627405196
970 -0.08627405196
971 -0.08627405196
972 -0.08627405196
973 -0.08627405196
974 -0.08627405196
975 -0.08627405196
976 -0.08627405196
977 -0.08627405196
978 -0.08627405196
979 -0.08627405196
980 -0.08627405196
981 -0.08627405196
982 -0.08627405196
983 -0.08627405196
984 -0.08627405196
985 -0.08627405196
986 -0.08627405196
987 -0.08627405196
988 -0.08627405196
989 -0.08627405196
990 -0.08627405196
991 -0.08627405196
992 -0.08627405196
993 -0.08627405196
994 -0.08627405196
995 -0.08627405196
996 -0.08627405196
997 -0.08627405196
998 -0.08627405196
999 -0.08627405196
1000 -0.08627405196
1001 -0.08627405196
1002 -0.08627405196
1003 -0.08627405196
1004 -0.08627405196
1005 -0.08627405196
1006 -0.08627405196
1007 -0.08627405196
1008 -0.08627405196
1009 -0.08627405196
1010 -0.08627405196
1011 -0.08627405196
1012 -0.08627405196
1013 -0.08627405196
1014 -0.08627405196
1015 -0.08627405196
1016 -0.08627405196
1017 -0.08627405196
1018 -0.08627405196
1019 -0.08627405196
1020 -0.08627405196
1021 -0.08627405196
1022 -0.08627405196
1023 -0.08627405196
