#55555 2910.0046954964555941 0.0045700236649602469022 1 1285 16.000049430220818044 1024 7 1 J1713+0747 0.0000000 
0 19.90878349
1 20.76083836
2 21.62867374
3 22.51115655
4 23.4070605
5 24.31506732
6 25.23376868
7 26.16166851
8 27.09718601
9 28.03865913
10 28.98434872
11 29.93244313
12 30.88106347
13 31.82826936
14 32.7720652
15 33.71040702
16 34.64120975
17 35.56235497
18 36.47169908
19 37.36708194
20 38.24633571
21 39.10729416
22 39.94780213
23 40.76572528
24 41.55895996
25 42.32544323
26 43.0631629
27 43.77016761
28 44.44457682
29 45.08459072
30 45.68849993
31 46.25469505
32 46.78167581
33 47.26806001
34 47.71259196
35 48.11415056
36 48.47175682
37 48.78458093
38 49.05194862
39 49.27334708
40 49.44843004
41 49.5770223
42 49.65912351
43 49.69491114
44 49.68474286
45 49.62915797
46 49.52887816
47 49.38480749
48 49.19803151
49 48.96981568
50 48.70160295
51 48.39501063
52 48.05182644
53 47.67400392
54 47.263657
55 46.82305403
56 46.354611
57 45.8608842
58 45.34456229
59 44.80845769
60 44.25549754
61 43.68871405
62 43.11123446
63 42.5262704
64 41.93710705
65 41.34709168
66 40.75962204
67 40.17813431
68 39.60609081
69 39.04696744
70 38.50424095
71 37.98137592
72 37.48181173
73 37.00894925
74 36.56613756
75 36.15666054
76 35.78372346
77 35.45043957
78 35.15981677
79 34.91474428
80 34.71797954
81 34.57213513
82 34.47966605
83 34.44285712
84 34.46381073
85 34.54443496
86 34.68643202
87 34.89128722
88 35.1602584
89 35.49436601
90 35.89438367
91 36.36082963
92 36.89395881
93 37.49375581
94 38.15992876
95 38.89190412
96 39.68882258
97 40.54953602
98 41.47260564
99 42.45630133
100 43.49860235
101 44.5971993
102 45.74949752
103 46.95262192
104 48.20342325
105 49.49848587
106 50.83413703
107 52.20645766
108 53.6112947
109 55.04427483
110 56.50081982
111 57.97616316
112 59.46536813
113 60.96334724
114 62.46488279
115 63.96464869
116 65.45723326
117 66.93716298
118 68.39892704
119 69.83700264
120 71.24588067
121 72.62009194
122 73.95423345
123 75.2429949
124 76.48118487
125 77.66375687
126 78.78583482
127 79.84273788
128 80.83000449
129 81.74341536
130 82.57901529
131 83.3331337
132 84.00240358
133 84.58377891
134 85.07455021
135 85.47235831
136 85.775206
137 85.98146771
138 86.089897
139 86.09963175
140 86.01019723
141 85.82150679
142 85.53386031
143 85.14794038
144 84.66480624
145 84.08588556
146 83.41296406
147 82.64817321
148 81.79397586
149 80.85315022
150 79.82877203
151 78.72419535
152 77.54303181
153 76.28912882
154 74.96654658
155 73.5795344
156 72.13250617
157 70.63001549
158 69.07673042
159 67.47740809
160 65.83686944
161 64.15997412
162 62.45159587
163 60.71659843
164 58.9598122
165 57.18601174
166 55.39989433
167 53.60605961
168 51.80899048
169 50.01303533
170 48.2223917
171 46.44109138
172 44.67298706
173 42.9217406
174 41.19081278
175 39.48345481
176 37.80270126
177 36.15136474
178 34.53203202
179 32.9470617
180 31.39858336
181 29.88849806
182 28.41848023
183 26.98998077
184 25.6042313
185 24.26224957
186 22.96484579
187 21.71262983
188 20.50601929
189 19.34524816
190 18.23037618
191 17.16129859
192 16.13775635
193 15.15934658
194 14.22553328
195 13.33565814
196 12.48895137
197 11.68454249
198 10.92147102
199 10.19869699
200 9.515111177
201 8.869545053
202 8.260780408
203 7.687558544
204 7.148589072
205 6.642558225
206 6.168136715
207 5.723987064
208 5.308770442
209 4.921152966
210 4.559811488
211 4.223438847
212 3.910748615
213 3.620479326
214 3.351398209
215 3.102304447
216 2.872031968
217 2.659451797
218 2.463473988
219 2.283049156
220 2.117169648
221 1.964870355
222 1.825229214
223 1.697367414
224 1.580449332
225 1.473682228
226 1.376315726
227 1.287641102
228 1.206990399
229 1.133735405
230 1.067286499
231 1.0070914
232 0.9526338252
233 0.9034320893
234 0.8590376462
235 0.8190336022
236 0.7830332048
237 0.7506783253
238 0.7216379432
239 0.6956066447
240 0.6723031419
241 0.6514688228
242 0.6328663364
243 0.6162782201
244 0.6015055724
245 0.5883667764
246 0.576696275
247 0.5663434016
248 0.5571712665
249 0.5490557003
250 0.5418842545
251 0.5355552591
252 0.5299769364
253 0.5250665698
254 0.5207497271
255 0.5169595359
256 0.5136360088
257 0.5107254188
258 0.5081797192
259 0.5059560097
260 0.504016043
261 0.502325772
262 0.5008549344
263 0.4995766723
264 0.4984671851
265 0.4975054123
266 0.4966727464
267 0.495952771
268 0.4953310241
269 0.4947947844
270 0.4943328778
271 0.4939355036
272 0.4935940783
273 0.4933010951
274 0.4930499983
275 0.4928350711
276 0.4926513354
277 0.4924944624
278 0.4923606934
279 0.4922467691
280 0.4921498677
281 0.4920675491
282 0.4919977066
283 0.4919385238
284 0.4918884366
285 0.4918461004
286 0.4918103605
287 0.491780227
288 0.4917548523
289 0.4917335115
290 0.4917155859
291 0.4917005477
292 0.4916879476
293 0.4916774036
294 0.491668591
295 0.4916612349
296 0.4916551021
297 0.4916499956
298 0.4916457489
299 0.4916422217
300 0.4916392958
301 0.4916368716
302 0.4916348656
303 0.4916332077
304 0.4916318393
305 0.4916307111
306 0.4916297822
307 0.4916290184
308 0.491628391
309 0.4916278763
310 0.4916274547
311 0.4916271097
312 0.4916268277
313 0.4916265975
314 0.4916264099
315 0.4916262571
316 0.4916261329
317 0.4916260319
318 0.4916259501
319 0.4916258838
320 0.4916258301
321 0.4916257867
322 0.4916257517
323 0.4916257235
324 0.4916257008
325 0.4916256825
326 0.4916256678
327 0.491625656
328 0.4916256466
329 0.491625639
330 0.491625633
331 0.4916256282
332 0.4916256243
333 0.4916256213
334 0.4916256189
335 0.4916256169
336 0.4916256154
337 0.4916256142
338 0.4916256132
339 0.4916256125
340 0.4916256119
341 0.4916256114
342 0.491625611
343 0.4916256107
344 0.4916256105
345 0.4916256103
346 0.4916256102
347 0.4916256101
348 0.49162561
349 0.4916256099
350 0.4916256098
351 0.4916256098
352 0.4916256098
353 0.4916256097
354 0.4916256097
355 0.4916256097
356 0.4916256097
357 0.4916256097
358 0.4916256097
359 0.4916256097
360 0.4916256097
361 0.4916256097
362 0.4916256097
363 0.4916256097
364 0.4916256097
365 0.4916256097
366 0.4916256097
367 0.4916256097
368 0.4916256097
369 0.4916256097
370 0.4916256097
371 0.4916256097
372 0.4916256097
373 0.4916256097
374 0.4916256097
375 0.4916256097
376 0.4916256097
377 0.4916256097
378 0.4916256097
379 0.4916256097
380 0.4916256097
381 0.4916256097
382 0.4916256097
383 0.4916256097
384 0.4916256097
385 0.4916256097
386 0.4916256097
387 0.4916256097
388 0.4916256097
389 0.4916256097
390 0.4916256097
391 0.4916256097
392 0.4916256097
393 0.4916256097
394 0.4916256097
395 0.4916256097
396 0.4916256097
397 0.4916256097
398 0.4916256097
399 0.4916256097
400 0.4916256097
401 0.4916256097
402 0.4916256097
403 0.4916256097
404 0.4916256097
405 0.4916256097
406 0.4916256097
407 0.4916256097
408 0.4916256097
409 0.4916256097
410 0.4916256097
411 0.4916256097
412 0.4916256097
413 0.4916256097
414 0.4916256097
415 0.4916256097
416 0.4916256097
417 0.4916256097
418 0.4916256097
419 0.4916256097
420 0.4916256097
421 0.4916256097
422 0.4916256097
423 0.4916256097
424 0.4916256097
425 0.4916256097
426 0.4916256097
427 0.4916256097
428 0.4916256097
429 0.4916256097
430 0.4916256097
431 0.4916256097
432 0.4916256097
433 0.4916256097
434 0.4916256097
435 0.4916256097
436 0.4916256097
437 0.4916256097
438 0.4916256097
439 0.4916256097
440 0.4916256097
441 0.4916256097
442 0.4916256097
443 0.4916256097
444 0.4916256097
445 0.4916256097
446 0.4916256097
447 0.4916256097
448 0.4916256097
449 0.4916256097
450 0.4916256097
451 0.4916256097
452 0.4916256097
453 0.4916256097
454 0.4916256097
455 0.4916256097
456 0.4916256097
457 0.4916256097
458 0.4916256097
459 0.4916256097
460 0.4916256097
461 0.4916256097
462 0.4916256097
463 0.4916256097
464 0.4916256097
465 0.4916256097
466 0.4916256097
467 0.4916256097
468 0.4916256097
469 0.4916256097
470 0.4916256097
471 0.4916256097
472 0.4916256097
473 0.4916256097
474 0.4916256097
475 0.4916256097
476 0.4916256097
477 0.4916256097
478 0.4916256097
479 0.4916256097
480 0.4916256097
481 0.4916256097
482 0.4916256097
483 0.4916256097
484 0.4916256097
485 0.4916256097
486 0.4916256097
487 0.4916256097
488 0.4916256097
489 0.4916256097
490 0.4916256097
491 0.4916256097
492 0.4916256097
493 0.4916256097
494 0.4916256097
495 0.4916256097
496 0.4916256097
497 0.4916256097
498 0.4916256097
499 0.4916256097
500 0.4916256097
501 0.4916256097
502 0.4916256097
503 0.4916256097
504 0.4916256097
505 0.4916256097
506 0.4916256097
507 0.4916256097
508 0.4916256097
509 0.4916256097
510 0.4916256097
511 0.4916256097
512 0.4916256097
513 0.4916256097
514 0.4916256097
515 0.4916256097
516 0.4916256097
517 0.4916256097
518 0.4916256097
519 0.4916256097
520 0.4916256097
521 0.4916256097
522 0.4916256097
523 0.4916256097
524 0.4916256097
525 0.4916256097
526 0.4916256097
527 0.4916256097
528 0.4916256097
529 0.4916256097
530 0.4916256097
531 0.4916256097
532 0.4916256097
533 0.4916256097
534 0.4916256097
535 0.4916256097
536 0.4916256097
537 0.4916256097
538 0.4916256097
539 0.4916256097
540 0.4916256097
541 0.4916256097
542 0.4916256097
543 0.4916256097
544 0.4916256097
545 0.4916256097
546 0.4916256097
547 0.4916256097
548 0.4916256097
549 0.4916256097
550 0.4916256097
551 0.4916256097
552 0.4916256097
553 0.4916256097
554 0.4916256097
555 0.4916256097
556 0.4916256097
557 0.4916256097
558 0.4916256097
559 0.4916256097
560 0.4916256097
561 0.4916256097
562 0.4916256097
563 0.4916256097
564 0.4916256097
565 0.4916256097
566 0.4916256097
567 0.4916256097
568 0.4916256097
569 0.4916256097
570 0.4916256097
571 0.4916256097
572 0.4916256097
573 0.4916256097
574 0.4916256097
575 0.4916256097
576 0.4916256097
577 0.4916256097
578 0.4916256097
579 0.4916256097
580 0.4916256097
581 0.4916256097
582 0.4916256097
583 0.4916256097
584 0.4916256097
585 0.4916256097
586 0.4916256097
587 0.4916256097
588 0.4916256097
589 0.4916256097
590 0.4916256097
591 0.4916256097
592 0.4916256097
593 0.4916256097
594 0.4916256097
595 0.4916256097
596 0.4916256097
597 0.4916256097
598 0.4916256097
599 0.4916256097
600 0.4916256097
601 0.4916256097
602 0.4916256097
603 0.4916256097
604 0.4916256097
605 0.4916256097
606 0.4916256097
607 0.4916256097
608 0.4916256097
609 0.4916256097
610 0.4916256097
611 0.4916256097
612 0.4916256097
613 0.4916256097
614 0.4916256097
615 0.4916256097
616 0.4916256097
617 0.4916256097
618 0.4916256097
619 0.4916256097
620 0.4916256097
621 0.4916256097
622 0.4916256097
623 0.4916256097
624 0.4916256097
625 0.4916256097
626 0.4916256097
627 0.4916256097
628 0.4916256097
629 0.4916256097
630 0.4916256097
631 0.4916256097
632 0.4916256097
633 0.4916256097
634 0.4916256097
635 0.4916256097
636 0.4916256097
637 0.4916256097
638 0.4916256097
639 0.4916256097
640 0.4916256097
641 0.4916256097
642 0.4916256097
643 0.4916256097
644 0.4916256097
645 0.4916256097
646 0.4916256097
647 0.4916256097
648 0.4916256097
649 0.4916256097
650 0.4916256097
651 0.4916256097
652 0.4916256097
653 0.4916256097
654 0.4916256097
655 0.4916256097
656 0.4916256097
657 0.4916256097
658 0.4916256097
659 0.4916256097
660 0.4916256097
661 0.4916256097
662 0.4916256097
663 0.4916256097
664 0.4916256097
665 0.4916256097
666 0.4916256097
667 0.4916256097
668 0.4916256097
669 0.4916256097
670 0.4916256097
671 0.4916256097
672 0.4916256097
673 0.4916256097
674 0.4916256097
675 0.4916256097
676 0.4916256097
677 0.4916256097
678 0.4916256097
679 0.4916256097
680 0.4916256097
681 0.4916256097
682 0.4916256097
683 0.4916256097
684 0.4916256097
685 0.4916256097
686 0.4916256097
687 0.4916256097
688 0.4916256097
689 0.4916256097
690 0.4916256097
691 0.4916256097
692 0.4916256097
693 0.4916256097
694 0.4916256097
695 0.4916256097
696 0.4916256097
697 0.4916256097
698 0.4916256097
699 0.4916256097
700 0.4916256097
701 0.4916256097
702 0.4916256097
703 0.4916256097
704 0.4916256097
705 0.4916256097
706 0.4916256097
707 0.4916256097
708 0.4916256097
709 0.4916256097
710 0.4916256097
711 0.4916256097
712 0.4916256097
713 0.4916256097
714 0.4916256097
715 0.4916256097
716 0.4916256097
717 0.4916256097
718 0.4916256097
719 0.4916256097
720 0.4916256097
721 0.4916256097
722 0.4916256097
723 0.4916256097
724 0.4916256097
725 0.4916256097
726 0.4916256097
727 0.4916256097
728 0.4916256097
729 0.4916256097
730 0.4916256097
731 0.4916256097
732 0.4916256097
733 0.4916256097
734 0.4916256097
735 0.4916256097
736 0.4916256097
737 0.4916256097
738 0.4916256097
739 0.4916256097
740 0.4916256097
741 0.4916256097
742 0.4916256097
743 0.4916256097
744 0.4916256097
745 0.4916256097
746 0.4916256097
747 0.4916256097
748 0.4916256097
749 0.4916256097
750 0.4916256097
751 0.4916256097
752 0.4916256097
753 0.4916256097
754 0.4916256097
755 0.4916256097
756 0.4916256097
757 0.4916256097
758 0.4916256097
759 0.4916256097
760 0.4916256097
761 0.4916256097
762 0.4916256097
763 0.4916256097
764 0.4916256097
765 0.4916256097
766 0.4916256097
767 0.4916256097
768 0.4916256097
769 0.4916256097
770 0.4916256097
771 0.4916256097
772 0.4916256097
773 0.4916256097
774 0.4916256097
775 0.4916256097
776 0.4916256097
777 0.4916256097
778 0.4916256097
779 0.4916256097
780 0.4916256097
781 0.4916256097
782 0.4916256097
783 0.4916256097
784 0.4916256097
785 0.4916256097
786 0.4916256097
787 0.4916256097
788 0.4916256097
789 0.4916256097
790 0.4916256097
791 0.4916256097
792 0.4916256097
793 0.4916256097
794 0.4916256097
795 0.4916256097
796 0.4916256097
797 0.4916256097
798 0.4916256097
799 0.4916256097
800 0.4916256097
801 0.4916256097
802 0.4916256097
803 0.4916256097
804 0.4916256097
805 0.4916256097
806 0.4916256097
807 0.4916256097
808 0.4916256097
809 0.4916256097
810 0.4916256097
811 0.4916256097
812 0.4916256097
813 0.4916256097
814 0.4916256097
815 0.4916256097
816 0.4916256097
817 0.4916256097
818 0.4916256097
819 0.4916256097
820 0.4916256097
821 0.4916256097
822 0.4916256097
823 0.4916256097
824 0.4916256097
825 0.4916256097
826 0.4916256097
827 0.4916256097
828 0.4916256097
829 0.4916256097
830 0.4916256097
831 0.4916256097
832 0.4916256097
833 0.4916256097
834 0.4916256097
835 0.4916256097
836 0.4916256097
837 0.4916256098
838 0.4916256098
839 0.4916256098
840 0.4916256099
841 0.4916256099
842 0.49162561
843 0.4916256101
844 0.4916256102
845 0.4916256103
846 0.4916256104
847 0.4916256106
848 0.4916256109
849 0.4916256112
850 0.4916256116
851 0.4916256121
852 0.4916256126
853 0.4916256134
854 0.4916256143
855 0.4916256154
856 0.4916256168
857 0.4916256185
858 0.4916256206
859 0.4916256231
860 0.4916256263
861 0.4916256302
862 0.491625635
863 0.4916256409
864 0.4916256481
865 0.4916256569
866 0.4916256677
867 0.4916256809
868 0.491625697
869 0.4916257166
870 0.4916257404
871 0.4916257695
872 0.4916258047
873 0.4916258475
874 0.4916258994
875 0.4916259622
876 0.4916260383
877 0.4916261302
878 0.4916262411
879 0.4916263749
880 0.4916265362
881 0.4916267303
882 0.4916269636
883 0.4916272438
884 0.4916275801
885 0.4916279831
886 0.4916284656
887 0.4916290427
888 0.4916297321
889 0.491630555
890 0.4916315361
891 0.4916327045
892 0.4916340946
893 0.4916357467
894 0.4916377082
895 0.4916400344
896 0.4916427903
897 0.4916460518
898 0.4916499076
899 0.4916544611
900 0.491659833
901 0.4916661636
902 0.4916736162
903 0.4916823802
904 0.4916926756
905 0.4917047571
906 0.4917189195
907 0.4917355036
908 0.4917549031
909 0.4917775716
910 0.491804032
911 0.4918348858
912 0.4918708241
913 0.4919126404
914 0.4919612442
915 0.4920176772
916 0.4920831307
917 0.4921589657
918 0.4922467351
919 0.4923482086
920 0.4924654008
921 0.4926006021
922 0.4927564131
923 0.4929357837
924 0.493142055
925 0.4933790077
926 0.4936509137
927 0.4939625944
928 0.494319485
929 0.4947277043
930 0.4951941332
931 0.4957264988
932 0.4963334687
933 0.4970247526
934 0.4978112142
935 0.4987049931
936 0.499719637
937 0.5008702464
938 0.5021736308
939 0.5036484778
940 0.5053155366
941 0.5071978152
942 0.5093207935
943 0.5117126515
944 0.5144045145
945 0.5174307159
946 0.5208290768
947 0.5246412049
948 0.5289128122
949 0.5336940513
950 0.5390398722
951 0.5450103985
952 0.5516713233
953 0.5590943258
954 0.5673575064
955 0.5765458423
956 0.5867516609
957 0.5980751319
958 0.6106247755
959 0.624517987
960 0.6398815751
961 0.6568523127
962 0.6755774978
963 0.6962155218
964 0.7189364435
965 0.7439225638
966 0.7713689993
967 0.8014842506
968 0.8344907592
969 0.8706254516
970 0.9101402619
971 0.9533026308
972 1.000395972
973 1.051720103
974 1.10759163
975 1.168344283
976 1.234329193
977 1.305915105
978 1.38348851
979 1.467453707
980 1.558232765
981 1.656265393
982 1.762008698
983 1.875936834
984 1.998540525
985 2.130326454
986 2.271816517
987 2.423546927
988 2.586067166
989 2.759938777
990 2.945733985
991 3.144034152
992 3.355428054
993 3.580509977
994 3.819877631
995 4.074129883
996 4.343864308
997 4.629674554
998 4.932147532
999 5.25186043
1000 5.589377562
1001 5.945247049
1002 6.319997361
1003 6.714133709
1004 7.128134314
1005 7.562446566
1006 8.01748309
1007 8.493617729
1008 8.991181479
1009 9.51045839
1010 10.05168145
1011 10.61502851
1012 11.2006182
1013 11.80850598
1014 12.43868026
1015 13.09105863
1016 13.76548431
1017 14.46172275
1018 15.17945845
1019 15.91829208
1020 16.67773787
1021 17.4572213
1022 18.25607719
1023 19.07354817
