#55424 2910.0005103412925334 0.0045704868121041186679 1 1357 16.000049430220818044 1024 7 1 J1713+0747 0.0000000 
0 -0.2796146932
1 -0.2796146932
2 -0.2796146932
3 -0.2796146932
4 -0.2796146932
5 -0.2796146932
6 -0.2796146932
7 -0.2796146932
8 -0.2796146932
9 -0.2796146932
10 -0.2796146932
11 -0.2796146932
12 -0.2796146932
13 -0.2796146932
14 -0.2796146932
15 -0.2796146932
16 -0.2796146932
17 -0.2796146932
18 -0.2796146932
19 -0.2796146932
20 -0.2796146932
21 -0.2796146932
22 -0.2796146932
23 -0.2796146932
24 -0.2796146932
25 -0.2796146932
26 -0.2796146932
27 -0.2796146932
28 -0.2796146932
29 -0.2796146932
30 -0.2796146932
31 -0.2796146932
32 -0.2796146932
33 -0.2796146932
34 -0.2796146932
35 -0.2796146932
36 -0.2796146932
37 -0.2796146932
38 -0.2796146932
39 -0.2796146932
40 -0.2796146932
41 -0.2796146932
42 -0.2796146932
43 -0.2796146932
44 -0.2796146932
45 -0.2796146932
46 -0.2796146932
47 -0.2796146932
48 -0.2796146932
49 -0.2796146932
50 -0.2796146932
51 -0.2796146932
52 -0.2796146932
53 -0.2796146932
54 -0.2796146932
55 -0.2796146932
56 -0.2796146932
57 -0.2796146932
58 -0.2796146932
59 -0.2796146932
60 -0.2796146932
61 -0.2796146932
62 -0.2796146932
63 -0.2796146932
64 -0.2796146932
65 -0.2796146932
66 -0.2796146932
67 -0.2796146932
68 -0.2796146932
69 -0.2796146932
70 -0.2796146932
71 -0.2796146932
72 -0.2796146932
73 -0.2796146932
74 -0.2796146932
75 -0.2796146932
76 -0.2796146932
77 -0.2796146932
78 -0.2796146932
79 -0.2796146932
80 -0.2796146932
81 -0.2796146932
82 -0.2796146932
83 -0.2796146932
84 -0.2796146932
85 -0.2796146932
86 -0.2796146932
87 -0.2796146932
88 -0.2796146932
89 -0.2796146932
90 -0.2796146932
91 -0.2796146932
92 -0.2796146932
93 -0.2796146932
94 -0.2796146932
95 -0.2796146932
96 -0.2796146932
97 -0.2796146932
98 -0.2796146932
99 -0.2796146932
100 -0.2796146932
101 -0.2796146932
102 -0.2796146932
103 -0.2796146932
104 -0.2796146932
105 -0.2796146932
106 -0.2796146932
107 -0.2796146932
108 -0.2796146932
109 -0.2796146932
110 -0.2796146932
111 -0.2796146932
112 -0.2796146932
113 -0.2796146932
114 -0.2796146932
115 -0.2796146932
116 -0.2796146932
117 -0.2796146932
118 -0.2796146932
119 -0.2796146932
120 -0.2796146932
121 -0.2796146932
122 -0.2796146932
123 -0.2796146932
124 -0.2796146932
125 -0.2796146932
126 -0.2796146932
127 -0.2796146932
128 -0.2796146932
129 -0.2796146932
130 -0.2796146932
131 -0.2796146932
132 -0.2796146932
133 -0.2796146932
134 -0.2796146932
135 -0.2796146932
136 -0.2796146932
137 -0.2796146932
138 -0.2796146932
139 -0.2796146932
140 -0.2796146932
141 -0.2796146932
142 -0.2796146932
143 -0.2796146932
144 -0.2796146932
145 -0.2796146932
146 -0.2796146932
147 -0.2796146932
148 -0.2796146932
149 -0.2796146932
150 -0.2796146932
151 -0.2796146932
152 -0.2796146932
153 -0.2796146932
154 -0.2796146932
155 -0.2796146932
156 -0.2796146932
157 -0.2796146932
158 -0.2796146932
159 -0.2796146932
160 -0.2796146932
161 -0.2796146932
162 -0.2796146932
163 -0.2796146932
164 -0.2796146932
165 -0.2796146932
166 -0.2796146932
167 -0.2796146932
168 -0.2796146932
169 -0.2796146932
170 -0.2796146932
171 -0.2796146932
172 -0.2796146932
173 -0.2796146932
174 -0.2796146932
175 -0.2796146932
176 -0.2796146932
177 -0.2796146932
178 -0.2796146932
179 -0.2796146932
180 -0.2796146932
181 -0.2796146932
182 -0.2796146932
183 -0.2796146932
184 -0.2796146932
185 -0.2796146932
186 -0.2796146932
187 -0.2796146932
188 -0.2796146932
189 -0.2796146932
190 -0.2796146932
191 -0.2796146932
192 -0.2796146932
193 -0.2796146932
194 -0.2796146932
195 -0.2796146932
196 -0.2796146932
197 -0.2796146932
198 -0.2796146932
199 -0.2796146932
200 -0.2796146932
201 -0.2796146932
202 -0.2796146932
203 -0.2796146932
204 -0.2796146932
205 -0.2796146932
206 -0.2796146932
207 -0.2796146932
208 -0.2796146932
209 -0.2796146932
210 -0.2796146932
211 -0.2796146932
212 -0.2796146932
213 -0.2796146932
214 -0.2796146932
215 -0.2796146932
216 -0.2796146932
217 -0.2796146932
218 -0.2796146932
219 -0.2796146932
220 -0.2796146932
221 -0.2796146932
222 -0.2796146932
223 -0.2796146932
224 -0.2796146932
225 -0.2796146932
226 -0.2796146932
227 -0.2796146932
228 -0.2796146932
229 -0.2796146932
230 -0.2796146932
231 -0.2796146932
232 -0.2796146932
233 -0.2796146932
234 -0.2796146932
235 -0.2796146932
236 -0.2796146932
237 -0.2796146932
238 -0.2796146932
239 -0.2796146932
240 -0.2796146932
241 -0.2796146932
242 -0.2796146932
243 -0.2796146932
244 -0.2796146932
245 -0.2796146932
246 -0.2796146932
247 -0.2796146932
248 -0.2796146932
249 -0.2796146932
250 -0.2796146932
251 -0.2796146932
252 -0.2796146932
253 -0.2796146932
254 -0.2796146932
255 -0.2796146932
256 -0.2796146932
257 -0.2796146932
258 -0.2796146932
259 -0.2796146932
260 -0.2796146932
261 -0.2796146932
262 -0.2796146932
263 -0.2796146932
264 -0.2796146932
265 -0.2796146932
266 -0.2796146932
267 -0.2796146932
268 -0.2796146932
269 -0.2796146932
270 -0.2796146932
271 -0.2796146932
272 -0.2796146932
273 -0.2796146932
274 -0.2796146932
275 -0.2796146932
276 -0.2796146931
277 -0.2796146931
278 -0.2796146931
279 -0.2796146931
280 -0.2796146931
281 -0.279614693
282 -0.279614693
283 -0.2796146929
284 -0.2796146929
285 -0.2796146928
286 -0.2796146927
287 -0.2796146925
288 -0.2796146923
289 -0.2796146921
290 -0.2796146919
291 -0.2796146915
292 -0.2796146911
293 -0.2796146906
294 -0.27961469
295 -0.2796146892
296 -0.2796146882
297 -0.279614687
298 -0.2796146855
299 -0.2796146837
300 -0.2796146814
301 -0.2796146786
302 -0.2796146752
303 -0.279614671
304 -0.2796146658
305 -0.2796146595
306 -0.2796146517
307 -0.2796146422
308 -0.2796146307
309 -0.2796146165
310 -0.2796145993
311 -0.2796145783
312 -0.2796145527
313 -0.2796145217
314 -0.279614484
315 -0.2796144382
316 -0.2796143828
317 -0.2796143157
318 -0.2796142346
319 -0.2796141366
320 -0.2796140184
321 -0.279613876
322 -0.2796137044
323 -0.2796134981
324 -0.2796132502
325 -0.2796129527
326 -0.2796125959
327 -0.2796121686
328 -0.2796116574
329 -0.2796110463
330 -0.2796103168
331 -0.2796094467
332 -0.27960841
333 -0.2796071761
334 -0.2796057091
335 -0.2796039668
336 -0.2796018998
337 -0.2795994499
338 -0.2795965496
339 -0.2795931194
340 -0.2795890669
341 -0.2795842844
342 -0.2795786461
343 -0.2795720061
344 -0.2795641946
345 -0.2795550148
346 -0.2795442382
347 -0.2795316007
348 -0.2795167965
349 -0.2794994726
350 -0.2794792216
351 -0.2794555741
352 -0.2794279898
353 -0.2793958475
354 -0.2793584337
355 -0.2793149304
356 -0.2792644001
357 -0.2792057705
358 -0.2791378156
359 -0.2790591363
360 -0.2789681372
361 -0.2788630016
362 -0.2787416632
363 -0.2786017744
364 -0.2784406718
365 -0.2782553367
366 -0.2780423524
367 -0.2777978563
368 -0.2775174869
369 -0.2771963256
370 -0.2768288323
371 -0.2764087745
372 -0.2759291498
373 -0.2753821003
374 -0.274758819
375 -0.2740494479
376 -0.2732429664
377 -0.2723270696
378 -0.2712880362
379 -0.2701105851
380 -0.2687777197
381 -0.2672705596
382 -0.2655681595
383 -0.2636473128
384 -0.2614823417
385 -0.2590448708
386 -0.2563035857
387 -0.253223974
388 -0.2497680498
389 -0.24589406
390 -0.241556173
391 -0.2367041484
392 -0.2312829887
393 -0.2252325714
394 -0.2184872631
395 -0.2109755142
396 -0.2026194356
397 -0.1933343578
398 -0.1830283716
399 -0.1716018541
400 -0.158946978
401 -0.1449472078
402 -0.1294767835
403 -0.1124001941
404 -0.09357164231
405 -0.07283450491
406 -0.05002078898
407 -0.02495058942
408 0.002568449797
409 0.0327416665
410 0.06578789888
411 0.1019399872
412 0.1414452539
413 0.1845659554
414 0.2315797026
415 0.2827798399
416 0.3384757806
417 0.3989932887
418 0.4646747011
419 0.5358790837
420 0.6129823127
421 0.6963770735
422 0.7864727704
423 0.8836953376
424 0.9884869451
425 1.101305591
426 1.22262457
427 1.352931819
428 1.492729119
429 1.642531158
430 1.802864445
431 1.974266068
432 2.157282289
433 2.352466976
434 2.56037987
435 2.781584674
436 3.016646972
437 3.266131982
438 3.530602123
439 3.810614423
440 4.106717759
441 4.419449934
442 4.749334597
443 5.096878023
444 5.462565754
445 5.846859117
446 6.250191627
447 6.672965305
448 7.115546905
449 7.578264092
450 8.061401576
451 8.56519723
452 9.089838213
453 9.63545713
454 10.20212824
455 10.78986378
456 11.39861032
457 12.02824539
458 12.67857417
459 13.34932643
460 14.04015369
461 14.75062669
462 15.48023304
463 16.22837536
464 16.99436962
465 17.77744395
466 18.57673783
467 19.39130172
468 20.22009711
469 21.06199711
470 21.91578746
471 22.78016811
472 23.6537553
473 24.53508411
474 25.42261166
475 26.31472075
476 27.20972406
477 28.10586893
478 29.00134258
479 29.89427791
480 30.78275971
481 31.66483146
482 32.53850243
483 33.40175531
484 34.25255418
485 35.0888528
486 35.90860328
487 36.70976494
488 37.49031344
489 38.24825006
490 38.98161113
491 39.68847751
492 40.36698412
493 41.01532936
494 41.63178459
495 42.21470329
496 42.7625302
497 43.27381004
498 43.74719612
499 44.18145839
500 44.57549128
501 44.92832095
502 45.23911217
503 45.50717452
504 45.73196817
505 45.91310897
506 46.05037292
507 46.14369994
508 46.19319706
509 46.19914079
510 46.16197878
511 46.08233086
512 45.96098919
513 45.79891778
514 45.5972512
515 45.35729259
516 45.08051094
517 44.76853767
518 44.42316245
519 44.04632838
520 43.64012655
521 43.20678988
522 42.74868639
523 42.26831189
524 41.7682821
525 41.25132422
526 40.72026805
527 40.1780366
528 39.62763627
529 39.07214666
530 38.51470995
531 37.95852
532 37.40681106
533 36.8628463
534 36.329906
535 35.8112756
536 35.31023346
537 34.83003858
538 34.37391812
539 33.94505482
540 33.54657439
541 33.18153282
542 32.85290376
543 32.56356583
544 32.31629004
545 32.11372737
546 31.95839638
547 31.85267103
548 31.79876882
549 31.79873899
550 31.85445124
551 31.96758467
552 32.13961717
553 32.37181531
554 32.66522466
555 33.02066079
556 33.43870083
557 33.9196758
558 34.4636636
559 35.07048298
560 35.73968826
561 36.47056507
562 37.26212712
563 38.11311405
564 39.02199039
565 39.98694573
566 41.00589618
567 42.07648707
568 43.19609702
569 44.36184336
570 45.570589
571 46.81895064
572 48.10330848
573 49.41981731
574 50.76441905
575 52.13285669
576 53.52068952
577 54.92330982
578 56.33596067
579 57.75375504
580 59.17169601
581 60.58469793
582 61.98760858
583 63.37523213
584 64.74235275
585 66.08375877
586 67.3942673
587 68.66874906
588 69.90215334
589 71.08953285
590 72.22606843
591 73.30709331
592 74.32811681
593 75.28484731
594 76.17321438
595 76.98938982
596 77.72980745
597 78.3911816
598 78.97052412
599 79.46515966
600 79.87273936
601 80.19125253
602 80.41903652
603 80.5547845
604 80.59755118
605 80.54675642
606 80.40218671
607 80.16399442
608 79.83269501
609 79.40916203
610 78.89462011
611 78.29063584
612 77.59910681
613 76.82224875
614 75.96258089
615 75.02290979
616 74.00631156
617 72.91611283
618 71.75587047
619 70.52935028
620 69.2405048
621 67.89345046
622 66.49244412
623 65.04185939
624 63.5461626
625 62.00988895
626 60.43761868
627 58.83395364
628 57.20349434
629 55.55081763
630 53.88045513
631 52.19687266
632 50.50445053
633 48.80746515
634 47.11007175
635 45.41628843
636 43.7299816
637 42.05485287
638 40.39442738
639 38.75204363
640 37.13084484
641 35.53377182
642 33.96355734
643 32.42272199
644 30.91357142
645 29.4381951
646 27.99846629
647 26.59604339
648 25.23237246
649 23.90869085
650 22.62603193
651 21.38523077
652 20.18693065
653 19.03159039
654 17.91949237
655 16.85075115
656 15.8253225
657 14.84301295
658 13.90348959
659 13.00629012
660 12.15083299
661 11.33642767
662 10.56228488
663 9.827526697
664 9.131196567
665 8.472269065
666 7.849659411
667 7.262232662
668 6.708812556
669 6.188189951
670 5.699130855
671 5.240383999
672 4.810687945
673 4.408777713
674 4.033390915
675 3.683273396
676 3.357184379
677 3.053901115
678 2.772223055
679 2.510975544
680 2.269013056
681 2.04522199
682 1.838523036
683 1.647873141
684 1.47226709
685 1.310738734
686 1.162361868
687 1.02625082
688 0.9015607309
689 0.7874875917
690 0.6832680302
691 0.588178892
692 0.5015366296
693 0.4226965243
694 0.3510517635
695 0.286032394
696 0.2271041699
697 0.1737673154
698 0.1255552181
699 0.08203307042
700 0.04279647295
701 0.007470013554
702 -0.02429416515
703 -0.05281779924
704 -0.07839792784
705 -0.1013082996
706 -0.1218007538
707 -0.1401065696
708 -0.1564377774
709 -0.1709884286
710 -0.183935819
711 -0.1954416635
712 -0.20565322
713 -0.2147043601
714 -0.2227165867
715 -0.2297999976
716 -0.2360541949
717 -0.2415691414
718 -0.2464259637
719 -0.250697705
720 -0.2544500267
721 -0.2577418625
722 -0.2606260256
723 -0.2631497709
724 -0.2653553156
725 -0.2672803183
726 -0.2689583203
727 -0.2704191505
728 -0.2716892965
729 -0.2727922435
730 -0.2737487835
731 -0.2745772972
732 -0.2752940093
733 -0.2759132201
734 -0.2764475159
735 -0.2769079574
736 -0.2773042514
737 -0.2776449034
738 -0.2779373558
739 -0.2781881114
740 -0.2784028439
741 -0.2785864964
742 -0.2787433695
743 -0.2788771991
744 -0.2789912265
745 -0.2790882596
746 -0.2791707272
747 -0.2792407278
748 -0.2793000713
749 -0.2793503172
750 -0.2793928067
751 -0.2794286922
752 -0.279458962
753 -0.2794844631
754 -0.2795059197
755 -0.2795239508
756 -0.2795390842
757 -0.2795517698
758 -0.2795623902
759 -0.2795712705
760 -0.2795786866
761 -0.2795848721
762 -0.2795900248
763 -0.2795943118
764 -0.2795978741
765 -0.2796008306
766 -0.2796032811
767 -0.2796053098
768 -0.2796069871
769 -0.2796083723
770 -0.2796095147
771 -0.2796104558
772 -0.27961123
773 -0.2796118662
774 -0.2796123883
775 -0.2796128163
776 -0.2796131666
777 -0.279613453
778 -0.2796136869
779 -0.2796138777
780 -0.2796140331
781 -0.2796141596
782 -0.2796142623
783 -0.2796143457
784 -0.2796144133
785 -0.279614468
786 -0.2796145122
787 -0.2796145479
788 -0.2796145767
789 -0.2796146
790 -0.2796146186
791 -0.2796146336
792 -0.2796146457
793 -0.2796146553
794 -0.2796146631
795 -0.2796146692
796 -0.2796146742
797 -0.2796146781
798 -0.2796146813
799 -0.2796146838
800 -0.2796146857
801 -0.2796146873
802 -0.2796146886
803 -0.2796146895
804 -0.2796146903
805 -0.2796146909
806 -0.2796146914
807 -0.2796146918
808 -0.2796146921
809 -0.2796146924
810 -0.2796146925
811 -0.2796146927
812 -0.2796146928
813 -0.2796146929
814 -0.279614693
815 -0.279614693
816 -0.2796146931
817 -0.2796146931
818 -0.2796146931
819 -0.2796146931
820 -0.2796146931
821 -0.2796146932
822 -0.2796146932
823 -0.2796146932
824 -0.2796146932
825 -0.2796146932
826 -0.2796146932
827 -0.2796146932
828 -0.2796146932
829 -0.2796146932
830 -0.2796146932
831 -0.2796146932
832 -0.2796146932
833 -0.2796146932
834 -0.2796146932
835 -0.2796146932
836 -0.2796146932
837 -0.2796146932
838 -0.2796146932
839 -0.2796146932
840 -0.2796146932
841 -0.2796146932
842 -0.2796146932
843 -0.2796146932
844 -0.2796146932
845 -0.2796146932
846 -0.2796146932
847 -0.2796146932
848 -0.2796146932
849 -0.2796146932
850 -0.2796146932
851 -0.2796146932
852 -0.2796146932
853 -0.2796146932
854 -0.2796146932
855 -0.2796146932
856 -0.2796146932
857 -0.2796146932
858 -0.2796146932
859 -0.2796146932
860 -0.2796146932
861 -0.2796146932
862 -0.2796146932
863 -0.2796146932
864 -0.2796146932
865 -0.2796146932
866 -0.2796146932
867 -0.2796146932
868 -0.2796146932
869 -0.2796146932
870 -0.2796146932
871 -0.2796146932
872 -0.2796146932
873 -0.2796146932
874 -0.2796146932
875 -0.2796146932
876 -0.2796146932
877 -0.2796146932
878 -0.2796146932
879 -0.2796146932
880 -0.2796146932
881 -0.2796146932
882 -0.2796146932
883 -0.2796146932
884 -0.2796146932
885 -0.2796146932
886 -0.2796146932
887 -0.2796146932
888 -0.2796146932
889 -0.2796146932
890 -0.2796146932
891 -0.2796146932
892 -0.2796146932
893 -0.2796146932
894 -0.2796146932
895 -0.2796146932
896 -0.2796146932
897 -0.2796146932
898 -0.2796146932
899 -0.2796146932
900 -0.2796146932
901 -0.2796146932
902 -0.2796146932
903 -0.2796146932
904 -0.2796146932
905 -0.2796146932
906 -0.2796146932
907 -0.2796146932
908 -0.2796146932
909 -0.2796146932
910 -0.2796146932
911 -0.2796146932
912 -0.2796146932
913 -0.2796146932
914 -0.2796146932
915 -0.2796146932
916 -0.2796146932
917 -0.2796146932
918 -0.2796146932
919 -0.2796146932
920 -0.2796146932
921 -0.2796146932
922 -0.2796146932
923 -0.2796146932
924 -0.2796146932
925 -0.2796146932
926 -0.2796146932
927 -0.2796146932
928 -0.2796146932
929 -0.2796146932
930 -0.2796146932
931 -0.2796146932
932 -0.2796146932
933 -0.2796146932
934 -0.2796146932
935 -0.2796146932
936 -0.2796146932
937 -0.2796146932
938 -0.2796146932
939 -0.2796146932
940 -0.2796146932
941 -0.2796146932
942 -0.2796146932
943 -0.2796146932
944 -0.2796146932
945 -0.2796146932
946 -0.2796146932
947 -0.2796146932
948 -0.2796146932
949 -0.2796146932
950 -0.2796146932
951 -0.2796146932
952 -0.2796146932
953 -0.2796146932
954 -0.2796146932
955 -0.2796146932
956 -0.2796146932
957 -0.2796146932
958 -0.2796146932
959 -0.2796146932
960 -0.2796146932
961 -0.2796146932
962 -0.2796146932
963 -0.2796146932
964 -0.2796146932
965 -0.2796146932
966 -0.2796146932
967 -0.2796146932
968 -0.2796146932
969 -0.2796146932
970 -0.2796146932
971 -0.2796146932
972 -0.2796146932
973 -0.2796146932
974 -0.2796146932
975 -0.2796146932
976 -0.2796146932
977 -0.2796146932
978 -0.2796146932
979 -0.2796146932
980 -0.2796146932
981 -0.2796146932
982 -0.2796146932
983 -0.2796146932
984 -0.2796146932
985 -0.2796146932
986 -0.2796146932
987 -0.2796146932
988 -0.2796146932
989 -0.2796146932
990 -0.2796146932
991 -0.2796146932
992 -0.2796146932
993 -0.2796146932
994 -0.2796146932
995 -0.2796146932
996 -0.2796146932
997 -0.2796146932
998 -0.2796146932
999 -0.2796146932
1000 -0.2796146932
1001 -0.2796146932
1002 -0.2796146932
1003 -0.2796146932
1004 -0.2796146932
1005 -0.2796146932
1006 -0.2796146932
1007 -0.2796146932
1008 -0.2796146932
1009 -0.2796146932
1010 -0.2796146932
1011 -0.2796146932
1012 -0.2796146932
1013 -0.2796146932
1014 -0.2796146932
1015 -0.2796146932
1016 -0.2796146932
1017 -0.2796146932
1018 -0.2796146932
1019 -0.2796146932
1020 -0.2796146932
1021 -0.2796146932
1022 -0.2796146932
1023 -0.2796146932
