#55577 2910.0008637334815111 0.0045698910444870542019 1 1285 16.000049430220818044 1024 7 1 J1713+0747 0.0000000 
0 0.3570175413
1 0.3570175413
2 0.3570175413
3 0.3570175413
4 0.3570175413
5 0.3570175413
6 0.3570175413
7 0.3570175413
8 0.3570175413
9 0.3570175413
10 0.3570175413
11 0.3570175413
12 0.3570175413
13 0.3570175413
14 0.3570175413
15 0.3570175413
16 0.3570175413
17 0.3570175413
18 0.3570175413
19 0.3570175413
20 0.3570175413
21 0.3570175413
22 0.3570175413
23 0.3570175413
24 0.3570175413
25 0.3570175413
26 0.3570175413
27 0.3570175413
28 0.3570175413
29 0.3570175413
30 0.3570175413
31 0.3570175413
32 0.3570175413
33 0.3570175413
34 0.3570175413
35 0.3570175413
36 0.3570175413
37 0.3570175413
38 0.3570175413
39 0.3570175413
40 0.3570175413
41 0.3570175413
42 0.3570175413
43 0.3570175413
44 0.3570175413
45 0.3570175413
46 0.3570175413
47 0.3570175413
48 0.3570175413
49 0.3570175413
50 0.3570175413
51 0.3570175413
52 0.3570175413
53 0.3570175413
54 0.3570175413
55 0.3570175413
56 0.3570175413
57 0.3570175413
58 0.3570175413
59 0.3570175413
60 0.3570175413
61 0.3570175413
62 0.3570175413
63 0.3570175413
64 0.3570175413
65 0.3570175413
66 0.3570175413
67 0.3570175413
68 0.3570175413
69 0.3570175413
70 0.3570175413
71 0.3570175413
72 0.3570175413
73 0.3570175413
74 0.3570175413
75 0.3570175413
76 0.3570175413
77 0.3570175413
78 0.3570175413
79 0.3570175413
80 0.3570175413
81 0.3570175413
82 0.3570175413
83 0.3570175413
84 0.3570175413
85 0.3570175413
86 0.3570175413
87 0.3570175413
88 0.3570175413
89 0.3570175413
90 0.3570175413
91 0.3570175413
92 0.3570175413
93 0.3570175413
94 0.3570175413
95 0.3570175413
96 0.3570175413
97 0.3570175413
98 0.3570175413
99 0.3570175413
100 0.3570175413
101 0.3570175413
102 0.3570175413
103 0.3570175413
104 0.3570175413
105 0.3570175413
106 0.3570175413
107 0.3570175413
108 0.3570175413
109 0.3570175413
110 0.3570175413
111 0.3570175413
112 0.3570175413
113 0.3570175413
114 0.3570175413
115 0.3570175413
116 0.3570175413
117 0.3570175413
118 0.3570175413
119 0.3570175413
120 0.3570175413
121 0.3570175413
122 0.3570175413
123 0.3570175413
124 0.3570175413
125 0.3570175413
126 0.3570175413
127 0.3570175413
128 0.3570175413
129 0.3570175413
130 0.3570175413
131 0.3570175413
132 0.3570175413
133 0.3570175413
134 0.3570175413
135 0.3570175413
136 0.3570175413
137 0.3570175413
138 0.3570175413
139 0.3570175413
140 0.3570175413
141 0.3570175413
142 0.3570175413
143 0.3570175413
144 0.3570175413
145 0.3570175413
146 0.3570175413
147 0.3570175413
148 0.3570175413
149 0.3570175413
150 0.3570175413
151 0.3570175413
152 0.3570175413
153 0.3570175413
154 0.3570175413
155 0.3570175413
156 0.3570175413
157 0.3570175413
158 0.3570175413
159 0.3570175413
160 0.3570175413
161 0.3570175413
162 0.3570175413
163 0.3570175413
164 0.3570175413
165 0.3570175413
166 0.3570175413
167 0.3570175413
168 0.3570175413
169 0.3570175413
170 0.3570175413
171 0.3570175413
172 0.3570175413
173 0.3570175413
174 0.3570175414
175 0.3570175414
176 0.3570175414
177 0.3570175414
178 0.3570175415
179 0.3570175415
180 0.3570175416
181 0.3570175417
182 0.3570175418
183 0.3570175419
184 0.357017542
185 0.3570175422
186 0.3570175425
187 0.3570175428
188 0.3570175431
189 0.3570175436
190 0.3570175441
191 0.3570175448
192 0.3570175457
193 0.3570175468
194 0.3570175481
195 0.3570175497
196 0.3570175518
197 0.3570175543
198 0.3570175573
199 0.3570175611
200 0.3570175657
201 0.3570175714
202 0.3570175783
203 0.3570175868
204 0.3570175972
205 0.3570176099
206 0.3570176253
207 0.3570176442
208 0.3570176672
209 0.3570176952
210 0.3570177291
211 0.3570177704
212 0.3570178204
213 0.357017881
214 0.3570179543
215 0.3570180429
216 0.3570181499
217 0.3570182789
218 0.3570184344
219 0.3570186216
220 0.3570188467
221 0.3570191171
222 0.3570194416
223 0.3570198305
224 0.3570202961
225 0.3570208532
226 0.3570215187
227 0.3570223132
228 0.3570232605
229 0.3570243888
230 0.3570257314
231 0.3570273272
232 0.357029222
233 0.3570314694
234 0.3570341322
235 0.3570372839
236 0.3570410103
237 0.3570454116
238 0.3570506045
239 0.3570567248
240 0.3570639306
241 0.3570724054
242 0.3570823622
243 0.3570940476
244 0.3571077474
245 0.3571237916
246 0.3571425616
247 0.3571644971
248 0.3571901048
249 0.3572199677
250 0.3572547558
251 0.3572952384
252 0.3573422974
253 0.357396943
254 0.3574603307
255 0.3575337806
256 0.3576187994
257 0.3577171041
258 0.3578306497
259 0.357961659
260 0.3581126564
261 0.3582865054
262 0.3584864503
263 0.3587161619
264 0.3589797891
265 0.3592820148
266 0.3596281189
267 0.3600240462
268 0.3604764824
269 0.3609929372
270 0.3615818347
271 0.3622526135
272 0.3630158353
273 0.3638833038
274 0.3648681939
275 0.3659851922
276 0.3672506498
277 0.3686827474
278 0.3703016741
279 0.37212982
280 0.374191984
281 0.3765155969
282 0.3791309611
283 0.3820715064
284 0.3853740643
285 0.3890791598
286 0.3932313213
287 0.3978794104
288 0.4030769704
289 0.4088825944
290 0.4153603128
291 0.4225800009
292 0.4306178054
293 0.4395565904
294 0.449486401
295 0.4605049462
296 0.4727180968
297 0.4862404
298 0.5011956081
299 0.5177172187
300 0.5359490256
301 0.5560456782
302 0.5781732446
303 0.6025097782
304 0.6292458817
305 0.6585852674
306 0.6907453065
307 0.7259575659
308 0.7644683253
309 0.8065390706
310 0.8524469568
311 0.9024852355
312 0.9569636394
313 1.016208718
314 1.080564115
315 1.150390787
316 1.226067142
317 1.307989107
318 1.396570102
319 1.492240924
320 1.595449518
321 1.706660647
322 1.826355434
323 1.955030775
324 2.093198621
325 2.241385114
326 2.400129569
327 2.569983302
328 2.751508298
329 2.945275701
330 3.151864142
331 3.371857882
332 3.605844781
333 3.854414087
334 4.118154045
335 4.39764932
336 4.693478257
337 5.006209957
338 5.336401193
339 5.684593167
340 6.051308115
341 6.437045775
342 6.84227973
343 7.267453638
344 7.712977368
345 8.179223059
346 8.666521123
347 9.175156212
348 9.705363175
349 10.25732303
350 10.83115895
351 11.4269324
352 12.04463922
353 12.68420601
354 13.34548652
355 14.02825836
356 14.73221979
357 15.45698689
358 16.20209094
359 16.96697613
360 17.75099763
361 18.55342003
362 19.37341615
363 20.21006635
364 21.0623582
365 21.92918675
366 22.80935518
367 23.70157605
368 24.60447303
369 25.51658322
370 26.43635999
371 27.36217639
372 28.2923291
373 29.22504299
374 30.15847617
375 31.09072561
376 32.01983327
377 32.94379276
378 33.86055644
379 34.76804305
380 35.66414565
381 36.54674009
382 37.41369372
383 38.26287443
384 39.09216003
385 39.89944775
386 40.682664
387 41.43977415
388 42.16879245
389 42.86779195
390 43.53491431
391 44.16837961
392 44.76649588
393 45.32766852
394 45.85040937
395 46.33334551
396 46.77522761
397 47.17493797
398 47.53149794
399 47.8440749
400 48.11198868
401 48.33471735
402 48.51190237
403 48.64335304
404 48.72905036
405 48.76915004
406 48.76398484
407 48.71406614
408 48.62008476
409 48.48291097
410 48.30359376
411 48.08335935
412 47.8236089
413 47.52591548
414 47.19202032
415 46.82382828
416 46.4234027
417 45.99295948
418 45.53486056
419 45.05160675
420 44.54582993
421 44.02028473
422 43.47783963
423 42.92146753
424 42.35423592
425 41.77929649
426 41.19987443
427 40.6192573
428 40.04078353
429 39.46783068
430 38.90380333
431 38.35212077
432 37.81620447
433 37.29946533
434 36.80529083
435 36.33703196
436 35.89799018
437 35.49140419
438 35.12043679
439 34.78816165
440 34.49755016
441 34.25145837
442 34.05261401
443 33.9036037
444 33.80686031
445 33.76465057
446 33.77906302
447 33.85199623
448 33.98514739
449 34.18000145
450 34.43782061
451 34.75963451
452 35.14623089
453 35.59814709
454 36.11566216
455 36.69878984
456 37.34727245
457 38.06057569
458 38.83788442
459 39.67809961
460 40.57983636
461 41.54142313
462 42.56090229
463 43.63603189
464 44.7642889
465 45.94287377
466 47.16871642
467 48.43848382
468 49.74858886
469 51.09520087
470 52.47425756
471 53.88147841
472 55.31237956
473 56.76229006
474 58.22636954
475 59.69962715
476 61.17694168
477 62.65308292
478 64.12273395
479 65.58051451
480 67.02100497
481 68.43877121
482 69.82838985
483 71.18447399
484 72.50169909
485 73.77482899
486 74.99874179
487 76.16845542
488 77.27915281
489 78.32620646
490 79.30520207
491 80.21196138
492 81.04256373
493 81.79336639
494 82.46102342
495 83.04250295
496 83.53510268
497 83.93646365
498 84.24458191
499 84.45781828
500 84.57490589
501 84.59495564
502 84.51745934
503 84.34229071
504 84.06970406
505 83.70033079
506 83.23517364
507 82.67559884
508 82.02332614
509 81.28041684
510 80.44925996
511 79.53255655
512 78.53330244
513 77.45476934
514 76.30048471
515 75.07421032
516 73.77991984
517 72.4217755
518 71.00410414
519 69.53137269
520 68.00816339
521 66.4391488
522 64.82906695
523 63.18269658
524 61.50483289
525 59.80026374
526 58.07374662
527 56.32998642
528 54.57361419
529 52.80916704
530 51.04106913
531 49.27361411
532 47.51094885
533 45.75705864
534 44.01575388
535 42.29065836
536 40.58519905
537 38.90259749
538 37.2458628
539 35.61778612
540 34.02093674
541 32.45765964
542 30.93007444
543 29.44007581
544 27.98933517
545 26.57930359
546 25.21121591
547 23.88609589
548 22.60476236
549 21.36783624
550 20.17574836
551 19.02874797
552 17.92691183
553 16.87015379
554 15.85823479
555 14.89077313
556 13.96725501
557 13.08704509
558 12.24939721
559 11.45346502
560 10.69831248
561 9.982924211
562 9.30621565
563 8.667042837
564 8.064211922
565 7.496488268
566 6.96260514
567 6.461271951
568 5.991182027
569 5.551019889
570 5.139468026
571 4.755213154
572 4.396951963
573 4.063396344
574 3.75327811
575 3.465353211
576 3.198405459
577 2.951249786
578 2.722735038
579 2.511746332
580 2.317207003
581 2.138080153
582 1.973369838
583 1.822121906
584 1.683424521
585 1.556408397
586 1.440246759
587 1.334155073
588 1.237390552
589 1.149251477
590 1.069076342
591 0.9962428624
592 0.9301668545
593 0.8703010095
594 0.8161335869
595 0.7671870372
596 0.7230165762
597 0.6832087217
598 0.6473798103
599 0.6151745029
600 0.5862642942
601 0.5603460321
602 0.5371404591
603 0.5163907812
604 0.4978612724
605 0.4813359186
606 0.4666171077
607 0.4535243668
608 0.4418931528
609 0.4315736946
610 0.4224298927
611 0.4143382723
612 0.4071869948
613 0.4008749241
614 0.3953107486
615 0.3904121582
616 0.3861050736
617 0.3823229283
618 0.3790059995
619 0.376100788
620 0.3735594432
621 0.3713392325
622 0.3694020523
623 0.3677139776
624 0.36624485
625 0.3649678992
626 0.3638593984
627 0.3628983494
628 0.3620661964
629 0.3613465663
630 0.3607250329
631 0.3601889042
632 0.3597270304
633 0.3593296304
634 0.3589881364
635 0.3586950544
636 0.3584438389
637 0.3582287809
638 0.3580449084
639 0.3578878974
640 0.3577539924
641 0.357639937
642 0.3575429109
643 0.3574604753
644 0.3573905241
645 0.3573312411
646 0.3572810624
647 0.357238643
648 0.3572028282
649 0.3571726274
650 0.3571471925
651 0.3571257984
652 0.3571078254
653 0.3570927456
654 0.3570801088
655 0.3570695327
656 0.3570606922
657 0.3570533116
658 0.3570471577
659 0.3570420329
660 0.3570377705
661 0.3570342297
662 0.3570312921
663 0.3570288579
664 0.3570268433
665 0.3570251782
666 0.3570238036
667 0.3570226702
668 0.3570217368
669 0.3570209692
670 0.3570203386
671 0.3570198213
672 0.3570193974
673 0.3570190505
674 0.357018767
675 0.3570185355
676 0.3570183467
677 0.357018193
678 0.357018068
679 0.3570179665
680 0.3570178841
681 0.3570178174
682 0.3570177633
683 0.3570177197
684 0.3570176844
685 0.357017656
686 0.3570176331
687 0.3570176147
688 0.3570175999
689 0.357017588
690 0.3570175785
691 0.3570175709
692 0.3570175648
693 0.35701756
694 0.3570175561
695 0.357017553
696 0.3570175506
697 0.3570175486
698 0.3570175471
699 0.3570175458
700 0.3570175449
701 0.3570175441
702 0.3570175435
703 0.357017543
704 0.3570175426
705 0.3570175423
706 0.3570175421
707 0.3570175419
708 0.3570175418
709 0.3570175417
710 0.3570175416
711 0.3570175415
712 0.3570175415
713 0.3570175414
714 0.3570175414
715 0.3570175414
716 0.3570175413
717 0.3570175413
718 0.3570175413
719 0.3570175413
720 0.3570175413
721 0.3570175413
722 0.3570175413
723 0.3570175413
724 0.3570175413
725 0.3570175413
726 0.3570175413
727 0.3570175413
728 0.3570175413
729 0.3570175413
730 0.3570175413
731 0.3570175413
732 0.3570175413
733 0.3570175413
734 0.3570175413
735 0.3570175413
736 0.3570175413
737 0.3570175413
738 0.3570175413
739 0.3570175413
740 0.3570175413
741 0.3570175413
742 0.3570175413
743 0.3570175413
744 0.3570175413
745 0.3570175413
746 0.3570175413
747 0.3570175413
748 0.3570175413
749 0.3570175413
750 0.3570175413
751 0.3570175413
752 0.3570175413
753 0.3570175413
754 0.3570175413
755 0.3570175413
756 0.3570175413
757 0.3570175413
758 0.3570175413
759 0.3570175413
760 0.3570175413
761 0.3570175413
762 0.3570175413
763 0.3570175413
764 0.3570175413
765 0.3570175413
766 0.3570175413
767 0.3570175413
768 0.3570175413
769 0.3570175413
770 0.3570175413
771 0.3570175413
772 0.3570175413
773 0.3570175413
774 0.3570175413
775 0.3570175413
776 0.3570175413
777 0.3570175413
778 0.3570175413
779 0.3570175413
780 0.3570175413
781 0.3570175413
782 0.3570175413
783 0.3570175413
784 0.3570175413
785 0.3570175413
786 0.3570175413
787 0.3570175413
788 0.3570175413
789 0.3570175413
790 0.3570175413
791 0.3570175413
792 0.3570175413
793 0.3570175413
794 0.3570175413
795 0.3570175413
796 0.3570175413
797 0.3570175413
798 0.3570175413
799 0.3570175413
800 0.3570175413
801 0.3570175413
802 0.3570175413
803 0.3570175413
804 0.3570175413
805 0.3570175413
806 0.3570175413
807 0.3570175413
808 0.3570175413
809 0.3570175413
810 0.3570175413
811 0.3570175413
812 0.3570175413
813 0.3570175413
814 0.3570175413
815 0.3570175413
816 0.3570175413
817 0.3570175413
818 0.3570175413
819 0.3570175413
820 0.3570175413
821 0.3570175413
822 0.3570175413
823 0.3570175413
824 0.3570175413
825 0.3570175413
826 0.3570175413
827 0.3570175413
828 0.3570175413
829 0.3570175413
830 0.3570175413
831 0.3570175413
832 0.3570175413
833 0.3570175413
834 0.3570175413
835 0.3570175413
836 0.3570175413
837 0.3570175413
838 0.3570175413
839 0.3570175413
840 0.3570175413
841 0.3570175413
842 0.3570175413
843 0.3570175413
844 0.3570175413
845 0.3570175413
846 0.3570175413
847 0.3570175413
848 0.3570175413
849 0.3570175413
850 0.3570175413
851 0.3570175413
852 0.3570175413
853 0.3570175413
854 0.3570175413
855 0.3570175413
856 0.3570175413
857 0.3570175413
858 0.3570175413
859 0.3570175413
860 0.3570175413
861 0.3570175413
862 0.3570175413
863 0.3570175413
864 0.3570175413
865 0.3570175413
866 0.3570175413
867 0.3570175413
868 0.3570175413
869 0.3570175413
870 0.3570175413
871 0.3570175413
872 0.3570175413
873 0.3570175413
874 0.3570175413
875 0.3570175413
876 0.3570175413
877 0.3570175413
878 0.3570175413
879 0.3570175413
880 0.3570175413
881 0.3570175413
882 0.3570175413
883 0.3570175413
884 0.3570175413
885 0.3570175413
886 0.3570175413
887 0.3570175413
888 0.3570175413
889 0.3570175413
890 0.3570175413
891 0.3570175413
892 0.3570175413
893 0.3570175413
894 0.3570175413
895 0.3570175413
896 0.3570175413
897 0.3570175413
898 0.3570175413
899 0.3570175413
900 0.3570175413
901 0.3570175413
902 0.3570175413
903 0.3570175413
904 0.3570175413
905 0.3570175413
906 0.3570175413
907 0.3570175413
908 0.3570175413
909 0.3570175413
910 0.3570175413
911 0.3570175413
912 0.3570175413
913 0.3570175413
914 0.3570175413
915 0.3570175413
916 0.3570175413
917 0.3570175413
918 0.3570175413
919 0.3570175413
920 0.3570175413
921 0.3570175413
922 0.3570175413
923 0.3570175413
924 0.3570175413
925 0.3570175413
926 0.3570175413
927 0.3570175413
928 0.3570175413
929 0.3570175413
930 0.3570175413
931 0.3570175413
932 0.3570175413
933 0.3570175413
934 0.3570175413
935 0.3570175413
936 0.3570175413
937 0.3570175413
938 0.3570175413
939 0.3570175413
940 0.3570175413
941 0.3570175413
942 0.3570175413
943 0.3570175413
944 0.3570175413
945 0.3570175413
946 0.3570175413
947 0.3570175413
948 0.3570175413
949 0.3570175413
950 0.3570175413
951 0.3570175413
952 0.3570175413
953 0.3570175413
954 0.3570175413
955 0.3570175413
956 0.3570175413
957 0.3570175413
958 0.3570175413
959 0.3570175413
960 0.3570175413
961 0.3570175413
962 0.3570175413
963 0.3570175413
964 0.3570175413
965 0.3570175413
966 0.3570175413
967 0.3570175413
968 0.3570175413
969 0.3570175413
970 0.3570175413
971 0.3570175413
972 0.3570175413
973 0.3570175413
974 0.3570175413
975 0.3570175413
976 0.3570175413
977 0.3570175413
978 0.3570175413
979 0.3570175413
980 0.3570175413
981 0.3570175413
982 0.3570175413
983 0.3570175413
984 0.3570175413
985 0.3570175413
986 0.3570175413
987 0.3570175413
988 0.3570175413
989 0.3570175413
990 0.3570175413
991 0.3570175413
992 0.3570175413
993 0.3570175413
994 0.3570175413
995 0.3570175413
996 0.3570175413
997 0.3570175413
998 0.3570175413
999 0.3570175413
1000 0.3570175413
1001 0.3570175413
1002 0.3570175413
1003 0.3570175413
1004 0.3570175413
1005 0.3570175413
1006 0.3570175413
1007 0.3570175413
1008 0.3570175413
1009 0.3570175413
1010 0.3570175413
1011 0.3570175413
1012 0.3570175413
1013 0.3570175413
1014 0.3570175413
1015 0.3570175413
1016 0.3570175413
1017 0.3570175413
1018 0.3570175413
1019 0.3570175413
1020 0.3570175413
1021 0.3570175413
1022 0.3570175413
1023 0.3570175413
