#55621 2910.0007078776070271 0.0045697507883115237245 1 1309 16.000049430220818044 1024 7 1 J1713+0747 0.0000000 
0 0.114300478
1 0.114300478
2 0.114300478
3 0.114300478
4 0.114300478
5 0.114300478
6 0.114300478
7 0.114300478
8 0.114300478
9 0.114300478
10 0.114300478
11 0.114300478
12 0.114300478
13 0.114300478
14 0.114300478
15 0.114300478
16 0.114300478
17 0.114300478
18 0.114300478
19 0.114300478
20 0.1143004781
21 0.1143004781
22 0.1143004781
23 0.1143004781
24 0.1143004782
25 0.1143004782
26 0.1143004783
27 0.1143004784
28 0.1143004785
29 0.1143004786
30 0.1143004787
31 0.1143004789
32 0.1143004792
33 0.1143004795
34 0.1143004799
35 0.1143004803
36 0.1143004809
37 0.1143004816
38 0.1143004825
39 0.1143004836
40 0.114300485
41 0.1143004867
42 0.1143004887
43 0.1143004913
44 0.1143004944
45 0.1143004982
46 0.114300503
47 0.1143005088
48 0.1143005159
49 0.1143005246
50 0.1143005352
51 0.1143005482
52 0.114300564
53 0.1143005833
54 0.1143006068
55 0.1143006354
56 0.1143006701
57 0.1143007122
58 0.1143007633
59 0.1143008252
60 0.1143009
61 0.1143009905
62 0.1143010997
63 0.1143012314
64 0.1143013901
65 0.1143015811
66 0.1143018107
67 0.1143020865
68 0.1143024173
69 0.1143028138
70 0.1143032885
71 0.1143038562
72 0.1143045344
73 0.1143053438
74 0.1143063088
75 0.1143074579
76 0.114308825
77 0.1143104497
78 0.1143123784
79 0.1143146656
80 0.1143173751
81 0.1143205816
82 0.114324372
83 0.1143288481
84 0.1143341284
85 0.1143403505
86 0.1143476749
87 0.1143562877
88 0.1143664048
89 0.1143782762
90 0.1143921915
91 0.1144084853
92 0.1144275438
93 0.1144498126
94 0.1144758047
95 0.1145061104
96 0.1145414081
97 0.1145824764
98 0.1146302077
99 0.114685624
100 0.1147498942
101 0.1148243534
102 0.1149105249
103 0.1150101446
104 0.1151251885
105 0.1152579026
106 0.1154108375
107 0.1155868856
108 0.1157893232
109 0.1160218568
110 0.1162886744
111 0.1165945027
112 0.1169446691
113 0.1173451712
114 0.1178027526
115 0.1183249861
116 0.1189203652
117 0.119598404
118 0.1203697466
119 0.1212462861
120 0.1222412944
121 0.1233695633
122 0.124647557
123 0.1260935785
124 0.1277279479
125 0.1295731959
126 0.1316542714
127 0.1339987654
128 0.1366371501
129 0.1396030356
130 0.1429334434
131 0.1466690983
132 0.1508547383
133 0.1555394437
134 0.1607769852
135 0.1666261909
136 0.1731513332
137 0.180422535
138 0.1885161948
139 0.1975154305
140 0.207510542
141 0.2185994904
142 0.2308883938
143 0.2444920391
144 0.259534406
145 0.2761492042
146 0.2944804192
147 0.3146828666
148 0.33692275
149 0.3613782209
150 0.3882399367
151 0.4177116124
152 0.4500105634
153 0.4853682325
154 0.524030698
155 0.5662591575
156 0.6123303797
157 0.662537121
158 0.7171884977
159 0.7766103092
160 0.8411453037
161 0.9111533792
162 0.987011713
163 1.069114811
164 1.157874468
165 1.253719634
166 1.357096177
167 1.468466525
168 1.588309203
169 1.717118226
170 1.855402365
171 2.003684267
172 2.162499427
173 2.332394998
174 2.513928446
175 2.707666032
176 2.914181122
177 3.134052329
178 3.36786147
179 3.616191348
180 3.879623358
181 4.158734915
182 4.454096703
183 4.766269768
184 5.095802431
185 5.443227058
186 5.809056681
187 6.19378148
188 6.597865147
189 7.021741139
190 7.465808846
191 7.930429678
192 8.415923107
193 8.922562675
194 9.450571992
195 10.00012076
196 10.57132082
197 11.16422231
198 11.77880988
199 12.41499906
200 13.07263278
201 13.75147809
202 14.4512231
203 15.17147416
204 15.91175337
205 16.67149634
206 17.45005032
207 18.24667278
208 19.06053026
209 19.89069777
210 20.73615856
211 21.59580443
212 22.46843651
213 23.35276654
214 24.24741868
215 25.15093192
216 26.06176296
217 26.97828965
218 27.89881507
219 28.82157205
220 29.74472828
221 30.66639198
222 31.58461803
223 32.49741462
224 33.40275041
225 34.29856207
226 35.18276227
227 36.05324807
228 36.90790961
229 37.74463911
230 38.56134016
231 39.35593718
232 40.12638504
233 40.87067883
234 41.58686361
235 42.27304423
236 42.92739505
237 43.54816957
238 44.1337099
239 44.68245592
240 45.19295433
241 45.66386718
242 46.09398017
243 46.48221041
244 46.82761377
245 47.12939164
246 47.38689722
247 47.59964107
248 47.7672962
249 47.88970228
250 47.96686935
251 47.9989807
252 47.98639505
253 47.92964795
254 47.82945252
255 47.68669926
256 47.50245527
257 47.2779626
258 47.01463587
259 46.71405917
260 46.37798218
261 46.00831565
262 45.60712611
263 45.17662996
264 44.71918688
265 44.23729264
266 43.73357133
267 43.21076698
268 42.67173469
269 42.11943126
270 41.55690533
271 40.98728706
272 40.41377751
273 39.83963752
274 39.26817631
275 38.70273982
276 38.14669867
277 37.60343599
278 37.07633493
279 36.56876608
280 36.08407468
281 35.62556774
282 35.19650109
283 34.80006627
284 34.4393776
285 34.117459
286 33.83723111
287 33.60149828
288 33.41293585
289 33.27407743
290 33.18730252
291 33.15482427
292 33.17867761
293 33.26070762
294 33.40255842
295 33.60566239
296 33.87122996
297 34.20023991
298 34.59343033
299 35.05129029
300 35.57405215
301 36.1616848
302 36.81388776
303 37.53008614
304 38.30942676
305 39.15077519
306 40.05271408
307 41.01354258
308 42.03127705
309 43.10365312
310 44.22812907
311 45.40189054
312 46.62185683
313 47.88468846
314 49.18679635
315 50.5243524
316 51.89330153
317 53.28937519
318 54.70810633
319 56.14484572
320 57.59477959
321 59.05294861
322 60.51426799
323 61.97354876
324 63.42552004
325 64.86485219
326 66.28618075
327 67.68413109
328 69.05334344
329 70.38849841
330 71.68434262
331 72.93571439
332 74.13756934
333 75.28500562
334 76.37328869
335 77.39787548
336 78.35443768
337 79.2388841
338 80.04738178
339 80.77637591
340 81.4226082
341 81.98313369
342 82.45533582
343 82.83693967
344 83.12602321
345 83.3210266
346 83.42075929
347 83.42440504
348 83.33152469
349 83.14205674
350 82.85631566
351 82.47498812
352 81.99912688
353 81.43014272
354 80.7697942
355 80.02017554
356 79.18370259
357 78.26309708
358 77.26136922
359 76.18179889
360 75.02791536
361 73.80347606
362 72.51244412
363 71.15896528
364 69.747344
365 68.28201923
366 66.76753979
367 65.20853974
368 63.6097137
369 61.97579255
370 60.3115194
371 58.62162628
372 56.91081138
373 55.18371728
374 53.44491012
375 51.69885985
376 49.94992173
377 48.20231913
378 46.46012767
379 44.72726085
380 43.00745715
381 41.30426865
382 39.62105125
383 37.96095639
384 36.32692436
385 34.72167914
386 33.14772478
387 31.60734315
388 30.10259325
389 28.63531178
390 27.20711501
391 25.8194019
392 24.4733583
393 23.16996228
394 21.90999031
395 20.69402436
396 19.52245979
397 18.3955138
398 17.31323456
399 16.27551076
400 15.28208154
401 14.33254669
402 13.42637709
403 12.56292522
404 11.74143569
405 10.96105577
406 10.22084579
407 9.519789283
408 8.856803012
409 8.230746598
410 7.640431857
411 7.084631738
412 6.562088847
413 6.071523518
414 5.611641425
415 5.181140687
416 4.778718494
417 4.403077206
418 4.052929952
419 3.727005714
420 3.424053914
421 3.1428485
422 2.88219155
423 2.640916416
424 2.417890416
425 2.212017093
426 2.022238074
427 1.847534539
428 1.686928336
429 1.539482758
430 1.404303008
431 1.280536384
432 1.167372203
433 1.064041491
434 0.9698164646
435 0.8840098277
436 0.8059739031
437 0.7350996267
438 0.6708154209
439 0.6125859688
440 0.5599109072
441 0.5123234566
442 0.4693890026
443 0.4307036454
444 0.3958927294
445 0.3646093657
446 0.3365329581
447 0.3113677424
448 0.2888413473
449 0.2687033852
450 0.2507240774
451 0.2346929206
452 0.2204173988
453 0.2077217431
454 0.196445744
455 0.1864436158
456 0.1775829166
457 0.1697435232
458 0.1628166622
459 0.1567039959
460 0.151316763
461 0.1465749736
462 0.1424066557
463 0.1387471532
464 0.1355384726
465 0.1327286774
466 0.1302713265
467 0.1281249568
468 0.1262526059
469 0.1246213738
470 0.1232020199
471 0.1219685958
472 0.1208981088
473 0.1199702152
474 0.1191669423
475 0.1184724351
476 0.1178727279
477 0.1173555363
478 0.1169100716
479 0.1165268716
480 0.1161976499
481 0.1159151605
482 0.1156730757
483 0.1154658782
484 0.1152887639
485 0.1151375558
486 0.1150086271
487 0.1148988335
488 0.1148054526
489 0.1147261308
490 0.114658836
491 0.1146018164
492 0.1145535637
493 0.1145127811
494 0.1144783553
495 0.1144493321
496 0.1144248941
497 0.1144043427
498 0.1143870814
499 0.1143726017
500 0.1143604704
501 0.1143503195
502 0.1143418361
503 0.1143347553
504 0.1143288525
505 0.1143239378
506 0.114319851
507 0.1143164568
508 0.1143136414
509 0.114311309
510 0.1143093791
511 0.1143077843
512 0.1143064679
513 0.1143053828
514 0.1143044894
515 0.1143037548
516 0.1143031515
517 0.1143026567
518 0.1143022512
519 0.1143019195
520 0.1143016485
521 0.1143014272
522 0.1143012468
523 0.1143011
524 0.1143009806
525 0.1143008836
526 0.114300805
527 0.1143007412
528 0.1143006897
529 0.114300648
530 0.1143006144
531 0.1143005873
532 0.1143005654
533 0.1143005479
534 0.1143005338
535 0.1143005225
536 0.1143005134
537 0.1143005062
538 0.1143005004
539 0.1143004958
540 0.1143004921
541 0.1143004891
542 0.1143004868
543 0.1143004849
544 0.1143004835
545 0.1143004823
546 0.1143004814
547 0.1143004807
548 0.1143004801
549 0.1143004796
550 0.1143004793
551 0.114300479
552 0.1143004788
553 0.1143004786
554 0.1143004785
555 0.1143004783
556 0.1143004783
557 0.1143004782
558 0.1143004781
559 0.1143004781
560 0.1143004781
561 0.1143004781
562 0.114300478
563 0.114300478
564 0.114300478
565 0.114300478
566 0.114300478
567 0.114300478
568 0.114300478
569 0.114300478
570 0.114300478
571 0.114300478
572 0.114300478
573 0.114300478
574 0.114300478
575 0.114300478
576 0.114300478
577 0.114300478
578 0.114300478
579 0.114300478
580 0.114300478
581 0.114300478
582 0.114300478
583 0.114300478
584 0.114300478
585 0.114300478
586 0.114300478
587 0.114300478
588 0.114300478
589 0.114300478
590 0.114300478
591 0.114300478
592 0.114300478
593 0.114300478
594 0.114300478
595 0.114300478
596 0.114300478
597 0.114300478
598 0.114300478
599 0.114300478
600 0.114300478
601 0.114300478
602 0.114300478
603 0.114300478
604 0.114300478
605 0.114300478
606 0.114300478
607 0.114300478
608 0.114300478
609 0.114300478
610 0.114300478
611 0.114300478
612 0.114300478
613 0.114300478
614 0.114300478
615 0.114300478
616 0.114300478
617 0.114300478
618 0.114300478
619 0.114300478
620 0.114300478
621 0.114300478
622 0.114300478
623 0.114300478
624 0.114300478
625 0.114300478
626 0.114300478
627 0.114300478
628 0.114300478
629 0.114300478
630 0.114300478
631 0.114300478
632 0.114300478
633 0.114300478
634 0.114300478
635 0.114300478
636 0.114300478
637 0.114300478
638 0.114300478
639 0.114300478
640 0.114300478
641 0.114300478
642 0.114300478
643 0.114300478
644 0.114300478
645 0.114300478
646 0.114300478
647 0.114300478
648 0.114300478
649 0.114300478
650 0.114300478
651 0.114300478
652 0.114300478
653 0.114300478
654 0.114300478
655 0.114300478
656 0.114300478
657 0.114300478
658 0.114300478
659 0.114300478
660 0.114300478
661 0.114300478
662 0.114300478
663 0.114300478
664 0.114300478
665 0.114300478
666 0.114300478
667 0.114300478
668 0.114300478
669 0.114300478
670 0.114300478
671 0.114300478
672 0.114300478
673 0.114300478
674 0.114300478
675 0.114300478
676 0.114300478
677 0.114300478
678 0.114300478
679 0.114300478
680 0.114300478
681 0.114300478
682 0.114300478
683 0.114300478
684 0.114300478
685 0.114300478
686 0.114300478
687 0.114300478
688 0.114300478
689 0.114300478
690 0.114300478
691 0.114300478
692 0.114300478
693 0.114300478
694 0.114300478
695 0.114300478
696 0.114300478
697 0.114300478
698 0.114300478
699 0.114300478
700 0.114300478
701 0.114300478
702 0.114300478
703 0.114300478
704 0.114300478
705 0.114300478
706 0.114300478
707 0.114300478
708 0.114300478
709 0.114300478
710 0.114300478
711 0.114300478
712 0.114300478
713 0.114300478
714 0.114300478
715 0.114300478
716 0.114300478
717 0.114300478
718 0.114300478
719 0.114300478
720 0.114300478
721 0.114300478
722 0.114300478
723 0.114300478
724 0.114300478
725 0.114300478
726 0.114300478
727 0.114300478
728 0.114300478
729 0.114300478
730 0.114300478
731 0.114300478
732 0.114300478
733 0.114300478
734 0.114300478
735 0.114300478
736 0.114300478
737 0.114300478
738 0.114300478
739 0.114300478
740 0.114300478
741 0.114300478
742 0.114300478
743 0.114300478
744 0.114300478
745 0.114300478
746 0.114300478
747 0.114300478
748 0.114300478
749 0.114300478
750 0.114300478
751 0.114300478
752 0.114300478
753 0.114300478
754 0.114300478
755 0.114300478
756 0.114300478
757 0.114300478
758 0.114300478
759 0.114300478
760 0.114300478
761 0.114300478
762 0.114300478
763 0.114300478
764 0.114300478
765 0.114300478
766 0.114300478
767 0.114300478
768 0.114300478
769 0.114300478
770 0.114300478
771 0.114300478
772 0.114300478
773 0.114300478
774 0.114300478
775 0.114300478
776 0.114300478
777 0.114300478
778 0.114300478
779 0.114300478
780 0.114300478
781 0.114300478
782 0.114300478
783 0.114300478
784 0.114300478
785 0.114300478
786 0.114300478
787 0.114300478
788 0.114300478
789 0.114300478
790 0.114300478
791 0.114300478
792 0.114300478
793 0.114300478
794 0.114300478
795 0.114300478
796 0.114300478
797 0.114300478
798 0.114300478
799 0.114300478
800 0.114300478
801 0.114300478
802 0.114300478
803 0.114300478
804 0.114300478
805 0.114300478
806 0.114300478
807 0.114300478
808 0.114300478
809 0.114300478
810 0.114300478
811 0.114300478
812 0.114300478
813 0.114300478
814 0.114300478
815 0.114300478
816 0.114300478
817 0.114300478
818 0.114300478
819 0.114300478
820 0.114300478
821 0.114300478
822 0.114300478
823 0.114300478
824 0.114300478
825 0.114300478
826 0.114300478
827 0.114300478
828 0.114300478
829 0.114300478
830 0.114300478
831 0.114300478
832 0.114300478
833 0.114300478
834 0.114300478
835 0.114300478
836 0.114300478
837 0.114300478
838 0.114300478
839 0.114300478
840 0.114300478
841 0.114300478
842 0.114300478
843 0.114300478
844 0.114300478
845 0.114300478
846 0.114300478
847 0.114300478
848 0.114300478
849 0.114300478
850 0.114300478
851 0.114300478
852 0.114300478
853 0.114300478
854 0.114300478
855 0.114300478
856 0.114300478
857 0.114300478
858 0.114300478
859 0.114300478
860 0.114300478
861 0.114300478
862 0.114300478
863 0.114300478
864 0.114300478
865 0.114300478
866 0.114300478
867 0.114300478
868 0.114300478
869 0.114300478
870 0.114300478
871 0.114300478
872 0.114300478
873 0.114300478
874 0.114300478
875 0.114300478
876 0.114300478
877 0.114300478
878 0.114300478
879 0.114300478
880 0.114300478
881 0.114300478
882 0.114300478
883 0.114300478
884 0.114300478
885 0.114300478
886 0.114300478
887 0.114300478
888 0.114300478
889 0.114300478
890 0.114300478
891 0.114300478
892 0.114300478
893 0.114300478
894 0.114300478
895 0.114300478
896 0.114300478
897 0.114300478
898 0.114300478
899 0.114300478
900 0.114300478
901 0.114300478
902 0.114300478
903 0.114300478
904 0.114300478
905 0.114300478
906 0.114300478
907 0.114300478
908 0.114300478
909 0.114300478
910 0.114300478
911 0.114300478
912 0.114300478
913 0.114300478
914 0.114300478
915 0.114300478
916 0.114300478
917 0.114300478
918 0.114300478
919 0.114300478
920 0.114300478
921 0.114300478
922 0.114300478
923 0.114300478
924 0.114300478
925 0.114300478
926 0.114300478
927 0.114300478
928 0.114300478
929 0.114300478
930 0.114300478
931 0.114300478
932 0.114300478
933 0.114300478
934 0.114300478
935 0.114300478
936 0.114300478
937 0.114300478
938 0.114300478
939 0.114300478
940 0.114300478
941 0.114300478
942 0.114300478
943 0.114300478
944 0.114300478
945 0.114300478
946 0.114300478
947 0.114300478
948 0.114300478
949 0.114300478
950 0.114300478
951 0.114300478
952 0.114300478
953 0.114300478
954 0.114300478
955 0.114300478
956 0.114300478
957 0.114300478
958 0.114300478
959 0.114300478
960 0.114300478
961 0.114300478
962 0.114300478
963 0.114300478
964 0.114300478
965 0.114300478
966 0.114300478
967 0.114300478
968 0.114300478
969 0.114300478
970 0.114300478
971 0.114300478
972 0.114300478
973 0.114300478
974 0.114300478
975 0.114300478
976 0.114300478
977 0.114300478
978 0.114300478
979 0.114300478
980 0.114300478
981 0.114300478
982 0.114300478
983 0.114300478
984 0.114300478
985 0.114300478
986 0.114300478
987 0.114300478
988 0.114300478
989 0.114300478
990 0.114300478
991 0.114300478
992 0.114300478
993 0.114300478
994 0.114300478
995 0.114300478
996 0.114300478
997 0.114300478
998 0.114300478
999 0.114300478
1000 0.114300478
1001 0.114300478
1002 0.114300478
1003 0.114300478
1004 0.114300478
1005 0.114300478
1006 0.114300478
1007 0.114300478
1008 0.114300478
1009 0.114300478
1010 0.114300478
1011 0.114300478
1012 0.114300478
1013 0.114300478
1014 0.114300478
1015 0.114300478
1016 0.114300478
1017 0.114300478
1018 0.114300478
1019 0.114300478
1020 0.114300478
1021 0.114300478
1022 0.114300478
1023 0.114300478
