#53650 2910.0046130662312225 0.0045704755643642428972 1 1245 16.000049430220818044 1024 7 1 J1713+0747 0.0000000 
0 0.2161803433
1 0.2161803433
2 0.2161803433
3 0.2161803433
4 0.2161803433
5 0.2161803433
6 0.2161803433
7 0.2161803433
8 0.2161803433
9 0.2161803433
10 0.2161803433
11 0.2161803433
12 0.2161803433
13 0.2161803433
14 0.2161803433
15 0.2161803433
16 0.2161803433
17 0.2161803433
18 0.2161803433
19 0.2161803433
20 0.2161803433
21 0.2161803433
22 0.2161803433
23 0.2161803433
24 0.2161803433
25 0.2161803433
26 0.2161803433
27 0.2161803433
28 0.2161803433
29 0.2161803433
30 0.2161803433
31 0.2161803433
32 0.2161803433
33 0.2161803433
34 0.2161803433
35 0.2161803433
36 0.2161803433
37 0.2161803433
38 0.2161803433
39 0.2161803433
40 0.2161803433
41 0.2161803433
42 0.2161803433
43 0.2161803433
44 0.2161803433
45 0.2161803433
46 0.2161803433
47 0.2161803433
48 0.2161803433
49 0.2161803433
50 0.2161803433
51 0.2161803433
52 0.2161803433
53 0.2161803433
54 0.2161803433
55 0.2161803433
56 0.2161803433
57 0.2161803433
58 0.2161803433
59 0.2161803433
60 0.2161803433
61 0.2161803433
62 0.2161803433
63 0.2161803433
64 0.2161803433
65 0.2161803433
66 0.2161803433
67 0.2161803433
68 0.2161803433
69 0.2161803433
70 0.2161803433
71 0.2161803433
72 0.2161803433
73 0.2161803433
74 0.2161803433
75 0.2161803433
76 0.2161803433
77 0.2161803433
78 0.2161803433
79 0.2161803433
80 0.2161803433
81 0.2161803433
82 0.2161803433
83 0.2161803433
84 0.2161803433
85 0.2161803433
86 0.2161803433
87 0.2161803433
88 0.2161803433
89 0.2161803433
90 0.2161803433
91 0.2161803433
92 0.2161803433
93 0.2161803433
94 0.2161803433
95 0.2161803433
96 0.2161803433
97 0.2161803433
98 0.2161803433
99 0.2161803433
100 0.2161803433
101 0.2161803433
102 0.2161803433
103 0.2161803433
104 0.2161803433
105 0.2161803433
106 0.2161803433
107 0.2161803433
108 0.2161803433
109 0.2161803433
110 0.2161803433
111 0.2161803433
112 0.2161803433
113 0.2161803433
114 0.2161803433
115 0.2161803433
116 0.2161803433
117 0.2161803433
118 0.2161803433
119 0.2161803433
120 0.2161803433
121 0.2161803433
122 0.2161803433
123 0.2161803433
124 0.2161803433
125 0.2161803433
126 0.2161803433
127 0.2161803433
128 0.2161803433
129 0.2161803433
130 0.2161803433
131 0.2161803433
132 0.2161803433
133 0.2161803433
134 0.2161803433
135 0.2161803433
136 0.2161803433
137 0.2161803433
138 0.2161803433
139 0.2161803433
140 0.2161803433
141 0.2161803433
142 0.2161803433
143 0.2161803433
144 0.2161803433
145 0.2161803433
146 0.2161803433
147 0.2161803433
148 0.2161803433
149 0.2161803433
150 0.2161803433
151 0.2161803433
152 0.2161803433
153 0.2161803433
154 0.2161803433
155 0.2161803433
156 0.2161803433
157 0.2161803433
158 0.2161803433
159 0.2161803433
160 0.2161803433
161 0.2161803433
162 0.2161803433
163 0.2161803433
164 0.2161803433
165 0.2161803433
166 0.2161803433
167 0.2161803433
168 0.2161803433
169 0.2161803433
170 0.2161803433
171 0.2161803433
172 0.2161803433
173 0.2161803433
174 0.2161803433
175 0.2161803433
176 0.2161803433
177 0.2161803433
178 0.2161803433
179 0.2161803433
180 0.2161803433
181 0.2161803433
182 0.2161803433
183 0.2161803433
184 0.2161803433
185 0.2161803433
186 0.2161803433
187 0.2161803433
188 0.2161803433
189 0.2161803433
190 0.2161803433
191 0.2161803433
192 0.2161803433
193 0.2161803433
194 0.2161803433
195 0.2161803433
196 0.2161803433
197 0.2161803433
198 0.2161803433
199 0.2161803433
200 0.2161803433
201 0.2161803433
202 0.2161803433
203 0.2161803433
204 0.2161803433
205 0.2161803433
206 0.2161803433
207 0.2161803433
208 0.2161803433
209 0.2161803433
210 0.2161803433
211 0.2161803433
212 0.2161803433
213 0.2161803433
214 0.2161803433
215 0.2161803433
216 0.2161803433
217 0.2161803433
218 0.2161803433
219 0.2161803433
220 0.2161803433
221 0.2161803433
222 0.2161803433
223 0.2161803433
224 0.2161803433
225 0.2161803433
226 0.2161803433
227 0.2161803433
228 0.2161803433
229 0.2161803433
230 0.2161803433
231 0.2161803433
232 0.2161803433
233 0.2161803433
234 0.2161803434
235 0.2161803434
236 0.2161803434
237 0.2161803435
238 0.2161803435
239 0.2161803436
240 0.2161803437
241 0.2161803438
242 0.2161803439
243 0.2161803441
244 0.2161803443
245 0.2161803445
246 0.2161803448
247 0.2161803452
248 0.2161803457
249 0.2161803463
250 0.2161803471
251 0.216180348
252 0.2161803491
253 0.2161803506
254 0.2161803523
255 0.2161803545
256 0.2161803571
257 0.2161803604
258 0.2161803644
259 0.2161803693
260 0.2161803754
261 0.2161803828
262 0.2161803918
263 0.2161804029
264 0.2161804165
265 0.216180433
266 0.2161804531
267 0.2161804776
268 0.2161805075
269 0.2161805437
270 0.2161805877
271 0.216180641
272 0.2161807056
273 0.2161807838
274 0.2161808782
275 0.2161809923
276 0.2161811299
277 0.2161812957
278 0.2161814952
279 0.2161817351
280 0.2161820233
281 0.2161823691
282 0.2161827835
283 0.2161832797
284 0.2161838732
285 0.2161845823
286 0.2161854286
287 0.2161864377
288 0.2161876396
289 0.2161890696
290 0.2161907691
291 0.2161927869
292 0.2161951801
293 0.2161980154
294 0.2162013711
295 0.2162053383
296 0.2162100237
297 0.2162155514
298 0.2162220659
299 0.2162297352
300 0.2162387545
301 0.2162493501
302 0.2162617845
303 0.2162763613
304 0.2162934313
305 0.2163134
306 0.2163367347
307 0.2163639738
308 0.2163957368
309 0.2164327359
310 0.2164757881
311 0.2165258307
312 0.2165839366
313 0.2166513332
314 0.2167294228
315 0.2168198054
316 0.2169243046
317 0.2170449963
318 0.2171842407
319 0.2173447179
320 0.2175294679
321 0.2177419346
322 0.2179860143
323 0.2182661105
324 0.2185871932
325 0.218954865
326 0.219375434
327 0.2198559939
328 0.2204045114
329 0.2210299232
330 0.2217422411
331 0.2225526671
332 0.2234737196
333 0.22451937
334 0.2257051914
335 0.2270485204
336 0.2285686316
337 0.2302869272
338 0.2322271405
339 0.2344155555
340 0.2368812436
341 0.2396563161
342 0.2427761958
343 0.2462799061
344 0.2502103795
345 0.254614786
346 0.2595448807
347 0.2650573725
348 0.2712143126
349 0.2780835044
350 0.2857389331
351 0.294261217
352 0.3037380771
353 0.3142648279
354 0.3259448851
355 0.3388902925
356 0.3532222641
357 0.3690717411
358 0.3865799618
359 0.4058990425
360 0.4271925656
361 0.450636174
362 0.4764181664
363 0.5047400914
364 0.5358173361
365 0.5698797043
366 0.6071719798
367 0.6479544689
368 0.6925035186
369 0.7411120006
370 0.7940897593
371 0.8517640124
372 0.9144797008
373 0.9825997776
374 1.056505429
375 1.136596222
376 1.223290161
377 1.317023662
378 1.418251417
379 1.527446149
380 1.645098254
381 1.771715311
382 1.907821456
383 2.053956614
384 2.210675577
385 2.378546929
386 2.558151792
387 2.750082418
388 2.954940585
389 3.173335823
390 3.405883451
391 3.653202424
392 3.915912991
393 4.194634164
394 4.489981003
395 4.802561706
396 5.132974526
397 5.481804516
398 5.849620095
399 6.236969474
400 6.644376924
401 7.072338916
402 7.521320152
403 7.991749485
404 8.484015769
405 8.99846365
406 9.535389314
407 10.09503624
408 10.67759095
409 11.28317881
410 11.91185992
411 12.56362508
412 13.23839192
413 13.93600116
414 14.65621309
415 15.39870434
416 16.16306479
417 16.94879489
418 17.75530329
419 18.5819048
420 19.42781877
421 20.29216792
422 21.17397758
423 22.07217545
424 22.98559184
425 23.91296044
426 24.85291965
427 25.80401448
428 26.76469899
429 27.7333393
430 28.7082173
431 29.68753477
432 30.66941827
433 31.65192444
434 32.63304602
435 33.61071829
436 34.58282613
437 35.54721155
438 36.50168169
439 37.44401731
440 38.37198161
441 39.28332951
442 40.17581717
443 41.04721184
444 41.89530195
445 42.71790728
446 43.51288937
447 44.27816193
448 45.01170123
449 45.71155652
450 46.37586022
451 47.00283806
452 47.59081889
453 48.13824427
454 48.64367763
455 49.10581313
456 49.523484
457 49.89567035
458 50.2215065
459 50.50028768
460 50.73147603
461 50.91470604
462 51.04978919
463 51.13671791
464 51.1756687
465 51.16700461
466 51.11127674
467 51.00922512
468 50.86177863
469 50.67005422
470 50.4353552
471 50.15916887
472 49.84316323
473 49.48918295
474 49.09924465
475 48.67553131
476 48.22038607
477 47.73630532
478 47.22593103
479 46.6920426
480 46.13754801
481 45.5654744
482 44.97895816
483 44.38123448
484 43.77562646
485 43.16553376
486 42.55442087
487 41.94580503
488 41.34324376
489 40.75032218
490 40.17064
491 39.6077983
492 39.06538615
493 38.54696698
494 38.05606494
495 37.59615106
496 37.17062939
497 36.78282311
498 36.43596066
499 36.13316188
500 35.87742427
501 35.67160934
502 35.51842913
503 35.42043298
504 35.37999446
505 35.39929874
506 35.48033016
507 35.62486035
508 35.83443671
509 36.11037149
510 36.45373144
511 36.86532807
512 37.3457087
513 37.89514828
514 38.513642
515 39.20089897
516 39.95633678
517 40.77907716
518 41.66794283
519 42.62145552
520 43.63783524
521 44.71500094
522 45.85057248
523 47.04187414
524 48.28593952
525 49.57951796
526 50.91908259
527 52.30083982
528 53.72074048
529 55.17449252
530 56.6575752
531 58.16525485
532 59.69260213
533 61.23451064
534 62.785717
535 64.34082212
536 65.89431374
537 67.44058997
538 68.97398393
539 70.48878909
540 71.97928543
541 73.43976609
542 74.86456444
543 76.24808138
544 77.58481269
545 78.86937623
546 80.0965389
547 81.26124309
548 82.35863238
549 83.38407649
550 84.33319516
551 85.20188079
552 85.98631972
553 86.68301199
554 87.28878939
555 87.80083168
556 88.21668091
557 88.53425357
558 88.75185074
559 88.86816584
560 88.88229022
561 88.79371635
562 88.60233866
563 88.308452
564 87.91274782
565 87.41630794
566 86.82059615
567 86.12744754
568 85.33905582
569 84.45795855
570 83.48702059
571 82.42941574
572 81.28860681
573 80.06832431
574 78.77254381
575 77.40546227
576 75.97147346
577 74.47514263
578 72.92118076
579 71.31441839
580 69.65977937
581 67.96225464
582 66.22687627
583 64.45869193
584 62.66273988
585 60.84402479
586 59.00749439
587 57.15801725
588 55.3003616
589 53.43917553
590 51.5789685
591 49.72409439
592 47.87873596
593 46.04689105
594 44.23236022
595 42.43873625
596 40.6693951
597 38.92748868
598 37.21593915
599 35.53743493
600 33.89442816
601 32.28913381
602 30.72353013
603 29.19936053
604 27.71813675
605 26.28114327
606 24.88944277
607 23.54388273
608 22.24510283
609 20.99354325
610 19.78945367
611 18.63290289
612 17.52378892
613 16.46184956
614 15.44667323
615 14.47771001
616 13.55428286
617 12.67559885
618 11.84076032
619 11.04877597
620 10.29857173
621 9.589001417
622 8.918857006
623 8.286878637
624 7.691764153
625 7.132178215
626 6.606760951
627 6.114136096
628 5.652918617
629 5.221721808
630 4.819163844
631 4.443873789
632 4.094497062
633 3.769700372
634 3.468176116
635 3.188646271
636 2.929865782
637 2.690625476
638 2.469754514
639 2.266122406
640 2.078640621
641 1.906263803
642 1.747990638
643 1.602864377
644 1.469973066
645 1.348449486
646 1.237470851
647 1.136258279
648 1.044076053
649 0.9602307242
650 0.884070049
651 0.8149818033
652 0.7523924873
653 0.6957659432
654 0.644601902
655 0.5984344788
656 0.556830632
657 0.5193885996
658 0.485736327
659 0.4555298977
660 0.4284519768
661 0.4042102768
662 0.3825360544
663 0.3631826432
664 0.3459240303
665 0.3305534802
666 0.3168822101
667 0.3047381193
668 0.2939645761
669 0.2844192618
670 0.2759730741
671 0.26850909
672 0.261921587
673 0.2561151232
674 0.2510036744
675 0.2465098271
676 0.2425640262
677 0.2391038739
678 0.2360734809
679 0.233422864
680 0.2311073909
681 0.2290872678
682 0.2273270689
683 0.2257953047
684 0.2244640262
685 0.2233084646
686 0.2223067015
687 0.22143937
688 0.220689383
689 0.2200416868
690 0.2194830385
691 0.2190018056
692 0.2185877846
693 0.2182320385
694 0.2179267511
695 0.2176650962
696 0.2174411206
697 0.2172496401
698 0.2170861465
699 0.216946725
700 0.216827981
701 0.2167269749
702 0.2166411652
703 0.2165683571
704 0.2165066582
705 0.216454439
706 0.2164102986
707 0.2163730337
708 0.2163416129
709 0.2163151529
710 0.2162928983
711 0.2162742041
712 0.2162585204
713 0.2162453788
714 0.216234381
715 0.2162251888
716 0.2162175154
717 0.2162111178
718 0.2162057905
719 0.21620136
720 0.21619768
721 0.216194627
722 0.2161920975
723 0.2161900043
724 0.2161882742
725 0.2161868461
726 0.2161856688
727 0.2161846993
728 0.216183902
729 0.2161832471
730 0.2161827099
731 0.2161822698
732 0.2161819096
733 0.2161816152
734 0.2161813749
735 0.216181179
736 0.2161810195
737 0.2161808897
738 0.2161807843
739 0.2161806989
740 0.2161806296
741 0.2161805735
742 0.2161805282
743 0.2161804917
744 0.2161804622
745 0.2161804384
746 0.2161804194
747 0.216180404
748 0.2161803917
749 0.2161803819
750 0.216180374
751 0.2161803677
752 0.2161803626
753 0.2161803586
754 0.2161803554
755 0.2161803529
756 0.2161803508
757 0.2161803492
758 0.216180348
759 0.216180347
760 0.2161803462
761 0.2161803455
762 0.2161803451
763 0.2161803447
764 0.2161803444
765 0.2161803441
766 0.2161803439
767 0.2161803438
768 0.2161803437
769 0.2161803436
770 0.2161803435
771 0.2161803434
772 0.2161803434
773 0.2161803434
774 0.2161803433
775 0.2161803433
776 0.2161803433
777 0.2161803433
778 0.2161803433
779 0.2161803433
780 0.2161803433
781 0.2161803433
782 0.2161803433
783 0.2161803433
784 0.2161803433
785 0.2161803433
786 0.2161803433
787 0.2161803433
788 0.2161803433
789 0.2161803433
790 0.2161803433
791 0.2161803433
792 0.2161803433
793 0.2161803433
794 0.2161803433
795 0.2161803433
796 0.2161803433
797 0.2161803433
798 0.2161803433
799 0.2161803433
800 0.2161803433
801 0.2161803433
802 0.2161803433
803 0.2161803433
804 0.2161803433
805 0.2161803433
806 0.2161803433
807 0.2161803433
808 0.2161803433
809 0.2161803433
810 0.2161803433
811 0.2161803433
812 0.2161803433
813 0.2161803433
814 0.2161803433
815 0.2161803433
816 0.2161803433
817 0.2161803433
818 0.2161803433
819 0.2161803433
820 0.2161803433
821 0.2161803433
822 0.2161803433
823 0.2161803433
824 0.2161803433
825 0.2161803433
826 0.2161803433
827 0.2161803433
828 0.2161803433
829 0.2161803433
830 0.2161803433
831 0.2161803433
832 0.2161803433
833 0.2161803433
834 0.2161803433
835 0.2161803433
836 0.2161803433
837 0.2161803433
838 0.2161803433
839 0.2161803433
840 0.2161803433
841 0.2161803433
842 0.2161803433
843 0.2161803433
844 0.2161803433
845 0.2161803433
846 0.2161803433
847 0.2161803433
848 0.2161803433
849 0.2161803433
850 0.2161803433
851 0.2161803433
852 0.2161803433
853 0.2161803433
854 0.2161803433
855 0.2161803433
856 0.2161803433
857 0.2161803433
858 0.2161803433
859 0.2161803433
860 0.2161803433
861 0.2161803433
862 0.2161803433
863 0.2161803433
864 0.2161803433
865 0.2161803433
866 0.2161803433
867 0.2161803433
868 0.2161803433
869 0.2161803433
870 0.2161803433
871 0.2161803433
872 0.2161803433
873 0.2161803433
874 0.2161803433
875 0.2161803433
876 0.2161803433
877 0.2161803433
878 0.2161803433
879 0.2161803433
880 0.2161803433
881 0.2161803433
882 0.2161803433
883 0.2161803433
884 0.2161803433
885 0.2161803433
886 0.2161803433
887 0.2161803433
888 0.2161803433
889 0.2161803433
890 0.2161803433
891 0.2161803433
892 0.2161803433
893 0.2161803433
894 0.2161803433
895 0.2161803433
896 0.2161803433
897 0.2161803433
898 0.2161803433
899 0.2161803433
900 0.2161803433
901 0.2161803433
902 0.2161803433
903 0.2161803433
904 0.2161803433
905 0.2161803433
906 0.2161803433
907 0.2161803433
908 0.2161803433
909 0.2161803433
910 0.2161803433
911 0.2161803433
912 0.2161803433
913 0.2161803433
914 0.2161803433
915 0.2161803433
916 0.2161803433
917 0.2161803433
918 0.2161803433
919 0.2161803433
920 0.2161803433
921 0.2161803433
922 0.2161803433
923 0.2161803433
924 0.2161803433
925 0.2161803433
926 0.2161803433
927 0.2161803433
928 0.2161803433
929 0.2161803433
930 0.2161803433
931 0.2161803433
932 0.2161803433
933 0.2161803433
934 0.2161803433
935 0.2161803433
936 0.2161803433
937 0.2161803433
938 0.2161803433
939 0.2161803433
940 0.2161803433
941 0.2161803433
942 0.2161803433
943 0.2161803433
944 0.2161803433
945 0.2161803433
946 0.2161803433
947 0.2161803433
948 0.2161803433
949 0.2161803433
950 0.2161803433
951 0.2161803433
952 0.2161803433
953 0.2161803433
954 0.2161803433
955 0.2161803433
956 0.2161803433
957 0.2161803433
958 0.2161803433
959 0.2161803433
960 0.2161803433
961 0.2161803433
962 0.2161803433
963 0.2161803433
964 0.2161803433
965 0.2161803433
966 0.2161803433
967 0.2161803433
968 0.2161803433
969 0.2161803433
970 0.2161803433
971 0.2161803433
972 0.2161803433
973 0.2161803433
974 0.2161803433
975 0.2161803433
976 0.2161803433
977 0.2161803433
978 0.2161803433
979 0.2161803433
980 0.2161803433
981 0.2161803433
982 0.2161803433
983 0.2161803433
984 0.2161803433
985 0.2161803433
986 0.2161803433
987 0.2161803433
988 0.2161803433
989 0.2161803433
990 0.2161803433
991 0.2161803433
992 0.2161803433
993 0.2161803433
994 0.2161803433
995 0.2161803433
996 0.2161803433
997 0.2161803433
998 0.2161803433
999 0.2161803433
1000 0.2161803433
1001 0.2161803433
1002 0.2161803433
1003 0.2161803433
1004 0.2161803433
1005 0.2161803433
1006 0.2161803433
1007 0.2161803433
1008 0.2161803433
1009 0.2161803433
1010 0.2161803433
1011 0.2161803433
1012 0.2161803433
1013 0.2161803433
1014 0.2161803433
1015 0.2161803433
1016 0.2161803433
1017 0.2161803433
1018 0.2161803433
1019 0.2161803433
1020 0.2161803433
1021 0.2161803433
1022 0.2161803433
1023 0.2161803433
