#53650 2910.0070612655263096 0.0045704755643642428972 1 1277 16.000049430220818044 1024 7 1 J1713+0747 0.0000000 
0 47.43786239
1 47.00032457
2 46.53446171
3 46.04281746
4 45.52806957
5 44.99302136
6 44.44059275
7 43.87381062
8 43.29579879
9 42.70976752
10 42.11900254
11 41.52685376
12 40.93672355
13 40.35205478
14 39.77631846
15 39.21300126
16 38.66559268
17 38.13757208
18 37.63239557
19 37.15348272
20 36.70420323
21 36.28786346
22 35.907693
23 35.56683122
24 35.26831385
25 35.0150596
26 34.80985699
27 34.65535125
28 34.55403145
29 34.50821782
30 34.52004947
31 34.59147235
32 34.7242276
33 34.91984042
34 35.17960939
35 35.50459635
36 35.89561694
37 36.3532318
38 36.87773855
39 37.46916458
40 38.12726074
41 38.85149602
42 39.6410532
43 40.49482564
44 41.41141524
45 42.38913161
46 43.4259925
47 44.51972562
48 45.66777181
49 46.86728964
50 48.11516149
51 49.40800111
52 50.7421627
53 52.1137515
54 53.51863589
55 54.952461
56 56.41066382
57 57.88848972
58 59.38101033
59 60.88314287
60 62.38967059
61 63.89526447
62 65.39450597
63 66.8819107
64 68.35195299
65 69.79909107
66 71.21779289
67 72.60256231
68 73.94796551
69 75.24865747
70 76.49940844
71 77.69512999
72 78.83090077
73 79.90199147
74 80.90388912
75 81.83232034
76 82.6832734
77 83.45301904
78 84.13812978
79 84.7354976
80 85.24234988
81 85.65626348
82 85.97517679
83 86.19739977
84 86.32162173
85 86.34691704
86 86.27274842
87 86.09896808
88 85.82581649
89 85.4539189
90 84.9842796
91 84.41827403
92 83.7576387
93 83.00445909
94 82.16115561
95 81.23046774
96 80.21543646
97 79.11938507
98 77.94589874
99 76.69880268
100 75.38213934
101 74.00014465
102 72.55722363
103 71.05792539
104 69.50691786
105 67.90896236
106 66.26888817
107 64.59156735
108 62.88188991
109 61.14473959
110 59.38497023
111 57.60738316
112 55.81670542
113 54.01756919
114 52.21449244
115 50.41186083
116 48.61391114
117 46.82471604
118 45.04817049
119 43.28797969
120 41.54764857
121 39.83047297
122 38.13953237
123 36.47768424
124 34.84755993
125 33.2515621
126 31.69186365
127 30.17040798
128 28.68891072
129 27.24886258
130 25.85153355
131 24.49797807
132 23.18904125
133 21.92536599
134 20.70740094
135 19.53540913
136 18.40947719
137 17.32952516
138 16.29531661
139 15.30646913
140 14.36246505
141 13.46266224
142 12.60630502
143 11.79253498
144 11.02040175
145 10.28887354
146 9.596847471
147 8.943159642
148 8.326594794
149 7.745895634
150 7.199771708
151 6.68690784
152 6.205972072
153 5.755623115
154 5.334517282
155 4.941314901
156 4.574686193
157 4.233316637
158 3.915911804
159 3.62120168
160 3.347944497
161 3.094930069
162 2.860982668
163 2.644963449
164 2.445772456
165 2.26235022
166 2.093678987
167 1.938783589
168 1.796731996
169 1.666635565
170 1.547649016
171 1.438970164
172 1.339839431
173 1.249539156
174 1.167392737
175 1.092763625
176 1.025054181
177 0.9637044395
178 0.9081907735
179 0.8580244955
180 0.8127504045
181 0.7719452959
182 0.7352164493
183 0.7022001047
184 0.672559942
185 0.6459855702
186 0.6221910389
187 0.6009133769
188 0.5819111675
189 0.5649631633
190 0.5498669475
191 0.5364376446
192 0.5245066831
193 0.5139206135
194 0.5045399817
195 0.49623826
196 0.4889008353
197 0.4824240542
198 0.4767143256
199 0.4716872773
200 0.467266969
201 0.4633851563
202 0.4599806064
203 0.4569984633
204 0.4543896595
205 0.4521103719
206 0.4501215218
207 0.4483883137
208 0.4468798125
209 0.4455685572
210 0.4444302064
211 0.4434432168
212 0.4425885493
213 0.4418494033
214 0.4412109748
215 0.4406602384
216 0.4401857508
217 0.4397774724
218 0.4394266089
219 0.4391254671
220 0.4388673271
221 0.4386463276
222 0.4384573636
223 0.4382959949
224 0.4381583652
225 0.4380411299
226 0.4379413925
227 0.4378566482
228 0.4377847334
229 0.4377237826
230 0.4376721891
231 0.4376285711
232 0.4375917419
233 0.4375606838
234 0.4375345255
235 0.4375125213
236 0.4374940349
237 0.4374785231
238 0.4374655238
239 0.4374546434
240 0.4374455481
241 0.4374379543
242 0.4374316223
243 0.4374263488
244 0.4374219624
245 0.4374183185
246 0.437415295
247 0.4374127896
248 0.437410716
249 0.4374090019
250 0.4374075868
251 0.43740642
252 0.437405459
253 0.4374046686
254 0.4374040194
255 0.4374034866
256 0.4374030501
257 0.4374026928
258 0.4374024008
259 0.4374021623
260 0.4374019679
261 0.4374018096
262 0.4374016808
263 0.4374015762
264 0.4374014913
265 0.4374014225
266 0.4374013669
267 0.4374013219
268 0.4374012855
269 0.4374012562
270 0.4374012326
271 0.4374012137
272 0.4374011984
273 0.4374011862
274 0.4374011764
275 0.4374011685
276 0.4374011623
277 0.4374011573
278 0.4374011533
279 0.4374011501
280 0.4374011476
281 0.4374011455
282 0.4374011439
283 0.4374011427
284 0.4374011417
285 0.4374011409
286 0.4374011403
287 0.4374011398
288 0.4374011394
289 0.4374011391
290 0.4374011388
291 0.4374011387
292 0.4374011385
293 0.4374011384
294 0.4374011383
295 0.4374011382
296 0.4374011382
297 0.4374011381
298 0.4374011381
299 0.4374011381
300 0.4374011381
301 0.437401138
302 0.437401138
303 0.437401138
304 0.437401138
305 0.437401138
306 0.437401138
307 0.437401138
308 0.437401138
309 0.437401138
310 0.437401138
311 0.437401138
312 0.437401138
313 0.437401138
314 0.437401138
315 0.437401138
316 0.437401138
317 0.437401138
318 0.437401138
319 0.437401138
320 0.437401138
321 0.437401138
322 0.437401138
323 0.437401138
324 0.437401138
325 0.437401138
326 0.437401138
327 0.437401138
328 0.437401138
329 0.437401138
330 0.437401138
331 0.437401138
332 0.437401138
333 0.437401138
334 0.437401138
335 0.437401138
336 0.437401138
337 0.437401138
338 0.437401138
339 0.437401138
340 0.437401138
341 0.437401138
342 0.437401138
343 0.437401138
344 0.437401138
345 0.437401138
346 0.437401138
347 0.437401138
348 0.437401138
349 0.437401138
350 0.437401138
351 0.437401138
352 0.437401138
353 0.437401138
354 0.437401138
355 0.437401138
356 0.437401138
357 0.437401138
358 0.437401138
359 0.437401138
360 0.437401138
361 0.437401138
362 0.437401138
363 0.437401138
364 0.437401138
365 0.437401138
366 0.437401138
367 0.437401138
368 0.437401138
369 0.437401138
370 0.437401138
371 0.437401138
372 0.437401138
373 0.437401138
374 0.437401138
375 0.437401138
376 0.437401138
377 0.437401138
378 0.437401138
379 0.437401138
380 0.437401138
381 0.437401138
382 0.437401138
383 0.437401138
384 0.437401138
385 0.437401138
386 0.437401138
387 0.437401138
388 0.437401138
389 0.437401138
390 0.437401138
391 0.437401138
392 0.437401138
393 0.437401138
394 0.437401138
395 0.437401138
396 0.437401138
397 0.437401138
398 0.437401138
399 0.437401138
400 0.437401138
401 0.437401138
402 0.437401138
403 0.437401138
404 0.437401138
405 0.437401138
406 0.437401138
407 0.437401138
408 0.437401138
409 0.437401138
410 0.437401138
411 0.437401138
412 0.437401138
413 0.437401138
414 0.437401138
415 0.437401138
416 0.437401138
417 0.437401138
418 0.437401138
419 0.437401138
420 0.437401138
421 0.437401138
422 0.437401138
423 0.437401138
424 0.437401138
425 0.437401138
426 0.437401138
427 0.437401138
428 0.437401138
429 0.437401138
430 0.437401138
431 0.437401138
432 0.437401138
433 0.437401138
434 0.437401138
435 0.437401138
436 0.437401138
437 0.437401138
438 0.437401138
439 0.437401138
440 0.437401138
441 0.437401138
442 0.437401138
443 0.437401138
444 0.437401138
445 0.437401138
446 0.437401138
447 0.437401138
448 0.437401138
449 0.437401138
450 0.437401138
451 0.437401138
452 0.437401138
453 0.437401138
454 0.437401138
455 0.437401138
456 0.437401138
457 0.437401138
458 0.437401138
459 0.437401138
460 0.437401138
461 0.437401138
462 0.437401138
463 0.437401138
464 0.437401138
465 0.437401138
466 0.437401138
467 0.437401138
468 0.437401138
469 0.437401138
470 0.437401138
471 0.437401138
472 0.437401138
473 0.437401138
474 0.437401138
475 0.437401138
476 0.437401138
477 0.437401138
478 0.437401138
479 0.437401138
480 0.437401138
481 0.437401138
482 0.437401138
483 0.437401138
484 0.437401138
485 0.437401138
486 0.437401138
487 0.437401138
488 0.437401138
489 0.437401138
490 0.437401138
491 0.437401138
492 0.437401138
493 0.437401138
494 0.437401138
495 0.437401138
496 0.437401138
497 0.437401138
498 0.437401138
499 0.437401138
500 0.437401138
501 0.437401138
502 0.437401138
503 0.437401138
504 0.437401138
505 0.437401138
506 0.437401138
507 0.437401138
508 0.437401138
509 0.437401138
510 0.437401138
511 0.437401138
512 0.437401138
513 0.437401138
514 0.437401138
515 0.437401138
516 0.437401138
517 0.437401138
518 0.437401138
519 0.437401138
520 0.437401138
521 0.437401138
522 0.437401138
523 0.437401138
524 0.437401138
525 0.437401138
526 0.437401138
527 0.437401138
528 0.437401138
529 0.437401138
530 0.437401138
531 0.437401138
532 0.437401138
533 0.437401138
534 0.437401138
535 0.437401138
536 0.437401138
537 0.437401138
538 0.437401138
539 0.437401138
540 0.437401138
541 0.437401138
542 0.437401138
543 0.437401138
544 0.437401138
545 0.437401138
546 0.437401138
547 0.437401138
548 0.437401138
549 0.437401138
550 0.437401138
551 0.437401138
552 0.437401138
553 0.437401138
554 0.437401138
555 0.437401138
556 0.437401138
557 0.437401138
558 0.437401138
559 0.437401138
560 0.437401138
561 0.437401138
562 0.437401138
563 0.437401138
564 0.437401138
565 0.437401138
566 0.437401138
567 0.437401138
568 0.437401138
569 0.437401138
570 0.437401138
571 0.437401138
572 0.437401138
573 0.437401138
574 0.437401138
575 0.437401138
576 0.437401138
577 0.437401138
578 0.437401138
579 0.437401138
580 0.437401138
581 0.437401138
582 0.437401138
583 0.437401138
584 0.437401138
585 0.437401138
586 0.437401138
587 0.437401138
588 0.437401138
589 0.437401138
590 0.437401138
591 0.437401138
592 0.437401138
593 0.437401138
594 0.437401138
595 0.437401138
596 0.437401138
597 0.437401138
598 0.437401138
599 0.437401138
600 0.437401138
601 0.437401138
602 0.437401138
603 0.437401138
604 0.437401138
605 0.437401138
606 0.437401138
607 0.437401138
608 0.437401138
609 0.437401138
610 0.437401138
611 0.437401138
612 0.437401138
613 0.437401138
614 0.437401138
615 0.437401138
616 0.437401138
617 0.437401138
618 0.437401138
619 0.437401138
620 0.437401138
621 0.437401138
622 0.437401138
623 0.437401138
624 0.437401138
625 0.437401138
626 0.437401138
627 0.437401138
628 0.437401138
629 0.437401138
630 0.437401138
631 0.437401138
632 0.437401138
633 0.437401138
634 0.437401138
635 0.437401138
636 0.437401138
637 0.437401138
638 0.437401138
639 0.437401138
640 0.437401138
641 0.437401138
642 0.437401138
643 0.437401138
644 0.437401138
645 0.437401138
646 0.437401138
647 0.437401138
648 0.437401138
649 0.437401138
650 0.437401138
651 0.437401138
652 0.437401138
653 0.437401138
654 0.437401138
655 0.437401138
656 0.437401138
657 0.437401138
658 0.437401138
659 0.437401138
660 0.437401138
661 0.437401138
662 0.437401138
663 0.437401138
664 0.437401138
665 0.437401138
666 0.437401138
667 0.437401138
668 0.437401138
669 0.437401138
670 0.437401138
671 0.437401138
672 0.437401138
673 0.437401138
674 0.437401138
675 0.437401138
676 0.437401138
677 0.437401138
678 0.437401138
679 0.437401138
680 0.437401138
681 0.437401138
682 0.437401138
683 0.437401138
684 0.437401138
685 0.437401138
686 0.437401138
687 0.437401138
688 0.437401138
689 0.437401138
690 0.437401138
691 0.437401138
692 0.437401138
693 0.437401138
694 0.437401138
695 0.437401138
696 0.437401138
697 0.437401138
698 0.437401138
699 0.437401138
700 0.437401138
701 0.437401138
702 0.437401138
703 0.437401138
704 0.437401138
705 0.437401138
706 0.437401138
707 0.437401138
708 0.437401138
709 0.437401138
710 0.437401138
711 0.437401138
712 0.437401138
713 0.437401138
714 0.437401138
715 0.437401138
716 0.437401138
717 0.437401138
718 0.437401138
719 0.437401138
720 0.437401138
721 0.437401138
722 0.437401138
723 0.437401138
724 0.437401138
725 0.437401138
726 0.437401138
727 0.437401138
728 0.437401138
729 0.437401138
730 0.437401138
731 0.437401138
732 0.437401138
733 0.437401138
734 0.437401138
735 0.437401138
736 0.437401138
737 0.437401138
738 0.437401138
739 0.437401138
740 0.437401138
741 0.437401138
742 0.437401138
743 0.437401138
744 0.437401138
745 0.437401138
746 0.437401138
747 0.437401138
748 0.437401138
749 0.437401138
750 0.437401138
751 0.437401138
752 0.437401138
753 0.437401138
754 0.437401138
755 0.437401138
756 0.437401138
757 0.437401138
758 0.437401138
759 0.437401138
760 0.437401138
761 0.437401138
762 0.437401138
763 0.437401138
764 0.437401138
765 0.437401138
766 0.437401138
767 0.437401138
768 0.437401138
769 0.437401138
770 0.437401138
771 0.437401138
772 0.437401138
773 0.437401138
774 0.437401138
775 0.437401138
776 0.437401138
777 0.437401138
778 0.437401138
779 0.437401138
780 0.437401138
781 0.437401138
782 0.4374011381
783 0.4374011381
784 0.4374011381
785 0.4374011381
786 0.4374011382
787 0.4374011382
788 0.4374011383
789 0.4374011384
790 0.4374011385
791 0.4374011386
792 0.4374011387
793 0.4374011389
794 0.4374011392
795 0.4374011395
796 0.4374011398
797 0.4374011403
798 0.4374011409
799 0.4374011416
800 0.4374011425
801 0.4374011435
802 0.4374011449
803 0.4374011465
804 0.4374011486
805 0.4374011511
806 0.4374011542
807 0.437401158
808 0.4374011626
809 0.4374011683
810 0.4374011753
811 0.4374011839
812 0.4374011944
813 0.4374012072
814 0.4374012229
815 0.4374012419
816 0.4374012651
817 0.4374012934
818 0.4374013277
819 0.4374013694
820 0.4374014199
821 0.4374014811
822 0.4374015552
823 0.4374016447
824 0.4374017528
825 0.4374018832
826 0.4374020404
827 0.4374022296
828 0.4374024571
829 0.4374027304
830 0.4374030583
831 0.4374034515
832 0.4374039222
833 0.4374044854
834 0.4374051583
835 0.4374059615
836 0.4374069194
837 0.4374080603
838 0.437409418
839 0.4374110318
840 0.437412948
841 0.437415221
842 0.4374179143
843 0.4374211022
844 0.4374248717
845 0.437429324
846 0.4374345774
847 0.4374407693
848 0.4374480598
849 0.4374566347
850 0.4374667095
851 0.4374785342
852 0.4374923978
853 0.4375086348
854 0.4375276313
855 0.4375498327
856 0.4375757521
857 0.4376059801
858 0.4376411954
859 0.4376821771
860 0.4377298189
861 0.4377851441
862 0.4378493234
863 0.4379236945
864 0.438009784
865 0.438109332
866 0.4382243196
867 0.4383569997
868 0.4385099307
869 0.4386860153
870 0.4388885418
871 0.4391212315
872 0.4393882905
873 0.4396944666
874 0.4400451129
875 0.4404462574
876 0.4409046795
877 0.4414279946
878 0.4420247462
879 0.4427045068
880 0.443477989
881 0.4443571656
882 0.4453554013
883 0.4464875951
884 0.4477703357
885 0.4492220689
886 0.4508632796
887 0.4527166876
888 0.4548074582
889 0.4571634297
890 0.4598153562
891 0.4627971684
892 0.4661462519
893 0.4699037439
894 0.4741148489
895 0.4788291734
896 0.4841010806
897 0.4899900648
898 0.4965611457
899 0.5038852832
900 0.5120398109
901 0.5211088907
902 0.5311839842
903 0.5423643442
904 0.5547575223
905 0.5684798925
906 0.5836571896
907 0.6004250599
908 0.6189296224
909 0.6393280388
910 0.6617890881
911 0.6864937435
912 0.7136357491
913 0.74342219
914 0.7760740545
915 0.8118267816
916 0.8509307896
917 0.8936519804
918 0.9402722138
919 0.9910897447
920 1.046419618
921 1.106594013
922 1.171962532
923 1.24289242
924 1.319768718
925 1.40299433
926 1.492990005
927 1.590194219
928 1.695062954
929 1.80806936
930 1.929703296
931 2.060470743
932 2.200893072
933 2.351506172
934 2.512859423
935 2.685514505
936 2.870044048
937 3.067030104
938 3.277062446
939 3.500736686
940 3.738652211
941 3.991409941
942 4.259609892
943 4.543848564
944 4.844716152
945 5.162793573
946 5.49864933
947 5.85283621
948 6.225887832
949 6.618315047
950 7.030602222
951 7.46320339
952 7.916538324
953 8.390988516
954 8.8868931
955 9.40454475
956 9.944185546
957 10.50600287
958 11.09012532
959 11.69661872
960 12.32548222
961 12.97664448
962 13.64996006
963 14.34520602
964 15.06207868
965 15.80019064
966 16.55906819
967 17.33814887
968 18.13677955
969 18.95421477
970 19.78961555
971 20.64204861
972 21.51048609
973 22.39380572
974 23.2907915
975 24.20013493
976 25.12043677
977 26.05020937
978 26.98787953
979 27.93179193
980 28.8802132
981 29.83133647
982 30.78328652
983 31.73412549
984 32.6818591
985 33.62444343
986 34.55979211
987 35.4857841
988 36.40027178
989 37.30108953
990 38.1860626
991 39.05301639
992 39.89978591
993 40.72422549
994 41.52421873
995 42.2976885
996 43.042607
997 43.75700591
998 44.43898641
999 45.08672913
1000 45.69850396
1001 46.2726796
1002 46.80773289
1003 47.30225774
1004 47.7549737
1005 48.16473417
1006 48.53053399
1007 48.85151662
1008 49.12698067
1009 49.35638585
1010 49.53935823
1011 49.67569492
1012 49.76536789
1013 49.80852718
1014 49.80550328
1015 49.7568088
1016 49.6631393
1017 49.52537338
1018 49.34457198
1019 49.12197683
1020 48.85900824
1021 48.55726198
1022 48.21850554
1023 47.84467351
