#55489 2910.0037871355011279 0.0045704282170151537545 1 1485 16.000049430220818044 1024 7 1 J1713+0747 0.0000000 
0 0.02445198988
1 0.02445198988
2 0.02445198988
3 0.02445198988
4 0.02445198988
5 0.02445198988
6 0.02445198988
7 0.02445198988
8 0.02445198988
9 0.02445198988
10 0.02445198988
11 0.02445198988
12 0.02445198988
13 0.02445198988
14 0.02445198988
15 0.02445198988
16 0.02445198988
17 0.02445198988
18 0.02445198988
19 0.02445198988
20 0.02445198988
21 0.02445198988
22 0.02445198988
23 0.02445198988
24 0.02445198988
25 0.02445198988
26 0.02445198988
27 0.02445198988
28 0.02445198988
29 0.02445198988
30 0.02445198988
31 0.02445198988
32 0.02445198988
33 0.02445198988
34 0.02445198988
35 0.02445198988
36 0.02445198988
37 0.02445198988
38 0.02445198988
39 0.02445198988
40 0.02445198988
41 0.02445198988
42 0.02445198988
43 0.02445198988
44 0.02445198988
45 0.02445198988
46 0.02445198988
47 0.02445198988
48 0.02445198988
49 0.02445198988
50 0.02445198988
51 0.02445198988
52 0.02445198988
53 0.02445198988
54 0.02445198988
55 0.02445198988
56 0.02445198988
57 0.02445198988
58 0.02445198988
59 0.02445198988
60 0.02445198988
61 0.02445198988
62 0.02445198988
63 0.02445198988
64 0.02445198988
65 0.02445198988
66 0.02445198988
67 0.02445198988
68 0.02445198988
69 0.02445198988
70 0.02445198988
71 0.02445198988
72 0.02445198988
73 0.02445198988
74 0.02445198988
75 0.02445198988
76 0.02445198988
77 0.02445198988
78 0.02445198988
79 0.02445198988
80 0.02445198988
81 0.02445198988
82 0.02445198988
83 0.02445198988
84 0.02445198988
85 0.02445198988
86 0.02445198988
87 0.02445198988
88 0.02445198988
89 0.02445198988
90 0.02445198988
91 0.02445198988
92 0.02445198988
93 0.02445198988
94 0.02445198988
95 0.02445198988
96 0.02445198988
97 0.02445198988
98 0.02445198988
99 0.02445198988
100 0.02445198988
101 0.02445198988
102 0.02445198988
103 0.02445198988
104 0.02445198988
105 0.02445198988
106 0.02445198988
107 0.02445198988
108 0.02445198988
109 0.02445198988
110 0.02445198988
111 0.02445198988
112 0.02445198988
113 0.02445198988
114 0.02445198988
115 0.02445198988
116 0.02445198988
117 0.02445198988
118 0.02445198988
119 0.02445198988
120 0.02445198988
121 0.02445198988
122 0.02445198988
123 0.02445198988
124 0.02445198988
125 0.02445198988
126 0.02445198988
127 0.02445198988
128 0.02445198988
129 0.02445198988
130 0.02445198988
131 0.02445198988
132 0.02445198988
133 0.02445198988
134 0.02445198988
135 0.02445198988
136 0.02445198988
137 0.02445198988
138 0.02445198988
139 0.02445198988
140 0.02445198988
141 0.02445198988
142 0.02445198988
143 0.02445198988
144 0.02445198988
145 0.02445198988
146 0.02445198988
147 0.02445198988
148 0.02445198988
149 0.02445198988
150 0.02445198988
151 0.02445198988
152 0.02445198988
153 0.02445198988
154 0.02445198988
155 0.02445198988
156 0.02445198988
157 0.02445198988
158 0.02445198988
159 0.02445198988
160 0.02445198988
161 0.02445198988
162 0.02445198988
163 0.02445198988
164 0.02445198988
165 0.02445198988
166 0.02445198988
167 0.02445198988
168 0.02445198988
169 0.02445198988
170 0.02445198988
171 0.02445198988
172 0.02445198988
173 0.02445198988
174 0.02445198988
175 0.02445198988
176 0.02445198988
177 0.02445198988
178 0.02445198988
179 0.02445198988
180 0.02445198988
181 0.02445198988
182 0.02445198988
183 0.02445198988
184 0.02445198988
185 0.02445198988
186 0.02445198988
187 0.02445198988
188 0.02445198988
189 0.02445198988
190 0.02445198988
191 0.02445198988
192 0.02445198988
193 0.02445198988
194 0.02445198988
195 0.02445198988
196 0.02445198988
197 0.02445198988
198 0.02445198988
199 0.02445198988
200 0.02445198988
201 0.02445198988
202 0.02445198988
203 0.02445198988
204 0.02445198988
205 0.02445198988
206 0.02445198988
207 0.02445198988
208 0.02445198988
209 0.02445198988
210 0.02445198988
211 0.02445198988
212 0.02445198988
213 0.02445198988
214 0.02445198988
215 0.02445198988
216 0.02445198988
217 0.02445198988
218 0.02445198988
219 0.02445198988
220 0.02445198988
221 0.02445198988
222 0.02445198988
223 0.02445198988
224 0.02445198988
225 0.02445198988
226 0.02445198988
227 0.02445198988
228 0.02445198988
229 0.02445198988
230 0.02445198988
231 0.02445198988
232 0.02445198988
233 0.02445198988
234 0.02445198988
235 0.02445198988
236 0.02445198988
237 0.02445198988
238 0.02445198988
239 0.02445198988
240 0.02445198988
241 0.02445198988
242 0.02445198988
243 0.02445198988
244 0.02445198988
245 0.02445198988
246 0.02445198988
247 0.02445198988
248 0.02445198988
249 0.02445198988
250 0.02445198988
251 0.02445198988
252 0.02445198988
253 0.02445198988
254 0.02445198988
255 0.02445198988
256 0.02445198988
257 0.02445198988
258 0.02445198988
259 0.02445198988
260 0.02445198988
261 0.02445198988
262 0.02445198988
263 0.02445198988
264 0.02445198988
265 0.02445198988
266 0.02445198988
267 0.02445198988
268 0.02445198988
269 0.02445198988
270 0.02445198988
271 0.02445198988
272 0.02445198988
273 0.02445198988
274 0.02445198988
275 0.02445198988
276 0.02445198988
277 0.02445198988
278 0.02445198988
279 0.02445198988
280 0.02445198988
281 0.02445198988
282 0.02445198988
283 0.02445198988
284 0.02445198988
285 0.02445198988
286 0.02445198988
287 0.02445198988
288 0.02445198988
289 0.02445198988
290 0.02445198988
291 0.02445198988
292 0.02445198988
293 0.02445198988
294 0.02445198988
295 0.02445198988
296 0.02445198988
297 0.02445198988
298 0.02445198988
299 0.02445198988
300 0.02445198988
301 0.02445198988
302 0.02445198988
303 0.02445198988
304 0.02445198988
305 0.02445198988
306 0.02445198988
307 0.02445198988
308 0.02445198988
309 0.02445198988
310 0.02445198988
311 0.02445198988
312 0.02445198988
313 0.02445198988
314 0.02445198988
315 0.02445198988
316 0.02445198988
317 0.02445198988
318 0.02445198988
319 0.02445198988
320 0.02445198988
321 0.02445198988
322 0.02445198988
323 0.02445198988
324 0.02445198988
325 0.02445198988
326 0.02445198988
327 0.02445198988
328 0.02445198988
329 0.02445198988
330 0.02445198988
331 0.02445198988
332 0.02445198988
333 0.02445198988
334 0.02445198988
335 0.02445198988
336 0.02445198988
337 0.02445198988
338 0.02445198988
339 0.02445198988
340 0.02445198988
341 0.02445198988
342 0.02445198988
343 0.02445198988
344 0.02445198988
345 0.02445198988
346 0.02445198988
347 0.02445198988
348 0.02445198988
349 0.02445198988
350 0.02445198988
351 0.02445198988
352 0.02445198988
353 0.02445198988
354 0.02445198988
355 0.02445198988
356 0.02445198988
357 0.02445198988
358 0.02445198988
359 0.02445198988
360 0.02445198988
361 0.02445198988
362 0.02445198988
363 0.02445198988
364 0.02445198988
365 0.02445198988
366 0.02445198988
367 0.02445198988
368 0.02445198988
369 0.02445198988
370 0.02445198988
371 0.02445198988
372 0.02445198988
373 0.02445198988
374 0.02445198988
375 0.02445198988
376 0.02445198988
377 0.02445198988
378 0.02445198988
379 0.02445198988
380 0.02445198988
381 0.02445198988
382 0.02445198988
383 0.02445198988
384 0.02445198988
385 0.02445198988
386 0.02445198988
387 0.02445198988
388 0.02445198988
389 0.02445198988
390 0.02445198988
391 0.02445198988
392 0.02445198988
393 0.02445198988
394 0.02445198988
395 0.02445198988
396 0.02445198988
397 0.02445198988
398 0.02445198988
399 0.02445198988
400 0.02445198988
401 0.02445198988
402 0.02445198988
403 0.02445198988
404 0.02445198988
405 0.02445198988
406 0.02445198988
407 0.02445198988
408 0.02445198989
409 0.02445198989
410 0.02445198989
411 0.0244519899
412 0.0244519899
413 0.02445198991
414 0.02445198992
415 0.02445198993
416 0.02445198995
417 0.02445198996
418 0.02445198999
419 0.02445199001
420 0.02445199005
421 0.0244519901
422 0.02445199015
423 0.02445199022
424 0.02445199031
425 0.02445199042
426 0.02445199056
427 0.02445199073
428 0.02445199095
429 0.02445199122
430 0.02445199155
431 0.02445199196
432 0.02445199247
433 0.02445199311
434 0.02445199389
435 0.02445199487
436 0.02445199607
437 0.02445199755
438 0.02445199938
439 0.02445200163
440 0.0244520044
441 0.0244520078
442 0.02445201198
443 0.0244520171
444 0.02445202338
445 0.02445203106
446 0.02445204045
447 0.02445205192
448 0.02445206591
449 0.02445208297
450 0.02445210373
451 0.02445212898
452 0.02445215966
453 0.0244521969
454 0.02445224204
455 0.02445229671
456 0.02445236286
457 0.0244524428
458 0.02445253931
459 0.0244526557
460 0.02445279593
461 0.02445296469
462 0.02445316758
463 0.02445341125
464 0.02445370357
465 0.02445405391
466 0.02445447333
467 0.02445497492
468 0.02445557415
469 0.02445628927
470 0.02445714181
471 0.02445815709
472 0.02445936489
473 0.02446080023
474 0.02446250417
475 0.02446452482
476 0.02446691853
477 0.02446975118
478 0.02447309972
479 0.02447705392
480 0.02448171839
481 0.02448721489
482 0.024493685
483 0.02450129309
484 0.02451022984
485 0.02452071618
486 0.02453300774
487 0.02454740002
488 0.02456423417
489 0.02458390359
490 0.0246068614
491 0.02463362889
492 0.02466480509
493 0.02470107751
494 0.02474323429
495 0.02479217788
496 0.02484894037
497 0.02491470068
498 0.0249908039
499 0.02507878282
500 0.02518038203
501 0.0252975848
502 0.02543264304
503 0.02558811052
504 0.02576687987
505 0.02597222353
506 0.0262078391
507 0.02647789942
508 0.02678710788
509 0.02714075934
510 0.02754480711
511 0.02800593648
512 0.02853164539
513 0.02913033268
514 0.02981139444
515 0.03058532925
516 0.03146385257
517 0.0324600212
518 0.03358836823
519 0.03486504919
520 0.036308
521 0.03793710734
522 0.03977439212
523 0.04184420656
524 0.0441734456
525 0.04679177304
526 0.04973186306
527 0.05302965755
528 0.05672463967
529 0.06086012396
530 0.06548356336
531 0.0706468732
532 0.0764067723
533 0.08282514116
534 0.08996939695
535 0.0979128851
536 0.1067352868
537 0.116523042
538 0.1273697866
539 0.1393768034
540 0.1526534845
541 0.1673178046
542 0.1834968026
543 0.2013270697
544 0.2209552419
545 0.2425384927
546 0.2662450256
547 0.2922545599
548 0.3207588091
549 0.3519619451
550 0.3860810462
551 0.4233465226
552 0.4640025147
553 0.5083072597
554 0.5565334192
555 0.6089683631
556 0.6659144035
557 0.7276889707
558 0.7946247269
559 0.8670696079
560 0.9453867884
561 1.029954562
562 1.121166128
563 1.219429283
564 1.325166001
565 1.438811902
566 1.560815605
567 1.691637948
568 1.831751078
569 1.981637407
570 2.141788416
571 2.312703322
572 2.494887582
573 2.688851255
574 2.8951072
575 3.114169118
576 3.346549437
577 3.592757047
578 3.853294873
579 4.128657306
580 4.419327484
581 4.725774446
582 5.048450145
583 5.387786349
584 5.744191436
585 6.11804709
586 6.509704918
587 6.919483007
588 7.34766243
589 7.794483726
590 8.260143379
591 8.744790305
592 9.248522382
593 9.771383043
594 10.31335796
595 10.87437184
596 11.45428535
597 12.05289226
598 12.66991669
599 13.30501069
600 13.957752
601 14.62764211
602 15.31410462
603 16.01648396
604 16.73404441
605 17.46596956
606 18.21136213
607 18.96924425
608 19.73855811
609 20.51816713
610 21.30685761
611 22.10334076
612 22.90625528
613 23.71417049
614 24.52558977
615 25.33895468
616 26.15264943
617 26.96500587
618 27.7743089
619 28.57880238
620 29.37669539
621 30.16616889
622 30.94538283
623 31.71248345
624 32.46561102
625 33.20290777
626 33.92252603
627 34.62263662
628 35.30143732
629 35.95716145
630 36.58808653
631 37.19254287
632 37.76892217
633 38.315686
634 38.83137414
635 39.31461268
636 39.76412192
637 40.17872399
638 40.55735006
639 40.89904724
640 41.20298502
641 41.46846126
642 41.69490767
643 41.88189474
644 42.02913619
645 42.13649271
646 42.20397519
647 42.23174725
648 42.22012715
649 42.16958908
650 42.08076367
651 41.95443796
652 41.79155462
653 41.59321047
654 41.36065445
655 41.0952848
656 40.7986457
657 40.47242322
658 40.11844069
659 39.73865344
660 39.33514304
661 38.91011092
662 38.4658715
663 38.00484483
664 37.52954876
665 37.04259066
666 36.54665872
667 36.04451289
668 35.53897545
669 35.03292127
670 34.52926771
671 34.03096434
672 33.54098239
673 33.06230392
674 32.59791088
675 32.150774
676 31.72384151
677 31.32002779
678 30.94220194
679 30.59317629
680 30.27569487
681 29.99242195
682 29.74593056
683 29.53869112
684 29.37306012
685 29.25126905
686 29.17541337
687 29.14744178
688 29.16914575
689 29.2421493
690 29.36789916
691 29.54765529
692 29.78248193
693 30.07323901
694 30.42057421
695 30.82491559
696 31.2864649
697 31.80519156
698 32.38082748
699 33.01286267
700 33.70054177
701 34.44286154
702 35.2385693
703 36.08616251
704 36.98388938
705 37.92975073
706 38.9215029
707 39.95666207
708 41.03250965
709 42.14609913
710 43.29426406
711 44.47362747
712 45.68061244
713 46.9114541
714 48.16221279
715 49.42878846
716 50.70693625
717 51.99228323
718 53.28034613
719 54.56655013
720 55.84624845
721 57.1147428
722 58.36730453
723 59.59919626
724 60.80569404
725 61.98210981
726 63.123814
727 64.22625819
728 65.2849976
729 66.29571343
730 67.25423463
731 68.15655918
732 68.99887466
733 69.77757786
734 70.48929349
735 71.13089163
736 71.69950391
737 72.19253837
738 72.60769264
739 72.94296565
740 73.19666751
741 73.36742765
742 73.4542011
743 73.45627284
744 73.37326026
745 73.20511362
746 72.95211455
747 72.61487267
748 72.19432022
749 71.69170488
750 71.10858077
751 70.44679769
752 69.70848878
753 68.89605659
754 68.01215773
755 67.05968625
756 66.04175583
757 64.96168095
758 63.82295715
759 62.62924064
760 61.38432726
761 60.0921311
762 58.7566628
763 57.38200783
764 55.97230477
765 54.53172384
766 53.06444581
767 51.57464137
768 50.06645112
769 48.54396643
770 47.01121099
771 45.47212354
772 43.93054148
773 42.39018577
774 40.85464696
775 39.32737255
776 37.81165559
777 36.31062477
778 34.8272357
779 33.3642637
780 31.92429791
781 30.50973675
782 29.12278474
783 27.76545058
784 26.4395465
785 25.1466888
786 23.88829951
787 22.66560918
788 21.47966056
789 20.33131333
790 19.22124956
791 18.14997995
792 17.11785081
793 16.12505154
794 15.17162266
795 14.25746423
796 13.38234459
797 12.54590941
798 11.74769083
799 10.98711677
800 10.26352018
801 9.57614837
802 8.924172083
803 8.306694541
804 7.722760201
805 7.171363276
806 6.651455949
807 6.161956247
808 5.701755549
809 5.269725699
810 4.864725701
811 4.485607987
812 4.13122424
813 3.800430774
814 3.492093455
815 3.205092182
816 2.938324921
817 2.690711298
818 2.461195781
819 2.248750433
820 2.052377285
821 1.871110325
822 1.704017126
823 1.550200144
824 1.40879769
825 1.27898461
826 1.159972699
827 1.051010857
828 0.9513850138
829 0.8604178631
830 0.7774683958
831 0.7019312799
832 0.6332360946
833 0.570846441
834 0.5142589481
835 0.4630021912
836 0.4166355394
837 0.3747479465
838 0.3369567013
839 0.3029061477
840 0.2722663893
841 0.2447319864
842 0.2200206572
843 0.1978719907
844 0.1780461784
845 0.160322772
846 0.1444994728
847 0.1303909568
848 0.1178277392
849 0.1066550827
850 0.0967319504
851 0.08793000624
852 0.08013266319
853 0.0732341807
854 0.06713881099
855 0.0617599942
856 0.05701960174
857 0.05284722699
858 0.04917952209
859 0.04595957962
860 0.04313635742
861 0.040664145
862 0.03850206964
863 0.03661364041
864 0.03496632802
865 0.03353117875
866 0.03228246028
867 0.03119733763
868 0.03025557724
869 0.02943927732
870 0.02873262255
871 0.0281216616
872 0.02759410548
873 0.02713914535
874 0.02674728809
875 0.0264102083
876 0.02612061523
877 0.02587213339
878 0.02565919569
879 0.02547694794
880 0.02532116355
881 0.02518816768
882 0.02507476975
883 0.02497820352
884 0.02489607409
885 0.02482631092
886 0.02476712648
887 0.02471697967
888 0.02467454374
889 0.02463867806
890 0.02460840336
891 0.02458288011
892 0.02456138954
893 0.02454331714
894 0.02452813824
895 0.02451540552
896 0.02450473811
897 0.02449581217
898 0.02448835273
899 0.02448212664
900 0.02447693645
901 0.0244726152
902 0.02446902191
903 0.02446603766
904 0.02446356231
905 0.02446151164
906 0.02445981491
907 0.02445841276
908 0.0244572555
909 0.02445630155
910 0.02445551615
911 0.02445487035
912 0.02445433997
913 0.02445390494
914 0.02445354856
915 0.02445325697
916 0.02445301868
917 0.0244528242
918 0.02445266567
919 0.02445253659
920 0.02445243164
921 0.02445234641
922 0.02445227727
923 0.02445222126
924 0.02445217594
925 0.02445213932
926 0.02445210976
927 0.02445208593
928 0.02445206674
929 0.02445205132
930 0.02445203893
931 0.02445202899
932 0.02445202103
933 0.02445201465
934 0.02445200956
935 0.0244520055
936 0.02445200226
937 0.02445199968
938 0.02445199763
939 0.024451996
940 0.0244519947
941 0.02445199368
942 0.02445199287
943 0.02445199223
944 0.02445199172
945 0.02445199132
946 0.02445199101
947 0.02445199076
948 0.02445199057
949 0.02445199042
950 0.0244519903
951 0.0244519902
952 0.02445199013
953 0.02445199007
954 0.02445199003
955 0.02445199
956 0.02445198997
957 0.02445198995
958 0.02445198993
959 0.02445198992
960 0.02445198991
961 0.0244519899
962 0.0244519899
963 0.02445198989
964 0.02445198989
965 0.02445198989
966 0.02445198988
967 0.02445198988
968 0.02445198988
969 0.02445198988
970 0.02445198988
971 0.02445198988
972 0.02445198988
973 0.02445198988
974 0.02445198988
975 0.02445198988
976 0.02445198988
977 0.02445198988
978 0.02445198988
979 0.02445198988
980 0.02445198988
981 0.02445198988
982 0.02445198988
983 0.02445198988
984 0.02445198988
985 0.02445198988
986 0.02445198988
987 0.02445198988
988 0.02445198988
989 0.02445198988
990 0.02445198988
991 0.02445198988
992 0.02445198988
993 0.02445198988
994 0.02445198988
995 0.02445198988
996 0.02445198988
997 0.02445198988
998 0.02445198988
999 0.02445198988
1000 0.02445198988
1001 0.02445198988
1002 0.02445198988
1003 0.02445198988
1004 0.02445198988
1005 0.02445198988
1006 0.02445198988
1007 0.02445198988
1008 0.02445198988
1009 0.02445198988
1010 0.02445198988
1011 0.02445198988
1012 0.02445198988
1013 0.02445198988
1014 0.02445198988
1015 0.02445198988
1016 0.02445198988
1017 0.02445198988
1018 0.02445198988
1019 0.02445198988
1020 0.02445198988
1021 0.02445198988
1022 0.02445198988
1023 0.02445198988
