#55511 2909.999879727813223 0.0045703141642531534133 1 1453 16.000049430220818044 1024 7 1 J1713+0747 0.0000000 
0 0.3314804502
1 0.3314804502
2 0.3314804502
3 0.3314804502
4 0.3314804502
5 0.3314804502
6 0.3314804502
7 0.3314804502
8 0.3314804502
9 0.3314804502
10 0.3314804502
11 0.3314804502
12 0.3314804502
13 0.3314804502
14 0.3314804502
15 0.3314804502
16 0.3314804502
17 0.3314804502
18 0.3314804502
19 0.3314804502
20 0.3314804502
21 0.3314804502
22 0.3314804502
23 0.3314804502
24 0.3314804502
25 0.3314804502
26 0.3314804502
27 0.3314804502
28 0.3314804502
29 0.3314804502
30 0.3314804502
31 0.3314804502
32 0.3314804502
33 0.3314804502
34 0.3314804502
35 0.3314804502
36 0.3314804502
37 0.3314804502
38 0.3314804502
39 0.3314804502
40 0.3314804502
41 0.3314804502
42 0.3314804502
43 0.3314804502
44 0.3314804502
45 0.3314804502
46 0.3314804503
47 0.3314804503
48 0.3314804503
49 0.3314804503
50 0.3314804504
51 0.3314804504
52 0.3314804505
53 0.3314804506
54 0.3314804506
55 0.3314804508
56 0.3314804509
57 0.3314804511
58 0.3314804513
59 0.3314804516
60 0.331480452
61 0.3314804524
62 0.331480453
63 0.3314804536
64 0.3314804545
65 0.3314804555
66 0.3314804568
67 0.3314804584
68 0.3314804603
69 0.3314804627
70 0.3314804657
71 0.3314804693
72 0.3314804738
73 0.3314804792
74 0.3314804859
75 0.3314804941
76 0.3314805041
77 0.3314805163
78 0.3314805312
79 0.3314805493
80 0.3314805714
81 0.3314805983
82 0.3314806309
83 0.3314806705
84 0.3314807184
85 0.3314807765
86 0.3314808468
87 0.3314809317
88 0.3314810342
89 0.3314811577
90 0.3314813066
91 0.3314814857
92 0.3314817009
93 0.3314819594
94 0.3314822694
95 0.3314826408
96 0.3314830854
97 0.331483617
98 0.3314842519
99 0.3314850094
100 0.3314859123
101 0.3314869873
102 0.331488266
103 0.3314897851
104 0.3314915881
105 0.3314937258
106 0.3314962577
107 0.3314992531
108 0.3315027933
109 0.3315069729
110 0.3315119022
111 0.3315177095
112 0.3315245439
113 0.3315325787
114 0.3315420146
115 0.3315530841
116 0.3315660565
117 0.3315812426
118 0.3315990014
119 0.3316197466
120 0.3316439547
121 0.3316721738
122 0.3317050335
123 0.3317432562
124 0.3317876698
125 0.3318392223
126 0.3318989972
127 0.3319682323
128 0.3320483391
129 0.332140926
130 0.3322478229
131 0.3323711098
132 0.3325131476
133 0.3326766133
134 0.332864538
135 0.3330803503
136 0.3333279229
137 0.3336116253
138 0.3339363815
139 0.3343077329
140 0.3347319086
141 0.335215902
142 0.3357675542
143 0.3363956463
144 0.3371099996
145 0.3379215848
146 0.338842641
147 0.339886805
148 0.3410692514
149 0.3424068445
150 0.3439183019
151 0.3456243715
152 0.3475480218
153 0.3497146457
154 0.3521522802
155 0.3548918399
156 0.3579673677
157 0.3614163003
158 0.3652797517
159 0.3696028128
160 0.3744348686
161 0.3798299329
162 0.3858470002
163 0.3925504149
164 0.4000102585
165 0.4083027525
166 0.4175106779
167 0.4277238109
168 0.439039372
169 0.4515624892
170 0.465406673
171 0.4806943016
172 0.4975571144
173 0.5161367118
174 0.5365850584
175 0.5590649869
176 0.5837506992
177 0.6108282626
178 0.6404960945
179 0.6729654346
180 0.7084607976
181 0.7472204028
182 0.7894965744
183 0.8355561085
184 0.885680599
185 0.9401667175
186 0.9993264405
187 1.063487217
188 1.132992069
189 1.20819962
190 1.289484041
191 1.37723491
192 1.471856974
193 1.573769809
194 1.683407373
195 1.801217436
196 1.927660891
197 2.063210933
198 2.208352098
199 2.36357917
200 2.529395926
201 2.706313741
202 2.894850036
203 3.095526561
204 3.308867527
205 3.535397574
206 3.775639575
207 4.030112289
208 4.299327856
209 4.583789133
210 4.883986896
211 5.200396897
212 5.533476794
213 5.883662958
214 6.251367179
215 6.63697327
216 7.040833604
217 7.463265577
218 7.904548039
219 8.36491769
220 8.844565489
221 9.343633067
222 9.862209201
223 10.40032634
224 10.95795726
225 11.53501178
226 12.13133371
227 12.74669791
228 13.38080757
229 14.03329179
230 14.7037033
231 15.39151659
232 16.09612629
233 16.8168459
234 17.55290694
235 18.30345841
236 19.06756675
237 19.84421614
238 20.63230935
239 21.43066901
240 22.23803931
241 23.05308829
242 23.87441052
243 24.70053039
244 25.52990578
245 26.3609323
246 27.19194801
247 28.02123858
248 28.84704296
249 29.66755942
250 30.48095211
251 31.28535793
252 32.0788938
253 32.8596643
254 33.6257695
255 34.37531321
256 35.10641131
257 35.81720034
258 36.50584618
259 37.17055283
260 37.80957127
261 38.42120821
262 39.00383487
263 39.55589563
264 40.07591645
265 40.56251316
266 41.01439948
267 41.43039464
268 41.8094308
269 42.1505599
270 42.45296021
271 42.71594231
272 42.9389546
273 43.12158824
274 43.26358149
275 43.36482351
276 43.42535744
277 43.44538292
278 43.42525783
279 43.36549953
280 43.26678521
281 43.12995172
282 42.95599462
283 42.74606656
284 42.50147504
285 42.2236794
286 41.91428725
287 41.57505021
288 41.20785904
289 40.81473818
290 40.3978397
291 39.9594367
292 39.50191619
293 39.02777147
294 38.539594
295 38.0400649
296 37.53194597
297 37.01807033
298 36.50133275
299 35.9846796
300 35.47109854
301 34.96360789
302 34.46524582
303 33.97905931
304 33.50809285
305 33.05537713
306 32.62391748
307 32.2166822
308 31.83659097
309 31.48650301
310 31.16920538
311 30.88740124
312 30.64369812
313 30.44059637
314 30.28047762
315 30.16559344
316 30.09805419
317 30.07981811
318 30.1126806
319 30.19826395
320 30.33800731
321 30.53315715
322 30.7847581
323 31.09364444
324 31.460432
325 31.88551083
326 32.36903845
327 32.91093394
328 33.51087276
329 34.16828245
330 34.88233935
331 35.65196614
332 36.47583054
333 37.3523451
334 38.27966806
335 39.25570544
336 40.27811439
337 41.34430775
338 42.45145989
339 43.59651395
340 44.77619029
341 45.98699634
342 47.22523774
343 48.4870308
344 49.76831623
345 51.06487409
346 52.37233997
347 53.68622231
348 55.0019207
349 56.31474529
350 57.61993699
351 58.91268848
352 60.18816595
353 61.44153134
354 62.66796501
355 63.86268872
356 65.02098879
357 66.13823917
358 67.20992442
359 68.23166243
360 69.19922652
361 70.10856711
362 70.95583248
363 71.73738868
364 72.4498383
365 73.09003814
366 73.65511539
367 74.14248251
368 74.54985037
369 74.87523983
370 75.11699149
371 75.27377361
372 75.34458808
373 75.32877455
374 75.22601244
375 75.03632104
376 74.76005759
377 74.39791334
378 73.95090777
379 73.42038079
380 72.80798321
381 72.1156654
382 71.34566432
383 70.50048901
384 69.58290463
385 68.59591519
386 67.54274517
387 66.42682003
388 65.25174599
389 64.02128892
390 62.73935291
391 61.40995819
392 60.03721912
393 58.62532182
394 57.17850218
395 55.70102387
396 54.19715698
397 52.67115698
398 51.12724455
399 49.56958606
400 48.00227506
401 46.42931476
402 44.85460158
403 43.28190994
404 41.71487828
405 40.15699639
406 38.61159414
407 37.08183149
408 35.57069001
409 34.08096575
410 32.61526351
411 31.17599251
412 29.76536336
413 28.38538644
414 27.03787145
415 25.72442821
416 24.44646862
417 23.20520965
418 22.0016774
419 20.83671204
420 19.71097356
421 18.62494835
422 17.57895641
423 16.57315909
424 15.60756744
425 14.68205083
426 13.79634601
427 12.9500663
428 12.14271104
429 11.37367507
430 10.64225817
431 9.947674589
432 9.289062281
433 8.665492101
434 8.075976694
435 7.519479147
436 6.994921301
437 6.501191728
438 6.037153313
439 5.601650433
440 5.193515711
441 4.811576321
442 4.454659847
443 4.121599674
444 3.811239931
445 3.52243997
446 3.254078389
447 3.00505662
448 2.77430208
449 2.560770913
450 2.36345032
451 2.181360519
452 2.013556335
453 1.859128456
454 1.71720436
455 1.586948957
456 1.467564949
457 1.358292942
458 1.258411328
459 1.167235969
460 1.084119682
461 1.008451579
462 0.9396562535
463 0.8771928505
464 0.8205540293
465 0.7692648437
466 0.7228815509
467 0.6809903675
468 0.6432061849
469 0.6091712581
470 0.5785538797
471 0.5510470495
472 0.5263671493
473 0.5042526315
474 0.4844627286
475 0.466776191
476 0.4509900569
477 0.4369184602
478 0.4243914804
479 0.413254036
480 0.403364825
481 0.3945953139
482 0.386828776
483 0.3799593795
484 0.3738913261
485 0.3685380387
486 0.3638213991
487 0.3596710329
488 0.3560236418
489 0.3528223813
490 0.350016282
491 0.3475597131
492 0.3454118862
493 0.343536397
494 0.3419008037
495 0.3404762394
496 0.3392370571
497 0.3381605043
498 0.337226427
499 0.3364169992
500 0.3357164772
501 0.3351109773
502 0.3345882736
503 0.3341376162
504 0.3337495663
505 0.3334158489
506 0.3331292193
507 0.3328833445
508 0.3326726958
509 0.3324924542
510 0.3323384247
511 0.3322069613
512 0.3320948992
513 0.3319994953
514 0.3319183755
515 0.3318494878
516 0.3317910613
517 0.3317415695
518 0.3316996987
519 0.3316643198
520 0.3316344638
521 0.3316093
522 0.3315881176
523 0.331570309
524 0.3315553554
525 0.331542815
526 0.3315323114
527 0.3315235249
528 0.3315161838
529 0.331510058
530 0.3315049528
531 0.3315007034
532 0.3314971708
533 0.3314942377
534 0.3314918054
535 0.3314897909
536 0.3314881245
537 0.3314867478
538 0.3314856118
539 0.3314846756
540 0.3314839051
541 0.3314832716
542 0.3314827516
543 0.3314823251
544 0.3314819758
545 0.3314816901
546 0.3314814567
547 0.3314812662
548 0.331481111
549 0.3314809846
550 0.3314808819
551 0.3314807985
552 0.3314807309
553 0.3314806761
554 0.3314806318
555 0.3314805961
556 0.3314805672
557 0.3314805439
558 0.3314805252
559 0.3314805101
560 0.331480498
561 0.3314804883
562 0.3314804805
563 0.3314804743
564 0.3314804694
565 0.3314804654
566 0.3314804622
567 0.3314804597
568 0.3314804577
569 0.3314804561
570 0.3314804549
571 0.3314804539
572 0.3314804531
573 0.3314804525
574 0.331480452
575 0.3314804516
576 0.3314804513
577 0.331480451
578 0.3314804509
579 0.3314804507
580 0.3314804506
581 0.3314804505
582 0.3314804504
583 0.3314804504
584 0.3314804503
585 0.3314804503
586 0.3314804503
587 0.3314804503
588 0.3314804502
589 0.3314804502
590 0.3314804502
591 0.3314804502
592 0.3314804502
593 0.3314804502
594 0.3314804502
595 0.3314804502
596 0.3314804502
597 0.3314804502
598 0.3314804502
599 0.3314804502
600 0.3314804502
601 0.3314804502
602 0.3314804502
603 0.3314804502
604 0.3314804502
605 0.3314804502
606 0.3314804502
607 0.3314804502
608 0.3314804502
609 0.3314804502
610 0.3314804502
611 0.3314804502
612 0.3314804502
613 0.3314804502
614 0.3314804502
615 0.3314804502
616 0.3314804502
617 0.3314804502
618 0.3314804502
619 0.3314804502
620 0.3314804502
621 0.3314804502
622 0.3314804502
623 0.3314804502
624 0.3314804502
625 0.3314804502
626 0.3314804502
627 0.3314804502
628 0.3314804502
629 0.3314804502
630 0.3314804502
631 0.3314804502
632 0.3314804502
633 0.3314804502
634 0.3314804502
635 0.3314804502
636 0.3314804502
637 0.3314804502
638 0.3314804502
639 0.3314804502
640 0.3314804502
641 0.3314804502
642 0.3314804502
643 0.3314804502
644 0.3314804502
645 0.3314804502
646 0.3314804502
647 0.3314804502
648 0.3314804502
649 0.3314804502
650 0.3314804502
651 0.3314804502
652 0.3314804502
653 0.3314804502
654 0.3314804502
655 0.3314804502
656 0.3314804502
657 0.3314804502
658 0.3314804502
659 0.3314804502
660 0.3314804502
661 0.3314804502
662 0.3314804502
663 0.3314804502
664 0.3314804502
665 0.3314804502
666 0.3314804502
667 0.3314804502
668 0.3314804502
669 0.3314804502
670 0.3314804502
671 0.3314804502
672 0.3314804502
673 0.3314804502
674 0.3314804502
675 0.3314804502
676 0.3314804502
677 0.3314804502
678 0.3314804502
679 0.3314804502
680 0.3314804502
681 0.3314804502
682 0.3314804502
683 0.3314804502
684 0.3314804502
685 0.3314804502
686 0.3314804502
687 0.3314804502
688 0.3314804502
689 0.3314804502
690 0.3314804502
691 0.3314804502
692 0.3314804502
693 0.3314804502
694 0.3314804502
695 0.3314804502
696 0.3314804502
697 0.3314804502
698 0.3314804502
699 0.3314804502
700 0.3314804502
701 0.3314804502
702 0.3314804502
703 0.3314804502
704 0.3314804502
705 0.3314804502
706 0.3314804502
707 0.3314804502
708 0.3314804502
709 0.3314804502
710 0.3314804502
711 0.3314804502
712 0.3314804502
713 0.3314804502
714 0.3314804502
715 0.3314804502
716 0.3314804502
717 0.3314804502
718 0.3314804502
719 0.3314804502
720 0.3314804502
721 0.3314804502
722 0.3314804502
723 0.3314804502
724 0.3314804502
725 0.3314804502
726 0.3314804502
727 0.3314804502
728 0.3314804502
729 0.3314804502
730 0.3314804502
731 0.3314804502
732 0.3314804502
733 0.3314804502
734 0.3314804502
735 0.3314804502
736 0.3314804502
737 0.3314804502
738 0.3314804502
739 0.3314804502
740 0.3314804502
741 0.3314804502
742 0.3314804502
743 0.3314804502
744 0.3314804502
745 0.3314804502
746 0.3314804502
747 0.3314804502
748 0.3314804502
749 0.3314804502
750 0.3314804502
751 0.3314804502
752 0.3314804502
753 0.3314804502
754 0.3314804502
755 0.3314804502
756 0.3314804502
757 0.3314804502
758 0.3314804502
759 0.3314804502
760 0.3314804502
761 0.3314804502
762 0.3314804502
763 0.3314804502
764 0.3314804502
765 0.3314804502
766 0.3314804502
767 0.3314804502
768 0.3314804502
769 0.3314804502
770 0.3314804502
771 0.3314804502
772 0.3314804502
773 0.3314804502
774 0.3314804502
775 0.3314804502
776 0.3314804502
777 0.3314804502
778 0.3314804502
779 0.3314804502
780 0.3314804502
781 0.3314804502
782 0.3314804502
783 0.3314804502
784 0.3314804502
785 0.3314804502
786 0.3314804502
787 0.3314804502
788 0.3314804502
789 0.3314804502
790 0.3314804502
791 0.3314804502
792 0.3314804502
793 0.3314804502
794 0.3314804502
795 0.3314804502
796 0.3314804502
797 0.3314804502
798 0.3314804502
799 0.3314804502
800 0.3314804502
801 0.3314804502
802 0.3314804502
803 0.3314804502
804 0.3314804502
805 0.3314804502
806 0.3314804502
807 0.3314804502
808 0.3314804502
809 0.3314804502
810 0.3314804502
811 0.3314804502
812 0.3314804502
813 0.3314804502
814 0.3314804502
815 0.3314804502
816 0.3314804502
817 0.3314804502
818 0.3314804502
819 0.3314804502
820 0.3314804502
821 0.3314804502
822 0.3314804502
823 0.3314804502
824 0.3314804502
825 0.3314804502
826 0.3314804502
827 0.3314804502
828 0.3314804502
829 0.3314804502
830 0.3314804502
831 0.3314804502
832 0.3314804502
833 0.3314804502
834 0.3314804502
835 0.3314804502
836 0.3314804502
837 0.3314804502
838 0.3314804502
839 0.3314804502
840 0.3314804502
841 0.3314804502
842 0.3314804502
843 0.3314804502
844 0.3314804502
845 0.3314804502
846 0.3314804502
847 0.3314804502
848 0.3314804502
849 0.3314804502
850 0.3314804502
851 0.3314804502
852 0.3314804502
853 0.3314804502
854 0.3314804502
855 0.3314804502
856 0.3314804502
857 0.3314804502
858 0.3314804502
859 0.3314804502
860 0.3314804502
861 0.3314804502
862 0.3314804502
863 0.3314804502
864 0.3314804502
865 0.3314804502
866 0.3314804502
867 0.3314804502
868 0.3314804502
869 0.3314804502
870 0.3314804502
871 0.3314804502
872 0.3314804502
873 0.3314804502
874 0.3314804502
875 0.3314804502
876 0.3314804502
877 0.3314804502
878 0.3314804502
879 0.3314804502
880 0.3314804502
881 0.3314804502
882 0.3314804502
883 0.3314804502
884 0.3314804502
885 0.3314804502
886 0.3314804502
887 0.3314804502
888 0.3314804502
889 0.3314804502
890 0.3314804502
891 0.3314804502
892 0.3314804502
893 0.3314804502
894 0.3314804502
895 0.3314804502
896 0.3314804502
897 0.3314804502
898 0.3314804502
899 0.3314804502
900 0.3314804502
901 0.3314804502
902 0.3314804502
903 0.3314804502
904 0.3314804502
905 0.3314804502
906 0.3314804502
907 0.3314804502
908 0.3314804502
909 0.3314804502
910 0.3314804502
911 0.3314804502
912 0.3314804502
913 0.3314804502
914 0.3314804502
915 0.3314804502
916 0.3314804502
917 0.3314804502
918 0.3314804502
919 0.3314804502
920 0.3314804502
921 0.3314804502
922 0.3314804502
923 0.3314804502
924 0.3314804502
925 0.3314804502
926 0.3314804502
927 0.3314804502
928 0.3314804502
929 0.3314804502
930 0.3314804502
931 0.3314804502
932 0.3314804502
933 0.3314804502
934 0.3314804502
935 0.3314804502
936 0.3314804502
937 0.3314804502
938 0.3314804502
939 0.3314804502
940 0.3314804502
941 0.3314804502
942 0.3314804502
943 0.3314804502
944 0.3314804502
945 0.3314804502
946 0.3314804502
947 0.3314804502
948 0.3314804502
949 0.3314804502
950 0.3314804502
951 0.3314804502
952 0.3314804502
953 0.3314804502
954 0.3314804502
955 0.3314804502
956 0.3314804502
957 0.3314804502
958 0.3314804502
959 0.3314804502
960 0.3314804502
961 0.3314804502
962 0.3314804502
963 0.3314804502
964 0.3314804502
965 0.3314804502
966 0.3314804502
967 0.3314804502
968 0.3314804502
969 0.3314804502
970 0.3314804502
971 0.3314804502
972 0.3314804502
973 0.3314804502
974 0.3314804502
975 0.3314804502
976 0.3314804502
977 0.3314804502
978 0.3314804502
979 0.3314804502
980 0.3314804502
981 0.3314804502
982 0.3314804502
983 0.3314804502
984 0.3314804502
985 0.3314804502
986 0.3314804502
987 0.3314804502
988 0.3314804502
989 0.3314804502
990 0.3314804502
991 0.3314804502
992 0.3314804502
993 0.3314804502
994 0.3314804502
995 0.3314804502
996 0.3314804502
997 0.3314804502
998 0.3314804502
999 0.3314804502
1000 0.3314804502
1001 0.3314804502
1002 0.3314804502
1003 0.3314804502
1004 0.3314804502
1005 0.3314804502
1006 0.3314804502
1007 0.3314804502
1008 0.3314804502
1009 0.3314804502
1010 0.3314804502
1011 0.3314804502
1012 0.3314804502
1013 0.3314804502
1014 0.3314804502
1015 0.3314804502
1016 0.3314804502
1017 0.3314804502
1018 0.3314804502
1019 0.3314804502
1020 0.3314804502
1021 0.3314804502
1022 0.3314804502
1023 0.3314804502
