#55599 2910.003925153326293 0.0045697953388200750549 1 1301 16.000049430220818044 1024 7 1 J1713+0747 0.0000000 
0 23.5969847
1 22.33389392
2 21.11544667
3 19.94199483
4 18.81371242
5 17.73060493
6 16.69251911
7 15.69915309
8 14.75006678
9 13.84469243
10 12.9823453
11 12.16223436
12 11.38347283
13 10.64508868
14 9.9460349
15 9.285199494
16 8.661415171
17 8.073468682
18 7.520109763
19 7.000059634
20 6.51201905
21 6.054675863
22 5.626712094
23 5.226810486
24 4.853660549
25 4.505964085
26 4.182440203
27 3.881829819
28 3.602899663
29 3.344445806
30 3.105296716
31 2.884315861
32 2.680403891
33 2.492500412
34 2.319585376
35 2.160680118
36 2.01484805
37 1.881195065
38 1.758869645
39 1.647062724
40 1.545007314
41 1.45197793
42 1.367289832
43 1.290298109
44 1.220396629
45 1.157016864
46 1.099626637
47 1.047728773
48 1.0008597
49 0.9585880084
50 0.9205129722
51 0.8862630608
52 0.855494443
53 0.8278894992
54 0.8031553481
55 0.7810223983
56 0.7612429308
57 0.7435897187
58 0.7278546903
59 0.7138476373
60 0.7013949749
61 0.6903385527
62 0.6805345216
63 0.6718522548
64 0.6641733262
65 0.6573905441
66 0.6514070417
67 0.6461354219
68 0.6414969568
69 0.6374208389
70 0.6338434846
71 0.6307078854
72 0.6279630074
73 0.6255632353
74 0.6234678595
75 0.6216406037
76 0.6200491913
77 0.6186649475
78 0.6174624354
79 0.6164191248
80 0.6155150888
81 0.6147327297
82 0.6140565295
83 0.6134728244
84 0.6129696003
85 0.6125363098
86 0.6121637059
87 0.6118436939
88 0.6115691977
89 0.6113340407
90 0.6111328392
91 0.6109609071
92 0.6108141717
93 0.6106890981
94 0.6105826225
95 0.6104920934
96 0.6104152195
97 0.6103500229
98 0.6102947992
99 0.6102480817
100 0.6102086096
101 0.6101753011
102 0.6101472289
103 0.6101235995
104 0.6101037346
105 0.6100870554
106 0.6100730686
107 0.6100613541
108 0.6100515551
109 0.6100433685
110 0.6100365377
111 0.6100308451
112 0.610026107
113 0.6100221684
114 0.6100188983
115 0.6100161867
116 0.6100139411
117 0.6100120836
118 0.610010549
119 0.6100092829
120 0.6100082395
121 0.6100073808
122 0.6100066749
123 0.6100060953
124 0.6100056201
125 0.6100052309
126 0.6100049126
127 0.6100046525
128 0.6100044403
129 0.6100042674
130 0.6100041267
131 0.6100040123
132 0.6100039194
133 0.6100038441
134 0.6100037831
135 0.6100037337
136 0.6100036939
137 0.6100036617
138 0.6100036358
139 0.6100036149
140 0.6100035982
141 0.6100035847
142 0.6100035739
143 0.6100035652
144 0.6100035583
145 0.6100035528
146 0.6100035484
147 0.6100035449
148 0.6100035421
149 0.6100035399
150 0.6100035381
151 0.6100035367
152 0.6100035356
153 0.6100035347
154 0.610003534
155 0.6100035335
156 0.610003533
157 0.6100035327
158 0.6100035324
159 0.6100035322
160 0.6100035321
161 0.6100035319
162 0.6100035318
163 0.6100035317
164 0.6100035317
165 0.6100035316
166 0.6100035316
167 0.6100035316
168 0.6100035315
169 0.6100035315
170 0.6100035315
171 0.6100035315
172 0.6100035315
173 0.6100035315
174 0.6100035315
175 0.6100035315
176 0.6100035315
177 0.6100035315
178 0.6100035315
179 0.6100035315
180 0.6100035315
181 0.6100035315
182 0.6100035315
183 0.6100035315
184 0.6100035315
185 0.6100035315
186 0.6100035315
187 0.6100035315
188 0.6100035315
189 0.6100035315
190 0.6100035315
191 0.6100035315
192 0.6100035315
193 0.6100035315
194 0.6100035315
195 0.6100035315
196 0.6100035315
197 0.6100035315
198 0.6100035315
199 0.6100035315
200 0.6100035315
201 0.6100035315
202 0.6100035315
203 0.6100035315
204 0.6100035315
205 0.6100035315
206 0.6100035315
207 0.6100035315
208 0.6100035315
209 0.6100035315
210 0.6100035315
211 0.6100035315
212 0.6100035315
213 0.6100035315
214 0.6100035315
215 0.6100035315
216 0.6100035315
217 0.6100035315
218 0.6100035315
219 0.6100035315
220 0.6100035315
221 0.6100035315
222 0.6100035315
223 0.6100035315
224 0.6100035315
225 0.6100035315
226 0.6100035315
227 0.6100035315
228 0.6100035315
229 0.6100035315
230 0.6100035315
231 0.6100035315
232 0.6100035315
233 0.6100035315
234 0.6100035315
235 0.6100035315
236 0.6100035315
237 0.6100035315
238 0.6100035315
239 0.6100035315
240 0.6100035315
241 0.6100035315
242 0.6100035315
243 0.6100035315
244 0.6100035315
245 0.6100035315
246 0.6100035315
247 0.6100035315
248 0.6100035315
249 0.6100035315
250 0.6100035315
251 0.6100035315
252 0.6100035315
253 0.6100035315
254 0.6100035315
255 0.6100035315
256 0.6100035315
257 0.6100035315
258 0.6100035315
259 0.6100035315
260 0.6100035315
261 0.6100035315
262 0.6100035315
263 0.6100035315
264 0.6100035315
265 0.6100035315
266 0.6100035315
267 0.6100035315
268 0.6100035315
269 0.6100035315
270 0.6100035315
271 0.6100035315
272 0.6100035315
273 0.6100035315
274 0.6100035315
275 0.6100035315
276 0.6100035315
277 0.6100035315
278 0.6100035315
279 0.6100035315
280 0.6100035315
281 0.6100035315
282 0.6100035315
283 0.6100035315
284 0.6100035315
285 0.6100035315
286 0.6100035315
287 0.6100035315
288 0.6100035315
289 0.6100035315
290 0.6100035315
291 0.6100035315
292 0.6100035315
293 0.6100035315
294 0.6100035315
295 0.6100035315
296 0.6100035315
297 0.6100035315
298 0.6100035315
299 0.6100035315
300 0.6100035315
301 0.6100035315
302 0.6100035315
303 0.6100035315
304 0.6100035315
305 0.6100035315
306 0.6100035315
307 0.6100035315
308 0.6100035315
309 0.6100035315
310 0.6100035315
311 0.6100035315
312 0.6100035315
313 0.6100035315
314 0.6100035315
315 0.6100035315
316 0.6100035315
317 0.6100035315
318 0.6100035315
319 0.6100035315
320 0.6100035315
321 0.6100035315
322 0.6100035315
323 0.6100035315
324 0.6100035315
325 0.6100035315
326 0.6100035315
327 0.6100035315
328 0.6100035315
329 0.6100035315
330 0.6100035315
331 0.6100035315
332 0.6100035315
333 0.6100035315
334 0.6100035315
335 0.6100035315
336 0.6100035315
337 0.6100035315
338 0.6100035315
339 0.6100035315
340 0.6100035315
341 0.6100035315
342 0.6100035315
343 0.6100035315
344 0.6100035315
345 0.6100035315
346 0.6100035315
347 0.6100035315
348 0.6100035315
349 0.6100035315
350 0.6100035315
351 0.6100035315
352 0.6100035315
353 0.6100035315
354 0.6100035315
355 0.6100035315
356 0.6100035315
357 0.6100035315
358 0.6100035315
359 0.6100035315
360 0.6100035315
361 0.6100035315
362 0.6100035315
363 0.6100035315
364 0.6100035315
365 0.6100035315
366 0.6100035315
367 0.6100035315
368 0.6100035315
369 0.6100035315
370 0.6100035315
371 0.6100035315
372 0.6100035315
373 0.6100035315
374 0.6100035315
375 0.6100035315
376 0.6100035315
377 0.6100035315
378 0.6100035315
379 0.6100035315
380 0.6100035315
381 0.6100035315
382 0.6100035315
383 0.6100035315
384 0.6100035315
385 0.6100035315
386 0.6100035315
387 0.6100035315
388 0.6100035315
389 0.6100035315
390 0.6100035315
391 0.6100035315
392 0.6100035315
393 0.6100035315
394 0.6100035315
395 0.6100035315
396 0.6100035315
397 0.6100035315
398 0.6100035315
399 0.6100035315
400 0.6100035315
401 0.6100035315
402 0.6100035315
403 0.6100035315
404 0.6100035315
405 0.6100035315
406 0.6100035315
407 0.6100035315
408 0.6100035315
409 0.6100035315
410 0.6100035315
411 0.6100035315
412 0.6100035315
413 0.6100035315
414 0.6100035315
415 0.6100035315
416 0.6100035315
417 0.6100035315
418 0.6100035315
419 0.6100035315
420 0.6100035315
421 0.6100035315
422 0.6100035315
423 0.6100035315
424 0.6100035315
425 0.6100035315
426 0.6100035315
427 0.6100035315
428 0.6100035315
429 0.6100035315
430 0.6100035315
431 0.6100035315
432 0.6100035315
433 0.6100035315
434 0.6100035315
435 0.6100035315
436 0.6100035315
437 0.6100035315
438 0.6100035315
439 0.6100035315
440 0.6100035315
441 0.6100035315
442 0.6100035315
443 0.6100035315
444 0.6100035315
445 0.6100035315
446 0.6100035315
447 0.6100035315
448 0.6100035315
449 0.6100035315
450 0.6100035315
451 0.6100035315
452 0.6100035315
453 0.6100035315
454 0.6100035315
455 0.6100035315
456 0.6100035315
457 0.6100035315
458 0.6100035315
459 0.6100035315
460 0.6100035315
461 0.6100035315
462 0.6100035315
463 0.6100035315
464 0.6100035315
465 0.6100035315
466 0.6100035315
467 0.6100035315
468 0.6100035315
469 0.6100035315
470 0.6100035315
471 0.6100035315
472 0.6100035315
473 0.6100035315
474 0.6100035315
475 0.6100035315
476 0.6100035315
477 0.6100035315
478 0.6100035315
479 0.6100035315
480 0.6100035315
481 0.6100035315
482 0.6100035315
483 0.6100035315
484 0.6100035315
485 0.6100035315
486 0.6100035315
487 0.6100035315
488 0.6100035315
489 0.6100035315
490 0.6100035315
491 0.6100035315
492 0.6100035315
493 0.6100035315
494 0.6100035315
495 0.6100035315
496 0.6100035315
497 0.6100035315
498 0.6100035315
499 0.6100035315
500 0.6100035315
501 0.6100035315
502 0.6100035315
503 0.6100035315
504 0.6100035315
505 0.6100035315
506 0.6100035315
507 0.6100035315
508 0.6100035315
509 0.6100035315
510 0.6100035315
511 0.6100035315
512 0.6100035315
513 0.6100035315
514 0.6100035315
515 0.6100035315
516 0.6100035315
517 0.6100035315
518 0.6100035315
519 0.6100035315
520 0.6100035315
521 0.6100035315
522 0.6100035315
523 0.6100035315
524 0.6100035315
525 0.6100035315
526 0.6100035315
527 0.6100035315
528 0.6100035315
529 0.6100035315
530 0.6100035315
531 0.6100035315
532 0.6100035315
533 0.6100035315
534 0.6100035315
535 0.6100035315
536 0.6100035315
537 0.6100035315
538 0.6100035315
539 0.6100035315
540 0.6100035315
541 0.6100035315
542 0.6100035315
543 0.6100035315
544 0.6100035315
545 0.6100035315
546 0.6100035315
547 0.6100035315
548 0.6100035315
549 0.6100035315
550 0.6100035315
551 0.6100035315
552 0.6100035315
553 0.6100035315
554 0.6100035315
555 0.6100035315
556 0.6100035315
557 0.6100035315
558 0.6100035315
559 0.6100035315
560 0.6100035315
561 0.6100035315
562 0.6100035315
563 0.6100035315
564 0.6100035315
565 0.6100035315
566 0.6100035315
567 0.6100035315
568 0.6100035315
569 0.6100035315
570 0.6100035315
571 0.6100035315
572 0.6100035315
573 0.6100035315
574 0.6100035315
575 0.6100035315
576 0.6100035315
577 0.6100035315
578 0.6100035315
579 0.6100035315
580 0.6100035315
581 0.6100035315
582 0.6100035315
583 0.6100035315
584 0.6100035315
585 0.6100035315
586 0.6100035315
587 0.6100035315
588 0.6100035315
589 0.6100035315
590 0.6100035315
591 0.6100035315
592 0.6100035315
593 0.6100035315
594 0.6100035315
595 0.6100035315
596 0.6100035315
597 0.6100035315
598 0.6100035315
599 0.6100035315
600 0.6100035315
601 0.6100035315
602 0.6100035315
603 0.6100035315
604 0.6100035315
605 0.6100035315
606 0.6100035315
607 0.6100035315
608 0.6100035315
609 0.6100035315
610 0.6100035315
611 0.6100035315
612 0.6100035315
613 0.6100035315
614 0.6100035315
615 0.6100035315
616 0.6100035315
617 0.6100035315
618 0.6100035315
619 0.6100035315
620 0.6100035315
621 0.6100035315
622 0.6100035315
623 0.6100035315
624 0.6100035315
625 0.6100035315
626 0.6100035315
627 0.6100035315
628 0.6100035315
629 0.6100035315
630 0.6100035315
631 0.6100035315
632 0.6100035315
633 0.6100035315
634 0.6100035315
635 0.6100035315
636 0.6100035315
637 0.6100035315
638 0.6100035315
639 0.6100035315
640 0.6100035315
641 0.6100035315
642 0.6100035315
643 0.6100035315
644 0.6100035315
645 0.6100035315
646 0.6100035315
647 0.6100035315
648 0.6100035315
649 0.6100035315
650 0.6100035315
651 0.6100035316
652 0.6100035316
653 0.6100035316
654 0.6100035316
655 0.6100035317
656 0.6100035317
657 0.6100035318
658 0.6100035319
659 0.610003532
660 0.6100035321
661 0.6100035323
662 0.6100035325
663 0.6100035328
664 0.6100035331
665 0.6100035335
666 0.610003534
667 0.6100035346
668 0.6100035354
669 0.6100035363
670 0.6100035375
671 0.610003539
672 0.6100035408
673 0.610003543
674 0.6100035457
675 0.610003549
676 0.6100035531
677 0.6100035582
678 0.6100035644
679 0.6100035719
680 0.6100035812
681 0.6100035925
682 0.6100036064
683 0.6100036233
684 0.6100036438
685 0.6100036688
686 0.6100036993
687 0.6100037362
688 0.6100037811
689 0.6100038354
690 0.6100039012
691 0.6100039808
692 0.610004077
693 0.610004193
694 0.610004333
695 0.6100045015
696 0.6100047043
697 0.6100049481
698 0.6100052407
699 0.6100055917
700 0.6100060123
701 0.6100065156
702 0.6100071175
703 0.6100078362
704 0.6100086938
705 0.6100097159
706 0.6100109327
707 0.61001238
708 0.6100140994
709 0.61001614
710 0.6100185593
711 0.6100214245
712 0.6100248143
713 0.6100288203
714 0.6100335496
715 0.610039127
716 0.6100456976
717 0.6100534299
718 0.6100625199
719 0.6100731945
720 0.6100857167
721 0.6101003907
722 0.6101175681
723 0.6101376546
724 0.610161118
725 0.6101884968
726 0.6102204104
727 0.6102575705
728 0.6103007936
729 0.6103510153
730 0.6104093068
731 0.6104768925
732 0.6105551711
733 0.6106457373
734 0.6107504084
735 0.6108712518
736 0.6110106173
737 0.6111711719
738 0.6113559395
739 0.6115683439
740 0.6118122576
741 0.6120920545
742 0.6124126695
743 0.6127796631
744 0.613199293
745 0.6136785932
746 0.6142254599
747 0.6148487464
748 0.6155583667
749 0.6163654085
750 0.6172822564
751 0.6183227264
752 0.6195022112
753 0.6208378386
754 0.6223486423
755 0.6240557469
756 0.6259825667
757 0.6281550209
758 0.6306017627
759 0.6333544273
760 0.6364478948
761 0.6399205726
762 0.6438146948
763 0.6481766414
764 0.6530572755
765 0.6585123011
766 0.6646026394
767 0.6713948256
768 0.6789614243
769 0.6873814654
770 0.6967408975
771 0.7071330605
772 0.7186591752
773 0.7314288493
774 0.7455605978
775 0.7611823779
776 0.7784321342
777 0.7974583541
778 0.8184206287
779 0.8414902194
780 0.8668506232
781 0.8946981364
782 0.9252424109
783 0.9587069991
784 0.9953298831
785 1.035363983
786 1.079077637
787 1.126755052
788 1.178696713
789 1.235219745
790 1.296658231
791 1.363363458
792 1.435704107
793 1.514066359
794 1.598853929
795 1.690487994
796 1.789407035
797 1.896066566
798 2.010938745
799 2.134511864
800 2.267289709
801 2.409790773
802 2.562547331
803 2.726104355
804 2.901018274
805 3.08785556
806 3.287191154
807 3.499606711
808 3.725688668
809 3.966026133
810 4.221208597
811 4.491823457
812 4.778453374
813 5.081673445
814 5.40204821
815 5.740128497
816 6.09644811
817 6.471520372
818 6.865834532
819 7.27985206
820 7.714002829
821 8.168681215
822 8.644242124
823 9.140996978
824 9.659209669
825 10.19909252
826 10.76080225
827 11.34443603
828 11.95002758
829 12.57754339
830 13.22687908
831 13.89785594
832 14.59021766
833 15.30362728
834 16.03766445
835 16.79182292
836 17.56550845
837 18.35803699
838 19.16863328
839 19.9964299
840 20.8404667
841 21.69969075
842 22.57295674
843 23.45902793
844 24.35657756
845 25.26419086
846 26.18036761
847 27.10352517
848 28.0320022
849 28.96406281
850 29.89790137
851 30.8316478
852 31.76337342
853 32.6910973
854 33.61279315
855 34.52639662
856 35.42981307
857 36.32092579
858 37.19760455
859 38.05771445
860 38.89912516
861 39.71972035
862 40.51740728
863 41.2901266
864 42.03586224
865 42.75265129
866 43.43859392
867 44.09186318
868 44.71071473
869 45.2934963
870 45.838657
871 46.34475627
872 46.81047253
873 47.23461137
874 47.61611332
875 47.95406115
876 48.24768659
877 48.49637647
878 48.69967825
879 48.85730488
880 48.96913904
881 49.03523656
882 49.0558292
883 49.03132667
884 48.96231783
885 48.84957121
886 48.69403467
887 48.49683439
888 48.25927296
889 47.98282681
890 47.66914288
891 47.32003451
892 46.93747665
893 46.52360034
894 46.08068658
895 45.61115945
896 45.11757874
897 44.60263188
898 44.06912533
899 43.5199755
900 42.9581991
901 42.38690308
902 41.80927408
903 41.22856755
904 40.64809642
905 40.07121953
906 39.50132967
907 38.94184143
908 38.39617873
909 37.8677622
910 37.3599964
911 36.87625683
912 36.41987689
913 35.9941347
914 35.60223995
915 35.24732069
916 34.93241011
917 34.66043342
918 34.43419483
919 34.25636459
920 34.12946633
921 34.05586442
922 34.03775182
923 34.07713802
924 34.17583749
925 34.33545846
926 34.5573922
927 34.84280277
928 35.19261746
929 35.60751774
930 36.08793105
931 36.63402323
932 37.24569193
933 37.92256083
934 38.66397488
935 39.46899655
936 40.33640328
937 41.26468594
938 42.25204868
939 43.29640998
940 44.39540505
941 45.54638959
942 46.74644507
943 47.99238529
944 49.2807646
945 50.60788745
946 51.96981953
947 53.36240033
948 54.78125723
949 56.22182097
950 57.67934252
951 59.14891129
952 60.62547466
953 62.10385862
954 63.57878955
955 65.04491705
956 66.49683752
957 67.92911863
958 69.33632433
959 70.71304039
960 72.05390016
961 73.35361062
962 74.60697833
963 75.80893523
964 76.9545641
965 78.03912347
966 79.05807181
967 80.00709094
968 80.88210823
969 81.67931779
970 82.39520011
971 83.02654028
972 83.57044458
973 84.02435522
974 84.3860632
975 84.65371926
976 84.8258426
977 84.90132761
978 84.87944831
979 84.75986057
980 84.54260211
981 84.22809026
982 83.81711746
983 83.31084461
984 82.71079228
985 82.01882987
986 81.23716283
987 80.368318
988 79.41512719
989 78.38070925
990 77.26845055
991 76.0819843
992 74.82516864
993 73.50206378
994 72.11690839
995 70.67409535
996 69.17814706
997 67.63369058
998 66.04543262
999 64.41813472
1000 62.75658865
1001 61.06559234
1002 59.34992637
1003 57.61433124
1004 55.86348558
1005 54.10198529
1006 52.33432398
1007 50.5648745
1008 48.79787194
1009 47.03739794
1010 45.28736659
1011 43.5515117
1012 41.83337579
1013 40.13630053
1014 38.46341885
1015 36.8176485
1016 35.20168731
1017 33.61800985
1018 32.06886562
1019 30.55627864
1020 29.08204841
1021 27.64775212
1022 26.25474813
1023 24.90418053
