#55533 2909.9995711672679499 0.0045701723689761716146 1 1397 16.000049430220818044 1024 7 1 J1713+0747 0.0000000 
0 0.1259190981
1 0.1259190981
2 0.1259190981
3 0.1259190981
4 0.1259190981
5 0.1259190981
6 0.1259190981
7 0.1259190981
8 0.1259190981
9 0.1259190981
10 0.1259190981
11 0.1259190981
12 0.1259190981
13 0.1259190981
14 0.1259190981
15 0.1259190981
16 0.1259190981
17 0.1259190981
18 0.1259190981
19 0.1259190981
20 0.1259190981
21 0.1259190981
22 0.1259190982
23 0.1259190982
24 0.1259190982
25 0.1259190983
26 0.1259190983
27 0.1259190984
28 0.1259190985
29 0.1259190986
30 0.1259190987
31 0.1259190989
32 0.1259190991
33 0.1259190994
34 0.1259190997
35 0.1259191001
36 0.1259191006
37 0.1259191012
38 0.125919102
39 0.1259191029
40 0.1259191041
41 0.1259191056
42 0.1259191074
43 0.1259191096
44 0.1259191123
45 0.1259191156
46 0.1259191197
47 0.1259191248
48 0.1259191309
49 0.1259191385
50 0.1259191477
51 0.125919159
52 0.1259191728
53 0.1259191896
54 0.1259192101
55 0.125919235
56 0.1259192653
57 0.125919302
58 0.1259193466
59 0.1259194007
60 0.1259194661
61 0.1259195452
62 0.1259196407
63 0.125919756
64 0.1259198949
65 0.1259200622
66 0.1259202634
67 0.1259205051
68 0.1259207953
69 0.1259211432
70 0.1259215599
71 0.1259220585
72 0.1259226545
73 0.125923366
74 0.1259242147
75 0.1259252258
76 0.1259264293
77 0.1259278602
78 0.1259295596
79 0.1259315759
80 0.1259339656
81 0.1259367949
82 0.125940141
83 0.1259440943
84 0.1259487598
85 0.1259542603
86 0.1259607381
87 0.125968359
88 0.125977315
89 0.125987829
90 0.126000159
91 0.1260146031
92 0.1260315061
93 0.1260512654
94 0.1260743392
95 0.1261012549
96 0.1261326189
97 0.1261691273
98 0.1262115789
99 0.1262608885
100 0.1263181031
101 0.1263844193
102 0.1264612029
103 0.1265500112
104 0.1266526179
105 0.1267710403
106 0.12690757
107 0.1270648075
108 0.1272456999
109 0.127453583
110 0.1276922284
111 0.1279658943
112 0.1282793835
113 0.1286381055
114 0.129048146
115 0.1295163429
116 0.1300503695
117 0.130658826
118 0.1313513393
119 0.132138672
120 0.1330328411
121 0.1340472473
122 0.135196815
123 0.1364981443
124 0.1379696759
125 0.1396318676
126 0.1415073866
127 0.1436213146
128 0.1460013687
129 0.1486781378
130 0.1516853355
131 0.1550600698
132 0.1588431295
133 0.1630792891
134 0.1678176316
135 0.1731118887
136 0.1790208011
137 0.1856084952
138 0.1929448799
139 0.2011060602
140 0.2101747688
141 0.2202408146
142 0.2314015471
143 0.2437623358
144 0.2574370632
145 0.2725486301
146 0.2892294706
147 0.3076220754
148 0.3278795207
149 0.3501659998
150 0.374657354
151 0.4015416007
152 0.4310194522
153 0.4633048243
154 0.4986253274
155 0.5372227364
156 0.5793534349
157 0.6252888252
158 0.6753157025
159 0.7297365823
160 0.788869978
161 0.8530506196
162 0.9226296079
163 0.9979744952
164 1.079469286
165 1.167514352
166 1.262526244
167 1.364937414
168 1.475195812
169 1.593764372
170 1.721120369
171 1.857754649
172 2.004170706
173 2.160883629
174 2.328418882
175 2.50731094
176 2.698101755
177 2.901339057
178 3.117574497
179 3.347361608
180 3.591253606
181 3.849801021
182 4.123549155
183 4.41303539
184 4.718786324
185 5.041314767
186 5.381116585
187 5.73866742
188 6.114419281
189 6.508797031
190 6.922194776
191 7.354972183
192 7.807450733
193 8.279909943
194 8.772583563
195 9.285655787
196 9.819257484
197 10.3734625
198 10.94828402
199 11.54367108
200 12.15950517
201 12.79559704
202 13.45168368
203 14.12742559
204 14.8224042
205 15.53611966
206 16.26798896
207 17.01734431
208 17.78343197
209 18.56541145
210 19.36235512
211 20.17324831
212 20.99698979
213 21.83239283
214 22.67818667
215 23.53301859
216 24.3954564
217 25.2639915
218 26.13704252
219 27.01295937
220 27.89002788
221 28.76647496
222 29.64047424
223 30.51015214
224 31.37359449
225 32.22885352
226 33.07395531
227 33.90690753
228 34.72570761
229 35.5283512
230 36.3128408
231 37.07719477
232 37.81945633
233 38.53770285
234 39.23005508
235 39.89468648
236 40.52983249
237 41.13379976
238 41.70497515
239 42.24183463
240 42.74295191
241 43.20700676
242 43.63279299
243 44.01922609
244 44.36535035
245 44.67034555
246 44.93353313
247 45.15438179
248 45.33251252
249 45.46770293
250 45.55989105
251 45.60917838
252 45.61583223
253 45.58028745
254 45.50314733
255 45.38518386
256 45.22733722
257 45.03071455
258 44.79658805
259 44.52639227
260 44.22172081
261 43.88432224
262 43.51609541
263 43.1190841
264 42.69547104
265 42.24757132
266 41.77782523
267 41.28879059
268 40.78313451
269 40.26362466
270 39.73312013
271 39.19456184
272 38.65096254
273 38.10539642
274 37.56098849
275 37.02090349
276 36.48833471
277 35.96649241
278 35.45859209
279 34.96784263
280 34.49743415
281 34.05052587
282 33.63023376
283 33.23961824
284 32.88167174
285 32.55930631
286 32.27534127
287 32.03249087
288 31.83335209
289 31.68039256
290 31.57593864
291 31.52216374
292 31.52107687
293 31.5745115
294 31.68411478
295 31.85133712
296 32.07742231
297 32.36339801
298 32.71006696
299 33.1179987
300 33.58752199
301 34.11871804
302 34.71141451
303 35.36518033
304 36.07932157
305 36.85287819
306 37.68462196
307 38.5730554
308 39.51641191
309 40.51265722
310 41.55949194
311 42.6543556
312 43.79443184
313 44.97665518
314 46.19771897
315 47.45408492
316 48.74199389
317 50.05747814
318 51.39637493
319 52.75434148
320 54.12687116
321 55.509311
322 56.8968803
323 58.28469039
324 59.66776536
325 61.04106372
326 62.39950082
327 63.737972
328 65.05137618
329 66.33463998
330 67.58274203
331 68.79073732
332 69.95378164
333 71.06715569
334 72.12628883
335 73.12678234
336 74.06443188
337 74.93524918
338 75.73548264
339 76.46163673
340 77.11049014
341 77.67911241
342 78.16487897
343 78.56548452
344 78.87895454
345 79.10365496
346 79.23829985
347 79.28195701
348 79.23405159
349 79.09436753
350 78.86304694
351 78.54058734
352 78.12783685
353 77.62598731
354 77.0365655
355 76.36142235
356 75.60272042
357 74.76291964
358 73.84476144
359 72.85125146
360 71.78564088
361 70.65140663
362 69.45223055
363 68.19197767
364 66.87467387
365 65.50448295
366 64.08568339
367 62.62264493
368 61.11980514
369 59.58164614
370 58.01267165
371 56.41738452
372 54.80026484
373 53.1657489
374 51.51820889
375 49.86193377
376 48.2011111
377 46.53981016
378 44.88196634
379 43.23136683
380 41.59163774
381 39.96623271
382 38.35842287
383 36.77128838
384 35.20771146
385 33.67037076
386 32.16173734
387 30.68407196
388 29.2394238
389 27.82963042
390 26.45631904
391 25.12090902
392 23.82461536
393 22.56845333
394 21.35324398
395 20.17962054
396 19.04803556
397 17.95876873
398 16.91193532
399 15.90749501
400 14.94526126
401 14.02491083
402 13.14599364
403 12.30794274
404 11.51008429
405 10.75164763
406 10.03177513
407 9.34953201
408 8.703915911
409 8.093866195
410 7.518272956
411 6.975985679
412 6.465821513
413 5.986573132
414 5.537016162
415 5.115916142
416 4.722035021
417 4.354137171
418 4.010994919
419 3.691393589
420 3.394136067
421 3.118046887
422 2.86197586
423 2.624801251
424 2.405432518
425 2.202812637
426 2.015920039
427 1.843770158
428 1.685416642
429 1.539952222
430 1.406509287
431 1.28426017
432 1.172417185
433 1.070232425
434 0.9769973558
435 0.8920422182
436 0.8147352734
437 0.7444819012
438 0.680723577
439 0.6229367472
440 0.5706316189
441 0.5233508829
442 0.4806683844
443 0.4421877568
444 0.4075410317
445 0.3763872365
446 0.3484109917
447 0.3233211164
448 0.3008492517
449 0.2807485078
450 0.2627921435
451 0.2467722814
452 0.2324986647
453 0.2197974587
454 0.2085101002
455 0.1984921965
456 0.1896124766
457 0.1817517939
458 0.1748021824
459 0.1686659655
460 0.1632549168
461 0.1584894727
462 0.1542979956
463 0.1506160853
464 0.1473859384
465 0.144555753
466 0.1420791775
467 0.1399148009
468 0.1380256821
469 0.1363789183
470 0.1349452474
471 0.1336986842
472 0.1326161886
473 0.1316773615
474 0.1308641696
475 0.1301606943
476 0.1295529042
477 0.12902845
478 0.1285764783
479 0.1281874644
480 0.1278530621
481 0.1275659679
482 0.1273198004
483 0.1271089916
484 0.1269286905
485 0.1267746763
486 0.1266432823
487 0.1265313273
488 0.1264360555
489 0.1263550827
490 0.1262863493
491 0.1262280786
492 0.1261787398
493 0.1261370164
494 0.1261017771
495 0.1260720515
496 0.1260470083
497 0.1260259364
498 0.1260082283
499 0.1259933655
500 0.1259809064
501 0.1259704754
502 0.1259617533
503 0.1259544691
504 0.1259483935
505 0.1259433322
506 0.1259391211
507 0.1259356218
508 0.1259327177
509 0.1259303103
510 0.1259283174
511 0.1259266696
512 0.1259253087
513 0.1259241864
514 0.1259232618
515 0.1259225011
516 0.125921876
517 0.125921363
518 0.1259209425
519 0.1259205983
520 0.1259203168
521 0.125920087
522 0.1259198995
523 0.1259197468
524 0.1259196225
525 0.1259195216
526 0.1259194396
527 0.1259193732
528 0.1259193194
529 0.125919276
530 0.1259192409
531 0.1259192125
532 0.1259191897
533 0.1259191714
534 0.1259191566
535 0.1259191448
536 0.1259191353
537 0.1259191277
538 0.1259191216
539 0.1259191168
540 0.1259191129
541 0.1259191098
542 0.1259191074
543 0.1259191054
544 0.1259191039
545 0.1259191026
546 0.1259191017
547 0.1259191009
548 0.1259191003
549 0.1259190998
550 0.1259190994
551 0.1259190991
552 0.1259190989
553 0.1259190987
554 0.1259190986
555 0.1259190985
556 0.1259190984
557 0.1259190983
558 0.1259190982
559 0.1259190982
560 0.1259190982
561 0.1259190981
562 0.1259190981
563 0.1259190981
564 0.1259190981
565 0.1259190981
566 0.1259190981
567 0.1259190981
568 0.1259190981
569 0.1259190981
570 0.1259190981
571 0.1259190981
572 0.1259190981
573 0.1259190981
574 0.1259190981
575 0.1259190981
576 0.1259190981
577 0.1259190981
578 0.1259190981
579 0.1259190981
580 0.1259190981
581 0.1259190981
582 0.1259190981
583 0.1259190981
584 0.1259190981
585 0.1259190981
586 0.1259190981
587 0.1259190981
588 0.1259190981
589 0.1259190981
590 0.1259190981
591 0.1259190981
592 0.1259190981
593 0.1259190981
594 0.1259190981
595 0.1259190981
596 0.1259190981
597 0.1259190981
598 0.1259190981
599 0.1259190981
600 0.1259190981
601 0.1259190981
602 0.1259190981
603 0.1259190981
604 0.1259190981
605 0.1259190981
606 0.1259190981
607 0.1259190981
608 0.1259190981
609 0.1259190981
610 0.1259190981
611 0.1259190981
612 0.1259190981
613 0.1259190981
614 0.1259190981
615 0.1259190981
616 0.1259190981
617 0.1259190981
618 0.1259190981
619 0.1259190981
620 0.1259190981
621 0.1259190981
622 0.1259190981
623 0.1259190981
624 0.1259190981
625 0.1259190981
626 0.1259190981
627 0.1259190981
628 0.1259190981
629 0.1259190981
630 0.1259190981
631 0.1259190981
632 0.1259190981
633 0.1259190981
634 0.1259190981
635 0.1259190981
636 0.1259190981
637 0.1259190981
638 0.1259190981
639 0.1259190981
640 0.1259190981
641 0.1259190981
642 0.1259190981
643 0.1259190981
644 0.1259190981
645 0.1259190981
646 0.1259190981
647 0.1259190981
648 0.1259190981
649 0.1259190981
650 0.1259190981
651 0.1259190981
652 0.1259190981
653 0.1259190981
654 0.1259190981
655 0.1259190981
656 0.1259190981
657 0.1259190981
658 0.1259190981
659 0.1259190981
660 0.1259190981
661 0.1259190981
662 0.1259190981
663 0.1259190981
664 0.1259190981
665 0.1259190981
666 0.1259190981
667 0.1259190981
668 0.1259190981
669 0.1259190981
670 0.1259190981
671 0.1259190981
672 0.1259190981
673 0.1259190981
674 0.1259190981
675 0.1259190981
676 0.1259190981
677 0.1259190981
678 0.1259190981
679 0.1259190981
680 0.1259190981
681 0.1259190981
682 0.1259190981
683 0.1259190981
684 0.1259190981
685 0.1259190981
686 0.1259190981
687 0.1259190981
688 0.1259190981
689 0.1259190981
690 0.1259190981
691 0.1259190981
692 0.1259190981
693 0.1259190981
694 0.1259190981
695 0.1259190981
696 0.1259190981
697 0.1259190981
698 0.1259190981
699 0.1259190981
700 0.1259190981
701 0.1259190981
702 0.1259190981
703 0.1259190981
704 0.1259190981
705 0.1259190981
706 0.1259190981
707 0.1259190981
708 0.1259190981
709 0.1259190981
710 0.1259190981
711 0.1259190981
712 0.1259190981
713 0.1259190981
714 0.1259190981
715 0.1259190981
716 0.1259190981
717 0.1259190981
718 0.1259190981
719 0.1259190981
720 0.1259190981
721 0.1259190981
722 0.1259190981
723 0.1259190981
724 0.1259190981
725 0.1259190981
726 0.1259190981
727 0.1259190981
728 0.1259190981
729 0.1259190981
730 0.1259190981
731 0.1259190981
732 0.1259190981
733 0.1259190981
734 0.1259190981
735 0.1259190981
736 0.1259190981
737 0.1259190981
738 0.1259190981
739 0.1259190981
740 0.1259190981
741 0.1259190981
742 0.1259190981
743 0.1259190981
744 0.1259190981
745 0.1259190981
746 0.1259190981
747 0.1259190981
748 0.1259190981
749 0.1259190981
750 0.1259190981
751 0.1259190981
752 0.1259190981
753 0.1259190981
754 0.1259190981
755 0.1259190981
756 0.1259190981
757 0.1259190981
758 0.1259190981
759 0.1259190981
760 0.1259190981
761 0.1259190981
762 0.1259190981
763 0.1259190981
764 0.1259190981
765 0.1259190981
766 0.1259190981
767 0.1259190981
768 0.1259190981
769 0.1259190981
770 0.1259190981
771 0.1259190981
772 0.1259190981
773 0.1259190981
774 0.1259190981
775 0.1259190981
776 0.1259190981
777 0.1259190981
778 0.1259190981
779 0.1259190981
780 0.1259190981
781 0.1259190981
782 0.1259190981
783 0.1259190981
784 0.1259190981
785 0.1259190981
786 0.1259190981
787 0.1259190981
788 0.1259190981
789 0.1259190981
790 0.1259190981
791 0.1259190981
792 0.1259190981
793 0.1259190981
794 0.1259190981
795 0.1259190981
796 0.1259190981
797 0.1259190981
798 0.1259190981
799 0.1259190981
800 0.1259190981
801 0.1259190981
802 0.1259190981
803 0.1259190981
804 0.1259190981
805 0.1259190981
806 0.1259190981
807 0.1259190981
808 0.1259190981
809 0.1259190981
810 0.1259190981
811 0.1259190981
812 0.1259190981
813 0.1259190981
814 0.1259190981
815 0.1259190981
816 0.1259190981
817 0.1259190981
818 0.1259190981
819 0.1259190981
820 0.1259190981
821 0.1259190981
822 0.1259190981
823 0.1259190981
824 0.1259190981
825 0.1259190981
826 0.1259190981
827 0.1259190981
828 0.1259190981
829 0.1259190981
830 0.1259190981
831 0.1259190981
832 0.1259190981
833 0.1259190981
834 0.1259190981
835 0.1259190981
836 0.1259190981
837 0.1259190981
838 0.1259190981
839 0.1259190981
840 0.1259190981
841 0.1259190981
842 0.1259190981
843 0.1259190981
844 0.1259190981
845 0.1259190981
846 0.1259190981
847 0.1259190981
848 0.1259190981
849 0.1259190981
850 0.1259190981
851 0.1259190981
852 0.1259190981
853 0.1259190981
854 0.1259190981
855 0.1259190981
856 0.1259190981
857 0.1259190981
858 0.1259190981
859 0.1259190981
860 0.1259190981
861 0.1259190981
862 0.1259190981
863 0.1259190981
864 0.1259190981
865 0.1259190981
866 0.1259190981
867 0.1259190981
868 0.1259190981
869 0.1259190981
870 0.1259190981
871 0.1259190981
872 0.1259190981
873 0.1259190981
874 0.1259190981
875 0.1259190981
876 0.1259190981
877 0.1259190981
878 0.1259190981
879 0.1259190981
880 0.1259190981
881 0.1259190981
882 0.1259190981
883 0.1259190981
884 0.1259190981
885 0.1259190981
886 0.1259190981
887 0.1259190981
888 0.1259190981
889 0.1259190981
890 0.1259190981
891 0.1259190981
892 0.1259190981
893 0.1259190981
894 0.1259190981
895 0.1259190981
896 0.1259190981
897 0.1259190981
898 0.1259190981
899 0.1259190981
900 0.1259190981
901 0.1259190981
902 0.1259190981
903 0.1259190981
904 0.1259190981
905 0.1259190981
906 0.1259190981
907 0.1259190981
908 0.1259190981
909 0.1259190981
910 0.1259190981
911 0.1259190981
912 0.1259190981
913 0.1259190981
914 0.1259190981
915 0.1259190981
916 0.1259190981
917 0.1259190981
918 0.1259190981
919 0.1259190981
920 0.1259190981
921 0.1259190981
922 0.1259190981
923 0.1259190981
924 0.1259190981
925 0.1259190981
926 0.1259190981
927 0.1259190981
928 0.1259190981
929 0.1259190981
930 0.1259190981
931 0.1259190981
932 0.1259190981
933 0.1259190981
934 0.1259190981
935 0.1259190981
936 0.1259190981
937 0.1259190981
938 0.1259190981
939 0.1259190981
940 0.1259190981
941 0.1259190981
942 0.1259190981
943 0.1259190981
944 0.1259190981
945 0.1259190981
946 0.1259190981
947 0.1259190981
948 0.1259190981
949 0.1259190981
950 0.1259190981
951 0.1259190981
952 0.1259190981
953 0.1259190981
954 0.1259190981
955 0.1259190981
956 0.1259190981
957 0.1259190981
958 0.1259190981
959 0.1259190981
960 0.1259190981
961 0.1259190981
962 0.1259190981
963 0.1259190981
964 0.1259190981
965 0.1259190981
966 0.1259190981
967 0.1259190981
968 0.1259190981
969 0.1259190981
970 0.1259190981
971 0.1259190981
972 0.1259190981
973 0.1259190981
974 0.1259190981
975 0.1259190981
976 0.1259190981
977 0.1259190981
978 0.1259190981
979 0.1259190981
980 0.1259190981
981 0.1259190981
982 0.1259190981
983 0.1259190981
984 0.1259190981
985 0.1259190981
986 0.1259190981
987 0.1259190981
988 0.1259190981
989 0.1259190981
990 0.1259190981
991 0.1259190981
992 0.1259190981
993 0.1259190981
994 0.1259190981
995 0.1259190981
996 0.1259190981
997 0.1259190981
998 0.1259190981
999 0.1259190981
1000 0.1259190981
1001 0.1259190981
1002 0.1259190981
1003 0.1259190981
1004 0.1259190981
1005 0.1259190981
1006 0.1259190981
1007 0.1259190981
1008 0.1259190981
1009 0.1259190981
1010 0.1259190981
1011 0.1259190981
1012 0.1259190981
1013 0.1259190981
1014 0.1259190981
1015 0.1259190981
1016 0.1259190981
1017 0.1259190981
1018 0.1259190981
1019 0.1259190981
1020 0.1259190981
1021 0.1259190981
1022 0.1259190981
1023 0.1259190981
