#55533 2910.002271469191903 0.0045701723689761716146 1 1437 16.000049430220818044 1024 7 1 J1713+0747 0.0000000 
0 3.596271685
1 3.301568804
2 3.027634663
3 2.773361112
4 2.537665398
5 2.319493007
6 2.117820102
7 1.931655567
8 1.760042687
9 1.602060486
10 1.456824728
11 1.323488626
12 1.201243264
13 1.089317767
14 0.9869792319
15 0.8935324511
16 0.8083194443
17 0.7307188238
18 0.6601450122
19 0.5960473337
20 0.5379089966
21 0.4852459867
22 0.4376058866
23 0.3945666375
24 0.3557352584
25 0.320746535
26 0.2892616911
27 0.2609670534
28 0.2355727196
29 0.2128112379
30 0.192436307
31 0.1742215016
32 0.1579590299
33 0.1434585291
34 0.1305458997
35 0.1190621856
36 0.1088624995
37 0.09981499663
38 0.09179989867
39 0.08470856667
40 0.07844262496
41 0.0729131349
42 0.06803981808
43 0.06375032805
44 0.05997956945
45 0.056669063
46 0.05376635498
47 0.05122446919
48 0.04900139979
49 0.04705964296
50 0.0453657654
51 0.04389000778
52 0.04260592093
53 0.04149003299
54 0.04052154541
55 0.03968205592
56 0.03895530656
57 0.03832695503
58 0.0377843676
59 0.03731643183
60 0.03691338768
61 0.03656667537
62 0.03626879868
63 0.03601320223
64 0.03579416169
65 0.03560668558
66 0.03544642768
67 0.03530960899
68 0.03519294839
69 0.03509360109
70 0.03500910407
71 0.03493732787
72 0.034876434
73 0.0348248374
74 0.03478117343
75 0.03474426884
76 0.03471311635
77 0.03468685237
78 0.03466473751
79 0.0346461396
80 0.03463051892
81 0.03461741526
82 0.03460643678
83 0.03459725032
84 0.03458957295
85 0.03458316478
86 0.03457782267
87 0.03457337481
88 0.03456967614
89 0.03456660429
90 0.03456405622
91 0.03456194524
92 0.03456019856
93 0.0345587551
94 0.03455756371
95 0.03455658159
96 0.034555773
97 0.03455510809
98 0.03455456202
99 0.0345541141
100 0.03455374715
101 0.0345534469
102 0.03455320153
103 0.03455300127
104 0.03455283801
105 0.0345527051
106 0.03455259701
107 0.03455250923
108 0.03455243803
109 0.03455238035
110 0.03455233367
111 0.03455229595
112 0.0345522655
113 0.03455224096
114 0.0345522212
115 0.03455220531
116 0.03455219254
117 0.03455218231
118 0.0345521741
119 0.03455216754
120 0.03455216229
121 0.03455215811
122 0.03455215477
123 0.03455215211
124 0.03455215
125 0.03455214832
126 0.03455214699
127 0.03455214593
128 0.0345521451
129 0.03455214444
130 0.03455214391
131 0.0345521435
132 0.03455214318
133 0.03455214293
134 0.03455214273
135 0.03455214257
136 0.03455214245
137 0.03455214235
138 0.03455214228
139 0.03455214222
140 0.03455214217
141 0.03455214213
142 0.03455214211
143 0.03455214209
144 0.03455214207
145 0.03455214206
146 0.03455214205
147 0.03455214204
148 0.03455214203
149 0.03455214203
150 0.03455214202
151 0.03455214202
152 0.03455214202
153 0.03455214202
154 0.03455214202
155 0.03455214202
156 0.03455214201
157 0.03455214201
158 0.03455214201
159 0.03455214201
160 0.03455214201
161 0.03455214201
162 0.03455214201
163 0.03455214201
164 0.03455214201
165 0.03455214201
166 0.03455214201
167 0.03455214201
168 0.03455214201
169 0.03455214201
170 0.03455214201
171 0.03455214201
172 0.03455214201
173 0.03455214201
174 0.03455214201
175 0.03455214201
176 0.03455214201
177 0.03455214201
178 0.03455214201
179 0.03455214201
180 0.03455214201
181 0.03455214201
182 0.03455214201
183 0.03455214201
184 0.03455214201
185 0.03455214201
186 0.03455214201
187 0.03455214201
188 0.03455214201
189 0.03455214201
190 0.03455214201
191 0.03455214201
192 0.03455214201
193 0.03455214201
194 0.03455214201
195 0.03455214201
196 0.03455214201
197 0.03455214201
198 0.03455214201
199 0.03455214201
200 0.03455214201
201 0.03455214201
202 0.03455214201
203 0.03455214201
204 0.03455214201
205 0.03455214201
206 0.03455214201
207 0.03455214201
208 0.03455214201
209 0.03455214201
210 0.03455214201
211 0.03455214201
212 0.03455214201
213 0.03455214201
214 0.03455214201
215 0.03455214201
216 0.03455214201
217 0.03455214201
218 0.03455214201
219 0.03455214201
220 0.03455214201
221 0.03455214201
222 0.03455214201
223 0.03455214201
224 0.03455214201
225 0.03455214201
226 0.03455214201
227 0.03455214201
228 0.03455214201
229 0.03455214201
230 0.03455214201
231 0.03455214201
232 0.03455214201
233 0.03455214201
234 0.03455214201
235 0.03455214201
236 0.03455214201
237 0.03455214201
238 0.03455214201
239 0.03455214201
240 0.03455214201
241 0.03455214201
242 0.03455214201
243 0.03455214201
244 0.03455214201
245 0.03455214201
246 0.03455214201
247 0.03455214201
248 0.03455214201
249 0.03455214201
250 0.03455214201
251 0.03455214201
252 0.03455214201
253 0.03455214201
254 0.03455214201
255 0.03455214201
256 0.03455214201
257 0.03455214201
258 0.03455214201
259 0.03455214201
260 0.03455214201
261 0.03455214201
262 0.03455214201
263 0.03455214201
264 0.03455214201
265 0.03455214201
266 0.03455214201
267 0.03455214201
268 0.03455214201
269 0.03455214201
270 0.03455214201
271 0.03455214201
272 0.03455214201
273 0.03455214201
274 0.03455214201
275 0.03455214201
276 0.03455214201
277 0.03455214201
278 0.03455214201
279 0.03455214201
280 0.03455214201
281 0.03455214201
282 0.03455214201
283 0.03455214201
284 0.03455214201
285 0.03455214201
286 0.03455214201
287 0.03455214201
288 0.03455214201
289 0.03455214201
290 0.03455214201
291 0.03455214201
292 0.03455214201
293 0.03455214201
294 0.03455214201
295 0.03455214201
296 0.03455214201
297 0.03455214201
298 0.03455214201
299 0.03455214201
300 0.03455214201
301 0.03455214201
302 0.03455214201
303 0.03455214201
304 0.03455214201
305 0.03455214201
306 0.03455214201
307 0.03455214201
308 0.03455214201
309 0.03455214201
310 0.03455214201
311 0.03455214201
312 0.03455214201
313 0.03455214201
314 0.03455214201
315 0.03455214201
316 0.03455214201
317 0.03455214201
318 0.03455214201
319 0.03455214201
320 0.03455214201
321 0.03455214201
322 0.03455214201
323 0.03455214201
324 0.03455214201
325 0.03455214201
326 0.03455214201
327 0.03455214201
328 0.03455214201
329 0.03455214201
330 0.03455214201
331 0.03455214201
332 0.03455214201
333 0.03455214201
334 0.03455214201
335 0.03455214201
336 0.03455214201
337 0.03455214201
338 0.03455214201
339 0.03455214201
340 0.03455214201
341 0.03455214201
342 0.03455214201
343 0.03455214201
344 0.03455214201
345 0.03455214201
346 0.03455214201
347 0.03455214201
348 0.03455214201
349 0.03455214201
350 0.03455214201
351 0.03455214201
352 0.03455214201
353 0.03455214201
354 0.03455214201
355 0.03455214201
356 0.03455214201
357 0.03455214201
358 0.03455214201
359 0.03455214201
360 0.03455214201
361 0.03455214201
362 0.03455214201
363 0.03455214201
364 0.03455214201
365 0.03455214201
366 0.03455214201
367 0.03455214201
368 0.03455214201
369 0.03455214201
370 0.03455214201
371 0.03455214201
372 0.03455214201
373 0.03455214201
374 0.03455214201
375 0.03455214201
376 0.03455214201
377 0.03455214201
378 0.03455214201
379 0.03455214201
380 0.03455214201
381 0.03455214201
382 0.03455214201
383 0.03455214201
384 0.03455214201
385 0.03455214201
386 0.03455214201
387 0.03455214201
388 0.03455214201
389 0.03455214201
390 0.03455214201
391 0.03455214201
392 0.03455214201
393 0.03455214201
394 0.03455214201
395 0.03455214201
396 0.03455214201
397 0.03455214201
398 0.03455214201
399 0.03455214201
400 0.03455214201
401 0.03455214201
402 0.03455214201
403 0.03455214201
404 0.03455214201
405 0.03455214201
406 0.03455214201
407 0.03455214201
408 0.03455214201
409 0.03455214201
410 0.03455214201
411 0.03455214201
412 0.03455214201
413 0.03455214201
414 0.03455214201
415 0.03455214201
416 0.03455214201
417 0.03455214201
418 0.03455214201
419 0.03455214201
420 0.03455214201
421 0.03455214201
422 0.03455214201
423 0.03455214201
424 0.03455214201
425 0.03455214201
426 0.03455214201
427 0.03455214201
428 0.03455214201
429 0.03455214201
430 0.03455214201
431 0.03455214201
432 0.03455214201
433 0.03455214201
434 0.03455214201
435 0.03455214201
436 0.03455214201
437 0.03455214201
438 0.03455214201
439 0.03455214201
440 0.03455214201
441 0.03455214201
442 0.03455214201
443 0.03455214201
444 0.03455214201
445 0.03455214201
446 0.03455214201
447 0.03455214201
448 0.03455214201
449 0.03455214201
450 0.03455214201
451 0.03455214201
452 0.03455214201
453 0.03455214201
454 0.03455214201
455 0.03455214201
456 0.03455214201
457 0.03455214201
458 0.03455214201
459 0.03455214201
460 0.03455214201
461 0.03455214201
462 0.03455214201
463 0.03455214201
464 0.03455214201
465 0.03455214201
466 0.03455214201
467 0.03455214201
468 0.03455214201
469 0.03455214201
470 0.03455214201
471 0.03455214201
472 0.03455214201
473 0.03455214201
474 0.03455214201
475 0.03455214201
476 0.03455214201
477 0.03455214201
478 0.03455214201
479 0.03455214201
480 0.03455214201
481 0.03455214201
482 0.03455214201
483 0.03455214201
484 0.03455214201
485 0.03455214201
486 0.03455214201
487 0.03455214201
488 0.03455214201
489 0.03455214201
490 0.03455214201
491 0.03455214201
492 0.03455214201
493 0.03455214201
494 0.03455214201
495 0.03455214201
496 0.03455214201
497 0.03455214201
498 0.03455214201
499 0.03455214201
500 0.03455214201
501 0.03455214201
502 0.03455214201
503 0.03455214201
504 0.03455214201
505 0.03455214201
506 0.03455214201
507 0.03455214201
508 0.03455214201
509 0.03455214201
510 0.03455214201
511 0.03455214201
512 0.03455214201
513 0.03455214201
514 0.03455214201
515 0.03455214201
516 0.03455214201
517 0.03455214201
518 0.03455214201
519 0.03455214201
520 0.03455214201
521 0.03455214201
522 0.03455214201
523 0.03455214201
524 0.03455214201
525 0.03455214201
526 0.03455214201
527 0.03455214201
528 0.03455214201
529 0.03455214201
530 0.03455214201
531 0.03455214201
532 0.03455214201
533 0.03455214201
534 0.03455214201
535 0.03455214201
536 0.03455214201
537 0.03455214201
538 0.03455214201
539 0.03455214201
540 0.03455214201
541 0.03455214201
542 0.03455214201
543 0.03455214201
544 0.03455214201
545 0.03455214201
546 0.03455214201
547 0.03455214201
548 0.03455214201
549 0.03455214201
550 0.03455214201
551 0.03455214201
552 0.03455214201
553 0.03455214201
554 0.03455214201
555 0.03455214201
556 0.03455214201
557 0.03455214201
558 0.03455214201
559 0.03455214201
560 0.03455214201
561 0.03455214201
562 0.03455214201
563 0.03455214201
564 0.03455214201
565 0.03455214201
566 0.03455214201
567 0.03455214201
568 0.03455214201
569 0.03455214201
570 0.03455214201
571 0.03455214201
572 0.03455214201
573 0.03455214201
574 0.03455214201
575 0.03455214201
576 0.03455214201
577 0.03455214201
578 0.03455214201
579 0.03455214201
580 0.03455214201
581 0.03455214201
582 0.03455214201
583 0.03455214201
584 0.03455214201
585 0.03455214201
586 0.03455214201
587 0.03455214201
588 0.03455214201
589 0.03455214201
590 0.03455214201
591 0.03455214201
592 0.03455214201
593 0.03455214201
594 0.03455214201
595 0.03455214201
596 0.03455214201
597 0.03455214201
598 0.03455214201
599 0.03455214201
600 0.03455214201
601 0.03455214201
602 0.03455214201
603 0.03455214201
604 0.03455214201
605 0.03455214201
606 0.03455214201
607 0.03455214201
608 0.03455214201
609 0.03455214201
610 0.03455214201
611 0.03455214201
612 0.03455214201
613 0.03455214202
614 0.03455214202
615 0.03455214202
616 0.03455214202
617 0.03455214202
618 0.03455214202
619 0.03455214203
620 0.03455214203
621 0.03455214203
622 0.03455214204
623 0.03455214205
624 0.03455214206
625 0.03455214207
626 0.03455214208
627 0.0345521421
628 0.03455214212
629 0.03455214215
630 0.03455214219
631 0.03455214224
632 0.03455214229
633 0.03455214237
634 0.03455214246
635 0.03455214257
636 0.03455214271
637 0.03455214289
638 0.03455214311
639 0.03455214338
640 0.03455214372
641 0.03455214414
642 0.03455214466
643 0.03455214531
644 0.03455214611
645 0.0345521471
646 0.03455214833
647 0.03455214984
648 0.03455215171
649 0.034552154
650 0.03455215683
651 0.0345521603
652 0.03455216457
653 0.0345521698
654 0.0345521762
655 0.03455218405
656 0.03455219363
657 0.03455220534
658 0.03455221963
659 0.03455223704
660 0.03455225824
661 0.03455228402
662 0.03455231534
663 0.03455235336
664 0.03455239945
665 0.03455245527
666 0.03455252281
667 0.03455260443
668 0.03455270298
669 0.03455282183
670 0.03455296502
671 0.03455313736
672 0.03455334455
673 0.03455359339
674 0.03455389192
675 0.03455424971
676 0.03455467806
677 0.03455519034
678 0.03455580235
679 0.03455653275
680 0.03455740351
681 0.03455844052
682 0.03455967421
683 0.03456114034
684 0.03456288086
685 0.03456494495
686 0.03456739017
687 0.03457028384
688 0.0345737046
689 0.03457774417
690 0.03458250946
691 0.03458812489
692 0.03459473513
693 0.03460250818
694 0.03461163891
695 0.03462235311
696 0.03463491205
697 0.03464961773
698 0.03466681885
699 0.03468691751
700 0.03471037685
701 0.03473772974
702 0.03476958847
703 0.03480665583
704 0.03484973751
705 0.03489975605
706 0.03495776653
707 0.03502497421
708 0.03510275423
709 0.03519267367
710 0.03529651621
711 0.03541630959
712 0.03555435629
713 0.03571326748
714 0.03589600091
715 0.03610590275
716 0.03634675402
717 0.03662282182
718 0.03693891591
719 0.03730045104
720 0.03771351547
721 0.03818494624
722 0.03872241167
723 0.03933450169
724 0.04003082645
725 0.04082212395
726 0.0417203772
727 0.04273894153
728 0.04389268273
729 0.04519812661
730 0.0466736207
731 0.04833950863
732 0.05021831792
733 0.05233496176
734 0.0547169554
735 0.05739464767
736 0.06040146827
737 0.06377419124
738 0.06755321503
739 0.07178285962
740 0.07651168084
741 0.08179280223
742 0.08768426434
743 0.09424939156
744 0.1015571763
745 0.1096826799
746 0.1187074504
747 0.1287199555
748 0.1398160308
749 0.1520993416
750 0.1656818569
751 0.1806843345
752 0.1972368141
753 0.2154791185
754 0.2355613573
755 0.2576444333
756 0.2819005462
757 0.3085136922
758 0.3376801532
759 0.3696089747
760 0.404522424
761 0.4426564279
762 0.4842609816
763 0.5296005249
764 0.5789542793
765 0.6326165404
766 0.6908969179
767 0.7541205188
768 0.8226280641
769 0.8967759338
770 0.9769361334
771 1.063496172
772 1.156858847
773 1.257441928
774 1.365677731
775 1.482012577
776 1.606906128
777 1.740830592
778 1.884269793
779 2.037718103
780 2.201679222
781 2.37666481
782 2.56319296
783 2.761786522
784 2.972971256
785 3.19727383
786 3.435219659
787 3.687330578
788 3.954122363
789 4.236102099
790 4.533765397
791 4.847593474
792 5.178050099
793 5.525578418
794 5.890597664
795 6.27349978
796 6.674645946
797 7.094363053
798 7.532940122
799 7.990624695
800 8.467619223
801 8.964077466
802 9.480100935
803 10.0157354
804 10.57096747
805 11.14572134
806 11.7398556
807 12.35316032
808 12.98535421
809 13.63608218
810 14.30491295
811 14.99133714
812 15.69476553
813 16.41452776
814 17.14987132
815 17.89996099
816 18.66387861
817 19.4406234
818 20.22911262
819 21.02818274
820 21.83659107
821 22.65301794
822 23.47606928
823 24.30427977
824 25.13611645
825 25.96998286
826 26.80422364
827 27.63712965
828 28.46694346
829 29.29186547
830 30.11006023
831 30.91966337
832 31.71878876
833 32.50553609
834 33.27799874
835 34.03427192
836 34.77246103
837 35.49069021
838 36.18711108
839 36.8599115
840 37.50732445
841 38.12763683
842 38.71919832
843 39.28043005
844 39.80983309
845 40.3059969
846 40.76760732
847 41.19345443
848 41.58243993
849 41.93358428
850 42.24603322
851 42.51906401
852 42.75209101
853 42.94467076
854 43.09650656
855 43.2074523
856 43.27751581
857 43.30686143
858 43.29581206
859 43.24485038
860 43.1546195
861 43.02592288
862 42.85972355
863 42.65714265
864 42.4194573
865 42.14809778
866 41.84464405
867 41.51082167
868 41.148497
869 40.75967188
870 40.34647768
871 39.91116882
872 39.45611573
873 38.98379729
874 38.49679281
875 37.99777359
876 37.48949397
877 36.97478209
878 36.45653018
879 35.93768459
880 35.4212355
881 34.91020634
882 34.40764292
883 33.91660247
884 33.44014231
885 32.98130851
886 32.54312433
887 32.12857856
888 31.74061385
889 31.38211485
890 31.0558965
891 30.76469218
892 30.511142
893 30.29778109
894 30.12702807
895 30.0011736
896 29.92236916
897 29.89261597
898 29.91375429
899 29.98745292
900 30.11519911
901 30.29828887
902 30.53781766
903 30.83467174
904 31.18951987
905 31.60280586
906 32.07474159
907 32.60530089
908 33.19421419
909 33.84096401
910 34.54478138
911 35.30464319
912 36.11927069
913 36.9871289
914 37.90642733
915 38.87512174
916 39.89091722
917 40.95127248
918 42.05340546
919 43.1943002
920 44.37071512
921 45.57919252
922 46.81606952
923 48.07749024
924 49.3594193
925 50.65765652
926 51.96785295
927 53.28552793
928 54.60608729
929 55.92484254
930 57.23703101
931 58.53783676
932 59.82241221
933 61.08590039
934 62.3234576
935 63.53027643
936 64.70160893
937 65.83278985
938 66.91925973
939 67.95658775
940 68.94049409
941 69.86687181
942 70.73180784
943 71.53160326
944 72.26279235
945 72.9221606
946 73.50676135
947 74.01393096
948 74.44130244
949 74.78681747
950 75.04873655
951 75.22564741
952 75.31647146
953 75.32046836
954 75.23723847
955 75.06672347
956 74.80920484
957 74.46530038
958 74.03595883
959 73.52245249
960 72.92636805
961 72.24959561
962 71.49431604
963 70.66298675
964 69.75832596
965 68.78329571
966 67.74108363
967 66.63508362
968 65.46887567
969 64.24620494
970 62.97096022
971 61.64715201
972 60.27889028
973 58.87036217
974 57.42580979
975 55.94950813
976 54.44574346
977 52.91879216
978 51.37290023
979 49.81226354
980 48.24100906
981 46.66317694
982 45.08270386
983 43.50340739
984 41.92897172
985 40.36293463
986 38.80867582
987 37.26940664
988 35.74816119
989 34.24778888
990 32.77094836
991 31.32010282
992 29.89751671
993 28.50525375
994 27.14517625
995 25.81894559
996 24.52802397
997 23.27367715
998 22.05697833
999 20.87881283
1000 19.73988378
1001 18.64071851
1002 17.5816756
1003 16.5629526
1004 15.58459424
1005 14.64650107
1006 13.74843839
1007 12.89004553
1008 12.07084524
1009 11.29025318
1010 10.54758748
1011 9.842078226
1012 9.172876826
1013 8.539065266
1014 7.939665091
1015 7.373646148
1016 6.839935014
1017 6.337423084
1018 5.864974265
1019 5.421432288
1020 5.005627574
1021 4.616383675
1022 4.252523251
1023 3.912873593
