#55577 2910.0018750645560319 0.0045698910444870542019 1 1269 16.000049430220818044 1024 7 1 J1713+0747 0.0000000 
0 0.09584932331
1 0.09584932331
2 0.09584932331
3 0.09584932331
4 0.09584932331
5 0.09584932331
6 0.09584932331
7 0.09584932331
8 0.09584932331
9 0.09584932331
10 0.09584932331
11 0.09584932331
12 0.09584932331
13 0.09584932331
14 0.09584932331
15 0.09584932331
16 0.09584932331
17 0.09584932331
18 0.09584932331
19 0.09584932331
20 0.09584932331
21 0.09584932331
22 0.09584932331
23 0.09584932331
24 0.09584932331
25 0.09584932331
26 0.09584932331
27 0.09584932331
28 0.09584932331
29 0.09584932331
30 0.09584932331
31 0.09584932331
32 0.09584932331
33 0.09584932331
34 0.09584932331
35 0.09584932331
36 0.09584932331
37 0.09584932331
38 0.09584932331
39 0.09584932331
40 0.09584932331
41 0.09584932331
42 0.09584932331
43 0.09584932331
44 0.09584932331
45 0.09584932331
46 0.09584932331
47 0.09584932331
48 0.09584932331
49 0.09584932331
50 0.09584932331
51 0.09584932331
52 0.09584932331
53 0.09584932331
54 0.09584932331
55 0.09584932331
56 0.09584932331
57 0.09584932331
58 0.09584932331
59 0.09584932331
60 0.09584932331
61 0.09584932331
62 0.09584932331
63 0.09584932331
64 0.09584932331
65 0.09584932331
66 0.09584932331
67 0.09584932331
68 0.09584932331
69 0.09584932331
70 0.09584932331
71 0.09584932331
72 0.09584932331
73 0.09584932331
74 0.09584932331
75 0.09584932331
76 0.09584932331
77 0.09584932331
78 0.09584932331
79 0.09584932331
80 0.09584932331
81 0.09584932331
82 0.09584932331
83 0.09584932331
84 0.09584932331
85 0.09584932331
86 0.09584932331
87 0.09584932331
88 0.09584932331
89 0.09584932331
90 0.09584932331
91 0.09584932331
92 0.09584932331
93 0.09584932331
94 0.09584932331
95 0.09584932331
96 0.09584932331
97 0.09584932331
98 0.09584932331
99 0.09584932331
100 0.09584932331
101 0.09584932331
102 0.09584932331
103 0.09584932331
104 0.09584932331
105 0.09584932331
106 0.09584932331
107 0.09584932331
108 0.09584932331
109 0.09584932331
110 0.09584932331
111 0.09584932331
112 0.09584932331
113 0.09584932331
114 0.09584932331
115 0.09584932331
116 0.09584932331
117 0.09584932331
118 0.09584932331
119 0.09584932331
120 0.09584932331
121 0.09584932331
122 0.09584932331
123 0.09584932331
124 0.09584932331
125 0.09584932331
126 0.09584932331
127 0.09584932331
128 0.09584932331
129 0.09584932331
130 0.09584932331
131 0.09584932331
132 0.09584932331
133 0.09584932331
134 0.09584932331
135 0.09584932331
136 0.09584932331
137 0.09584932331
138 0.09584932331
139 0.09584932331
140 0.09584932331
141 0.09584932331
142 0.09584932331
143 0.09584932331
144 0.09584932331
145 0.09584932331
146 0.09584932331
147 0.09584932331
148 0.09584932331
149 0.09584932331
150 0.09584932331
151 0.09584932331
152 0.09584932331
153 0.09584932331
154 0.09584932331
155 0.09584932331
156 0.09584932331
157 0.09584932331
158 0.09584932331
159 0.09584932331
160 0.09584932331
161 0.09584932331
162 0.09584932331
163 0.09584932331
164 0.09584932331
165 0.09584932331
166 0.09584932331
167 0.09584932331
168 0.09584932331
169 0.09584932331
170 0.09584932331
171 0.09584932331
172 0.09584932331
173 0.09584932331
174 0.09584932331
175 0.09584932331
176 0.09584932331
177 0.09584932331
178 0.09584932331
179 0.09584932331
180 0.09584932331
181 0.09584932331
182 0.09584932331
183 0.09584932331
184 0.09584932331
185 0.09584932331
186 0.09584932331
187 0.09584932331
188 0.09584932331
189 0.09584932331
190 0.09584932331
191 0.09584932331
192 0.09584932331
193 0.09584932331
194 0.09584932331
195 0.09584932331
196 0.09584932331
197 0.09584932331
198 0.09584932331
199 0.09584932331
200 0.09584932331
201 0.09584932331
202 0.09584932331
203 0.09584932331
204 0.09584932331
205 0.09584932331
206 0.09584932331
207 0.09584932331
208 0.09584932331
209 0.09584932331
210 0.09584932331
211 0.09584932331
212 0.09584932331
213 0.09584932331
214 0.09584932331
215 0.09584932331
216 0.09584932331
217 0.09584932331
218 0.09584932331
219 0.09584932331
220 0.09584932331
221 0.09584932331
222 0.09584932331
223 0.09584932331
224 0.09584932331
225 0.09584932331
226 0.09584932331
227 0.09584932331
228 0.09584932331
229 0.09584932331
230 0.09584932331
231 0.09584932331
232 0.09584932331
233 0.09584932331
234 0.09584932331
235 0.09584932331
236 0.09584932331
237 0.09584932331
238 0.09584932331
239 0.09584932331
240 0.09584932331
241 0.09584932331
242 0.09584932331
243 0.09584932331
244 0.09584932331
245 0.09584932331
246 0.09584932331
247 0.09584932331
248 0.09584932331
249 0.09584932331
250 0.09584932331
251 0.09584932331
252 0.09584932331
253 0.09584932331
254 0.09584932331
255 0.09584932331
256 0.09584932331
257 0.09584932331
258 0.09584932331
259 0.09584932331
260 0.09584932331
261 0.09584932331
262 0.09584932331
263 0.09584932331
264 0.09584932331
265 0.09584932331
266 0.09584932331
267 0.09584932331
268 0.09584932331
269 0.09584932331
270 0.09584932331
271 0.09584932331
272 0.09584932331
273 0.09584932331
274 0.09584932331
275 0.09584932331
276 0.09584932331
277 0.09584932331
278 0.09584932331
279 0.09584932331
280 0.09584932331
281 0.09584932331
282 0.09584932331
283 0.09584932331
284 0.09584932331
285 0.09584932331
286 0.09584932331
287 0.09584932331
288 0.09584932331
289 0.09584932331
290 0.09584932331
291 0.09584932331
292 0.09584932331
293 0.09584932331
294 0.09584932331
295 0.09584932331
296 0.09584932331
297 0.09584932331
298 0.09584932331
299 0.09584932331
300 0.09584932331
301 0.09584932331
302 0.09584932331
303 0.09584932331
304 0.09584932331
305 0.09584932331
306 0.09584932331
307 0.09584932331
308 0.09584932331
309 0.09584932331
310 0.09584932331
311 0.09584932331
312 0.09584932331
313 0.09584932331
314 0.09584932331
315 0.09584932331
316 0.09584932331
317 0.09584932331
318 0.09584932331
319 0.09584932331
320 0.09584932331
321 0.09584932331
322 0.09584932331
323 0.09584932331
324 0.09584932331
325 0.09584932331
326 0.09584932331
327 0.09584932331
328 0.09584932331
329 0.09584932331
330 0.09584932331
331 0.09584932331
332 0.09584932331
333 0.09584932331
334 0.09584932331
335 0.09584932331
336 0.09584932331
337 0.09584932331
338 0.09584932331
339 0.09584932331
340 0.09584932331
341 0.09584932331
342 0.09584932331
343 0.09584932331
344 0.09584932331
345 0.09584932331
346 0.09584932331
347 0.09584932331
348 0.09584932331
349 0.09584932331
350 0.09584932331
351 0.09584932331
352 0.09584932331
353 0.09584932331
354 0.09584932331
355 0.09584932331
356 0.09584932331
357 0.09584932331
358 0.09584932331
359 0.09584932331
360 0.09584932331
361 0.09584932331
362 0.09584932331
363 0.09584932331
364 0.09584932331
365 0.09584932331
366 0.09584932331
367 0.09584932331
368 0.09584932331
369 0.09584932331
370 0.09584932331
371 0.09584932331
372 0.09584932331
373 0.09584932331
374 0.09584932331
375 0.09584932331
376 0.09584932331
377 0.09584932331
378 0.09584932331
379 0.09584932331
380 0.09584932331
381 0.09584932331
382 0.09584932331
383 0.09584932331
384 0.09584932331
385 0.09584932331
386 0.09584932331
387 0.09584932331
388 0.09584932331
389 0.09584932331
390 0.09584932331
391 0.09584932331
392 0.09584932331
393 0.09584932331
394 0.09584932332
395 0.09584932332
396 0.09584932332
397 0.09584932333
398 0.09584932333
399 0.09584932334
400 0.09584932335
401 0.09584932336
402 0.09584932337
403 0.09584932339
404 0.09584932341
405 0.09584932344
406 0.09584932348
407 0.09584932352
408 0.09584932358
409 0.09584932365
410 0.09584932374
411 0.09584932385
412 0.09584932398
413 0.09584932416
414 0.09584932437
415 0.09584932463
416 0.09584932497
417 0.09584932538
418 0.09584932589
419 0.09584932652
420 0.09584932731
421 0.09584932828
422 0.09584932948
423 0.09584933097
424 0.0958493328
425 0.09584933506
426 0.09584933784
427 0.09584934126
428 0.09584934546
429 0.09584935062
430 0.09584935695
431 0.0958493647
432 0.09584937418
433 0.09584938577
434 0.09584939993
435 0.09584941719
436 0.09584943823
437 0.09584946383
438 0.09584949497
439 0.09584953279
440 0.09584957868
441 0.09584963431
442 0.09584970166
443 0.09584978313
444 0.09584988158
445 0.09585000041
446 0.09585014369
447 0.09585031628
448 0.09585052395
449 0.09585077357
450 0.09585107329
451 0.09585143279
452 0.09585186355
453 0.09585237915
454 0.09585299565
455 0.095853732
456 0.0958546106
457 0.09585565781
458 0.09585690468
459 0.0958583877
460 0.09586014975
461 0.09586224112
462 0.09586472072
463 0.09586765754
464 0.0958711322
465 0.09587523886
466 0.09588008734
467 0.09588580559
468 0.09589254251
469 0.09590047116
470 0.09590979247
471 0.09592073947
472 0.09593358206
473 0.09594863251
474 0.09596625168
475 0.0959868561
476 0.096010926
477 0.09603901436
478 0.09607175726
479 0.09610988541
480 0.09615423732
481 0.096205774
482 0.09626559559
483 0.09633495999
484 0.09641530375
485 0.09650826551
486 0.09661571214
487 0.09673976804
488 0.09688284768
489 0.09704769193
490 0.09723740839
491 0.0974555162
492 0.09770599564
493 0.09799334307
494 0.09832263161
495 0.09869957807
496 0.09913061665
497 0.09962297999
498 0.1001847882
499 0.1008251461
500 0.1015542504
501 0.1023835055
502 0.1033256511
503 0.1043949002
504 0.105607089
505 0.1069798404
506 0.1085327396
507 0.1102875252
508 0.1122682938
509 0.114501722
510 0.117017303
511 0.1198476015
512 0.1230285258
513 0.1265996185
514 0.1306043656
515 0.1350905258
516 0.1401104786
517 0.1457215934
518 0.1519866182
519 0.158974089
520 0.1667587591
521 0.1754220488
522 0.1850525143
523 0.1957463358
524 0.2076078231
525 0.2207499391
526 0.2352948377
527 0.2513744168
528 0.2691308822
529 0.2887173224
530 0.3102982894
531 0.3340503843
532 0.360162844
533 0.3888381246
534 0.4202924778
535 0.4547565169
536 0.4924757652
537 0.5337111839
538 0.5787396723
539 0.6278545348
540 0.681365908
541 0.7396011416
542 0.8029051247
543 0.8716405518
544 0.9461881185
545 1.026946641
546 1.114333091
547 1.208782533
548 1.310747964
549 1.420700039
550 1.539126677
551 1.666532545
552 1.803438395
553 1.950380266
554 2.107908531
555 2.276586786
556 2.456990572
557 2.649705928
558 2.855327767
559 3.074458068
560 3.307703892
561 3.555675206
562 3.818982518
563 4.098234336
564 4.394034429
565 4.706978921
566 5.037653194
567 5.386628637
568 5.754459221
569 6.141677928
570 6.548793042
571 6.976284318
572 7.424599031
573 7.894147944
574 8.3853012
575 8.898384164
576 9.433673237
577 9.991391664
578 10.57170538
579 11.17471887
580 11.80047119
581 12.44893197
582 13.1199977
583 13.81348811
584 14.52914275
585 15.26661784
586 16.02548343
587 16.80522073
588 17.60521998
589 18.42477849
590 19.26309923
591 20.11928972
592 20.99236154
593 21.88123013
594 22.78471524
595 23.70154186
596 24.63034165
597 25.569655
598 26.51793361
599 27.47354364
600 28.43476948
601 29.39981806
602 30.36682374
603 31.33385382
604 32.2989145
605 33.25995749
606 34.21488704
607 35.16156753
608 36.09783149
609 37.02148802
610 37.9303317
611 38.8221517
612 39.69474134
613 40.54590781
614 41.37348213
615 42.17532931
616 42.94935852
617 43.69353335
618 44.40588212
619 45.08450798
620 45.72759904
621 46.33343815
622 46.90041258
623 47.42702331
624 47.91189397
625 48.35377938
626 48.75157367
627 49.10431778
628 49.41120652
629 49.67159495
630 49.88500413
631 50.05112625
632 50.16982896
633 50.24115909
634 50.26534547
635 50.2428011
636 50.17412448
637 50.06010014
638 49.90169839
639 49.70007423
640 49.45656557
641 49.17269048
642 48.85014384
643 48.49079316
644 48.0966736
645 47.66998234
646 47.21307228
647 46.72844494
648 46.21874283
649 45.68674119
650 45.1353391
651 44.56755007
652 43.9864921
653 43.39537729
654 42.79750096
655 42.19623035
656 41.594993
657 40.99726469
658 40.40655714
659 39.82640541
660 39.26035503
661 38.71194891
662 38.18471415
663 37.68214855
664 37.20770714
665 36.76478858
666 36.35672145
667 35.98675064
668 35.65802362
669 35.37357688
670 35.13632241
671 34.94903433
672 34.81433563
673 34.73468527
674 34.71236537
675 34.74946885
676 34.84788738
677 35.00929975
678 35.2351607
679 35.52669037
680 35.88486424
681 36.31040379
682 36.80376793
683 37.36514511
684 37.99444644
685 38.69129965
686 39.45504409
687 40.28472681
688 41.17909977
689 42.13661826
690 43.15544061
691 44.23342921
692 45.3681529
693 46.55689082
694 47.79663771
695 49.08411069
696 50.4157576
697 51.78776687
698 53.19607892
699 54.6363991
700 56.10421215
701 57.59479816
702 59.10324996
703 60.62449188
704 62.1532999
705 63.68432294
706 65.21210539
707 66.73111062
708 68.23574543
709 69.72038531
710 71.17940027
711 72.6071813
712 73.99816706
713 75.34687079
714 76.64790723
715 77.89601933
716 79.08610466
717 80.21324123
718 81.27271264
719 82.26003228
720 83.17096651
721 84.00155659
722 84.74813917
723 85.40736523
724 85.97621737
725 86.45202519
726 86.83247877
727 87.11564004
728 87.29995208
729 87.38424609
730 87.36774622
731 87.25007198
732 87.0312384
733 86.71165379
734 86.29211529
735 85.7738021
736 85.15826649
737 84.44742273
738 83.64353393
739 82.74919703
740 81.76732587
741 80.70113269
742 79.55410809
743 78.3299996
744 77.03278909
745 75.66666918
746 74.23601879
747 72.74537808
748 71.19942294
749 69.60293917
750 67.96079665
751 66.27792361
752 64.55928111
753 62.8098381
754 61.03454701
755 59.23832022
756 57.4260073
757 55.60237353
758 53.77207937
759 51.93966141
760 50.10951457
761 48.28587586
762 46.47280955
763 44.67419405
764 42.89371027
765 41.1348317
766 39.4008161
767 37.69469878
768 36.01928754
769 34.37715914
770 32.77065736
771 31.20189243
772 29.67274198
773 28.18485328
774 26.73964668
775 25.33832035
776 23.98185594
777 22.67102533
778 21.40639825
779 20.18835061
780 19.01707358
781 17.89258318
782 16.81473043
783 15.7832118
784 14.79757994
785 13.85725465
786 12.9615339
787 12.10960489
788 11.30055503
789 10.53338278
790 9.807008314
791 9.120283875
792 8.472003852
793 7.860914463
794 7.28572304
795 6.745106862
796 6.237721521
797 5.762208784
798 5.317203949
799 4.901342662
800 4.513267213
801 4.151632286
802 3.815110187
803 3.502395535
804 3.212209445
805 2.943303208
806 2.694461483
807 2.464505025
808 2.252292968
809 2.056724688
810 1.876741265
811 1.711326578
812 1.559508049
813 1.420357072
814 1.292989147
815 1.176563754
816 1.070283976
817 0.9733959175
818 0.8851879323
819 0.8049896811
820 0.7321710515
821 0.6661409545
822 0.6063460221
823 0.552269223
824 0.5034284157
825 0.4593748545
826 0.4196916645
827 0.3839922985
828 0.3519189888
829 0.3231412052
830 0.2973541285
831 0.2742771482
832 0.2536523932
833 0.2352432993
834 0.2188332217
835 0.2042240952
836 0.1912351458
837 0.1797016567
838 0.1694737909
839 0.1604154707
840 0.1524033159
841 0.1453256397
842 0.1390815035
843 0.1335798274
844 0.128738558
845 0.1244838902
846 0.120749542
847 0.11747608
848 0.1146102945
849 0.1121046211
850 0.1099166066
851 0.1080084177
852 0.106346389
853 0.1049006094
854 0.103644543
855 0.1025546835
856 0.1016102396
857 0.1007928479
858 0.1000863142
859 0.09947637751
860 0.09895049816
861 0.09849766583
862 0.09810822714
863 0.09777373072
864 0.09748678818
865 0.09724094969
866 0.09703059284
867 0.09685082351
868 0.09669738759
869 0.09656659253
870 0.09645523775
871 0.09636055305
872 0.09628014405
873 0.09621194417
874 0.09615417222
875 0.09610529516
876 0.09606399534
877 0.09602914183
878 0.09599976529
879 0.09597503607
880 0.09595424502
881 0.09593678685
882 0.09592214562
883 0.09590988215
884 0.09589962312
885 0.09589105162
886 0.09588389901
887 0.09587793785
888 0.09587297588
889 0.09586885076
890 0.09586542563
891 0.09586258525
892 0.09586023272
893 0.09585828668
894 0.09585667889
895 0.09585535221
896 0.09585425886
897 0.09585335891
898 0.09585261907
899 0.09585201163
900 0.09585151349
901 0.09585110551
902 0.09585077177
903 0.09585049911
904 0.09585027662
905 0.0958500953
906 0.09584994772
907 0.09584982773
908 0.09584973032
909 0.09584965132
910 0.09584958733
911 0.09584953557
912 0.09584949375
913 0.09584946001
914 0.09584943281
915 0.09584941092
916 0.09584939332
917 0.09584937919
918 0.09584936785
919 0.09584935878
920 0.09584935151
921 0.09584934571
922 0.09584934108
923 0.09584933739
924 0.09584933445
925 0.09584933212
926 0.09584933026
927 0.09584932879
928 0.09584932763
929 0.09584932671
930 0.09584932598
931 0.0958493254
932 0.09584932495
933 0.09584932459
934 0.09584932431
935 0.09584932409
936 0.09584932392
937 0.09584932378
938 0.09584932368
939 0.0958493236
940 0.09584932353
941 0.09584932348
942 0.09584932344
943 0.09584932341
944 0.09584932339
945 0.09584932337
946 0.09584932335
947 0.09584932334
948 0.09584932334
949 0.09584932333
950 0.09584932332
951 0.09584932332
952 0.09584932332
953 0.09584932331
954 0.09584932331
955 0.09584932331
956 0.09584932331
957 0.09584932331
958 0.09584932331
959 0.09584932331
960 0.09584932331
961 0.09584932331
962 0.09584932331
963 0.09584932331
964 0.09584932331
965 0.09584932331
966 0.09584932331
967 0.09584932331
968 0.09584932331
969 0.09584932331
970 0.09584932331
971 0.09584932331
972 0.09584932331
973 0.09584932331
974 0.09584932331
975 0.09584932331
976 0.09584932331
977 0.09584932331
978 0.09584932331
979 0.09584932331
980 0.09584932331
981 0.09584932331
982 0.09584932331
983 0.09584932331
984 0.09584932331
985 0.09584932331
986 0.09584932331
987 0.09584932331
988 0.09584932331
989 0.09584932331
990 0.09584932331
991 0.09584932331
992 0.09584932331
993 0.09584932331
994 0.09584932331
995 0.09584932331
996 0.09584932331
997 0.09584932331
998 0.09584932331
999 0.09584932331
1000 0.09584932331
1001 0.09584932331
1002 0.09584932331
1003 0.09584932331
1004 0.09584932331
1005 0.09584932331
1006 0.09584932331
1007 0.09584932331
1008 0.09584932331
1009 0.09584932331
1010 0.09584932331
1011 0.09584932331
1012 0.09584932331
1013 0.09584932331
1014 0.09584932331
1015 0.09584932331
1016 0.09584932331
1017 0.09584932331
1018 0.09584932331
1019 0.09584932331
1020 0.09584932331
1021 0.09584932331
1022 0.09584932331
1023 0.09584932331
