#55446 2910.0015344618087874 0.004570518329143966399 1 1461 16.000049430220818044 1024 7 1 J1713+0747 0.0000000 
0 3.024198953
1 2.803585946
2 2.599552128
3 2.411111689
4 2.237312041
5 2.077235255
6 1.92999916
7 1.79475815
8 1.670703698
9 1.557064611
10 1.453107051
11 1.358134334
12 1.271486535
13 1.192539931
14 1.120706275
15 1.055431954
16 0.9961970246
17 0.9425141548
18 0.8939274928
19 0.8500114678
20 0.8103695465
21 0.7746329544
22 0.742459376
23 0.7135316442
24 0.6875564296
25 0.6642629386
26 0.6434016275
27 0.6247429406
28 0.6080760776
29 0.5932077957
30 0.5799612498
31 0.5681748755
32 0.5577013165
33 0.5484063987
34 0.540168153
35 0.5328758859
36 0.5264293014
37 0.5207376701
38 0.5157190487
39 0.5112995468
40 0.5074126406
41 0.5039985329
42 0.5010035568
43 0.4983796218
44 0.496083701
45 0.4940773573
46 0.4923263056
47 0.4908000115
48 0.4894713214
49 0.4883161252
50 0.4873130466
51 0.4864431618
52 0.4856897429
53 0.4850380248
54 0.4844749943
55 0.483989199
56 0.4835705746
57 0.4832102899
58 0.4829006068
59 0.4826347547
60 0.4824068181
61 0.4822116362
62 0.4820447128
63 0.4819021367
64 0.4817805099
65 0.4816768848
66 0.4815887082
67 0.4815137713
68 0.4814501661
69 0.481396247
70 0.4813505962
71 0.4813119944
72 0.481279394
73 0.4812518964
74 0.4812287321
75 0.4812092425
76 0.4811928653
77 0.4811791206
78 0.4811675997
79 0.4811579548
80 0.4811498906
81 0.4811431564
82 0.4811375399
83 0.4811328614
84 0.4811289692
85 0.481125735
86 0.4811230511
87 0.4811208265
88 0.481118985
89 0.4811174625
90 0.4811162052
91 0.4811151683
92 0.4811143143
93 0.4811136116
94 0.4811130343
95 0.4811125605
96 0.4811121722
97 0.4811118543
98 0.4811115945
99 0.4811113822
100 0.4811112092
101 0.4811110682
102 0.4811109535
103 0.4811108603
104 0.4811107847
105 0.4811107234
106 0.4811106738
107 0.4811106336
108 0.4811106013
109 0.4811105751
110 0.4811105541
111 0.4811105371
112 0.4811105235
113 0.4811105126
114 0.4811105039
115 0.4811104969
116 0.4811104913
117 0.4811104868
118 0.4811104832
119 0.4811104804
120 0.4811104781
121 0.4811104763
122 0.4811104749
123 0.4811104738
124 0.4811104729
125 0.4811104722
126 0.4811104716
127 0.4811104712
128 0.4811104708
129 0.4811104705
130 0.4811104703
131 0.4811104701
132 0.48111047
133 0.4811104699
134 0.4811104698
135 0.4811104698
136 0.4811104697
137 0.4811104697
138 0.4811104696
139 0.4811104696
140 0.4811104696
141 0.4811104696
142 0.4811104696
143 0.4811104696
144 0.4811104696
145 0.4811104696
146 0.4811104696
147 0.4811104696
148 0.4811104696
149 0.4811104696
150 0.4811104696
151 0.4811104695
152 0.4811104695
153 0.4811104695
154 0.4811104695
155 0.4811104695
156 0.4811104695
157 0.4811104695
158 0.4811104695
159 0.4811104695
160 0.4811104695
161 0.4811104695
162 0.4811104695
163 0.4811104695
164 0.4811104695
165 0.4811104695
166 0.4811104695
167 0.4811104695
168 0.4811104695
169 0.4811104695
170 0.4811104695
171 0.4811104695
172 0.4811104695
173 0.4811104695
174 0.4811104695
175 0.4811104695
176 0.4811104695
177 0.4811104695
178 0.4811104695
179 0.4811104695
180 0.4811104695
181 0.4811104695
182 0.4811104695
183 0.4811104695
184 0.4811104695
185 0.4811104695
186 0.4811104695
187 0.4811104695
188 0.4811104695
189 0.4811104695
190 0.4811104695
191 0.4811104695
192 0.4811104695
193 0.4811104695
194 0.4811104695
195 0.4811104695
196 0.4811104695
197 0.4811104695
198 0.4811104695
199 0.4811104695
200 0.4811104695
201 0.4811104695
202 0.4811104695
203 0.4811104695
204 0.4811104695
205 0.4811104695
206 0.4811104695
207 0.4811104695
208 0.4811104695
209 0.4811104695
210 0.4811104695
211 0.4811104695
212 0.4811104695
213 0.4811104695
214 0.4811104695
215 0.4811104695
216 0.4811104695
217 0.4811104695
218 0.4811104695
219 0.4811104695
220 0.4811104695
221 0.4811104695
222 0.4811104695
223 0.4811104695
224 0.4811104695
225 0.4811104695
226 0.4811104695
227 0.4811104695
228 0.4811104695
229 0.4811104695
230 0.4811104695
231 0.4811104695
232 0.4811104695
233 0.4811104695
234 0.4811104695
235 0.4811104695
236 0.4811104695
237 0.4811104695
238 0.4811104695
239 0.4811104695
240 0.4811104695
241 0.4811104695
242 0.4811104695
243 0.4811104695
244 0.4811104695
245 0.4811104695
246 0.4811104695
247 0.4811104695
248 0.4811104695
249 0.4811104695
250 0.4811104695
251 0.4811104695
252 0.4811104695
253 0.4811104695
254 0.4811104695
255 0.4811104695
256 0.4811104695
257 0.4811104695
258 0.4811104695
259 0.4811104695
260 0.4811104695
261 0.4811104695
262 0.4811104695
263 0.4811104695
264 0.4811104695
265 0.4811104695
266 0.4811104695
267 0.4811104695
268 0.4811104695
269 0.4811104695
270 0.4811104695
271 0.4811104695
272 0.4811104695
273 0.4811104695
274 0.4811104695
275 0.4811104695
276 0.4811104695
277 0.4811104695
278 0.4811104695
279 0.4811104695
280 0.4811104695
281 0.4811104695
282 0.4811104695
283 0.4811104695
284 0.4811104695
285 0.4811104695
286 0.4811104695
287 0.4811104695
288 0.4811104695
289 0.4811104695
290 0.4811104695
291 0.4811104695
292 0.4811104695
293 0.4811104695
294 0.4811104695
295 0.4811104695
296 0.4811104695
297 0.4811104695
298 0.4811104695
299 0.4811104695
300 0.4811104695
301 0.4811104695
302 0.4811104695
303 0.4811104695
304 0.4811104695
305 0.4811104695
306 0.4811104695
307 0.4811104695
308 0.4811104695
309 0.4811104695
310 0.4811104695
311 0.4811104695
312 0.4811104695
313 0.4811104695
314 0.4811104695
315 0.4811104695
316 0.4811104695
317 0.4811104695
318 0.4811104695
319 0.4811104695
320 0.4811104695
321 0.4811104695
322 0.4811104695
323 0.4811104695
324 0.4811104695
325 0.4811104695
326 0.4811104695
327 0.4811104695
328 0.4811104695
329 0.4811104695
330 0.4811104695
331 0.4811104695
332 0.4811104695
333 0.4811104695
334 0.4811104695
335 0.4811104695
336 0.4811104695
337 0.4811104695
338 0.4811104695
339 0.4811104695
340 0.4811104695
341 0.4811104695
342 0.4811104695
343 0.4811104695
344 0.4811104695
345 0.4811104695
346 0.4811104695
347 0.4811104695
348 0.4811104695
349 0.4811104695
350 0.4811104695
351 0.4811104695
352 0.4811104695
353 0.4811104695
354 0.4811104695
355 0.4811104695
356 0.4811104695
357 0.4811104695
358 0.4811104695
359 0.4811104695
360 0.4811104695
361 0.4811104695
362 0.4811104695
363 0.4811104695
364 0.4811104695
365 0.4811104695
366 0.4811104695
367 0.4811104695
368 0.4811104695
369 0.4811104695
370 0.4811104695
371 0.4811104695
372 0.4811104695
373 0.4811104695
374 0.4811104695
375 0.4811104695
376 0.4811104695
377 0.4811104695
378 0.4811104695
379 0.4811104695
380 0.4811104695
381 0.4811104695
382 0.4811104695
383 0.4811104695
384 0.4811104695
385 0.4811104695
386 0.4811104695
387 0.4811104695
388 0.4811104695
389 0.4811104695
390 0.4811104695
391 0.4811104695
392 0.4811104695
393 0.4811104695
394 0.4811104695
395 0.4811104695
396 0.4811104695
397 0.4811104695
398 0.4811104695
399 0.4811104695
400 0.4811104695
401 0.4811104695
402 0.4811104695
403 0.4811104695
404 0.4811104695
405 0.4811104695
406 0.4811104695
407 0.4811104695
408 0.4811104695
409 0.4811104695
410 0.4811104695
411 0.4811104695
412 0.4811104695
413 0.4811104695
414 0.4811104695
415 0.4811104695
416 0.4811104695
417 0.4811104695
418 0.4811104695
419 0.4811104695
420 0.4811104695
421 0.4811104695
422 0.4811104695
423 0.4811104695
424 0.4811104695
425 0.4811104695
426 0.4811104695
427 0.4811104695
428 0.4811104695
429 0.4811104695
430 0.4811104695
431 0.4811104695
432 0.4811104695
433 0.4811104695
434 0.4811104695
435 0.4811104695
436 0.4811104695
437 0.4811104695
438 0.4811104695
439 0.4811104695
440 0.4811104695
441 0.4811104695
442 0.4811104695
443 0.4811104695
444 0.4811104695
445 0.4811104695
446 0.4811104695
447 0.4811104695
448 0.4811104695
449 0.4811104695
450 0.4811104695
451 0.4811104695
452 0.4811104695
453 0.4811104695
454 0.4811104695
455 0.4811104695
456 0.4811104695
457 0.4811104695
458 0.4811104695
459 0.4811104695
460 0.4811104695
461 0.4811104695
462 0.4811104695
463 0.4811104695
464 0.4811104695
465 0.4811104695
466 0.4811104695
467 0.4811104695
468 0.4811104695
469 0.4811104695
470 0.4811104695
471 0.4811104695
472 0.4811104695
473 0.4811104695
474 0.4811104695
475 0.4811104695
476 0.4811104695
477 0.4811104695
478 0.4811104695
479 0.4811104695
480 0.4811104695
481 0.4811104695
482 0.4811104695
483 0.4811104695
484 0.4811104695
485 0.4811104695
486 0.4811104695
487 0.4811104695
488 0.4811104695
489 0.4811104695
490 0.4811104695
491 0.4811104695
492 0.4811104695
493 0.4811104695
494 0.4811104695
495 0.4811104695
496 0.4811104695
497 0.4811104695
498 0.4811104695
499 0.4811104695
500 0.4811104695
501 0.4811104695
502 0.4811104695
503 0.4811104695
504 0.4811104695
505 0.4811104695
506 0.4811104695
507 0.4811104695
508 0.4811104695
509 0.4811104695
510 0.4811104695
511 0.4811104695
512 0.4811104695
513 0.4811104695
514 0.4811104695
515 0.4811104695
516 0.4811104695
517 0.4811104695
518 0.4811104695
519 0.4811104695
520 0.4811104695
521 0.4811104695
522 0.4811104695
523 0.4811104695
524 0.4811104695
525 0.4811104695
526 0.4811104695
527 0.4811104695
528 0.4811104695
529 0.4811104695
530 0.4811104695
531 0.4811104695
532 0.4811104695
533 0.4811104695
534 0.4811104695
535 0.4811104695
536 0.4811104695
537 0.4811104695
538 0.4811104695
539 0.4811104695
540 0.4811104695
541 0.4811104695
542 0.4811104695
543 0.4811104695
544 0.4811104695
545 0.4811104695
546 0.4811104695
547 0.4811104695
548 0.4811104695
549 0.4811104695
550 0.4811104695
551 0.4811104695
552 0.4811104695
553 0.4811104695
554 0.4811104695
555 0.4811104695
556 0.4811104695
557 0.4811104695
558 0.4811104695
559 0.4811104695
560 0.4811104695
561 0.4811104695
562 0.4811104695
563 0.4811104695
564 0.4811104695
565 0.4811104695
566 0.4811104695
567 0.4811104695
568 0.4811104695
569 0.4811104695
570 0.4811104695
571 0.4811104695
572 0.4811104695
573 0.4811104695
574 0.4811104695
575 0.4811104695
576 0.4811104695
577 0.4811104695
578 0.4811104695
579 0.4811104695
580 0.4811104695
581 0.4811104695
582 0.4811104695
583 0.4811104695
584 0.4811104695
585 0.4811104695
586 0.4811104695
587 0.4811104695
588 0.4811104695
589 0.4811104695
590 0.4811104695
591 0.4811104695
592 0.4811104695
593 0.4811104695
594 0.4811104695
595 0.4811104695
596 0.4811104695
597 0.4811104695
598 0.4811104695
599 0.4811104695
600 0.4811104695
601 0.4811104695
602 0.4811104695
603 0.4811104695
604 0.4811104695
605 0.4811104695
606 0.4811104695
607 0.4811104695
608 0.4811104695
609 0.4811104695
610 0.4811104695
611 0.4811104696
612 0.4811104696
613 0.4811104696
614 0.4811104696
615 0.4811104696
616 0.4811104696
617 0.4811104696
618 0.4811104696
619 0.4811104696
620 0.4811104696
621 0.4811104696
622 0.4811104696
623 0.4811104696
624 0.4811104696
625 0.4811104697
626 0.4811104697
627 0.4811104697
628 0.4811104698
629 0.4811104699
630 0.4811104699
631 0.48111047
632 0.4811104702
633 0.4811104703
634 0.4811104705
635 0.4811104708
636 0.4811104711
637 0.4811104715
638 0.4811104719
639 0.4811104725
640 0.4811104733
641 0.4811104742
642 0.4811104753
643 0.4811104766
644 0.4811104783
645 0.4811104804
646 0.481110483
647 0.4811104862
648 0.48111049
649 0.4811104948
650 0.4811105006
651 0.4811105078
652 0.4811105165
653 0.4811105272
654 0.4811105402
655 0.4811105561
656 0.4811105755
657 0.481110599
658 0.4811106277
659 0.4811106624
660 0.4811107046
661 0.4811107556
662 0.4811108174
663 0.4811108922
664 0.4811109824
665 0.4811110913
666 0.4811112226
667 0.4811113806
668 0.4811115707
669 0.4811117991
670 0.4811120731
671 0.4811124017
672 0.4811127953
673 0.4811132662
674 0.4811138289
675 0.4811145008
676 0.4811153021
677 0.4811162568
678 0.481117393
679 0.4811187437
680 0.481120348
681 0.4811222511
682 0.4811245066
683 0.4811271768
684 0.4811303347
685 0.4811340652
686 0.4811384677
687 0.4811436576
688 0.4811497694
689 0.4811569592
690 0.481165408
691 0.481175326
692 0.4811869563
693 0.4812005799
694 0.4812165217
695 0.4812351562
696 0.4812569152
697 0.4812822956
698 0.4813118685
699 0.4813462901
700 0.4813863126
701 0.4814327977
702 0.4814867316
703 0.4815492413
704 0.481621613
705 0.4817053132
706 0.4818020121
707 0.4819136088
708 0.4820422612
709 0.4821904172
710 0.4823608511
711 0.4825567028
712 0.482781522
713 0.4830393166
714 0.4833346061
715 0.4836724809
716 0.4840586673
717 0.4844995988
718 0.4850024944
719 0.4855754445
720 0.4862275047
721 0.4869687981
722 0.4878106269
723 0.4887655937
724 0.4898477329
725 0.4910726537
726 0.4924576943
727 0.4940220885
728 0.4957871453
729 0.4977764417
730 0.50001603
731 0.5025346597
732 0.5053640146
733 0.5085389653
734 0.5120978388
735 0.5160827037
736 0.5205396727
737 0.5255192223
738 0.5310765296
739 0.5372718259
740 0.5441707682
741 0.5518448268
742 0.5603716896
743 0.5698356819
744 0.5803282015
745 0.5919481672
746 0.6048024804
747 0.6190064976
748 0.6346845123
749 0.6519702446
750 0.6710073353
751 0.6919498427
752 0.7149627391
753 0.740222403
754 0.7679171046
755 0.798247479
756 0.831426985
757 0.8676823423
758 0.9072539451
759 0.9503962438
760 0.9973780911
761 1.048483047
762 1.104009633
763 1.164271535
764 1.229597743
765 1.300332623
766 1.376835909
767 1.459482625
768 1.548662899
769 1.644781699
770 1.748258448
771 1.85952654
772 1.979032732
773 2.107236411
774 2.244608732
775 2.39163162
776 2.548796625
777 2.716603635
778 2.895559434
779 3.08617611
780 3.288969306
781 3.504456303
782 3.733153965
783 3.975576505
784 4.23223311
785 4.503625408
786 4.790244792
787 5.092569595
788 5.411062146
789 5.746165684
790 6.098301178
791 6.467864029
792 6.855220698
793 7.260705261
794 7.6846159
795 8.127211378
796 8.588707478
797 9.069273468
798 9.569028584
799 10.08803857
800 10.62631229
801 11.18379848
802 11.76038257
803 12.35588371
804 12.97005199
805 13.60256585
806 14.25302972
807 14.920972
808 15.60584323
809 16.30701468
810 17.02377726
811 17.75534077
812 18.50083359
813 19.25930275
814 20.02971447
815 20.81095515
816 21.60183276
817 22.40107878
818 23.20735062
819 24.01923448
820 24.83524873
821 25.65384782
822 26.47342656
823 27.29232503
824 28.10883379
825 28.92119971
826 29.72763205
827 30.52630913
828 31.31538518
829 32.09299773
830 32.85727519
831 33.60634475
832 34.33834053
833 35.05141192
834 35.74373211
835 36.41350665
836 37.05898218
837 37.67845509
838 38.27028021
839 38.83287941
840 39.36474999
841 39.86447303
842 40.3307214
843 40.76226751
844 41.1579908
845 41.51688478
846 41.83806373
847 42.12076886
848 42.36437412
849 42.56839132
850 42.73247484
851 42.85642566
852 42.94019483
853 42.98388628
854 42.98775905
855 42.95222875
856 42.87786845
857 42.76540883
858 42.6157377
859 42.4298988
860 42.20908996
861 41.95466058
862 41.66810843
863 41.35107589
864 41.00534548
865 40.6328348
866 40.23559099
867 39.81578446
868 39.37570222
869 38.91774065
870 38.44439777
871 37.95826511
872 37.46201909
873 36.95841205
874 36.45026287
875 35.9404473
876 35.43188794
877 34.92754394
878 34.43040045
879 33.94345785
880 33.4697208
881 33.01218706
882 32.57383621
883 32.15761828
884 31.76644222
885 31.40316434
886 31.07057678
887 30.77139588
888 30.5082506
889 30.2836711
890 30.10007726
891 29.95976741
892 29.86490727
893 29.81751894
894 29.81947032
895 29.87246465
896 29.97803047
897 30.13751196
898 30.35205964
899 30.62262161
900 30.94993529
901 31.33451976
902 31.77666872
903 32.2764442
904 32.83367097
905 33.44793181
906 34.11856364
907 34.84465461
908 35.62504212
909 36.45831199
910 37.34279862
911 38.27658636
912 39.25751204
913 40.28316875
914 41.35091085
915 42.45786026
916 43.60091408
917 44.77675348
918 45.98185393
919 47.21249667
920 48.46478154
921 49.73464097
922 51.01785526
923 52.31006893
924 53.60680823
925 54.90349962
926 56.19548924
927 57.47806314
928 58.74646831
929 59.99593435
930 61.22169551
931 62.41901328
932 63.58319907
933 64.70963702
934 65.7938068
935 66.8313061
936 67.81787285
937 68.74940688
938 69.62199088
939 70.43191062
940 71.17567409
941 71.85002966
942 72.45198286
943 72.97881187
944 73.42808153
945 73.79765564
946 74.08570775
947 74.29072996
948 74.41154007
949 74.44728668
950 74.39745242
951 74.26185524
952 74.04064766
953 73.7343141
954 73.34366626
955 72.86983661
956 72.31427004
957 71.67871369
958 70.96520516
959 70.17605908
960 69.31385222
961 68.38140722
962 67.38177512
963 66.31821676
964 65.1941833
965 64.01329583
966 62.77932453
967 61.49616714
968 60.16782731
969 58.79839263
970 57.3920128
971 55.95287789
972 54.48519686
973 52.99317666
974 51.48100178
975 49.95281463
976 48.41269665
977 46.86465045
978 45.31258295
979 43.76028964
980 42.21144005
981 40.66956451
982 39.13804216
983 37.62009035
984 36.11875541
985 34.63690481
986 33.17722066
987 31.74219462
988 30.33412419
989 28.95511024
990 27.60705589
991 26.29166655
992 25.01045122
993 23.76472478
994 22.55561142
995 21.38404897
996 20.25079408
997 19.15642831
998 18.10136475
999 17.08585548
1000 16.10999934
1001 15.17375036
1002 14.2769264
1003 13.41921816
1004 12.60019834
1005 11.819331
1006 11.07598088
1007 10.36942275
1008 9.698850717
1009 9.063387298
1010 8.462092389
1011 7.893971938
1012 7.357986339
1013 6.853058508
1014 6.378081591
1015 5.931926287
1016 5.513447756
1017 5.12149211
1018 4.754902448
1019 4.412524452
1020 4.093211529
1021 3.795829496
1022 3.519260816
1023 3.262408397
