#55467 2909.9957696625746757 0.0045704989711343128184 1 1493 16.000049430220818044 1024 7 1 J1713+0747 0.0000000 
0 0.1790529114
1 0.1790529114
2 0.1790529114
3 0.1790529114
4 0.1790529114
5 0.1790529114
6 0.1790529114
7 0.1790529114
8 0.1790529114
9 0.1790529114
10 0.1790529114
11 0.1790529114
12 0.1790529114
13 0.1790529114
14 0.1790529114
15 0.1790529114
16 0.1790529114
17 0.1790529114
18 0.1790529114
19 0.1790529114
20 0.1790529114
21 0.1790529114
22 0.1790529114
23 0.1790529114
24 0.1790529114
25 0.1790529114
26 0.1790529114
27 0.1790529114
28 0.1790529114
29 0.1790529114
30 0.1790529114
31 0.1790529114
32 0.1790529114
33 0.1790529114
34 0.1790529114
35 0.1790529114
36 0.1790529114
37 0.1790529114
38 0.1790529114
39 0.1790529114
40 0.1790529114
41 0.1790529114
42 0.1790529114
43 0.1790529114
44 0.1790529114
45 0.1790529114
46 0.1790529114
47 0.1790529114
48 0.1790529114
49 0.1790529114
50 0.1790529114
51 0.1790529114
52 0.1790529114
53 0.1790529114
54 0.1790529114
55 0.1790529114
56 0.1790529114
57 0.1790529114
58 0.1790529114
59 0.1790529114
60 0.1790529114
61 0.1790529114
62 0.1790529114
63 0.1790529114
64 0.1790529114
65 0.1790529114
66 0.1790529114
67 0.1790529114
68 0.1790529114
69 0.1790529114
70 0.1790529114
71 0.1790529114
72 0.1790529114
73 0.1790529114
74 0.1790529114
75 0.1790529114
76 0.1790529114
77 0.1790529114
78 0.1790529114
79 0.1790529114
80 0.1790529114
81 0.1790529114
82 0.1790529114
83 0.1790529114
84 0.1790529114
85 0.1790529114
86 0.1790529114
87 0.1790529114
88 0.1790529114
89 0.1790529114
90 0.1790529114
91 0.1790529114
92 0.1790529114
93 0.1790529114
94 0.1790529114
95 0.1790529114
96 0.1790529114
97 0.1790529114
98 0.1790529114
99 0.1790529114
100 0.1790529114
101 0.1790529114
102 0.1790529114
103 0.1790529114
104 0.1790529114
105 0.1790529114
106 0.1790529114
107 0.1790529114
108 0.1790529114
109 0.1790529114
110 0.1790529114
111 0.1790529114
112 0.1790529114
113 0.1790529114
114 0.1790529114
115 0.1790529114
116 0.1790529114
117 0.1790529114
118 0.1790529114
119 0.1790529114
120 0.1790529114
121 0.1790529114
122 0.1790529114
123 0.1790529114
124 0.1790529114
125 0.1790529114
126 0.1790529114
127 0.1790529114
128 0.1790529114
129 0.1790529114
130 0.1790529114
131 0.1790529114
132 0.1790529114
133 0.1790529114
134 0.1790529114
135 0.1790529114
136 0.1790529114
137 0.1790529114
138 0.1790529114
139 0.1790529115
140 0.1790529115
141 0.1790529115
142 0.1790529115
143 0.1790529115
144 0.1790529116
145 0.1790529116
146 0.1790529116
147 0.1790529117
148 0.1790529118
149 0.1790529119
150 0.179052912
151 0.1790529121
152 0.1790529123
153 0.1790529125
154 0.1790529128
155 0.1790529131
156 0.1790529136
157 0.1790529141
158 0.1790529148
159 0.1790529156
160 0.1790529166
161 0.1790529178
162 0.1790529194
163 0.1790529213
164 0.1790529236
165 0.1790529265
166 0.17905293
167 0.1790529343
168 0.1790529396
169 0.1790529461
170 0.179052954
171 0.1790529638
172 0.1790529756
173 0.1790529901
174 0.1790530077
175 0.1790530291
176 0.1790530552
177 0.1790530869
178 0.1790531254
179 0.1790531719
180 0.1790532284
181 0.1790532966
182 0.1790533791
183 0.1790534786
184 0.1790535986
185 0.1790537431
186 0.1790539171
187 0.1790541261
188 0.1790543771
189 0.1790546782
190 0.1790550389
191 0.1790554706
192 0.1790559869
193 0.1790566034
194 0.1790573391
195 0.1790582159
196 0.1790592599
197 0.1790605016
198 0.1790619768
199 0.1790637277
200 0.1790658036
201 0.1790682622
202 0.179071171
203 0.1790746088
204 0.1790786674
205 0.1790834541
206 0.1790890933
207 0.1790957299
208 0.1791035319
209 0.1791126945
210 0.1791234434
211 0.1791360399
212 0.1791507859
213 0.17916803
214 0.1791881737
215 0.1792116799
216 0.1792390806
217 0.1792709871
218 0.1793081009
219 0.1793512257
220 0.1794012819
221 0.1794593216
222 0.1795265464
223 0.1796043269
224 0.1796942244
225 0.1797980158
226 0.1799177202
227 0.18005563
228 0.180214344
229 0.1803968049
230 0.1806063414
231 0.1808467132
232 0.1811221625
233 0.1814374693
234 0.1817980135
235 0.1822098424
236 0.182679745
237 0.1832153335
238 0.1838251326
239 0.1845186766
240 0.1853066154
241 0.1862008305
242 0.1872145599
243 0.1883625345
244 0.1896611251
245 0.191128502
246 0.1927848057
247 0.1946523322
248 0.1967557313
249 0.1991222186
250 0.2017818034
251 0.2047675308
252 0.2081157406
253 0.2118663416
254 0.2160631025
255 0.22075396
256 0.2259913434
257 0.2318325159
258 0.2383399338
259 0.245581621
260 0.2536315607
261 0.2625701027
262 0.2724843854
263 0.2834687723
264 0.2956253012
265 0.309064145
266 0.3239040827
267 0.3402729783
268 0.3583082652
269 0.3781574351
270 0.3999785263
271 0.4239406104
272 0.4502242731
273 0.4790220849
274 0.5105390589
275 0.5449930898
276 0.5826153707
277 0.6236507815
278 0.6683582443
279 0.7170110396
280 0.769897078
281 0.8273191195
282 0.8895949364
283 0.9570574108
284 1.030054561
285 1.108949488
286 1.194120241
287 1.285959583
288 1.384874666
289 1.491286588
290 1.605629847
291 1.728351669
292 1.859911207
293 2.000778619
294 2.151433991
295 2.312366134
296 2.48407122
297 2.667051277
298 2.861812527
299 3.068863566
300 3.288713398
301 3.521869299
302 3.768834543
303 4.030105965
304 4.306171382
305 4.597506877
306 4.904573937
307 5.227816479
308 5.567657753
309 5.924497138
310 6.298706858
311 6.690628611
312 7.100570143
313 7.528801783
314 7.975552951
315 8.441008665
316 8.92530607
317 9.428531012
318 9.950714675
319 10.49183032
320 11.05179011
321 11.63044218
322 12.2275677
323 12.84287837
324 13.4760139
325 14.12653997
326 14.79394632
327 15.47764519
328 16.17697011
329 16.89117508
330 17.61943403
331 18.36084076
332 19.11440933
333 19.87907478
334 20.65369439
335 21.43704938
336 22.22784709
337 23.0247236
338 23.8262469
339 24.6309205
340 25.4371875
341 26.24343521
342 27.04800012
343 27.84917341
344 28.64520688
345 29.4343192
346 30.21470268
347 30.98453026
348 31.74196295
349 32.48515746
350 33.21227412
351 33.92148506
352 34.61098246
353 35.27898704
354 35.92375656
355 36.54359435
356 37.13685792
357 37.70196739
358 38.23741388
359 38.74176772
360 39.2136865
361 39.65192278
362 40.05533156
363 40.42287741
364 40.75364119
365 41.04682631
366 41.30176461
367 41.51792166
368 41.69490154
369 41.83245112
370 41.93046364
371 41.98898177
372 42.0082
373 41.98846641
374 41.93028376
375 41.83430989
376 41.70135755
377 41.53239345
378 41.32853672
379 41.09105669
380 40.82136999
381 40.5210371
382 40.19175817
383 39.83536833
384 39.45383239
385 39.04923893
386 38.62379392
387 38.17981383
388 37.71971817
389 37.2460217
390 36.76132607
391 36.26831117
392 35.76972606
393 35.26837954
394 34.76713042
395 34.26887751
396 33.77654933
397 33.29309359
398 32.82146648
399 32.36462174
400 31.92549964
401 31.50701577
402 31.11204979
403 30.74343406
404 30.40394228
405 30.09627803
406 29.82306345
407 29.58682785
408 29.38999648
409 29.23487934
410 29.12366022
411 29.05838581
412 29.04095516
413 29.07310933
414 29.15642131
415 29.2922864
416 29.48191288
417 29.72631319
418 30.02629562
419 30.38245649
420 30.79517304
421 31.26459686
422 31.79064819
423 32.37301086
424 33.0111282
425 33.70419974
426 34.45117895
427 35.25077194
428 36.1014372
429 37.00138654
430 37.94858709
431 38.94076452
432 39.97540748
433 41.04977335
434 42.16089516
435 43.30558986
436 44.48046787
437 45.68194392
438 46.90624907
439 48.14944412
440 49.4074341
441 50.67598394
442 51.9507353
443 53.22722435
444 54.50090057
445 55.76714638
446 57.02129753
447 58.25866417
448 59.47455243
449 60.66428646
450 61.82323069
451 62.94681229
452 64.03054358
453 65.07004432
454 66.06106372
455 66.99950195
456 67.88143105
457 68.70311519
458 69.46102987
459 70.15188022
460 70.77261805
461 71.32045764
462 71.79289006
463 72.18769598
464 72.5029569
465 72.73706454
466 72.88872857
467 72.9569824
468 72.9411871
469 72.84103342
470 72.65654186
471 72.38806075
472 72.03626249
473 71.60213786
474 71.0869885
475 70.4924176
476 69.82031897
477 69.07286435
478 68.2524894
479 67.36187815
480 66.40394633
481 65.3818234
482 64.29883376
483 63.15847704
484 61.9644077
485 60.72041411
486 59.43039729
487 58.09834939
488 56.72833214
489 55.32445538
490 53.89085584
491 52.43167631
492 50.95104535
493 49.45305762
494 47.941755
495 46.42110865
496 44.89500195
497 43.36721463
498 41.84140794
499 40.32111117
500 38.80970932
501 37.31043215
502 35.82634455
503 34.36033831
504 32.91512516
505 31.49323128
506 30.09699305
507 28.72855418
508 27.3898641
509 26.08267752
510 24.80855526
511 23.56886612
512 22.3647898
513 21.19732085
514 20.06727342
515 18.97528694
516 17.9218324
517 16.90721942
518 15.93160375
519 14.99499532
520 14.09726671
521 13.23816181
522 12.41730488
523 11.6342096
524 10.8882883
525 10.17886118
526 9.505165472
527 8.866364448
528 8.26155632
529 7.689782879
530 7.150037872
531 6.641275075
532 6.162416026
533 5.712357379
534 5.289977871
535 4.894144867
536 4.523720478
537 4.177567238
538 3.854553344
539 3.553557436
540 3.273472945
541 3.013211996
542 2.771708887
543 2.547923139
544 2.340842158
545 2.149483493
546 1.972896735
547 1.81016506
548 1.66040644
549 1.522774549
550 1.396459378
551 1.280687584
552 1.174722602
553 1.077864523
554 0.9894497885
555 0.9088506937
556 0.8354747413
557 0.7687638544
558 0.7081934719
559 0.6532715436
560 0.6035374422
561 0.5585608077
562 0.5179403399
563 0.4813025522
564 0.4483004994
565 0.4186124909
566 0.3919408003
567 0.3680103793
568 0.3465675861
569 0.3273789329
570 0.3102298615
571 0.2949235505
572 0.2812797587
573 0.2691337091
574 0.2583350161
575 0.2487466577
576 0.2402439944
577 0.2327138372
578 0.2260535624
579 0.2201702765
580 0.2149800286
581 0.2104070703
582 0.2063831631
583 0.20284693
584 0.1997432527
585 0.1970227097
586 0.1946410565
587 0.1925587442
588 0.190740475
589 0.1891547936
590 0.1877737109
591 0.1865723599
592 0.1855286808
593 0.1846231326
594 0.1838384322
595 0.1831593153
596 0.1825723209
597 0.1820655958
598 0.1816287175
599 0.181252535
600 0.1809290256
601 0.1806511657
602 0.1804128151
603 0.1802086141
604 0.1800338906
605 0.1798845778
606 0.1797571409
607 0.1796485117
608 0.1795560312
609 0.1794773975
610 0.1794106216
611 0.1793539865
612 0.1793060125
613 0.179265426
614 0.1792311326
615 0.1792021928
616 0.1791778014
617 0.1791572693
618 0.1791400075
619 0.1791255132
620 0.1791133581
621 0.1791031772
622 0.1790946607
623 0.1790875452
624 0.1790816079
625 0.1790766596
626 0.1790725409
627 0.179069117
628 0.1790662741
629 0.1790639167
630 0.1790619642
631 0.1790603491
632 0.1790590148
633 0.1790579138
634 0.1790570065
635 0.1790562597
636 0.1790556458
637 0.1790551418
638 0.1790547284
639 0.1790543899
640 0.179054113
641 0.1790538868
642 0.1790537022
643 0.1790535518
644 0.1790534293
645 0.1790533298
646 0.179053249
647 0.1790531835
648 0.1790531304
649 0.1790530875
650 0.1790530528
651 0.1790530248
652 0.1790530022
653 0.1790529841
654 0.1790529695
655 0.1790529577
656 0.1790529483
657 0.1790529408
658 0.1790529348
659 0.17905293
660 0.1790529261
661 0.1790529231
662 0.1790529207
663 0.1790529187
664 0.1790529172
665 0.179052916
666 0.179052915
667 0.1790529142
668 0.1790529136
669 0.1790529131
670 0.1790529128
671 0.1790529125
672 0.1790529122
673 0.1790529121
674 0.1790529119
675 0.1790529118
676 0.1790529117
677 0.1790529116
678 0.1790529116
679 0.1790529116
680 0.1790529115
681 0.1790529115
682 0.1790529115
683 0.1790529115
684 0.1790529115
685 0.1790529114
686 0.1790529114
687 0.1790529114
688 0.1790529114
689 0.1790529114
690 0.1790529114
691 0.1790529114
692 0.1790529114
693 0.1790529114
694 0.1790529114
695 0.1790529114
696 0.1790529114
697 0.1790529114
698 0.1790529114
699 0.1790529114
700 0.1790529114
701 0.1790529114
702 0.1790529114
703 0.1790529114
704 0.1790529114
705 0.1790529114
706 0.1790529114
707 0.1790529114
708 0.1790529114
709 0.1790529114
710 0.1790529114
711 0.1790529114
712 0.1790529114
713 0.1790529114
714 0.1790529114
715 0.1790529114
716 0.1790529114
717 0.1790529114
718 0.1790529114
719 0.1790529114
720 0.1790529114
721 0.1790529114
722 0.1790529114
723 0.1790529114
724 0.1790529114
725 0.1790529114
726 0.1790529114
727 0.1790529114
728 0.1790529114
729 0.1790529114
730 0.1790529114
731 0.1790529114
732 0.1790529114
733 0.1790529114
734 0.1790529114
735 0.1790529114
736 0.1790529114
737 0.1790529114
738 0.1790529114
739 0.1790529114
740 0.1790529114
741 0.1790529114
742 0.1790529114
743 0.1790529114
744 0.1790529114
745 0.1790529114
746 0.1790529114
747 0.1790529114
748 0.1790529114
749 0.1790529114
750 0.1790529114
751 0.1790529114
752 0.1790529114
753 0.1790529114
754 0.1790529114
755 0.1790529114
756 0.1790529114
757 0.1790529114
758 0.1790529114
759 0.1790529114
760 0.1790529114
761 0.1790529114
762 0.1790529114
763 0.1790529114
764 0.1790529114
765 0.1790529114
766 0.1790529114
767 0.1790529114
768 0.1790529114
769 0.1790529114
770 0.1790529114
771 0.1790529114
772 0.1790529114
773 0.1790529114
774 0.1790529114
775 0.1790529114
776 0.1790529114
777 0.1790529114
778 0.1790529114
779 0.1790529114
780 0.1790529114
781 0.1790529114
782 0.1790529114
783 0.1790529114
784 0.1790529114
785 0.1790529114
786 0.1790529114
787 0.1790529114
788 0.1790529114
789 0.1790529114
790 0.1790529114
791 0.1790529114
792 0.1790529114
793 0.1790529114
794 0.1790529114
795 0.1790529114
796 0.1790529114
797 0.1790529114
798 0.1790529114
799 0.1790529114
800 0.1790529114
801 0.1790529114
802 0.1790529114
803 0.1790529114
804 0.1790529114
805 0.1790529114
806 0.1790529114
807 0.1790529114
808 0.1790529114
809 0.1790529114
810 0.1790529114
811 0.1790529114
812 0.1790529114
813 0.1790529114
814 0.1790529114
815 0.1790529114
816 0.1790529114
817 0.1790529114
818 0.1790529114
819 0.1790529114
820 0.1790529114
821 0.1790529114
822 0.1790529114
823 0.1790529114
824 0.1790529114
825 0.1790529114
826 0.1790529114
827 0.1790529114
828 0.1790529114
829 0.1790529114
830 0.1790529114
831 0.1790529114
832 0.1790529114
833 0.1790529114
834 0.1790529114
835 0.1790529114
836 0.1790529114
837 0.1790529114
838 0.1790529114
839 0.1790529114
840 0.1790529114
841 0.1790529114
842 0.1790529114
843 0.1790529114
844 0.1790529114
845 0.1790529114
846 0.1790529114
847 0.1790529114
848 0.1790529114
849 0.1790529114
850 0.1790529114
851 0.1790529114
852 0.1790529114
853 0.1790529114
854 0.1790529114
855 0.1790529114
856 0.1790529114
857 0.1790529114
858 0.1790529114
859 0.1790529114
860 0.1790529114
861 0.1790529114
862 0.1790529114
863 0.1790529114
864 0.1790529114
865 0.1790529114
866 0.1790529114
867 0.1790529114
868 0.1790529114
869 0.1790529114
870 0.1790529114
871 0.1790529114
872 0.1790529114
873 0.1790529114
874 0.1790529114
875 0.1790529114
876 0.1790529114
877 0.1790529114
878 0.1790529114
879 0.1790529114
880 0.1790529114
881 0.1790529114
882 0.1790529114
883 0.1790529114
884 0.1790529114
885 0.1790529114
886 0.1790529114
887 0.1790529114
888 0.1790529114
889 0.1790529114
890 0.1790529114
891 0.1790529114
892 0.1790529114
893 0.1790529114
894 0.1790529114
895 0.1790529114
896 0.1790529114
897 0.1790529114
898 0.1790529114
899 0.1790529114
900 0.1790529114
901 0.1790529114
902 0.1790529114
903 0.1790529114
904 0.1790529114
905 0.1790529114
906 0.1790529114
907 0.1790529114
908 0.1790529114
909 0.1790529114
910 0.1790529114
911 0.1790529114
912 0.1790529114
913 0.1790529114
914 0.1790529114
915 0.1790529114
916 0.1790529114
917 0.1790529114
918 0.1790529114
919 0.1790529114
920 0.1790529114
921 0.1790529114
922 0.1790529114
923 0.1790529114
924 0.1790529114
925 0.1790529114
926 0.1790529114
927 0.1790529114
928 0.1790529114
929 0.1790529114
930 0.1790529114
931 0.1790529114
932 0.1790529114
933 0.1790529114
934 0.1790529114
935 0.1790529114
936 0.1790529114
937 0.1790529114
938 0.1790529114
939 0.1790529114
940 0.1790529114
941 0.1790529114
942 0.1790529114
943 0.1790529114
944 0.1790529114
945 0.1790529114
946 0.1790529114
947 0.1790529114
948 0.1790529114
949 0.1790529114
950 0.1790529114
951 0.1790529114
952 0.1790529114
953 0.1790529114
954 0.1790529114
955 0.1790529114
956 0.1790529114
957 0.1790529114
958 0.1790529114
959 0.1790529114
960 0.1790529114
961 0.1790529114
962 0.1790529114
963 0.1790529114
964 0.1790529114
965 0.1790529114
966 0.1790529114
967 0.1790529114
968 0.1790529114
969 0.1790529114
970 0.1790529114
971 0.1790529114
972 0.1790529114
973 0.1790529114
974 0.1790529114
975 0.1790529114
976 0.1790529114
977 0.1790529114
978 0.1790529114
979 0.1790529114
980 0.1790529114
981 0.1790529114
982 0.1790529114
983 0.1790529114
984 0.1790529114
985 0.1790529114
986 0.1790529114
987 0.1790529114
988 0.1790529114
989 0.1790529114
990 0.1790529114
991 0.1790529114
992 0.1790529114
993 0.1790529114
994 0.1790529114
995 0.1790529114
996 0.1790529114
997 0.1790529114
998 0.1790529114
999 0.1790529114
1000 0.1790529114
1001 0.1790529114
1002 0.1790529114
1003 0.1790529114
1004 0.1790529114
1005 0.1790529114
1006 0.1790529114
1007 0.1790529114
1008 0.1790529114
1009 0.1790529114
1010 0.1790529114
1011 0.1790529114
1012 0.1790529114
1013 0.1790529114
1014 0.1790529114
1015 0.1790529114
1016 0.1790529114
1017 0.1790529114
1018 0.1790529114
1019 0.1790529114
1020 0.1790529114
1021 0.1790529114
1022 0.1790529114
1023 0.1790529114
