#55555 2910.004201998044582 0.0045700236649602469022 1 1293 16.000049430220818044 1024 7 1 J1713+0747 0.0000000 
0 56.94773578
1 58.41640654
2 59.89301252
3 61.37239707
4 62.84929981
5 64.31837924
6 65.77423628
7 67.21143854
8 68.6245453
9 70.00813294
10 71.35682073
11 72.66529682
12 73.92834427
13 75.14086689
14 76.29791477
15 77.39470935
16 78.42666778
17 79.38942647
18 80.27886357
19 81.09112031
20 81.82262102
21 82.47009161
22 83.03057646
23 83.50145352
24 83.88044758
25 84.16564149
26 84.35548539
27 84.44880378
28 84.44480036
29 84.34306071
30 84.14355266
31 83.84662447
32 83.45300074
33 82.96377613
34 82.380407
35 81.70470088
36 80.93880405
37 80.0851872
38 79.14662933
39 78.12620006
40 77.02724039
41 75.85334219
42 74.60832649
43 73.2962208
44 71.92123556
45 70.48774
46 69.00023754
47 67.46334084
48 65.8817469
49 64.26021207
50 62.60352745
51 60.91649469
52 59.20390232
53 57.47050288
54 55.7209909
55 53.95998189
56 52.1919925
57 50.42142183
58 48.65253413
59 46.88944289
60 45.1360964
61 43.3962648
62 41.6735287
63 39.97126936
64 38.2926605
65 36.64066159
66 35.01801281
67 33.42723142
68 31.87060968
69 30.35021422
70 28.86788672
71 27.42524593
72 26.02369088
73 24.66440529
74 23.34836294
75 22.0763341
76 20.84889273
77 19.66642451
78 18.5291355
79 17.43706138
80 16.39007715
81 15.38790723
82 14.4301358
83 13.51621737
84 12.64548742
85 11.81717309
86 11.03040381
87 10.2842218
88 9.577592361
89 8.909413968
90 8.278528017
91 7.683728233
92 7.12376969
93 6.597377406
94 6.10325448
95 5.64008975
96 5.206564958
97 4.801361409
98 4.423166107
99 4.070677385
100 3.742610007
101 3.437699774
102 3.15470762
103 2.892423227
104 2.649668165
105 2.425298587
106 2.218207479
107 2.027326514
108 1.851627508
109 1.690123522
110 1.541869618
111 1.405963312
112 1.28154474
113 1.167796557
114 1.063943606
115 0.9692523834
116 0.8830303057
117 0.8046248232
118 0.7334223898
119 0.6688473144
120 0.6103605122
121 0.5574581765
122 0.5096703869
123 0.4665596703
124 0.4277195308
125 0.3927729595
126 0.3613709389
127 0.3331909518
128 0.3079355035
129 0.2853306674
130 0.2651246606
131 0.2470864556
132 0.2310044336
133 0.2166850844
134 0.2039517547
135 0.1926434501
136 0.1826136898
137 0.1737294174
138 0.1658699682
139 0.1589260921
140 0.1527990331
141 0.1473996634
142 0.142647673
143 0.1384708108
144 0.1348041777
145 0.1315895699
146 0.1287748684
147 0.1263134748
148 0.1241637906
149 0.1222887372
150 0.1206553148
151 0.1192341979
152 0.1179993658
153 0.1169277642
154 0.1159989976
155 0.1151950494
156 0.114500028
157 0.1138999367
158 0.1133824657
159 0.1129368047
160 0.1125534741
161 0.1122241732
162 0.1119416438
163 0.1116995489
164 0.1114923634
165 0.1113152769
166 0.1111641076
167 0.1110352248
168 0.1109254811
169 0.110832152
170 0.110752882
171 0.1106856379
172 0.1106286668
173 0.1105804599
174 0.1105397201
175 0.1105053339
176 0.1104763468
177 0.1104519417
178 0.11043142
179 0.1104141853
180 0.1103997294
181 0.1103876192
182 0.1103774869
183 0.1103690199
184 0.1103619535
185 0.1103560633
186 0.1103511596
187 0.1103470823
188 0.1103436964
189 0.1103408881
190 0.1103385618
191 0.1103366371
192 0.1103350468
193 0.1103337343
194 0.1103326525
195 0.1103317619
196 0.1103310296
197 0.1103304283
198 0.1103299351
199 0.1103295311
200 0.1103292006
201 0.1103289305
202 0.1103287101
203 0.1103285305
204 0.1103283842
205 0.1103282653
206 0.1103281687
207 0.1103280904
208 0.1103280269
209 0.1103279756
210 0.1103279341
211 0.1103279007
212 0.1103278737
213 0.110327852
214 0.1103278345
215 0.1103278205
216 0.1103278092
217 0.1103278002
218 0.110327793
219 0.1103277872
220 0.1103277826
221 0.110327779
222 0.110327776
223 0.1103277737
224 0.1103277719
225 0.1103277704
226 0.1103277693
227 0.1103277683
228 0.1103277676
229 0.110327767
230 0.1103277666
231 0.1103277662
232 0.110327766
233 0.1103277657
234 0.1103277656
235 0.1103277654
236 0.1103277653
237 0.1103277652
238 0.1103277652
239 0.1103277651
240 0.1103277651
241 0.1103277651
242 0.110327765
243 0.110327765
244 0.110327765
245 0.110327765
246 0.110327765
247 0.110327765
248 0.110327765
249 0.110327765
250 0.110327765
251 0.110327765
252 0.110327765
253 0.110327765
254 0.110327765
255 0.110327765
256 0.110327765
257 0.110327765
258 0.110327765
259 0.110327765
260 0.110327765
261 0.110327765
262 0.110327765
263 0.110327765
264 0.110327765
265 0.110327765
266 0.110327765
267 0.110327765
268 0.110327765
269 0.110327765
270 0.110327765
271 0.110327765
272 0.110327765
273 0.110327765
274 0.110327765
275 0.110327765
276 0.110327765
277 0.110327765
278 0.110327765
279 0.110327765
280 0.110327765
281 0.110327765
282 0.110327765
283 0.110327765
284 0.110327765
285 0.110327765
286 0.110327765
287 0.110327765
288 0.110327765
289 0.110327765
290 0.110327765
291 0.110327765
292 0.110327765
293 0.110327765
294 0.110327765
295 0.110327765
296 0.110327765
297 0.110327765
298 0.110327765
299 0.110327765
300 0.110327765
301 0.110327765
302 0.110327765
303 0.110327765
304 0.110327765
305 0.110327765
306 0.110327765
307 0.110327765
308 0.110327765
309 0.110327765
310 0.110327765
311 0.110327765
312 0.110327765
313 0.110327765
314 0.110327765
315 0.110327765
316 0.110327765
317 0.110327765
318 0.110327765
319 0.110327765
320 0.110327765
321 0.110327765
322 0.110327765
323 0.110327765
324 0.110327765
325 0.110327765
326 0.110327765
327 0.110327765
328 0.110327765
329 0.110327765
330 0.110327765
331 0.110327765
332 0.110327765
333 0.110327765
334 0.110327765
335 0.110327765
336 0.110327765
337 0.110327765
338 0.110327765
339 0.110327765
340 0.110327765
341 0.110327765
342 0.110327765
343 0.110327765
344 0.110327765
345 0.110327765
346 0.110327765
347 0.110327765
348 0.110327765
349 0.110327765
350 0.110327765
351 0.110327765
352 0.110327765
353 0.110327765
354 0.110327765
355 0.110327765
356 0.110327765
357 0.110327765
358 0.110327765
359 0.110327765
360 0.110327765
361 0.110327765
362 0.110327765
363 0.110327765
364 0.110327765
365 0.110327765
366 0.110327765
367 0.110327765
368 0.110327765
369 0.110327765
370 0.110327765
371 0.110327765
372 0.110327765
373 0.110327765
374 0.110327765
375 0.110327765
376 0.110327765
377 0.110327765
378 0.110327765
379 0.110327765
380 0.110327765
381 0.110327765
382 0.110327765
383 0.110327765
384 0.110327765
385 0.110327765
386 0.110327765
387 0.110327765
388 0.110327765
389 0.110327765
390 0.110327765
391 0.110327765
392 0.110327765
393 0.110327765
394 0.110327765
395 0.110327765
396 0.110327765
397 0.110327765
398 0.110327765
399 0.110327765
400 0.110327765
401 0.110327765
402 0.110327765
403 0.110327765
404 0.110327765
405 0.110327765
406 0.110327765
407 0.110327765
408 0.110327765
409 0.110327765
410 0.110327765
411 0.110327765
412 0.110327765
413 0.110327765
414 0.110327765
415 0.110327765
416 0.110327765
417 0.110327765
418 0.110327765
419 0.110327765
420 0.110327765
421 0.110327765
422 0.110327765
423 0.110327765
424 0.110327765
425 0.110327765
426 0.110327765
427 0.110327765
428 0.110327765
429 0.110327765
430 0.110327765
431 0.110327765
432 0.110327765
433 0.110327765
434 0.110327765
435 0.110327765
436 0.110327765
437 0.110327765
438 0.110327765
439 0.110327765
440 0.110327765
441 0.110327765
442 0.110327765
443 0.110327765
444 0.110327765
445 0.110327765
446 0.110327765
447 0.110327765
448 0.110327765
449 0.110327765
450 0.110327765
451 0.110327765
452 0.110327765
453 0.110327765
454 0.110327765
455 0.110327765
456 0.110327765
457 0.110327765
458 0.110327765
459 0.110327765
460 0.110327765
461 0.110327765
462 0.110327765
463 0.110327765
464 0.110327765
465 0.110327765
466 0.110327765
467 0.110327765
468 0.110327765
469 0.110327765
470 0.110327765
471 0.110327765
472 0.110327765
473 0.110327765
474 0.110327765
475 0.110327765
476 0.110327765
477 0.110327765
478 0.110327765
479 0.110327765
480 0.110327765
481 0.110327765
482 0.110327765
483 0.110327765
484 0.110327765
485 0.110327765
486 0.110327765
487 0.110327765
488 0.110327765
489 0.110327765
490 0.110327765
491 0.110327765
492 0.110327765
493 0.110327765
494 0.110327765
495 0.110327765
496 0.110327765
497 0.110327765
498 0.110327765
499 0.110327765
500 0.110327765
501 0.110327765
502 0.110327765
503 0.110327765
504 0.110327765
505 0.110327765
506 0.110327765
507 0.110327765
508 0.110327765
509 0.110327765
510 0.110327765
511 0.110327765
512 0.110327765
513 0.110327765
514 0.110327765
515 0.110327765
516 0.110327765
517 0.110327765
518 0.110327765
519 0.110327765
520 0.110327765
521 0.110327765
522 0.110327765
523 0.110327765
524 0.110327765
525 0.110327765
526 0.110327765
527 0.110327765
528 0.110327765
529 0.110327765
530 0.110327765
531 0.110327765
532 0.110327765
533 0.110327765
534 0.110327765
535 0.110327765
536 0.110327765
537 0.110327765
538 0.110327765
539 0.110327765
540 0.110327765
541 0.110327765
542 0.110327765
543 0.110327765
544 0.110327765
545 0.110327765
546 0.110327765
547 0.110327765
548 0.110327765
549 0.110327765
550 0.110327765
551 0.110327765
552 0.110327765
553 0.110327765
554 0.110327765
555 0.110327765
556 0.110327765
557 0.110327765
558 0.110327765
559 0.110327765
560 0.110327765
561 0.110327765
562 0.110327765
563 0.110327765
564 0.110327765
565 0.110327765
566 0.110327765
567 0.110327765
568 0.110327765
569 0.110327765
570 0.110327765
571 0.110327765
572 0.110327765
573 0.110327765
574 0.110327765
575 0.110327765
576 0.110327765
577 0.110327765
578 0.110327765
579 0.110327765
580 0.110327765
581 0.110327765
582 0.110327765
583 0.110327765
584 0.110327765
585 0.110327765
586 0.110327765
587 0.110327765
588 0.110327765
589 0.110327765
590 0.110327765
591 0.110327765
592 0.110327765
593 0.110327765
594 0.110327765
595 0.110327765
596 0.110327765
597 0.110327765
598 0.110327765
599 0.110327765
600 0.110327765
601 0.110327765
602 0.110327765
603 0.110327765
604 0.110327765
605 0.110327765
606 0.110327765
607 0.110327765
608 0.110327765
609 0.110327765
610 0.110327765
611 0.110327765
612 0.110327765
613 0.110327765
614 0.110327765
615 0.110327765
616 0.110327765
617 0.110327765
618 0.110327765
619 0.110327765
620 0.110327765
621 0.110327765
622 0.110327765
623 0.110327765
624 0.110327765
625 0.110327765
626 0.110327765
627 0.110327765
628 0.110327765
629 0.110327765
630 0.110327765
631 0.110327765
632 0.110327765
633 0.110327765
634 0.110327765
635 0.110327765
636 0.110327765
637 0.110327765
638 0.110327765
639 0.110327765
640 0.110327765
641 0.110327765
642 0.110327765
643 0.110327765
644 0.110327765
645 0.110327765
646 0.110327765
647 0.110327765
648 0.110327765
649 0.110327765
650 0.110327765
651 0.110327765
652 0.110327765
653 0.110327765
654 0.110327765
655 0.110327765
656 0.110327765
657 0.110327765
658 0.110327765
659 0.110327765
660 0.110327765
661 0.110327765
662 0.110327765
663 0.110327765
664 0.110327765
665 0.110327765
666 0.110327765
667 0.110327765
668 0.110327765
669 0.110327765
670 0.110327765
671 0.110327765
672 0.110327765
673 0.110327765
674 0.110327765
675 0.110327765
676 0.110327765
677 0.110327765
678 0.110327765
679 0.110327765
680 0.110327765
681 0.110327765
682 0.110327765
683 0.110327765
684 0.110327765
685 0.110327765
686 0.110327765
687 0.110327765
688 0.110327765
689 0.110327765
690 0.110327765
691 0.110327765
692 0.110327765
693 0.110327765
694 0.110327765
695 0.110327765
696 0.110327765
697 0.110327765
698 0.110327765
699 0.110327765
700 0.110327765
701 0.110327765
702 0.110327765
703 0.110327765
704 0.110327765
705 0.110327765
706 0.110327765
707 0.110327765
708 0.110327765
709 0.110327765
710 0.110327765
711 0.110327765
712 0.110327765
713 0.110327765
714 0.110327765
715 0.110327765
716 0.110327765
717 0.110327765
718 0.110327765
719 0.110327765
720 0.110327765
721 0.110327765
722 0.110327765
723 0.110327765
724 0.110327765
725 0.110327765
726 0.1103277651
727 0.1103277651
728 0.1103277651
729 0.1103277652
730 0.1103277652
731 0.1103277653
732 0.1103277654
733 0.1103277655
734 0.1103277656
735 0.1103277658
736 0.110327766
737 0.1103277662
738 0.1103277665
739 0.1103277669
740 0.1103277674
741 0.110327768
742 0.1103277687
743 0.1103277696
744 0.1103277708
745 0.1103277722
746 0.1103277739
747 0.110327776
748 0.1103277786
749 0.1103277819
750 0.1103277858
751 0.1103277907
752 0.1103277966
753 0.110327804
754 0.1103278129
755 0.1103278238
756 0.1103278372
757 0.1103278534
758 0.1103278733
759 0.1103278974
760 0.1103279268
761 0.1103279625
762 0.1103280058
763 0.1103280583
764 0.1103281219
765 0.1103281988
766 0.1103282918
767 0.110328404
768 0.1103285393
769 0.1103287023
770 0.1103288985
771 0.1103291344
772 0.1103294176
773 0.1103297573
774 0.1103301645
775 0.1103306519
776 0.1103312347
777 0.110331931
778 0.1103327618
779 0.1103337523
780 0.1103349317
781 0.1103363347
782 0.1103380018
783 0.1103399808
784 0.1103423275
785 0.1103451073
786 0.1103483965
787 0.1103522846
788 0.1103568755
789 0.1103622908
790 0.1103686715
791 0.1103761819
792 0.1103850127
793 0.110395385
794 0.1104075549
795 0.1104218189
796 0.1104385196
797 0.1104580524
798 0.1104808734
799 0.1105075078
800 0.1105385599
801 0.1105747239
802 0.1106167964
803 0.1106656909
804 0.1107224529
805 0.1107882783
806 0.1108645327
807 0.1109527745
808 0.111054779
809 0.1111725669
810 0.1113084351
811 0.1114649915
812 0.1116451932
813 0.1118523894
814 0.112090369
815 0.1123634125
816 0.1126763505
817 0.1130346269
818 0.1134443702
819 0.1139124701
820 0.114446663
821 0.1150556248
822 0.1157490731
823 0.1165378786
824 0.1174341863
825 0.118451548
826 0.1196050656
827 0.1209115472
828 0.1223896759
829 0.1240601917
830 0.1259460885
831 0.1280728259
832 0.1304685562
833 0.1331643685
834 0.1361945498
835 0.1395968632
836 0.1434128448
837 0.1476881191
838 0.1524727336
839 0.1578215124
840 0.1637944299
841 0.1704570037
842 0.177880707
843 0.1861434013
844 0.1953297863
845 0.2055318701
846 0.2168494556
847 0.2293906437
848 0.2432723523
849 0.2586208482
850 0.2755722913
851 0.2942732884
852 0.3148814544
853 0.3375659774
854 0.3625081854
855 0.3899021111
856 0.4199550498
857 0.4528881075
858 0.4889367335
859 0.5283512328
860 0.5713972534
861 0.6183562416
862 0.6695258597
863 0.7252203599
864 0.7857709068
865 0.8515258411
866 0.9228508785
867 1.000129234
868 1.083761665
869 1.174166426
870 1.27177912
871 1.377052455
872 1.490455871
873 1.612475059
874 1.743611337
875 1.884380898
876 2.035313906
877 2.196953441
878 2.369854284
879 2.554581542
880 2.751709095
881 2.961817876
882 3.185493973
883 3.423326545
884 3.675905568
885 3.943819391
886 4.227652122
887 4.527980828
888 4.845372578
889 5.18038131
890 5.533544542
891 5.905379945
892 6.296381769
893 6.707017156
894 7.137722334
895 7.588898736
896 8.06090903
897 8.554073113
898 9.068664063
899 9.604904094
900 10.16296052
901 10.7429418
902 11.34489357
903 11.96879493
904 12.61455468
905 13.28200788
906 13.97091251
907 14.6809464
908 15.41170443
909 16.16269594
910 16.9333426
911 17.72297649
912 18.53083869
913 19.35607815
914 20.19775115
915 21.05482108
916 21.92615879
917 22.81054341
918 23.70666372
919 24.61312001
920 25.52842656
921 26.45101457
922 27.37923578
923 28.31136651
924 29.24561241
925 30.18011358
926 31.11295039
927 32.04214976
928 32.96569186
929 33.88151745
930 34.7875355
931 35.68163137
932 36.5616753
933 37.42553119
934 38.27106585
935 39.09615827
936 39.89870936
937 40.67665158
938 41.4279589
939 42.15065667
940 42.84283155
941 43.50264133
942 44.12832469
943 44.71821072
944 45.27072827
945 45.784415
946 46.25792601
947 46.69004222
948 47.0796782
949 47.42588953
950 47.72787964
951 47.98500612
952 48.19678629
953 48.36290224
954 48.48320518
955 48.55771899
956 48.58664315
957 48.57035488
958 48.50941052
959 48.40454613
960 48.25667738
961 48.06689855
962 47.83648089
963 47.56687015
964 47.25968332
965 46.91670473
966 46.53988134
967 46.13131738
968 45.69326828
969 45.22813399
970 44.73845163
971 44.22688754
972 43.69622884
973 43.14937434
974 42.58932501
975 42.01917402
976 41.44209624
977 40.86133739
978 40.28020285
979 39.70204606
980 39.13025667
981 38.56824834
982 38.01944642
983 37.48727529
984 36.97514557
985 36.48644123
986 36.02450648
987 35.59263267
988 35.19404508
989 34.83188968
990 34.50921999
991 34.22898386
992 33.99401045
993 33.80699723
994 33.67049727
995 33.58690658
996 33.55845184
997 33.58717835
998 33.67493834
999 33.82337972
1000 34.03393518
1001 34.30781194
1002 34.64598199
1003 35.04917295
1004 35.51785968
1005 36.05225663
1006 36.65231102
1007 37.31769691
1008 38.04781024
1009 38.84176493
1010 39.69839003
1011 40.61622805
1012 41.59353453
1013 42.62827887
1014 43.71814645
1015 44.86054222
1016 46.0525956
1017 47.29116688
1018 48.5728551
1019 49.89400739
1020 51.25072982
1021 52.63889971
1022 54.0541794
1023 55.49203157
