#55621 2910.0001568963269241 0.0045697507883115237245 1 1405 16.000049430220818044 1024 7 1 J1713+0747 0.0000000 
0 -0.2096206113
1 -0.2082715113
2 -0.2067467477
3 -0.2050253155
4 -0.2030839562
5 -0.2008969496
6 -0.1984358912
7 -0.1956694527
8 -0.1925631279
9 -0.1890789606
10 -0.1851752564
11 -0.180806276
12 -0.175921912
13 -0.1704673465
14 -0.1643826916
15 -0.157602611
16 -0.1500559254
17 -0.1416651986
18 -0.1323463079
19 -0.1220079985
20 -0.1105514218
21 -0.09786966031
22 -0.08384723998
23 -0.0683596313
24 -0.05127274151
25 -0.03244240017
26 -0.01171384046
27 0.01107882075
28 0.03611310094
29 0.06357866447
30 0.09367782569
31 0.1266260384
32 0.1626523672
33 0.2019999348
34 0.2449263422
35 0.2917040526
36 0.3426207369
37 0.3979795713
38 0.4580994822
39 0.5233153306
40 0.5939780302
41 0.6704545892
42 0.7531280725
43 0.8423974721
44 0.9386774819
45 1.042398167
46 1.154004523
47 1.273955909
48 1.402725367
49 1.540798791
50 1.688673973
51 1.84685949
52 2.015873448
53 2.196242071
54 2.38849812
55 2.593179164
56 2.810825675
57 3.041978968
58 3.28717896
59 3.546961784
60 3.821857228
61 4.112386021
62 4.419056973
63 4.74236396
64 5.082782782
65 5.440767895
66 5.816749028
67 6.211127699
68 6.624273652
69 7.056521225
70 7.508165664
71 7.979459423
72 8.470608443
73 8.981768458
74 9.513041337
75 10.0644715
76 10.63604241
77 11.22767322
78 11.83921554
79 12.47045038
80 13.12108536
81 13.79075204
82 14.47900364
83 15.185313
84 15.90907085
85 16.64958443
86 17.40607655
87 18.17768496
88 18.96346221
89 19.76237589
90 20.57330944
91 21.39506331
92 22.22635668
93 23.06582971
94 23.91204624
95 24.76349699
96 25.61860339
97 26.47572177
98 27.33314816
99 28.18912351
100 29.04183948
101 29.88944461
102 30.73005092
103 31.56174101
104 32.38257548
105 33.19060069
106 33.98385687
107 34.76038653
108 35.51824302
109 36.25549936
110 36.97025721
111 37.66065587
112 38.32488142
113 38.96117581
114 39.56784584
115 40.14327218
116 40.68591807
117 41.19433792
118 41.66718561
119 42.10322248
120 42.50132496
121 42.8604918
122 43.17985087
123 43.45866543
124 43.69633993
125 43.89242518
126 44.04662299
127 44.15879016
128 44.22894179
129 44.25725402
130 44.24406597
131 44.18988105
132 44.0953676
133 43.96135872
134 43.78885146
135 43.57900534
136 43.33314004
137 43.05273254
138 42.7394135
139 42.39496299
140 42.0213056
141 41.6205049
142 41.19475732
143 40.74638544
144 40.27783073
145 39.79164581
146 39.29048613
147 38.77710128
148 38.25432581
149 37.72506965
150 37.1923082
151 36.65907199
152 36.12843616
153 35.60350947
154 35.08742327
155 34.58332007
156 34.09434198
157 33.62361904
158 33.17425729
159 32.74932683
160 32.35184977
161 31.98478812
162 31.65103165
163 31.35338579
164 31.09455956
165 30.87715357
166 30.70364814
167 30.57639155
168 30.49758851
169 30.46928884
170 30.49337638
171 30.57155831
172 30.70535475
173 30.89608879
174 31.14487706
175 31.45262069
176 31.81999699
177 32.24745166
178 32.73519176
179 33.2831794
180 33.89112631
181 34.55848922
182 35.28446622
183 36.06799412
184 36.9077469
185 37.80213522
186 38.74930716
187 39.74715009
188 40.79329394
189 41.88511561
190 43.0197448
191 44.19407119
192 45.40475293
193 46.64822654
194 47.92071816
195 49.21825615
196 50.53668501
197 51.87168059
198 53.21876655
199 54.573332
200 55.93065024
201 57.28589852
202 58.63417877
203 59.97053916
204 61.28999632
205 62.58755829
206 63.85824774
207 65.09712574
208 66.29931551
209 67.46002633
210 68.57457727
211 69.63842063
212 70.64716496
213 71.59659741
214 72.48270542
215 73.30169736
216 74.05002217
217 74.72438779
218 75.32177813
219 75.83946871
220 76.27504052
221 76.62639228
222 76.89175086
223 77.06967978
224 77.15908579
225 77.15922343
226 77.06969752
227 76.89046366
228 76.62182656
229 76.26443645
230 75.81928338
231 75.28768959
232 74.67130001
233 73.97207085
234 73.1922566
235 72.33439525
236 71.40129216
237 70.39600247
238 69.3218123
239 68.18221891
240 66.98090988
241 65.72174158
242 64.40871702
243 63.04596329
244 61.6377087
245 60.18825988
246 58.70197891
247 57.18326071
248 55.63651081
249 54.0661236
250 52.47646135
251 50.87183393
252 49.25647951
253 47.63454633
254 46.01007545
255 44.38698489
256 42.76905492
257 41.15991479
258 39.56303075
259 37.98169559
260 36.41901958
261 34.8779228
262 33.36112904
263 31.87116104
264 30.41033713
265 28.98076926
266 27.58436236
267 26.22281491
268 24.89762076
269 23.61007203
270 22.36126308
271 21.15209545
272 19.98328366
273 18.85536185
274 17.76869106
275 16.72346721
276 15.7197295
277 14.75736934
278 13.83613956
279 12.95566394
280 12.11544686
281 11.31488307
282 10.55326751
283 9.829805045
284 9.143620131
285 8.493766255
286 7.879235195
287 7.298965988
288 6.75185357
289 6.236757075
290 5.75250773
291 5.297916342
292 4.871780347
293 4.472890399
294 4.100036498
295 3.752013646
296 3.427627026
297 3.125696711
298 2.845061901
299 2.584584706
300 2.34315348
301 2.119685722
302 1.913130558
303 1.722470836
304 1.546724827
305 1.384947589
306 1.236231979
307 1.099709373
308 0.9745500821
309 0.8599635201
310 0.7551981202
311 0.6595410427
312 0.5723176852
313 0.4928910235
314 0.4206608011
315 0.3550625898
316 0.2955667397
317 0.2416772378
318 0.1929304915
319 0.1488940543
320 0.1091653068
321 0.0733701086
322 0.04116143223
323 0.01221799054
324 -0.01375713189
325 -0.03703783494
326 -0.05787633855
327 -0.07650449102
328 -0.09313504419
329 -0.1079628906
330 -0.1211662587
331 -0.1329078624
332 -0.1433360033
333 -0.1525856229
334 -0.1607793044
335 -0.1680282224
336 -0.1744330417
337 -0.1800847637
338 -0.1850655232
339 -0.1894493342
340 -0.1933027881
341 -0.1966857036
342 -0.1996517326
343 -0.2022489208
344 -0.2045202274
345 -0.2065040049
346 -0.208234441
347 -0.2097419642
348 -0.2110536168
349 -0.2121933954
350 -0.213182562
351 -0.2140399279
352 -0.214782111
353 -0.2154237706
354 -0.2159778185
355 -0.2164556111
356 -0.216867122
357 -0.2172210979
358 -0.217525198
359 -0.2177861199
360 -0.2180097117
361 -0.2182010725
362 -0.2183646419
363 -0.21850428
364 -0.218623338
365 -0.2187247212
366 -0.218810945
367 -0.2188841839
368 -0.2189463153
369 -0.2189989575
370 -0.2190435039
371 -0.2190811522
372 -0.2191129306
373 -0.2191397209
374 -0.2191622777
375 -0.2191812461
376 -0.2191971772
377 -0.2192105404
378 -0.2192217358
379 -0.2192311032
380 -0.2192389314
381 -0.2192454651
382 -0.2192509115
383 -0.219255446
384 -0.2192592165
385 -0.2192623478
386 -0.219264945
387 -0.2192670967
388 -0.2192688769
389 -0.2192703479
390 -0.2192715621
391 -0.2192725629
392 -0.2192733868
393 -0.2192740643
394 -0.2192746206
395 -0.219275077
396 -0.2192754508
397 -0.2192757567
398 -0.2192760066
399 -0.2192762106
400 -0.2192763769
401 -0.2192765122
402 -0.2192766223
403 -0.2192767117
404 -0.2192767842
405 -0.2192768429
406 -0.2192768905
407 -0.2192769289
408 -0.2192769599
409 -0.2192769848
410 -0.219277005
411 -0.2192770211
412 -0.2192770341
413 -0.2192770446
414 -0.2192770529
415 -0.2192770596
416 -0.2192770649
417 -0.2192770692
418 -0.2192770726
419 -0.2192770753
420 -0.2192770774
421 -0.2192770791
422 -0.2192770805
423 -0.2192770816
424 -0.2192770824
425 -0.2192770831
426 -0.2192770836
427 -0.219277084
428 -0.2192770844
429 -0.2192770846
430 -0.2192770848
431 -0.219277085
432 -0.2192770851
433 -0.2192770852
434 -0.2192770853
435 -0.2192770853
436 -0.2192770854
437 -0.2192770854
438 -0.2192770855
439 -0.2192770855
440 -0.2192770855
441 -0.2192770855
442 -0.2192770855
443 -0.2192770855
444 -0.2192770855
445 -0.2192770855
446 -0.2192770855
447 -0.2192770855
448 -0.2192770855
449 -0.2192770855
450 -0.2192770855
451 -0.2192770855
452 -0.2192770855
453 -0.2192770855
454 -0.2192770855
455 -0.2192770855
456 -0.2192770855
457 -0.2192770855
458 -0.2192770855
459 -0.2192770855
460 -0.2192770855
461 -0.2192770855
462 -0.2192770856
463 -0.2192770856
464 -0.2192770856
465 -0.2192770856
466 -0.2192770856
467 -0.2192770856
468 -0.2192770856
469 -0.2192770856
470 -0.2192770856
471 -0.2192770856
472 -0.2192770856
473 -0.2192770856
474 -0.2192770856
475 -0.2192770856
476 -0.2192770856
477 -0.2192770856
478 -0.2192770856
479 -0.2192770856
480 -0.2192770856
481 -0.2192770856
482 -0.2192770856
483 -0.2192770856
484 -0.2192770856
485 -0.2192770856
486 -0.2192770856
487 -0.2192770856
488 -0.2192770856
489 -0.2192770856
490 -0.2192770856
491 -0.2192770856
492 -0.2192770856
493 -0.2192770856
494 -0.2192770856
495 -0.2192770856
496 -0.2192770856
497 -0.2192770856
498 -0.2192770856
499 -0.2192770856
500 -0.2192770856
501 -0.2192770856
502 -0.2192770856
503 -0.2192770856
504 -0.2192770856
505 -0.2192770856
506 -0.2192770856
507 -0.2192770856
508 -0.2192770856
509 -0.2192770856
510 -0.2192770856
511 -0.2192770856
512 -0.2192770856
513 -0.2192770856
514 -0.2192770856
515 -0.2192770856
516 -0.2192770856
517 -0.2192770856
518 -0.2192770856
519 -0.2192770856
520 -0.2192770856
521 -0.2192770856
522 -0.2192770856
523 -0.2192770856
524 -0.2192770856
525 -0.2192770856
526 -0.2192770856
527 -0.2192770856
528 -0.2192770856
529 -0.2192770856
530 -0.2192770856
531 -0.2192770856
532 -0.2192770856
533 -0.2192770856
534 -0.2192770856
535 -0.2192770856
536 -0.2192770856
537 -0.2192770856
538 -0.2192770856
539 -0.2192770856
540 -0.2192770856
541 -0.2192770856
542 -0.2192770856
543 -0.2192770856
544 -0.2192770856
545 -0.2192770856
546 -0.2192770856
547 -0.2192770856
548 -0.2192770856
549 -0.2192770856
550 -0.2192770856
551 -0.2192770856
552 -0.2192770856
553 -0.2192770856
554 -0.2192770856
555 -0.2192770856
556 -0.2192770856
557 -0.2192770856
558 -0.2192770856
559 -0.2192770856
560 -0.2192770856
561 -0.2192770856
562 -0.2192770856
563 -0.2192770856
564 -0.2192770856
565 -0.2192770856
566 -0.2192770856
567 -0.2192770856
568 -0.2192770856
569 -0.2192770856
570 -0.2192770856
571 -0.2192770856
572 -0.2192770856
573 -0.2192770856
574 -0.2192770856
575 -0.2192770856
576 -0.2192770856
577 -0.2192770856
578 -0.2192770856
579 -0.2192770856
580 -0.2192770856
581 -0.2192770856
582 -0.2192770856
583 -0.2192770856
584 -0.2192770856
585 -0.2192770856
586 -0.2192770856
587 -0.2192770856
588 -0.2192770856
589 -0.2192770856
590 -0.2192770856
591 -0.2192770856
592 -0.2192770856
593 -0.2192770856
594 -0.2192770856
595 -0.2192770856
596 -0.2192770856
597 -0.2192770856
598 -0.2192770856
599 -0.2192770856
600 -0.2192770856
601 -0.2192770856
602 -0.2192770856
603 -0.2192770856
604 -0.2192770856
605 -0.2192770856
606 -0.2192770856
607 -0.2192770856
608 -0.2192770856
609 -0.2192770856
610 -0.2192770856
611 -0.2192770856
612 -0.2192770856
613 -0.2192770856
614 -0.2192770856
615 -0.2192770856
616 -0.2192770856
617 -0.2192770856
618 -0.2192770856
619 -0.2192770856
620 -0.2192770856
621 -0.2192770856
622 -0.2192770856
623 -0.2192770856
624 -0.2192770856
625 -0.2192770856
626 -0.2192770856
627 -0.2192770856
628 -0.2192770856
629 -0.2192770856
630 -0.2192770856
631 -0.2192770856
632 -0.2192770856
633 -0.2192770856
634 -0.2192770856
635 -0.2192770856
636 -0.2192770856
637 -0.2192770856
638 -0.2192770856
639 -0.2192770856
640 -0.2192770856
641 -0.2192770856
642 -0.2192770856
643 -0.2192770856
644 -0.2192770856
645 -0.2192770856
646 -0.2192770856
647 -0.2192770856
648 -0.2192770856
649 -0.2192770856
650 -0.2192770856
651 -0.2192770856
652 -0.2192770856
653 -0.2192770856
654 -0.2192770856
655 -0.2192770856
656 -0.2192770856
657 -0.2192770856
658 -0.2192770856
659 -0.2192770856
660 -0.2192770856
661 -0.2192770856
662 -0.2192770856
663 -0.2192770856
664 -0.2192770856
665 -0.2192770856
666 -0.2192770856
667 -0.2192770856
668 -0.2192770856
669 -0.2192770856
670 -0.2192770856
671 -0.2192770856
672 -0.2192770856
673 -0.2192770856
674 -0.2192770856
675 -0.2192770856
676 -0.2192770856
677 -0.2192770856
678 -0.2192770856
679 -0.2192770856
680 -0.2192770856
681 -0.2192770856
682 -0.2192770856
683 -0.2192770856
684 -0.2192770856
685 -0.2192770856
686 -0.2192770856
687 -0.2192770856
688 -0.2192770856
689 -0.2192770856
690 -0.2192770856
691 -0.2192770856
692 -0.2192770856
693 -0.2192770856
694 -0.2192770856
695 -0.2192770856
696 -0.2192770856
697 -0.2192770856
698 -0.2192770856
699 -0.2192770856
700 -0.2192770856
701 -0.2192770856
702 -0.2192770856
703 -0.2192770856
704 -0.2192770856
705 -0.2192770856
706 -0.2192770856
707 -0.2192770856
708 -0.2192770856
709 -0.2192770856
710 -0.2192770856
711 -0.2192770856
712 -0.2192770856
713 -0.2192770856
714 -0.2192770856
715 -0.2192770856
716 -0.2192770856
717 -0.2192770856
718 -0.2192770856
719 -0.2192770856
720 -0.2192770856
721 -0.2192770856
722 -0.2192770856
723 -0.2192770856
724 -0.2192770856
725 -0.2192770856
726 -0.2192770856
727 -0.2192770856
728 -0.2192770856
729 -0.2192770856
730 -0.2192770856
731 -0.2192770856
732 -0.2192770856
733 -0.2192770856
734 -0.2192770856
735 -0.2192770856
736 -0.2192770856
737 -0.2192770856
738 -0.2192770856
739 -0.2192770856
740 -0.2192770856
741 -0.2192770856
742 -0.2192770856
743 -0.2192770856
744 -0.2192770856
745 -0.2192770856
746 -0.2192770856
747 -0.2192770856
748 -0.2192770856
749 -0.2192770856
750 -0.2192770856
751 -0.2192770856
752 -0.2192770856
753 -0.2192770856
754 -0.2192770856
755 -0.2192770856
756 -0.2192770856
757 -0.2192770856
758 -0.2192770856
759 -0.2192770856
760 -0.2192770856
761 -0.2192770856
762 -0.2192770856
763 -0.2192770856
764 -0.2192770856
765 -0.2192770856
766 -0.2192770856
767 -0.2192770856
768 -0.2192770856
769 -0.2192770856
770 -0.2192770856
771 -0.2192770856
772 -0.2192770856
773 -0.2192770856
774 -0.2192770856
775 -0.2192770856
776 -0.2192770856
777 -0.2192770856
778 -0.2192770856
779 -0.2192770856
780 -0.2192770856
781 -0.2192770856
782 -0.2192770856
783 -0.2192770856
784 -0.2192770856
785 -0.2192770856
786 -0.2192770856
787 -0.2192770856
788 -0.2192770856
789 -0.2192770856
790 -0.2192770856
791 -0.2192770856
792 -0.2192770856
793 -0.2192770856
794 -0.2192770856
795 -0.2192770856
796 -0.2192770856
797 -0.2192770856
798 -0.2192770856
799 -0.2192770856
800 -0.2192770856
801 -0.2192770856
802 -0.2192770856
803 -0.2192770856
804 -0.2192770856
805 -0.2192770856
806 -0.2192770856
807 -0.2192770856
808 -0.2192770856
809 -0.2192770856
810 -0.2192770856
811 -0.2192770856
812 -0.2192770856
813 -0.2192770856
814 -0.2192770856
815 -0.2192770856
816 -0.2192770856
817 -0.2192770856
818 -0.2192770856
819 -0.2192770856
820 -0.2192770856
821 -0.2192770856
822 -0.2192770856
823 -0.2192770856
824 -0.2192770856
825 -0.2192770856
826 -0.2192770856
827 -0.2192770856
828 -0.2192770856
829 -0.2192770856
830 -0.2192770856
831 -0.2192770856
832 -0.2192770856
833 -0.2192770856
834 -0.2192770856
835 -0.2192770856
836 -0.2192770856
837 -0.2192770856
838 -0.2192770856
839 -0.2192770856
840 -0.2192770856
841 -0.2192770856
842 -0.2192770856
843 -0.2192770856
844 -0.2192770856
845 -0.2192770856
846 -0.2192770856
847 -0.2192770856
848 -0.2192770856
849 -0.2192770856
850 -0.2192770856
851 -0.2192770856
852 -0.2192770856
853 -0.2192770856
854 -0.2192770856
855 -0.2192770856
856 -0.2192770856
857 -0.2192770856
858 -0.2192770856
859 -0.2192770856
860 -0.2192770856
861 -0.2192770856
862 -0.2192770856
863 -0.2192770856
864 -0.2192770856
865 -0.2192770856
866 -0.2192770856
867 -0.2192770856
868 -0.2192770856
869 -0.2192770856
870 -0.2192770856
871 -0.2192770856
872 -0.2192770856
873 -0.2192770856
874 -0.2192770856
875 -0.2192770856
876 -0.2192770856
877 -0.2192770856
878 -0.2192770856
879 -0.2192770856
880 -0.2192770856
881 -0.2192770856
882 -0.2192770856
883 -0.2192770856
884 -0.2192770856
885 -0.2192770856
886 -0.2192770856
887 -0.2192770856
888 -0.2192770856
889 -0.2192770856
890 -0.2192770856
891 -0.2192770856
892 -0.2192770856
893 -0.2192770856
894 -0.2192770856
895 -0.2192770856
896 -0.2192770856
897 -0.2192770856
898 -0.2192770855
899 -0.2192770855
900 -0.2192770855
901 -0.2192770855
902 -0.2192770855
903 -0.2192770855
904 -0.2192770855
905 -0.2192770855
906 -0.2192770855
907 -0.2192770855
908 -0.2192770855
909 -0.2192770855
910 -0.2192770855
911 -0.2192770855
912 -0.2192770855
913 -0.2192770855
914 -0.2192770855
915 -0.2192770855
916 -0.2192770855
917 -0.2192770855
918 -0.2192770855
919 -0.2192770855
920 -0.2192770855
921 -0.2192770855
922 -0.2192770855
923 -0.2192770855
924 -0.2192770854
925 -0.2192770854
926 -0.2192770854
927 -0.2192770853
928 -0.2192770853
929 -0.2192770852
930 -0.2192770851
931 -0.219277085
932 -0.2192770848
933 -0.2192770846
934 -0.2192770844
935 -0.2192770841
936 -0.2192770838
937 -0.2192770833
938 -0.2192770828
939 -0.2192770821
940 -0.2192770813
941 -0.2192770803
942 -0.219277079
943 -0.2192770774
944 -0.2192770755
945 -0.2192770731
946 -0.2192770702
947 -0.2192770666
948 -0.2192770622
949 -0.2192770567
950 -0.2192770501
951 -0.219277042
952 -0.219277032
953 -0.2192770199
954 -0.2192770051
955 -0.219276987
956 -0.219276965
957 -0.2192769383
958 -0.2192769058
959 -0.2192768664
960 -0.2192768186
961 -0.2192767608
962 -0.2192766908
963 -0.2192766062
964 -0.219276504
965 -0.2192763809
966 -0.2192762325
967 -0.2192760539
968 -0.2192758392
969 -0.2192755813
970 -0.219275272
971 -0.2192749013
972 -0.2192744575
973 -0.2192739268
974 -0.2192732928
975 -0.2192725362
976 -0.2192716342
977 -0.2192705601
978 -0.2192692823
979 -0.2192677639
980 -0.2192659613
981 -0.2192638237
982 -0.2192612916
983 -0.2192582952
984 -0.2192547532
985 -0.2192505706
986 -0.2192456368
987 -0.2192398231
988 -0.2192329798
989 -0.2192249331
990 -0.2192154813
991 -0.2192043909
992 -0.2191913916
993 -0.219176171
994 -0.2191583685
995 -0.2191375681
996 -0.2191132907
997 -0.2190849854
998 -0.219052019
999 -0.2190136646
1000 -0.2189690892
1001 -0.2189173388
1002 -0.2188573226
1003 -0.2187877946
1004 -0.2187073329
1005 -0.2186143178
1006 -0.2185069053
1007 -0.2183829994
1008 -0.2182402204
1009 -0.2180758694
1010 -0.2178868897
1011 -0.2176698233
1012 -0.2174207628
1013 -0.2171352991
1014 -0.2168084623
1015 -0.2164346581
1016 -0.2160075961
1017 -0.2155202132
1018 -0.2149645878
1019 -0.2143318466
1020 -0.2136120631
1021 -0.2127941464
1022 -0.2118657205
1023 -0.2108129927
